54810 20100101  2.302  -86.92   46.33    -7.7   -12.4   -10.0    -9.7     4.4     3.32 R    -7.8   -14.9   -10.4 -9999.0 -9999.0 -9999.0 -99.000 -99.000 -99.000 -99.000 -99.000 -9999.0 -9999.0 -9999.0 -9999.0 -9999.0
54810 20100102  2.302  -86.92   46.33   -11.2   -14.1   -12.7   -13.1     8.0     3.69 R   -11.0   -16.1   -13.5 -9999.0 -9999.0 -9999.0 -99.000 -99.000 -99.000 -99.000 -99.000 -9999.0 -9999.0 -9999.0 -9999.0 -9999.0
54810 20100103  2.302  -86.92   46.33    -7.2   -11.4    -9.3    -9.0     3.1     2.42 R    -6.7   -12.7    -9.5 -9999.0 -9999.0 -9999.0 -99.000 -99.000 -99.000 -99.000 -99.000 -9999.0 -9999.0 -9999.0 -9999.0 -9999.0
54810 20100104  2.302  -86.92   46.33    -4.8    -7.3    -6.1    -5.9     4.4     1.00 R    -3.9    -8.1    -6.3 -9999.0 -9999.0 -9999.0 -99.000 -99.000 -99.000 -99.000 -99.000 -9999.0 -9999.0 -9999.0 -9999.0 -9999.0
54810 20100105  2.302  -86.92   46.33    -3.8    -5.2    -4.5    -4.5     0.6     0.85 R    -4.2    -5.7    -5.0 -9999.0 -9999.0 -9999.0 -99.000 -99.000 -99.000 -99.000 -99.000 -9999.0 -9999.0 -9999.0 -9999.0 -9999.0
54810 20100106  2.302  -86.92   46.33    -4.1    -4.9    -4.5    -4.6     0.0     1.06 R    -4.0    -5.1    -4.8 -9999.0 -9999.0 -9999.0 -99.000 -99.000 -99.000 -99.000 -99.000 -9999.0 -9999.0 -9999.0 -9999.0 -9999.0
54810 20100107  2.302  -86.92   46.33    -3.3    -6.7    -5.0    -4.4     0.3     2.06 R    -2.8    -7.4    -4.9 -9999.0 -9999.0 -9999.0 -99.000 -99.000 -99.000 -99.000 -99.000 -9999.0 -9999.0 -9999.0 -9999.0 -9999.0
54810 20100108  2.302  -86.92   46.33    -6.6    -9.2    -7.9    -8.5     2.5     3.44 R    -6.7   -10.2    -9.1 -9999.0 -9999.0 -9999.0 -99.000 -99.000 -99.000 -99.000 -99.000 -9999.0 -9999.0 -9999.0 -9999.0 -9999.0
54810 20100109  2.302  -86.92   46.33    -6.5   -14.3   -10.4    -8.8     0.0     3.91 R    -4.8   -19.9   -11.2 -9999.0 -9999.0 -9999.0 -99.000 -99.000 -99.000 -99.000 -99.000 -9999.0 -9999.0 -9999.0 -9999.0 -9999.0
54810 20100110  2.302  -86.92   46.33    -4.4   -16.0   -10.2    -9.8     0.5     5.07 R    -5.8   -22.5   -12.7 -9999.0 -9999.0 -9999.0 -99.000 -99.000 -99.000 -99.000 -99.000 -9999.0 -9999.0 -9999.0 -9999.0 -9999.0
54810 20100111  2.302  -86.92   46.33    -4.1    -7.9    -6.0    -5.7     4.6     1.90 R    -3.6    -8.0    -6.1 -9999.0 -9999.0 -9999.0 -99.000 -99.000 -99.000 -99.000 -99.000 -9999.0 -9999.0 -9999.0 -9999.0 -9999.0
54810 20100112  2.302  -86.92   46.33    -5.0    -6.6    -5.8    -5.8     0.0     3.51 R    -3.8   -11.0    -6.7 -9999.0 -9999.0 -9999.0 -99.000 -99.000 -99.000 -99.000 -99.000 -9999.0 -9999.0 -9999.0 -9999.0 -9999.0
54810 20100113  2.302  -86.92   46.33    -1.9   -10.3    -6.1    -6.2     0.0     6.85 R    -2.8   -15.6    -9.5 -9999.0 -9999.0 -9999.0 -99.000 -99.000 -99.000 -99.000 -99.000 -9999.0 -9999.0 -9999.0 -9999.0 -9999.0
54810 20100114  2.302  -86.92   46.33    -0.5    -9.2    -4.9    -4.9     0.0     1.88 R    -0.3   -15.9    -6.8 -9999.0 -9999.0 -9999.0 -99.000 -99.000 -99.000 -99.000 -99.000 -9999.0 -9999.0 -9999.0 -9999.0 -9999.0
54810 20100115  2.302  -86.92   46.33     0.2    -4.2    -2.0    -1.7     0.4     5.36 R    -0.2    -8.9    -3.8 -9999.0 -9999.0 -9999.0 -99.000 -99.000 -99.000 -99.000 -99.000 -9999.0 -9999.0 -9999.0 -9999.0 -9999.0
54810 20100116  2.302  -86.92   46.33    -0.3    -7.6    -3.9    -4.2     0.0     6.83 R    -0.6   -13.0    -7.0 -9999.0 -9999.0 -9999.0 -99.000 -99.000 -99.000 -99.000 -99.000 -9999.0 -9999.0 -9999.0 -9999.0 -9999.0
54810 20100117  2.302  -86.92   46.33     2.8   -10.3    -3.8    -4.6     0.0     7.28 R     1.4   -14.4    -8.5 -9999.0 -9999.0 -9999.0 -99.000 -99.000 -99.000 -99.000 -99.000 -9999.0 -9999.0 -9999.0 -9999.0 -9999.0
54810 20100118  2.302  -86.92   46.33     0.1    -6.5    -3.2    -1.9     0.2     0.78 R     0.2   -11.8    -3.3 -9999.0 -9999.0 -9999.0 -99.000 -99.000 -99.000 -99.000 -99.000 -9999.0 -9999.0 -9999.0 -9999.0 -9999.0
54810 20100119  2.302  -86.92   46.33    -2.8    -6.0    -4.4    -4.9     2.4     2.85 R    -2.1    -6.8    -5.3 -9999.0 -9999.0 -9999.0 -99.000 -99.000 -99.000 -99.000 -99.000 -9999.0 -9999.0 -9999.0 -9999.0 -9999.0
54810 20100120  2.302  -86.92   46.33    -4.7   -17.7   -11.2    -8.3     0.0     7.08 R    -5.1   -22.7   -11.0 -9999.0 -9999.0 -9999.0 -99.000 -99.000 -99.000 -99.000 -99.000 -9999.0 -9999.0 -9999.0 -9999.0 -9999.0
54810 20100121  2.302  -86.92   46.33     1.5   -19.4    -9.0    -7.9     0.0     8.46 R    -1.4   -23.5   -12.2 -9999.0 -9999.0 -9999.0 -99.000 -99.000 -99.000 -99.000 -99.000 -9999.0 -9999.0 -9999.0 -9999.0 -9999.0
54810 20100122  2.302  -86.92   46.33     1.1    -7.9    -3.4    -3.6     0.0     6.92 R    -1.3   -15.0    -6.5 -9999.0 -9999.0 -9999.0 -99.000 -99.000 -99.000 -99.000 -99.000 -9999.0 -9999.0 -9999.0 -9999.0 -9999.0
54810 20100123  2.302  -86.92   46.33     1.5    -3.6    -1.1    -0.3     0.3     1.91 R     4.3    -8.2    -1.4 -9999.0 -9999.0 -9999.0 -99.000 -99.000 -99.000 -99.000 -99.000 -9999.0 -9999.0 -9999.0 -9999.0 -9999.0
54810 20100124  2.302  -86.92   46.33     3.5     0.6     2.1     1.8     9.0     0.87 R     2.7     0.2     0.5 -9999.0 -9999.0 -9999.0 -99.000 -99.000 -99.000 -99.000 -99.000 -9999.0 -9999.0 -9999.0 -9999.0 -9999.0
54810 20100125  2.302  -86.92   46.33     1.7    -1.9    -0.1     0.6     0.3     1.76 R     2.6    -1.9     0.1 -9999.0 -9999.0 -9999.0 -99.000 -99.000 -99.000 -99.000 -99.000 -9999.0 -9999.0 -9999.0 -9999.0 -9999.0
54810 20100126  2.302  -86.92   46.33    -1.9   -11.9    -6.9    -7.3     3.2     4.33 R    -1.2   -17.8    -8.2 -9999.0 -9999.0 -9999.0 -99.000 -99.000 -99.000 -99.000 -99.000 -9999.0 -9999.0 -9999.0 -9999.0 -9999.0
54810 20100127  2.302  -86.92   46.33   -11.1   -16.7   -13.9   -13.6     0.0     7.05 R   -10.7   -21.8   -16.5 -9999.0 -9999.0 -9999.0 -99.000 -99.000 -99.000 -99.000 -99.000 -9999.0 -9999.0 -9999.0 -9999.0 -9999.0
54810 20100128  2.302  -86.92   46.33   -14.9   -17.2   -16.1   -16.2     3.9     6.60 R   -14.8   -20.8   -17.3 -9999.0 -9999.0 -9999.0 -99.000 -99.000 -99.000 -99.000 -99.000 -9999.0 -9999.0 -9999.0 -9999.0 -9999.0
54810 20100129  2.302  -86.92   46.33   -11.0   -17.3   -14.2   -13.9     1.2     3.89 R   -10.1   -20.1   -14.8 -9999.0 -9999.0 -9999.0 -99.000 -99.000 -99.000 -99.000 -99.000 -9999.0 -9999.0 -9999.0 -9999.0 -9999.0
54810 20100130  2.302  -86.92   46.33    -6.5   -16.5   -11.5   -12.1     0.0     9.11 R    -7.4   -22.3   -15.7 -9999.0 -9999.0 -9999.0 -99.000 -99.000 -99.000 -99.000 -99.000 -9999.0 -9999.0 -9999.0 -9999.0 -9999.0
54810 20100131  2.302  -86.92   46.33    -7.4   -15.4   -11.4   -10.8     2.8     5.64 R    -6.5   -20.2   -12.0 -9999.0 -9999.0 -9999.0 -99.000 -99.000 -99.000 -99.000 -99.000 -9999.0 -9999.0 -9999.0 -9999.0 -9999.0
54810 20100201  2.302  -86.92   46.33    -6.6   -19.2   -12.9   -13.2     0.0     7.88 R    -8.5   -25.1   -17.1 -9999.0 -9999.0 -9999.0 -99.000 -99.000 -99.000 -99.000 -99.000 -9999.0 -9999.0 -9999.0 -9999.0 -9999.0
54810 20100202  2.302  -86.92   46.33    -4.2   -22.2   -13.2   -11.9     1.1     6.78 R    -3.7   -25.7   -14.0 -9999.0 -9999.0 -9999.0 -99.000 -99.000 -99.000 -99.000 -99.000 -9999.0 -9999.0 -9999.0 -9999.0 -9999.0
54810 20100203  2.302  -86.92   46.33    -5.5   -14.4   -10.0    -8.3     0.9     8.89 R    -5.8   -21.1   -10.8 -9999.0 -9999.0 -9999.0 -99.000 -99.000 -99.000 -99.000 -99.000 -9999.0 -9999.0 -9999.0 -9999.0 -9999.0
54810 20100204  2.302  -86.92   46.33    -0.9   -14.5    -7.7    -5.8     0.0     5.73 R     0.4   -20.3    -8.6 -9999.0 -9999.0 -9999.0 -99.000 -99.000 -99.000 -99.000 -99.000 -9999.0 -9999.0 -9999.0 -9999.0 -9999.0
54810 20100205  2.302  -86.92   46.33    -2.3    -6.0    -4.1    -3.8     0.0     4.57 R    -1.4    -7.0    -4.5 -9999.0 -9999.0 -9999.0 -99.000 -99.000 -99.000 -99.000 -99.000 -9999.0 -9999.0 -9999.0 -9999.0 -9999.0
54810 20100206  2.302  -86.92   46.33    -5.2   -19.3   -12.3    -9.1     0.2     7.73 R    -3.6   -24.0   -11.6 -9999.0 -9999.0 -9999.0 -99.000 -99.000 -99.000 -99.000 -99.000 -9999.0 -9999.0 -9999.0 -9999.0 -9999.0
54810 20100207  2.302  -86.92   46.33    -2.5   -18.7   -10.6   -10.2     0.0     8.22 R    -2.0   -21.7   -12.9 -9999.0 -9999.0 -9999.0 -99.000 -99.000 -99.000 -99.000 -99.000 -9999.0 -9999.0 -9999.0 -9999.0 -9999.0
54810 20100208  2.302  -86.92   46.33    -5.2   -13.5    -9.3    -7.7     0.0     3.92 R    -3.5   -17.5    -8.5 -9999.0 -9999.0 -9999.0 -99.000 -99.000 -99.000 -99.000 -99.000 -9999.0 -9999.0 -9999.0 -9999.0 -9999.0
54810 20100209  2.302  -86.92   46.33    -3.4    -5.7    -4.6    -4.5     1.4     4.23 R    -1.8    -6.9    -4.9 -9999.0 -9999.0 -9999.0 -99.000 -99.000 -99.000 -99.000 -99.000 -9999.0 -9999.0 -9999.0 -9999.0 -9999.0
54810 20100210  2.302  -86.92   46.33    -4.8    -6.4    -5.6    -5.6     5.6     3.42 R    -4.2    -6.7    -6.0 -9999.0 -9999.0 -9999.0 -99.000 -99.000 -99.000 -99.000 -99.000 -9999.0 -9999.0 -9999.0 -9999.0 -9999.0
54810 20100211  2.302  -86.92   46.33    -4.4    -6.0    -5.2    -5.2     0.0     4.15 R    -3.4    -7.1    -5.8 -9999.0 -9999.0 -9999.0 -99.000 -99.000 -99.000 -99.000 -99.000 -9999.0 -9999.0 -9999.0 -9999.0 -9999.0
54810 20100212  2.302  -86.92   46.33    -3.9    -6.5    -5.2    -5.3     0.2     5.80 R    -3.2    -8.9    -6.0 -9999.0 -9999.0 -9999.0 -99.000 -99.000 -99.000 -99.000 -99.000 -9999.0 -9999.0 -9999.0 -9999.0 -9999.0
54810 20100213  2.302  -86.92   46.33    -2.5    -5.1    -3.8    -3.9     0.6     4.15 R    -1.7    -5.8    -4.3 -9999.0 -9999.0 -9999.0 -99.000 -99.000 -99.000 -99.000 -99.000 -9999.0 -9999.0 -9999.0 -9999.0 -9999.0
54810 20100214  2.302  -86.92   46.33    -3.7    -6.3    -5.0    -5.2     1.8     6.38 R    -3.0    -6.9    -5.4 -9999.0 -9999.0 -9999.0 -99.000 -99.000 -99.000 -99.000 -99.000 -9999.0 -9999.0 -9999.0 -9999.0 -9999.0
54810 20100215  2.302  -86.92   46.33    -0.9    -5.4    -3.1    -3.9    11.8     4.67 R    -1.0    -6.0    -4.2 -9999.0 -9999.0 -9999.0 -99.000 -99.000 -99.000 -99.000 -99.000 -9999.0 -9999.0 -9999.0 -9999.0 -9999.0
54810 20100216  2.302  -86.92   46.33    -1.7    -4.2    -2.9    -3.1     7.2     3.18 R    -1.0    -5.1    -3.3 -9999.0 -9999.0 -9999.0 -99.000 -99.000 -99.000 -99.000 -99.000 -9999.0 -9999.0 -9999.0 -9999.0 -9999.0
54810 20100217  2.302  -86.92   46.33    -0.3    -2.5    -1.4    -1.7     3.0     3.58 R    12.3    -7.9    -2.7 -9999.0 -9999.0 -9999.0 -99.000 -99.000 -99.000 -99.000 -99.000 -9999.0 -9999.0 -9999.0 -9999.0 -9999.0
54810 20100218  2.302  -86.92   46.33     0.5    -6.7    -3.1    -2.9     0.0     9.21 R     3.2   -14.8    -7.2 -9999.0 -9999.0 -9999.0 -99.000 -99.000 -99.000 -99.000 -99.000 -9999.0 -9999.0 -9999.0 -9999.0 -9999.0
54810 20100219  2.302  -86.92   46.33     0.3   -12.7    -6.2    -5.0     0.0    13.48 R     0.2   -19.0   -10.7 -9999.0 -9999.0 -9999.0 -99.000 -99.000 -99.000 -99.000 -99.000 -9999.0 -9999.0 -9999.0 -9999.0 -9999.0
54810 20100220  2.302  -86.92   46.33     2.7   -18.8    -8.1    -7.9     0.0    11.86 R     1.0   -23.6   -11.8 -9999.0 -9999.0 -9999.0 -99.000 -99.000 -99.000 -99.000 -99.000 -9999.0 -9999.0 -9999.0 -9999.0 -9999.0
54810 20100221  2.302  -86.92   46.33     2.3   -11.9    -4.8    -5.2     0.0    10.64 R     2.4   -16.0    -8.2 -9999.0 -9999.0 -9999.0 -99.000 -99.000 -99.000 -99.000 -99.000 -9999.0 -9999.0 -9999.0 -9999.0 -9999.0
54810 20100222  2.302  -86.92   46.33     1.0   -10.0    -4.5    -4.4     0.0    10.35 R     2.6   -12.7    -6.5 -9999.0 -9999.0 -9999.0 -99.000 -99.000 -99.000 -99.000 -99.000 -9999.0 -9999.0 -9999.0 -9999.0 -9999.0
54810 20100223  2.302  -86.92   46.33     0.5   -16.9    -8.2    -6.3     3.9     9.86 R     1.2   -20.6    -8.4 -9999.0 -9999.0 -9999.0 -99.000 -99.000 -99.000 -99.000 -99.000 -9999.0 -9999.0 -9999.0 -9999.0 -9999.0
54810 20100224  2.302  -86.92   46.33    -2.8    -7.0    -4.9    -4.8     7.0     5.30 R    -2.5    -7.4    -5.0 -9999.0 -9999.0 -9999.0 -99.000 -99.000 -99.000 -99.000 -99.000 -9999.0 -9999.0 -9999.0 -9999.0 -9999.0
54810 20100225  2.302  -86.92   46.33    -4.6    -8.1    -6.4    -6.9     0.8     5.55 R    -5.1    -9.3    -7.4 -9999.0 -9999.0 -9999.0 -99.000 -99.000 -99.000 -99.000 -99.000 -9999.0 -9999.0 -9999.0 -9999.0 -9999.0
54810 20100226  2.302  -86.92   46.33    -1.5    -5.1    -3.3    -3.7     4.0     3.85 R    -1.1    -7.1    -4.2 -9999.0 -9999.0 -9999.0 -99.000 -99.000 -99.000 -99.000 -99.000 -9999.0 -9999.0 -9999.0 -9999.0 -9999.0
54810 20100227  2.302  -86.92   46.33     0.2    -2.5    -1.2    -1.2     2.1     7.06 R     2.4    -3.0    -1.5 -9999.0 -9999.0 -9999.0 -99.000 -99.000 -99.000 -99.000 -99.000 -9999.0 -9999.0 -9999.0 -9999.0 -9999.0
54810 20100228  2.302  -86.92   46.33    -0.4    -2.6    -1.5    -1.6     1.4     7.38 R     0.2    -3.7    -2.3 -9999.0 -9999.0 -9999.0 -99.000 -99.000 -99.000 -99.000 -99.000 -9999.0 -9999.0 -9999.0 -9999.0 -9999.0
54810 20100301  2.302  -86.92   46.33    -1.1    -4.4    -2.7    -3.2     0.0     4.04 R    -2.1    -8.6    -4.3 -9999.0 -9999.0 -9999.0 -99.000 -99.000 -99.000 -99.000 -99.000 -9999.0 -9999.0 -9999.0 -9999.0 -9999.0
54810 20100302  2.302  -86.92   46.33    -0.5   -12.9    -6.7    -4.6     0.0    15.95 R     0.0   -19.7    -8.9 -9999.0 -9999.0 -9999.0 -99.000 -99.000 -99.000 -99.000 -99.000 -9999.0 -9999.0 -9999.0 -9999.0 -9999.0
54810 20100303  2.302  -86.92   46.33     1.2   -15.5    -7.2    -6.6     0.0    16.49 R     1.0   -21.6   -11.8 -9999.0 -9999.0 -9999.0 -99.000 -99.000 -99.000 -99.000 -99.000 -9999.0 -9999.0 -9999.0 -9999.0 -9999.0
54810 20100304  2.302  -86.92   46.33    -0.7   -14.9    -7.8    -5.5     0.0    13.16 R     0.7   -20.7    -9.5 -9999.0 -9999.0 -9999.0 -99.000 -99.000 -99.000 -99.000 -99.000 -9999.0 -9999.0 -9999.0 -9999.0 -9999.0
54810 20100305  2.302  -86.92   46.33     6.3   -19.8    -6.8    -6.0     0.0    16.95 R     3.4   -24.9   -10.8 -9999.0 -9999.0 -9999.0 -99.000 -99.000 -99.000 -99.000 -99.000 -9999.0 -9999.0 -9999.0 -9999.0 -9999.0
54810 20100306  2.302  -86.92   46.33    10.9    -8.1     1.4     0.8     0.0    14.04 R     4.1   -13.4    -3.7 -9999.0 -9999.0 -9999.0 -99.000 -99.000 -99.000 -99.000 -99.000 -9999.0 -9999.0 -9999.0 -9999.0 -9999.0
54810 20100307  2.302  -86.92   46.33    10.5   -11.0    -0.3    -0.5     0.0    16.23 R     4.2   -15.9    -5.7 -9999.0 -9999.0 -9999.0 -99.000 -99.000 -99.000 -99.000 -99.000 -9999.0 -9999.0 -9999.0 -9999.0 -9999.0
54810 20100308  2.302  -86.92   46.33    11.4    -8.8     1.3     0.7     0.0    16.34 R     5.6   -13.5    -4.1 -9999.0 -9999.0 -9999.0 -99.000 -99.000 -99.000 -99.000 -99.000 -9999.0 -9999.0 -9999.0 -9999.0 -9999.0
54810 20100309  2.302  -86.92   46.33    10.1    -5.9     2.1     2.3     0.0    15.55 R     4.0   -10.0    -2.5 -9999.0 -9999.0 -9999.0 -99.000 -99.000 -99.000 -99.000 -99.000 -9999.0 -9999.0 -9999.0 -9999.0 -9999.0
54810 20100310  2.302  -86.92   46.33    10.9    -3.2     3.9     4.1     0.3     9.85 R     3.4    -6.3    -0.4 -9999.0 -9999.0 -9999.0 -99.000 -99.000 -99.000 -99.000 -99.000 -9999.0 -9999.0 -9999.0 -9999.0 -9999.0
54810 20100311  2.302  -86.92   46.33     9.5     1.7     5.6     5.5     0.6     5.74 R     2.9     0.5     1.3 -9999.0 -9999.0 -9999.0 -99.000 -99.000 -99.000 -99.000 -99.000 -9999.0 -9999.0 -9999.0 -9999.0 -9999.0
54810 20100312  2.302  -86.92   46.33     7.5     3.2     5.4     5.0     1.7     6.07 R     2.2     0.7     1.2 -9999.0 -9999.0 -9999.0 -99.000 -99.000 -99.000 -99.000 -99.000 -9999.0 -9999.0 -9999.0 -9999.0 -9999.0
54810 20100313  2.302  -86.92   46.33     7.3     2.1     4.7     3.8     0.6     6.21 R     4.3     0.3     1.1 -9999.0 -9999.0 -9999.0 -99.000 -99.000 -99.000 -99.000 -99.000 -9999.0 -9999.0 -9999.0 -9999.0 -9999.0
54810 20100314  2.302  -86.92   46.33     8.8     0.6     4.7     4.5     0.0    15.97 R     3.0    -1.1     1.0 -9999.0 -9999.0 -9999.0 -99.000 -99.000 -99.000 -99.000 -99.000 -9999.0 -9999.0 -9999.0 -9999.0 -9999.0
54810 20100315  2.302  -86.92   46.33    11.8    -2.0     4.9     4.4     0.0    18.11 R     5.5    -4.1     0.2 -9999.0 -9999.0 -9999.0 -99.000 -99.000 -99.000 -99.000 -99.000 -9999.0 -9999.0 -9999.0 -9999.0 -9999.0
54810 20100316  2.302  -86.92   46.33    12.4    -4.4     4.0     3.1     0.0    18.99 R    12.0    -7.0     0.6 -9999.0 -9999.0 -9999.0 -99.000 -99.000 -99.000 -99.000 -99.000 -9999.0 -9999.0 -9999.0 -9999.0 -9999.0
54810 20100317  2.302  -86.92   46.33    15.8    -4.1     5.9     4.9     0.0    17.60 R    20.3    -6.1     3.5 -9999.0 -9999.0 -9999.0 -99.000 -99.000 -99.000 -99.000 -99.000 -9999.0 -9999.0 -9999.0 -9999.0 -9999.0
54810 20100318  2.302  -86.92   46.33    11.5    -1.4     5.1     4.6     0.0    15.82 R    22.5    -3.9     5.1 -9999.0 -9999.0 -9999.0 -99.000 -99.000 -99.000 -99.000 -99.000 -9999.0 -9999.0 -9999.0 -9999.0 -9999.0
54810 20100319  2.302  -86.92   46.33     6.6    -2.5     2.1     2.1     0.0     4.85 R     9.7    -3.3     2.1 -9999.0 -9999.0 -9999.0 -99.000 -99.000 -99.000 -99.000 -99.000 -9999.0 -9999.0 -9999.0 -9999.0 -9999.0
54810 20100320  2.302  -86.92   46.33     0.1    -6.8    -3.4    -2.8     0.0    19.26 R    17.1    -9.5    -0.2 -9999.0 -9999.0 -9999.0 -99.000 -99.000 -99.000 -99.000 -99.000 -9999.0 -9999.0 -9999.0 -9999.0 -9999.0
54810 20100321  2.302  -86.92   46.33     9.7    -6.9     1.4     0.4     0.0    19.80 R    22.5   -10.4     1.2 -9999.0 -9999.0 -9999.0 -99.000 -99.000 -99.000 -99.000 -99.000 -9999.0 -9999.0 -9999.0 -9999.0 -9999.0
54810 20100322  2.302  -86.92   46.33    10.2    -5.9     2.2     1.8     0.0    18.34 R    24.6    -8.1     3.4 -9999.0 -9999.0 -9999.0 -99.000 -99.000 -99.000 -99.000 -99.000 -9999.0 -9999.0 -9999.0 -9999.0 -9999.0
54810 20100323  2.302  -86.92   46.33     8.7    -5.7     1.5     1.0     0.0    16.73 R    24.4    -8.6     2.4 -9999.0 -9999.0 -9999.0 -99.000 -99.000 -99.000 -99.000 -99.000 -9999.0 -9999.0 -9999.0 -9999.0 -9999.0
54810 20100324  2.302  -86.92   46.33    10.0    -4.6     2.7     2.9     0.0    19.87 R    25.9    -7.5     4.5 -9999.0 -9999.0 -9999.0 -99.000 -99.000 -99.000 -99.000 -99.000 -9999.0 -9999.0 -9999.0 -9999.0 -9999.0
54810 20100325  2.302  -86.92   46.33     3.9    -8.7    -2.4    -6.2     0.0    11.54 R    10.3    -8.8    -4.1 -9999.0 -9999.0 -9999.0 -99.000 -99.000 -99.000 -99.000 -99.000 -9999.0 -9999.0 -9999.0 -9999.0 -9999.0
54810 20100326  2.302  -86.92   46.33     0.5    -9.7    -4.6    -4.3     0.0    20.23 R    17.8   -11.4    -0.1 -9999.0 -9999.0 -9999.0 -99.000 -99.000 -99.000 -99.000 -99.000 -9999.0 -9999.0 -9999.0 -9999.0 -9999.0
54810 20100327  2.302  -86.92   46.33     7.9    -2.5     2.7     2.2     0.0     8.77 R    17.1    -5.9     2.7 -9999.0 -9999.0 -9999.0 -99.000 -99.000 -99.000 -99.000 -99.000 -9999.0 -9999.0 -9999.0 -9999.0 -9999.0
54810 20100328  2.302  -86.92   46.33     3.2    -2.0     0.6     0.8     0.0     4.80 R     9.7    -3.5     1.5 -9999.0 -9999.0 -9999.0 -99.000 -99.000 -99.000 -99.000 -99.000 -9999.0 -9999.0 -9999.0 -9999.0 -9999.0
54810 20100329  2.302  -86.92   46.33     7.1    -3.4     1.9     1.1     0.0    19.09 R    24.9    -7.6     3.8 -9999.0 -9999.0 -9999.0 -99.000 -99.000 -99.000 -99.000 -99.000 -9999.0 -9999.0 -9999.0 -9999.0 -9999.0
54810 20100330  2.302  -86.92   46.33    11.7    -1.8     5.0     4.9     0.0    13.85 R    23.9    -4.8     5.8 -9999.0 -9999.0 -9999.0 -99.000 -99.000 -99.000 -99.000 -99.000 -9999.0 -9999.0 -9999.0 -9999.0 -9999.0
54810 20100331  2.302  -86.92   46.33    16.3     5.2    10.8    10.7     0.0    15.12 R    28.0     2.3    11.4 -9999.0 -9999.0 -9999.0 -99.000 -99.000 -99.000 -99.000 -99.000 -9999.0 -9999.0 -9999.0 -9999.0 -9999.0
54810 20100401  2.302  -86.92   46.33    23.8     1.4    12.6    12.4     0.0    18.56 R    36.2    -1.4    13.4 -9999.0 -9999.0 -9999.0 -99.000 -99.000 -99.000 -99.000 -99.000 -9999.0 -9999.0 -9999.0 -9999.0 -9999.0
54810 20100402  2.302  -86.92   46.33    22.0     8.8    15.4    14.3     0.0    17.65 R    32.8     6.8    15.0 -9999.0 -9999.0 -9999.0 -99.000 -99.000 -99.000 -99.000 -99.000 -9999.0 -9999.0 -9999.0 -9999.0 -9999.0
54810 20100403  2.302  -86.92   46.33    15.9    -0.7     7.6    10.1     0.6     9.79 R    25.2    -3.5     9.9 -9999.0 -9999.0 -9999.0 -99.000 -99.000 -99.000 -99.000 -99.000 -9999.0 -9999.0 -9999.0 -9999.0 -9999.0
54810 20100404  2.302  -86.92   46.33    14.0    -1.2     6.4     7.3     0.2     9.41 R    19.4    -3.9     6.8 -9999.0 -9999.0 -9999.0 -99.000 -99.000 -99.000 -99.000 -99.000 -9999.0 -9999.0 -9999.0 -9999.0 -9999.0
54810 20100405  2.302  -86.92   46.33    17.2     1.1     9.2     8.5     0.3    18.24 R    31.2    -0.8     9.7 -9999.0 -9999.0 -9999.0 -99.000 -99.000 -99.000 -99.000 -99.000 -9999.0 -9999.0 -9999.0 -9999.0 -9999.0
54810 20100406  2.302  -86.92   46.33    15.1     4.6     9.8     8.4     0.0    11.03 R    29.0    -0.6     9.2 -9999.0 -9999.0 -9999.0 -99.000 -99.000 -99.000 -99.000 -99.000 -9999.0 -9999.0 -9999.0 -9999.0 -9999.0
54810 20100407  2.302  -86.92   46.33     5.9     0.8     3.3     2.9     0.0    14.17 R    18.5     1.2     4.9 -9999.0 -9999.0 -9999.0 -99.000 -99.000 -99.000 -99.000 -99.000 -9999.0 -9999.0 -9999.0 -9999.0 -9999.0
54810 20100408  2.302  -86.92   46.33     2.5    -2.9    -0.2    -1.6    22.9     8.49 R     2.7    -5.0    -1.6 -9999.0 -9999.0 -9999.0 -99.000 -99.000 -99.000 -99.000 -99.000 -9999.0 -9999.0 -9999.0 -9999.0 -9999.0
54810 20100409  2.302  -86.92   46.33     4.1    -3.8     0.2    -0.1     0.0    20.15 R     2.3    -7.9    -1.8 -9999.0 -9999.0 -9999.0 -99.000 -99.000 -99.000 -99.000 -99.000 -9999.0 -9999.0 -9999.0 -9999.0 -9999.0
54810 20100410  2.302  -86.92   46.33    10.6    -3.2     3.7     3.6     0.0    17.52 R    11.2    -7.7     1.0 -9999.0 -9999.0 -9999.0 -99.000 -99.000 -99.000 -99.000 -99.000 -9999.0 -9999.0 -9999.0 -9999.0 -9999.0
54810 20100411  2.302  -86.92   46.33    12.6    -2.7     4.9     5.7     0.0    24.09 R    25.2    -6.1     5.5 -9999.0 -9999.0 -9999.0 -99.000 -99.000 -99.000 -99.000 -99.000 -9999.0 -9999.0 -9999.0 -9999.0 -9999.0
54810 20100412  2.302  -86.92   46.33    15.3    -3.2     6.0     7.0     0.0    14.15 R    22.2    -6.6     7.1 -9999.0 -9999.0 -9999.0 -99.000 -99.000 -99.000 -99.000 -99.000 -9999.0 -9999.0 -9999.0 -9999.0 -9999.0
54810 20100413  2.302  -86.92   46.33    13.0     0.3     6.7     7.8     0.0    11.64 R    21.7    -2.9     7.9 -9999.0 -9999.0 -9999.0 -99.000 -99.000 -99.000 -99.000 -99.000 -9999.0 -9999.0 -9999.0 -9999.0 -9999.0
54810 20100414  2.302  -86.92   46.33    17.2     6.8    12.0    11.5     0.0    21.50 R    27.5     3.9    12.7 -9999.0 -9999.0 -9999.0 -99.000 -99.000 -99.000 -99.000 -99.000 -9999.0 -9999.0 -9999.0 -9999.0 -9999.0
54810 20100415  2.302  -86.92   46.33    24.7    10.1    17.4    17.2     1.6    16.31 R    34.5     7.5    16.8 -9999.0 -9999.0 -9999.0 -99.000 -99.000 -99.000 -99.000 -99.000 -9999.0 -9999.0 -9999.0 -9999.0 -9999.0
54810 20100416  2.302  -86.92   46.33    12.8     1.5     7.2     6.1     2.3     9.82 R    14.5     1.2     5.7 -9999.0 -9999.0 -9999.0 -99.000 -99.000 -99.000 -99.000 -99.000 -9999.0 -9999.0 -9999.0 -9999.0 -9999.0
54810 20100417  2.302  -86.92   46.33     5.3     1.7     3.5     3.2     0.0    14.62 R    12.7    -1.7     4.0 -9999.0 -9999.0 -9999.0 -99.000 -99.000 -99.000 -99.000 -99.000 -9999.0 -9999.0 -9999.0 -9999.0 -9999.0
54810 20100418  2.302  -86.92   46.33     7.8    -2.0     2.9     3.3     0.0    15.38 R    21.9    -5.6     5.1 -9999.0 -9999.0 -9999.0 -99.000 -99.000 -99.000 -99.000 -99.000 -9999.0 -9999.0 -9999.0 -9999.0 -9999.0
54810 20100419  2.302  -86.92   46.33    13.9    -4.3     4.8     4.9     0.0    22.28 R    26.4    -6.8     6.8 -9999.0 -9999.0 -9999.0 -99.000 -99.000 -99.000 -99.000 -99.000 -9999.0 -9999.0 -9999.0 -9999.0 -9999.0
54810 20100420  2.302  -86.92   46.33    18.9    -2.1     8.4     6.5     0.0    24.28 R    31.6    -4.6     8.8 -9999.0 -9999.0 -9999.0 -99.000 -99.000 -99.000 -99.000 -99.000 -9999.0 -9999.0 -9999.0 -9999.0 -9999.0
54810 20100421  2.302  -86.92   46.33     2.2    -2.2     0.0     0.5     1.3     9.09 R     8.7    -4.2     2.0 -9999.0 -9999.0 -9999.0 -99.000 -99.000 -99.000 -99.000 -99.000 -9999.0 -9999.0 -9999.0 -9999.0 -9999.0
54810 20100422  2.302  -86.92   46.33    11.1    -4.5     3.3     3.3     0.0    25.79 R    26.0    -8.0     5.9 -9999.0 -9999.0 -9999.0 -99.000 -99.000 -99.000 -99.000 -99.000 -9999.0 -9999.0 -9999.0 -9999.0 -9999.0
54810 20100423  2.302  -86.92   46.33    18.1     0.1     9.1     9.0     0.0    24.87 R    29.9    -3.6     9.5 -9999.0 -9999.0 -9999.0 -99.000 -99.000 -99.000 -99.000 -99.000 -9999.0 -9999.0 -9999.0 -9999.0 -9999.0
54810 20100424  2.302  -86.92   46.33    17.7    -0.7     8.5     9.8     0.0    16.35 R    27.5    -3.6     9.3 -9999.0 -9999.0 -9999.0 -99.000 -99.000 -99.000 -99.000 -99.000 -9999.0 -9999.0 -9999.0 -9999.0 -9999.0
54810 20100425  2.302  -86.92   46.33    14.6     4.1     9.3     9.0     0.0    23.89 R    26.3     0.1    10.2 -9999.0 -9999.0 -9999.0 -99.000 -99.000 -99.000 -99.000 -99.000 -9999.0 -9999.0 -9999.0 -9999.0 -9999.0
54810 20100426  2.302  -86.92   46.33    10.1     3.4     6.7     6.2     0.0    27.38 R    22.2    -0.6     8.2 -9999.0 -9999.0 -9999.0 -99.000 -99.000 -99.000 -99.000 -99.000 -9999.0 -9999.0 -9999.0 -9999.0 -9999.0
54810 20100427  2.302  -86.92   46.33     7.5    -3.0     2.2     3.1     0.0    27.79 R    23.5    -6.4     5.6 -9999.0 -9999.0 -9999.0 -99.000 -99.000 -99.000 -99.000 -99.000 -9999.0 -9999.0 -9999.0 -9999.0 -9999.0
54810 20100428  2.302  -86.92   46.33    13.4    -4.4     4.5     5.8     0.0    27.78 R    28.4    -7.8     7.8 -9999.0 -9999.0 -9999.0 -99.000 -99.000 -99.000 -99.000 -99.000 -9999.0 -9999.0 -9999.0 -9999.0 -9999.0
54810 20100429  2.302  -86.92   46.33    15.0    -2.1     6.4     9.4     0.0    13.64 R    23.2    -5.5     8.7 -9999.0 -9999.0 -9999.0 -99.000 -99.000 -99.000 -99.000 -99.000 -9999.0 -9999.0 -9999.0 -9999.0 -9999.0
54810 20100430  2.302  -86.92   46.33    23.0    10.2    16.6    15.5     0.5    16.66 R    31.1     8.4    16.2 -9999.0 -9999.0 -9999.0 -99.000 -99.000 -99.000 -99.000 -99.000 -9999.0 -9999.0 -9999.0 -9999.0 -9999.0
54810 20100501  2.302  -86.92   46.33    22.5     9.7    16.1    16.6     0.0    21.62 R    32.9     3.6    16.8 -9999.0 -9999.0 -9999.0 -99.000 -99.000 -99.000 -99.000 -99.000 -9999.0 -9999.0 -9999.0 -9999.0 -9999.0
54810 20100502  2.302  -86.92   46.33    21.3     4.0    12.6    12.9     0.0    18.04 R    32.2     0.5    12.7 -9999.0 -9999.0 -9999.0 -99.000 -99.000 -99.000 -99.000 -99.000 -9999.0 -9999.0 -9999.0 -9999.0 -9999.0
54810 20100503  2.302  -86.92   46.33    15.5     2.5     9.0     9.7     0.0    15.26 R    31.0     0.1    10.0 -9999.0 -9999.0 -9999.0 -99.000 -99.000 -99.000 -99.000 -99.000 -9999.0 -9999.0 -9999.0 -9999.0 -9999.0
54810 20100504  2.302  -86.92   46.33    16.5     3.1     9.8    10.4     0.6    20.26 R    29.7     0.2    12.4 -9999.0 -9999.0 -9999.0 -99.000 -99.000 -99.000 -99.000 -99.000 -9999.0 -9999.0 -9999.0 -9999.0 -9999.0
54810 20100505  2.302  -86.92   46.33    18.6     5.8    12.2    10.7     1.9    18.82 R    29.5     4.7    12.2 -9999.0 -9999.0 -9999.0 -99.000 -99.000 -99.000 -99.000 -99.000 -9999.0 -9999.0 -9999.0 -9999.0 -9999.0
54810 20100506  2.302  -86.92   46.33     6.4    -0.7     2.9     3.4     0.0    19.25 R    21.6    -2.5     6.5 -9999.0 -9999.0 -9999.0 -99.000 -99.000 -99.000 -99.000 -99.000 -9999.0 -9999.0 -9999.0 -9999.0 -9999.0
54810 20100507  2.302  -86.92   46.33     7.6    -2.7     2.4     1.9     9.8     9.65 R    15.3    -5.5     3.4 -9999.0 -9999.0 -9999.0 -99.000 -99.000 -99.000 -99.000 -99.000 -9999.0 -9999.0 -9999.0 -9999.0 -9999.0
54810 20100508  2.302  -86.92   46.33     4.2    -0.2     2.0     1.5    15.7    18.93 R    12.3    -3.1     2.3 -9999.0 -9999.0 -9999.0 -99.000 -99.000 -99.000 -99.000 -99.000 -9999.0 -9999.0 -9999.0 -9999.0 -9999.0
54810 20100509  2.302  -86.92   46.33     8.2    -3.9     2.2     2.6     0.0    29.12 R    21.7    -7.1     4.8 -9999.0 -9999.0 -9999.0 -99.000 -99.000 -99.000 -99.000 -99.000 -9999.0 -9999.0 -9999.0 -9999.0 -9999.0
54810 20100510  2.302  -86.92   46.33    13.6    -5.5     4.1     5.5     0.0    29.38 R    26.0    -8.4     7.2 -9999.0 -9999.0 -9999.0 -99.000 -99.000 -99.000 -99.000 -99.000 -9999.0 -9999.0 -9999.0 -9999.0 -9999.0
54810 20100511  2.302  -86.92   46.33    12.4     4.1     8.2     8.5     0.0    13.99 R    17.2     2.3     8.3 -9999.0 -9999.0 -9999.0 -99.000 -99.000 -99.000 -99.000 -99.000 -9999.0 -9999.0 -9999.0 -9999.0 -9999.0
54810 20100512  2.302  -86.92   46.33    16.8     5.5    11.1    11.1     0.0    26.93 R    27.7     4.2    12.8 -9999.0 -9999.0 -9999.0 -99.000 -99.000 -99.000 -99.000 -99.000 -9999.0 -9999.0 -9999.0 -9999.0 -9999.0
54810 20100513  2.302  -86.92   46.33    12.1     7.2     9.6     9.2     1.5     5.07 R    13.9     6.9     8.9 -9999.0 -9999.0 -9999.0 -99.000 -99.000 -99.000 -99.000 -99.000 -9999.0 -9999.0 -9999.0 -9999.0 -9999.0
54810 20100514  2.302  -86.92   46.33    12.6     5.7     9.1     9.2     1.8    15.60 R    22.1     2.0     9.5 -9999.0 -9999.0 -9999.0 -99.000 -99.000 -99.000 -99.000 -99.000 -9999.0 -9999.0 -9999.0 -9999.0 -9999.0
54810 20100515  2.302  -86.92   46.33    14.8     0.5     7.6     8.3     0.0    29.99 R    26.6    -1.7    10.4 -9999.0 -9999.0 -9999.0 -99.000 -99.000 -99.000 -99.000 -99.000 -9999.0 -9999.0 -9999.0 -9999.0 -9999.0
54810 20100516  2.302  -86.92   46.33    21.9     0.4    11.1    11.4     0.0    28.43 R    29.7    -1.9    12.3 -9999.0 -9999.0 -9999.0 -99.000 -99.000 -99.000 -99.000 -99.000 -9999.0 -9999.0 -9999.0 -9999.0 -9999.0
54810 20100517  2.302  -86.92   46.33    21.9     2.3    12.1    12.6     0.0    29.66 R    30.8    -0.3    13.0 -9999.0 -9999.0 -9999.0 -99.000 -99.000 -99.000 -99.000 -99.000 -9999.0 -9999.0 -9999.0 -9999.0 -9999.0
54810 20100518  2.302  -86.92   46.33    20.4     2.4    11.4    12.5     0.0    29.60 R    29.7    -0.2    13.4 -9999.0 -9999.0 -9999.0 -99.000 -99.000 -99.000 -99.000 -99.000 -9999.0 -9999.0 -9999.0 -9999.0 -9999.0
54810 20100519  2.302  -86.92   46.33    25.2     3.7    14.4    15.7     0.0    29.61 R    32.8     1.1    15.5 -9999.0 -9999.0 -9999.0 -99.000 -99.000 -99.000 -99.000 -99.000 -9999.0 -9999.0 -9999.0 -9999.0 -9999.0
54810 20100520  2.302  -86.92   46.33    24.3     4.0    14.1    14.0     0.0    29.07 R    32.6     0.8    14.9 -9999.0 -9999.0 -9999.0 -99.000 -99.000 -99.000 -99.000 -99.000 -9999.0 -9999.0 -9999.0 -9999.0 -9999.0
54810 20100521  2.302  -86.92   46.33    23.8     3.7    13.8    14.6     0.0    18.58 R    31.3     1.1    14.8 -9999.0 -9999.0 -9999.0 -99.000 -99.000 -99.000 -99.000 -99.000 -9999.0 -9999.0 -9999.0 -9999.0 -9999.0
54810 20100522  2.302  -86.92   46.33    20.4    12.6    16.5    16.3     0.0    12.34 R    25.5    10.5    17.0 -9999.0 -9999.0 -9999.0 -99.000 -99.000 -99.000 -99.000 -99.000 -9999.0 -9999.0 -9999.0 -9999.0 -9999.0
54810 20100523  2.302  -86.92   46.33    27.5    11.1    19.3    19.2     0.0    25.65 R    33.6     9.3    20.4 -9999.0 -9999.0 -9999.0 -99.000 -99.000 -99.000 -99.000 -99.000 -9999.0 -9999.0 -9999.0 -9999.0 -9999.0
54810 20100524  2.302  -86.92   46.33    31.8    17.1    24.4    23.9     0.0    26.75 R    38.3    15.8    24.5 -9999.0 -9999.0 -9999.0 -99.000 -99.000 -99.000 -99.000 -99.000 -9999.0 -9999.0 -9999.0 -9999.0 -9999.0
54810 20100525  2.302  -86.92   46.33    29.4    16.8    23.1    22.7     0.0    28.71 R    36.7    12.7    23.2 -9999.0 -9999.0 -9999.0 -99.000 -99.000 -99.000 -99.000 -99.000 -9999.0 -9999.0 -9999.0 -9999.0 -9999.0
54810 20100526  2.302  -86.92   46.33    25.8    10.9    18.4    18.2     0.6    19.24 R    33.5     7.7    18.4 -9999.0 -9999.0 -9999.0 -99.000 -99.000 -99.000 -99.000 -99.000 -9999.0 -9999.0 -9999.0 -9999.0 -9999.0
54810 20100527  2.302  -86.92   46.33    20.8     9.6    15.2    16.6     0.0    31.33 R    31.9     6.2    17.5 -9999.0 -9999.0 -9999.0 -99.000 -99.000 -99.000 -99.000 -99.000 -9999.0 -9999.0 -9999.0 -9999.0 -9999.0
54810 20100528  2.302  -86.92   46.33    20.7    10.2    15.4    15.1     0.0    29.27 R    32.3     7.3    17.4 -9999.0 -9999.0 -9999.0 -99.000 -99.000 -99.000 -99.000 -99.000 -9999.0 -9999.0 -9999.0 -9999.0 -9999.0
54810 20100529  2.302  -86.92   46.33    28.2     7.0    17.6    18.5     0.0    28.57 R    36.5     4.7    19.2 -9999.0 -9999.0 -9999.0 -99.000 -99.000 -99.000 -99.000 -99.000 -9999.0 -9999.0 -9999.0 -9999.0 -9999.0
54810 20100530  2.302  -86.92   46.33    30.6    12.5    21.5    21.9     0.0    25.18 R    39.8     8.1    21.8 -9999.0 -9999.0 -9999.0 -99.000 -99.000 -99.000 -99.000 -99.000 -9999.0 -9999.0 -9999.0 -9999.0 -9999.0
54810 20100531  2.302  -86.92   46.33    19.3     8.3    13.8    15.8     9.7    30.18 R    28.2     5.9    17.6 -9999.0 -9999.0 -9999.0 -99.000 -99.000 -99.000 -99.000 -99.000 -9999.0 -9999.0 -9999.0 -9999.0 -9999.0
54810 20100601  2.302  -86.92   46.33    26.5     7.2    16.8    15.7    12.1    22.73 R    34.0     5.2    16.6 -9999.0 -9999.0 -9999.0 -99.000 -99.000 -99.000 -99.000 -99.000 -9999.0 -9999.0 -9999.0 -9999.0 -9999.0
54810 20100602  2.302  -86.92   46.33    15.7     5.8    10.7    12.2     0.0    16.22 R    22.5     3.2    13.5 -9999.0 -9999.0 -9999.0 -99.000 -99.000 -99.000 -99.000 -99.000 -9999.0 -9999.0 -9999.0 -9999.0 -9999.0
54810 20100603  2.302  -86.92   46.33    19.6     4.2    11.9    12.4     0.0    29.83 R    27.4     1.3    13.4 -9999.0 -9999.0 -9999.0 -99.000 -99.000 -99.000 -99.000 -99.000 -9999.0 -9999.0 -9999.0 -9999.0 -9999.0
54810 20100604  2.302  -86.92   46.33    14.9     5.5    10.2    11.2    10.8     4.63 R    17.0     3.3    11.2 -9999.0 -9999.0 -9999.0 -99.000 -99.000 -99.000 -99.000 -99.000 -9999.0 -9999.0 -9999.0 -9999.0 -9999.0
54810 20100605  2.302  -86.92   46.33    16.1     9.7    12.9    12.6     0.0    12.19 R    23.0    10.5    14.3 -9999.0 -9999.0 -9999.0 -99.000 -99.000 -99.000 -99.000 -99.000 -9999.0 -9999.0 -9999.0 -9999.0 -9999.0
54810 20100606  2.302  -86.92   46.33    13.2     3.4     8.3     9.2     3.2    19.25 R    22.6     0.7    10.6 -9999.0 -9999.0 -9999.0 -99.000 -99.000 -99.000 -99.000 -99.000 -9999.0 -9999.0 -9999.0 -9999.0 -9999.0
54810 20100607  2.302  -86.92   46.33    18.7     0.9     9.8    10.6     0.0    31.52 R    25.2    -0.7    11.7 -9999.0 -9999.0 -9999.0 -99.000 -99.000 -99.000 -99.000 -99.000 -9999.0 -9999.0 -9999.0 -9999.0 -9999.0
54810 20100608  2.302  -86.92   46.33    19.3     3.5    11.4    11.5    14.1    14.31 R    25.3     1.5    11.5 -9999.0 -9999.0 -9999.0 -99.000 -99.000 -99.000 -99.000 -99.000 -9999.0 -9999.0 -9999.0 -9999.0 -9999.0
54810 20100609  2.302  -86.92   46.33    22.1    11.4    16.7    15.0     7.3    15.72 R    27.6    10.3    15.5 -9999.0 -9999.0 -9999.0 -99.000 -99.000 -99.000 -99.000 -99.000 -9999.0 -9999.0 -9999.0 -9999.0 -9999.0
54810 20100610  2.302  -86.92   46.33    16.0    10.9    13.4    13.1     0.0    15.34 R    20.6    10.1    14.0 -9999.0 -9999.0 -9999.0 -99.000 -99.000 -99.000 -99.000 -99.000 -9999.0 -9999.0 -9999.0 -9999.0 -9999.0
54810 20100611  2.302  -86.92   46.33    17.3     9.9    13.6    13.6    35.5     6.36 R    20.3     8.7    13.9 -9999.0 -9999.0 -9999.0 -99.000 -99.000 -99.000 -99.000 -99.000 -9999.0 -9999.0 -9999.0 -9999.0 -9999.0
54810 20100612  2.302  -86.92   46.33    15.9    10.9    13.4    13.0     0.7     7.19 R    18.4    11.6    14.2 -9999.0 -9999.0 -9999.0 -99.000 -99.000 -99.000 -99.000 -99.000 -9999.0 -9999.0 -9999.0 -9999.0 -9999.0
54810 20100613  2.302  -86.92   46.33    21.0    11.4    16.2    14.8     2.4    15.01 R    27.9    12.1    16.2 -9999.0 -9999.0 -9999.0 -99.000 -99.000 -99.000 -99.000 -99.000 -9999.0 -9999.0 -9999.0 -9999.0 -9999.0
54810 20100614  2.302  -86.92   46.33    17.2    11.7    14.5    13.6     0.3    14.60 R    23.3    12.1    15.2 -9999.0 -9999.0 -9999.0 -99.000 -99.000 -99.000 -99.000 -99.000 -9999.0 -9999.0 -9999.0 -9999.0 -9999.0
54810 20100615  2.302  -86.92   46.33    17.3    11.7    14.5    14.3    20.7     7.19 R    18.8    11.7    14.4 -9999.0 -9999.0 -9999.0 -99.000 -99.000 -99.000 -99.000 -99.000 -9999.0 -9999.0 -9999.0 -9999.0 -9999.0
54810 20100616  2.302  -86.92   46.33    17.6     8.8    13.2    12.9    10.2    16.99 R    21.9     6.4    13.8 -9999.0 -9999.0 -9999.0 -99.000 -99.000 -99.000 -99.000 -99.000 -9999.0 -9999.0 -9999.0 -9999.0 -9999.0
54810 20100617  2.302  -86.92   46.33    23.8     7.0    15.4    16.7     0.0    30.60 R    28.7     5.4    17.3 -9999.0 -9999.0 -9999.0 -99.000 -99.000 -99.000 -99.000 -99.000 -9999.0 -9999.0 -9999.0 -9999.0 -9999.0
54810 20100618  2.302  -86.92   46.33    28.1    15.6    21.8    22.0     0.0    27.54 R    30.2    14.4    21.8 -9999.0 -9999.0 -9999.0 -99.000 -99.000 -99.000 -99.000 -99.000 -9999.0 -9999.0 -9999.0 -9999.0 -9999.0
54810 20100619  2.302  -86.92   46.33    23.4    13.3    18.3    19.3     0.0    20.43 R    28.8    10.6    18.8 -9999.0 -9999.0 -9999.0 -99.000 -99.000 -99.000 -99.000 -99.000 -9999.0 -9999.0 -9999.0 -9999.0 -9999.0
54810 20100620  2.302  -86.92   46.33    21.5    11.1    16.3    16.9     0.0    30.58 R    28.5     8.7    17.9 -9999.0 -9999.0 -9999.0 -99.000 -99.000 -99.000 -99.000 -99.000 -9999.0 -9999.0 -9999.0 -9999.0 -9999.0
54810 20100621  2.302  -86.92   46.33    25.8    10.8    18.3    18.7     9.1    23.65 R    30.7     9.2    19.0 -9999.0 -9999.0 -9999.0 -99.000 -99.000 -99.000 -99.000 -99.000 -9999.0 -9999.0 -9999.0 -9999.0 -9999.0
54810 20100622  2.302  -86.92   46.33    25.2    16.7    21.0    20.0     7.6    19.07 R    29.7    15.7    20.5 -9999.0 -9999.0 -9999.0 -99.000 -99.000 -99.000 -99.000 -99.000 -9999.0 -9999.0 -9999.0 -9999.0 -9999.0
54810 20100623  2.302  -86.92   46.33    23.3    15.4    19.4    19.2    28.8    12.70 R    28.1    15.9    19.5 -9999.0 -9999.0 -9999.0 -99.000 -99.000 -99.000 -99.000 -99.000 -9999.0 -9999.0 -9999.0 -9999.0 -9999.0
54810 20100624  2.302  -86.92   46.33    18.9     9.8    14.3    15.8     1.2    24.89 R    22.7     8.1    16.1 -9999.0 -9999.0 -9999.0 -99.000 -99.000 -99.000 -99.000 -99.000 -9999.0 -9999.0 -9999.0 -9999.0 -9999.0
54810 20100625  2.302  -86.92   46.33    19.8    12.5    16.2    16.3    12.6     6.92 R    23.7    11.6    16.6 -9999.0 -9999.0 -9999.0 -99.000 -99.000 -99.000 -99.000 -99.000 -9999.0 -9999.0 -9999.0 -9999.0 -9999.0
54810 20100626  2.302  -86.92   46.33    19.4    11.4    15.4    15.8     1.0    19.32 R    25.5     9.7    16.9 -9999.0 -9999.0 -9999.0 -99.000 -99.000 -99.000 -99.000 -99.000 -9999.0 -9999.0 -9999.0 -9999.0 -9999.0
54810 20100627  2.302  -86.92   46.33    22.7    13.7    18.2    17.8     0.9     9.41 R    24.5    13.1    17.8 -9999.0 -9999.0 -9999.0 -99.000 -99.000 -99.000 -99.000 -99.000 -9999.0 -9999.0 -9999.0 -9999.0 -9999.0
54810 20100628  2.302  -86.92   46.33    17.9     9.9    13.9    13.4     0.0    18.69 R    21.7     8.6    14.1 -9999.0 -9999.0 -9999.0 -99.000 -99.000 -99.000 -99.000 -99.000 -9999.0 -9999.0 -9999.0 -9999.0 -9999.0
54810 20100629  2.302  -86.92   46.33    16.0     5.4    10.7    11.4     0.0    28.30 R    21.6     2.6    11.8 -9999.0 -9999.0 -9999.0 -99.000 -99.000 -99.000 -99.000 -99.000 -9999.0 -9999.0 -9999.0 -9999.0 -9999.0
54810 20100630  2.302  -86.92   46.33    17.5     4.6    11.0    12.1     0.0    31.54 R    23.5     2.1    12.4 -9999.0 -9999.0 -9999.0 -99.000 -99.000 -99.000 -99.000 -99.000 -9999.0 -9999.0 -9999.0 -9999.0 -9999.0
54810 20100701  2.302  -86.92   46.33    20.3     3.5    11.9    13.0     1.5    18.56 R    24.3     1.2    12.9 -9999.0 -9999.0 -9999.0 -99.000 -99.000 -99.000 -99.000 -99.000 -9999.0 -9999.0 -9999.0 -9999.0 -9999.0
54810 20100702  2.302  -86.92   46.33    26.9    12.6    19.7    20.2     0.0    30.39 R    29.9    10.9    20.0 -9999.0 -9999.0 -9999.0 -99.000 -99.000 -99.000 -99.000 -99.000 -9999.0 -9999.0 -9999.0 -9999.0 -9999.0
54810 20100703  2.302  -86.92   46.33    28.6    17.2    22.9    22.4     0.0    28.12 R    32.3    14.4    22.0 -9999.0 -9999.0 -9999.0 -99.000 -99.000 -99.000 -99.000 -99.000 -9999.0 -9999.0 -9999.0 -9999.0 -9999.0
54810 20100704  2.302  -86.92   46.33    28.4    18.7    23.5    23.6     0.4    21.09 R    32.2    17.1    23.4 -9999.0 -9999.0 -9999.0 -99.000 -99.000 -99.000 -99.000 -99.000 -9999.0 -9999.0 -9999.0 -9999.0 -9999.0
54810 20100705  2.302  -86.92   46.33    26.4    19.5    23.0    21.8    20.7    12.57 R    30.8    18.5    22.0 -9999.0 -9999.0 -9999.0 -99.000 -99.000 -99.000 -99.000 -99.000 -9999.0 -9999.0 -9999.0 -9999.0 -9999.0
54810 20100706  2.302  -86.92   46.33    23.0    16.7    19.9    20.4    12.2    10.09 R    26.3    14.9    20.6 -9999.0 -9999.0 -9999.0 -99.000 -99.000 -99.000 -99.000 -99.000 -9999.0 -9999.0 -9999.0 -9999.0 -9999.0
54810 20100707  2.302  -86.92   46.33    29.0    16.2    22.6    22.5    16.8    20.76 R    32.5    14.2    22.4 -9999.0 -9999.0 -9999.0 -99.000 -99.000 -99.000 -99.000 -99.000 -9999.0 -9999.0 -9999.0 -9999.0 -9999.0
54810 20100708  2.302  -86.92   46.33    24.9    15.6    20.3    20.5    11.3    22.85 R    29.2    13.8    20.9 -9999.0 -9999.0 -9999.0 -99.000 -99.000 -99.000 -99.000 -99.000 -9999.0 -9999.0 -9999.0 -9999.0 -9999.0
54810 20100709  2.302  -86.92   46.33    25.0    11.6    18.3    19.9     0.0    29.11 R    28.8     9.4    19.3 -9999.0 -9999.0 -9999.0 -99.000 -99.000 -99.000 -99.000 -99.000 -9999.0 -9999.0 -9999.0 -9999.0 -9999.0
54810 20100710  2.302  -86.92   46.33    27.9    10.4    19.2    20.1     0.0    29.43 R    30.2     8.3    19.3 -9999.0 -9999.0 -9999.0 -99.000 -99.000 -99.000 -99.000 -99.000 -9999.0 -9999.0 -9999.0 -9999.0 -9999.0
54810 20100711  2.302  -86.92   46.33    26.7    16.1    21.4    20.7    12.2    17.08 R    30.1    14.2    20.3 -9999.0 -9999.0 -9999.0 -99.000 -99.000 -99.000 -99.000 -99.000 -9999.0 -9999.0 -9999.0 -9999.0 -9999.0
54810 20100712  2.302  -86.92   46.33    21.7    11.6    16.7    17.5     0.2    26.95 R    26.5     8.9    18.4 -9999.0 -9999.0 -9999.0 -99.000 -99.000 -99.000 -99.000 -99.000 -9999.0 -9999.0 -9999.0 -9999.0 -9999.0
54810 20100713  2.302  -86.92   46.33    23.8     9.7    16.7    17.3     0.0    29.82 R    27.2     7.4    17.1 -9999.0 -9999.0 -9999.0 -99.000 -99.000 -99.000 -99.000 -99.000 -9999.0 -9999.0 -9999.0 -9999.0 -9999.0
54810 20100714  2.302  -86.92   46.33    26.9    11.2    19.1    19.1     8.5    16.88 R    28.7     9.7    18.6 -9999.0 -9999.0 -9999.0 -99.000 -99.000 -99.000 -99.000 -99.000 -9999.0 -9999.0 -9999.0 -9999.0 -9999.0
54810 20100715  2.302  -86.92   46.33    26.5    14.9    20.7    21.6     0.0    27.63 R    28.7    12.3    21.1 -9999.0 -9999.0 -9999.0 -99.000 -99.000 -99.000 -99.000 -99.000 -9999.0 -9999.0 -9999.0 -9999.0 -9999.0
54810 20100716  2.302  -86.92   46.33    28.2    15.4    21.8    22.9     0.0    26.06 R    29.1    12.4    21.4 -9999.0 -9999.0 -9999.0 -99.000 -99.000 -99.000 -99.000 -99.000 -9999.0 -9999.0 -9999.0 -9999.0 -9999.0
54810 20100717  2.302  -86.92   46.33    22.7    12.8    17.7    18.5     0.0    27.91 R    26.8    11.0    18.3 -9999.0 -9999.0 -9999.0 -99.000 -99.000 -99.000 -99.000 -99.000 -9999.0 -9999.0 -9999.0 -9999.0 -9999.0
54810 20100718  2.302  -86.92   46.33    21.7    12.9    17.3    17.2     8.4     8.68 R    23.8    11.6    17.1 -9999.0 -9999.0 -9999.0 -99.000 -99.000 -99.000 -99.000 -99.000 -9999.0 -9999.0 -9999.0 -9999.0 -9999.0
54810 20100719  2.302  -86.92   46.33    23.2    15.3    19.2    18.2     1.5    12.83 R    26.5    14.4    18.7 -9999.0 -9999.0 -9999.0 -99.000 -99.000 -99.000 -99.000 -99.000 -9999.0 -9999.0 -9999.0 -9999.0 -9999.0
54810 20100720  2.302  -86.92   46.33    25.1    13.7    19.4    18.6    21.4    14.07 R    28.5    10.7    18.9 -9999.0 -9999.0 -9999.0 -99.000 -99.000 -99.000 -99.000 -99.000 -9999.0 -9999.0 -9999.0 -9999.0 -9999.0
54810 20100721  2.302  -86.92   46.33    25.7    12.5    19.1    19.1     0.0    25.95 R    34.9     9.8    19.5 -9999.0 -9999.0 -9999.0 -99.000 -99.000 -99.000 -99.000 -99.000 -9999.0 -9999.0 -9999.0 -9999.0 -9999.0
54810 20100722  2.302  -86.92   46.33    22.7    12.5    17.6    18.2     0.0    11.15 R    27.1     9.5    18.2 -9999.0 -9999.0 -9999.0 -99.000 -99.000 -99.000 -99.000 -99.000 -9999.0 -9999.0 -9999.0 -9999.0 -9999.0
54810 20100723  2.302  -86.92   46.33    27.6    15.9    21.7    20.6     0.2    18.27 R    36.5    12.4    21.7 -9999.0 -9999.0 -9999.0 -99.000 -99.000 -99.000 -99.000 -99.000 -9999.0 -9999.0 -9999.0 -9999.0 -9999.0
54810 20100724  2.302  -86.92   46.33    19.8    12.5    16.1    16.5     2.1     9.03 R    25.0     8.7    16.1 -9999.0 -9999.0 -9999.0 -99.000 -99.000 -99.000 -99.000 -99.000 -9999.0 -9999.0 -9999.0 -9999.0 -9999.0
54810 20100725  2.302  -86.92   46.33    25.0     9.7    17.3    18.0     0.0    27.73 R    33.4     7.1    18.7 -9999.0 -9999.0 -9999.0 -99.000 -99.000 -99.000 -99.000 -99.000 -9999.0 -9999.0 -9999.0 -9999.0 -9999.0
54810 20100726  2.302  -86.92   46.33    28.8    11.0    19.9    20.6     0.0    26.63 R    37.6     7.9    21.1 -9999.0 -9999.0 -9999.0 -99.000 -99.000 -99.000 -99.000 -99.000 -9999.0 -9999.0 -9999.0 -9999.0 -9999.0
54810 20100727  2.302  -86.92   46.33    28.2    15.8    22.0    22.3    11.2    19.52 R    36.4    12.5    23.0 -9999.0 -9999.0 -9999.0 -99.000 -99.000 -99.000 -99.000 -99.000 -9999.0 -9999.0 -9999.0 -9999.0 -9999.0
54810 20100728  2.302  -86.92   46.33    24.4    13.7    19.0    20.4     0.2    27.22 R    31.4    10.4    21.3 -9999.0 -9999.0 -9999.0 -99.000 -99.000 -99.000 -99.000 -99.000 -9999.0 -9999.0 -9999.0 -9999.0 -9999.0
54810 20100729  2.302  -86.92   46.33    23.2    11.5    17.3    17.1     0.0    26.55 R    34.3     8.6    18.7 -9999.0 -9999.0 -9999.0 -99.000 -99.000 -99.000 -99.000 -99.000 -9999.0 -9999.0 -9999.0 -9999.0 -9999.0
54810 20100730  2.302  -86.92   46.33    24.8    11.2    18.0    18.6     4.6    24.41 R    35.0     8.4    20.3 -9999.0 -9999.0 -9999.0 -99.000 -99.000 -99.000 -99.000 -99.000 -9999.0 -9999.0 -9999.0 -9999.0 -9999.0
54810 20100731  2.302  -86.92   46.33    22.2    16.3    19.3    18.8     5.3     8.31 R    28.9    15.3    19.6 -9999.0 -9999.0 -9999.0 -99.000 -99.000 -99.000 -99.000 -99.000 -9999.0 -9999.0 -9999.0 -9999.0 -9999.0
54810 20100801  2.302  -86.92   46.33    27.4    15.1    21.3    21.1     0.0    20.43 R    35.0    12.3    22.4 -9999.0 -9999.0 -9999.0 -99.000 -99.000 -99.000 -99.000 -99.000 -9999.0 -9999.0 -9999.0 -9999.0 -9999.0
54810 20100802  2.302  -86.92   46.33    26.1    18.5    22.3    21.6     3.3    13.27 R    34.2    16.9    22.4 -9999.0 -9999.0 -9999.0 -99.000 -99.000 -99.000 -99.000 -99.000 -9999.0 -9999.0 -9999.0 -9999.0 -9999.0
54810 20100803  2.302  -86.92   46.33    30.7    17.9    24.3    23.9     2.1    23.20 R    38.3    15.6    24.9 -9999.0 -9999.0 -9999.0 -99.000 -99.000 -99.000 -99.000 -99.000 -9999.0 -9999.0 -9999.0 -9999.0 -9999.0
54810 20100804  2.302  -86.92   46.33    28.0    16.7    22.4    22.1     0.0    21.98 R    34.3    13.4    21.8 -9999.0 -9999.0 -9999.0 -99.000 -99.000 -99.000 -99.000 -99.000 -9999.0 -9999.0 -9999.0 -9999.0 -9999.0
54810 20100805  2.302  -86.92   46.33    22.4    12.9    17.7    18.4     0.0    19.88 R    30.8     9.9    18.5 -9999.0 -9999.0 -9999.0 -99.000 -99.000 -99.000 -99.000 -99.000 -9999.0 -9999.0 -9999.0 -9999.0 -9999.0
54810 20100806  2.302  -86.92   46.33    19.2     8.3    13.7    14.4     0.0    25.39 R    29.9     5.4    15.7 -9999.0 -9999.0 -9999.0 -99.000 -99.000 -99.000 -99.000 -99.000 -9999.0 -9999.0 -9999.0 -9999.0 -9999.0
54810 20100807  2.302  -86.92   46.33    25.1     7.4    16.2    17.6     0.0    20.75 R    33.8     4.7    17.9 -9999.0 -9999.0 -9999.0 -99.000 -99.000 -99.000 -99.000 -99.000 -9999.0 -9999.0 -9999.0 -9999.0 -9999.0
54810 20100808  2.302  -86.92   46.33    25.2    16.8    21.0    20.8     0.0    18.16 R    35.5    14.3    22.0 -9999.0 -9999.0 -9999.0 -99.000 -99.000 -99.000 -99.000 -99.000 -9999.0 -9999.0 -9999.0 -9999.0 -9999.0
54810 20100809  2.302  -86.92   46.33    28.5    16.5    22.5    22.2     0.0    21.81 R    37.2    13.8    23.1 -9999.0 -9999.0 -9999.0 -99.000 -99.000 -99.000 -99.000 -99.000 -9999.0 -9999.0 -9999.0 -9999.0 -9999.0
54810 20100810  2.302  -86.92   46.33    29.4    15.0    22.2    22.9     0.0    24.45 R    36.6    12.6    23.3 -9999.0 -9999.0 -9999.0 -99.000 -99.000 -99.000 -99.000 -99.000 -9999.0 -9999.0 -9999.0 -9999.0 -9999.0
54810 20100811  2.302  -86.92   46.33    25.8    17.6    21.7    22.2     0.0     9.16 R    28.7    15.0    21.6 -9999.0 -9999.0 -9999.0 -99.000 -99.000 -99.000 -99.000 -99.000 -9999.0 -9999.0 -9999.0 -9999.0 -9999.0
54810 20100812  2.302  -86.92   46.33    28.3    19.4    23.8    23.3     0.0    20.67 R    35.6    17.0    24.1 -9999.0 -9999.0 -9999.0 -99.000 -99.000 -99.000 -99.000 -99.000 -9999.0 -9999.0 -9999.0 -9999.0 -9999.0
54810 20100813  2.302  -86.92   46.33    28.5    19.4    24.0    24.4     1.3    12.83 R    33.6    19.0    24.4 -9999.0 -9999.0 -9999.0 -99.000 -99.000 -99.000 -99.000 -99.000 -9999.0 -9999.0 -9999.0 -9999.0 -9999.0
54810 20100814  2.302  -86.92   46.33    29.5    16.6    23.0    23.1     1.2    22.86 R    35.3    14.3    23.3 -9999.0 -9999.0 -9999.0 -99.000 -99.000 -99.000 -99.000 -99.000 -9999.0 -9999.0 -9999.0 -9999.0 -9999.0
54810 20100815  2.302  -86.92   46.33    23.1    13.9    18.5    19.7     1.1    18.25 R    29.8    11.3    19.4 -9999.0 -9999.0 -9999.0 -99.000 -99.000 -99.000 -99.000 -99.000 -9999.0 -9999.0 -9999.0 -9999.0 -9999.0
54810 20100816  2.302  -86.92   46.33    22.1    10.6    16.4    16.5     0.0    24.02 R    28.2     6.6    16.2 -9999.0 -9999.0 -9999.0 -99.000 -99.000 -99.000 -99.000 -99.000 -9999.0 -9999.0 -9999.0 -9999.0 -9999.0
54810 20100817  2.302  -86.92   46.33    20.5     8.8    14.6    14.3     0.0    25.28 R    28.3     5.3    14.7 -9999.0 -9999.0 -9999.0 -99.000 -99.000 -99.000 -99.000 -99.000 -9999.0 -9999.0 -9999.0 -9999.0 -9999.0
54810 20100818  2.302  -86.92   46.33    23.6     8.8    16.2    15.9     1.7     9.14 R    28.6     5.4    15.7 -9999.0 -9999.0 -9999.0 -99.000 -99.000 -99.000 -99.000 -99.000 -9999.0 -9999.0 -9999.0 -9999.0 -9999.0
54810 20100819  2.302  -86.92   46.33    20.2     9.9    15.0    15.4    23.4    24.79 R    27.4     7.3    16.7 -9999.0 -9999.0 -9999.0 -99.000 -99.000 -99.000 -99.000 -99.000 -9999.0 -9999.0 -9999.0 -9999.0 -9999.0
54810 20100820  2.302  -86.92   46.33    22.0     9.7    15.9    17.2     5.4     6.40 R    23.8     7.3    16.7 -9999.0 -9999.0 -9999.0 -99.000 -99.000 -99.000 -99.000 -99.000 -9999.0 -9999.0 -9999.0 -9999.0 -9999.0
54810 20100821  2.302  -86.92   46.33    20.7    15.1    17.9    18.3     0.0    12.31 R    27.1    11.3    18.5 -9999.0 -9999.0 -9999.0 -99.000 -99.000 -99.000 -99.000 -99.000 -9999.0 -9999.0 -9999.0 -9999.0 -9999.0
54810 20100822  2.302  -86.92   46.33    23.7    13.4    18.5    18.7     0.0    24.47 R    29.3    10.4    19.0 -9999.0 -9999.0 -9999.0 -99.000 -99.000 -99.000 -99.000 -99.000 -9999.0 -9999.0 -9999.0 -9999.0 -9999.0
54810 20100823  2.302  -86.92   46.33    26.8    10.2    18.5    18.3     0.0    23.13 R    31.1     7.6    18.5 -9999.0 -9999.0 -9999.0 -99.000 -99.000 -99.000 -99.000 -99.000 -9999.0 -9999.0 -9999.0 -9999.0 -9999.0
54810 20100824  2.302  -86.92   46.33    24.5    13.1    18.8    18.2     1.8    11.18 R    29.5    10.0    18.3 -9999.0 -9999.0 -9999.0 -99.000 -99.000 -99.000 -99.000 -99.000 -9999.0 -9999.0 -9999.0 -9999.0 -9999.0
54810 20100825  2.302  -86.92   46.33    17.4     8.8    13.1    13.7     0.0    16.75 R    22.5     5.0    12.6 -9999.0 -9999.0 -9999.0 -99.000 -99.000 -99.000 -99.000 -99.000 -9999.0 -9999.0 -9999.0 -9999.0 -9999.0
54810 20100826  2.302  -86.92   46.33    22.0     6.2    14.1    14.5     0.0    22.03 R    27.6     2.9    13.7 -9999.0 -9999.0 -9999.0 -99.000 -99.000 -99.000 -99.000 -99.000 -9999.0 -9999.0 -9999.0 -9999.0 -9999.0
54810 20100827  2.302  -86.92   46.33    26.1     9.7    17.9    18.5     0.0    23.60 R    30.6     6.1    18.2 -9999.0 -9999.0 -9999.0 -99.000 -99.000 -99.000 -99.000 -99.000 -9999.0 -9999.0 -9999.0 -9999.0 -9999.0
54810 20100828  2.302  -86.92   46.33    29.6    15.6    22.6    22.0     0.0    23.92 R    32.6    11.1    21.0 -9999.0 -9999.0 -9999.0 -99.000 -99.000 -99.000 -99.000 -99.000 -9999.0 -9999.0 -9999.0 -9999.0 -9999.0
54810 20100829  2.302  -86.92   46.33    29.3    13.2    21.2    21.8     0.0    22.71 R    32.0     8.9    20.8 -9999.0 -9999.0 -9999.0 -99.000 -99.000 -99.000 -99.000 -99.000 -9999.0 -9999.0 -9999.0 -9999.0 -9999.0
54810 20100830  2.302  -86.92   46.33    30.9    18.0    24.4    24.1     0.0    21.91 R    34.1    14.8    23.3 -9999.0 -9999.0 -9999.0 -99.000 -99.000 -99.000 -99.000 -99.000 -9999.0 -9999.0 -9999.0 -9999.0 -9999.0
54810 20100831  2.302  -86.92   46.33    27.9    20.7    24.3    23.9     0.4    10.77 R    32.2    18.9    23.4 -9999.0 -9999.0 -9999.0 -99.000 -99.000 -99.000 -99.000 -99.000 -9999.0 -9999.0 -9999.0 -9999.0 -9999.0
54810 20100901  2.302  -86.92   46.33    22.2    10.8    16.5    18.6    20.0    18.35 R    26.0     7.9    18.7 -9999.0 -9999.0 -9999.0 -99.000 -99.000 -99.000 -99.000 -99.000 -9999.0 -9999.0 -9999.0 -9999.0 -9999.0
54810 20100902  2.302  -86.92   46.33    20.6     8.6    14.6    15.2     9.6     7.19 R    22.3     6.3    14.8 -9999.0 -9999.0 -9999.0 -99.000 -99.000 -99.000 -99.000 -99.000 -9999.0 -9999.0 -9999.0 -9999.0 -9999.0
54810 20100903  2.302  -86.92   46.33    17.7     7.9    12.8    12.9    14.3    11.30 R    22.2     7.7    13.0 -9999.0 -9999.0 -9999.0 -99.000 -99.000 -99.000 -99.000 -99.000 -9999.0 -9999.0 -9999.0 -9999.0 -9999.0
54810 20100904  2.302  -86.92   46.33    11.1     7.0     9.0     9.1    27.5     6.43 R    14.8     5.3     9.1 -9999.0 -9999.0 -9999.0 -99.000 -99.000 -99.000 -99.000 -99.000 -9999.0 -9999.0 -9999.0 -9999.0 -9999.0
54810 20100905  2.302  -86.92   46.33    16.6     5.2    10.9    10.5     0.0    22.07 R    22.7     2.8    10.4 -9999.0 -9999.0 -9999.0 -99.000 -99.000 -99.000 -99.000 -99.000 -9999.0 -9999.0 -9999.0 -9999.0 -9999.0
54810 20100906  2.302  -86.92   46.33    20.4     5.3    12.9    14.7     2.9    11.33 R    26.7     3.3    15.4 -9999.0 -9999.0 -9999.0 -99.000 -99.000 -99.000 -99.000 -99.000 -9999.0 -9999.0 -9999.0 -9999.0 -9999.0
54810 20100907  2.302  -86.92   46.33    17.6    10.2    13.9    14.1    16.6     6.05 R    18.6    10.0    14.0 -9999.0 -9999.0 -9999.0 -99.000 -99.000 -99.000 -99.000 -99.000 -9999.0 -9999.0 -9999.0 -9999.0 -9999.0
54810 20100908  2.302  -86.92   46.33    13.4     8.6    11.0    10.8     8.4     5.19 R    15.5     6.3    10.6 -9999.0 -9999.0 -9999.0 -99.000 -99.000 -99.000 -99.000 -99.000 -9999.0 -9999.0 -9999.0 -9999.0 -9999.0
54810 20100909  2.302  -86.92   46.33    14.6     5.1     9.9    10.3     0.0    15.02 R    20.9     2.3    10.1 -9999.0 -9999.0 -9999.0 -99.000 -99.000 -99.000 -99.000 -99.000 -9999.0 -9999.0 -9999.0 -9999.0 -9999.0
54810 20100910  2.302  -86.92   46.33    17.6     2.3    10.0    10.3     0.0    15.15 R    23.4     0.3     9.8 -9999.0 -9999.0 -9999.0 -99.000 -99.000 -99.000 -99.000 -99.000 -9999.0 -9999.0 -9999.0 -9999.0 -9999.0
54810 20100911  2.302  -86.92   46.33    14.6     8.4    11.5    12.8    12.4     1.65 R    15.9     5.8    12.3 -9999.0 -9999.0 -9999.0 -99.000 -99.000 -99.000 -99.000 -99.000 -9999.0 -9999.0 -9999.0 -9999.0 -9999.0
54810 20100912  2.302  -86.92   46.33    22.1     6.7    14.4    13.8     0.0    17.20 R    23.9     3.6    12.1 -9999.0 -9999.0 -9999.0 -99.000 -99.000 -99.000 -99.000 -99.000 -9999.0 -9999.0 -9999.0 -9999.0 -9999.0
54810 20100913  2.302  -86.92   46.33    15.9     6.6    11.3    11.4     0.0    16.39 R    22.1     3.6    10.5 -9999.0 -9999.0 -9999.0 -99.000 -99.000 -99.000 -99.000 -99.000 -9999.0 -9999.0 -9999.0 -9999.0 -9999.0
54810 20100914  2.302  -86.92   46.33    15.0     5.3    10.1    10.2     0.0    19.21 R    20.0     1.8     9.8 -9999.0 -9999.0 -9999.0 -99.000 -99.000 -99.000 -99.000 -99.000 -9999.0 -9999.0 -9999.0 -9999.0 -9999.0
54810 20100915  2.302  -86.92   46.33    16.1     1.7     8.9     9.6    17.7    12.51 R    22.4    -0.3     9.8 -9999.0 -9999.0 -9999.0 -99.000 -99.000 -99.000 -99.000 -99.000 -9999.0 -9999.0 -9999.0 -9999.0 -9999.0
54810 20100916  2.302  -86.92   46.33    13.5     3.6     8.6     9.2    17.7    10.86 R    19.5     0.6     9.2 -9999.0 -9999.0 -9999.0 -99.000 -99.000 -99.000 -99.000 -99.000 -9999.0 -9999.0 -9999.0 -9999.0 -9999.0
54810 20100917  2.302  -86.92   46.33    17.8     2.0     9.9    11.4     0.6     8.84 R    23.6    -0.1    10.9 -9999.0 -9999.0 -9999.0 -99.000 -99.000 -99.000 -99.000 -99.000 -9999.0 -9999.0 -9999.0 -9999.0 -9999.0
54810 20100918  2.302  -86.92   46.33 -9999.0 -9999.0 -9999.0 -9999.0 -9999.0 -9999.00 U -9999.0 -9999.0 -9999.0 -9999.0 -9999.0 -9999.0 -99.000 -99.000 -99.000 -99.000 -99.000 -9999.0 -9999.0 -9999.0 -9999.0 -9999.0
54810 20100919  2.404  -86.92   46.33 -9999.0 -9999.0 -9999.0 -9999.0 -9999.0 -9999.00 U -9999.0 -9999.0 -9999.0 -9999.0 -9999.0 -9999.0 -99.000 -99.000 -99.000 -99.000 -99.000 -9999.0 -9999.0 -9999.0 -9999.0 -9999.0
54810 20100920  2.404  -86.92   46.33    17.8    -0.3     8.7     9.4     0.0    14.22 R    29.8    -2.6    10.1    99.0    50.9    76.9 -99.000 -99.000 -99.000 -99.000 -99.000 -9999.0 -9999.0 -9999.0 -9999.0 -9999.0
54810 20100921  2.404  -86.92   46.33    23.2     9.6    16.4    16.9     1.1     9.86 R    31.5     4.1    16.4    95.7    52.7    81.4 -99.000 -99.000 -99.000 -99.000 -99.000 -9999.0 -9999.0 -9999.0 -9999.0 -9999.0
54810 20100922  2.404  -86.92   46.33    15.6     4.5    10.1    10.3     0.0    13.54 R    30.3     1.0    10.5    98.9    59.5    81.7 -99.000 -99.000 -99.000 -99.000 -99.000 -9999.0 -9999.0 -9999.0 -9999.0 -9999.0
54810 20100923  2.404  -86.92   46.33    19.3     9.5    14.4    13.8    39.7     0.99 R    18.2     9.4    14.0    97.7    88.3    95.1 -99.000 -99.000 -99.000 -99.000 -99.000 -9999.0 -9999.0 -9999.0 -9999.0 -9999.0
54810 20100924  2.404  -86.92   46.33    20.9     7.8    14.4    15.7     4.9     8.56 R    27.9     8.1    15.7    95.5    66.1    84.2 -99.000 -99.000 -99.000 -99.000 -99.000 -9999.0 -9999.0 -9999.0 -9999.0 -9999.0
54810 20100925  2.404  -86.92   46.33    10.4     2.9     6.6     7.8     2.6    10.51 R    20.6     0.4     8.4    99.1    64.8    81.7 -99.000 -99.000 -99.000 -99.000 -99.000 -9999.0 -9999.0 -9999.0 -9999.0 -9999.0
54810 20100926  2.404  -86.92   46.33    12.3     0.1     6.2     6.1     0.0    18.52 R    25.9    -2.4     6.6    99.4    59.6    84.0 -99.000 -99.000 -99.000 -99.000 -99.000 -9999.0 -9999.0 -9999.0 -9999.0 -9999.0
54810 20100927  2.404  -86.92   46.33    18.4     0.3     9.4     9.2     0.0    17.41 R    30.0    -2.1     9.0    99.6    40.9    77.1 -99.000 -99.000 -99.000 -99.000 -99.000 -9999.0 -9999.0 -9999.0 -9999.0 -9999.0
54810 20100928  2.404  -86.92   46.33    14.7     3.4     9.1     9.6     0.0     5.45 R    25.8     1.1    10.0    99.1    72.9    89.6 -99.000 -99.000 -99.000 -99.000 -99.000 -9999.0 -9999.0 -9999.0 -9999.0 -9999.0
54810 20100929  2.404  -86.92   46.33    19.9     7.7    13.8    12.5     4.0    12.20 R    31.0     7.3    13.5    97.5    55.7    83.6 -99.000 -99.000 -99.000 -99.000 -99.000 -9999.0 -9999.0 -9999.0 -9999.0 -9999.0
54810 20100930  2.404  -86.92   46.33    14.9     3.6     9.2    10.4     0.0    13.11 R    24.3     0.8     9.6    98.9    48.4    81.6 -99.000 -99.000 -99.000 -99.000 -99.000 -9999.0 -9999.0 -9999.0 -9999.0 -9999.0
54810 20101001  2.404  -86.92   46.33    13.5     1.4     7.4     7.5     6.3     8.54 R    20.9    -0.9     7.4    99.1    62.4    83.7 -99.000 -99.000 -99.000 -99.000 -99.000 -9999.0 -9999.0 -9999.0 -9999.0 -9999.0
54810 20101002  2.404  -86.92   46.33     8.1     4.4     6.3     6.4     0.4     9.29 R    18.2     2.3     6.7    95.8    56.8    71.6 -99.000 -99.000 -99.000 -99.000 -99.000 -9999.0 -9999.0 -9999.0 -9999.0 -9999.0
54810 20101003  2.404  -86.92   46.33    12.0    -0.5     5.8     5.7     0.0    15.64 R    24.6    -2.2     6.2    99.3    48.8    81.0 -99.000 -99.000 -99.000 -99.000 -99.000 -9999.0 -9999.0 -9999.0 -9999.0 -9999.0
54810 20101004  2.404  -86.92   46.33    17.1    -1.2     7.9     8.0     0.0    16.56 R    27.8    -3.3     7.0    97.5    29.6    69.3 -99.000 -99.000 -99.000 -99.000 -99.000 -9999.0 -9999.0 -9999.0 -9999.0 -9999.0
54810 20101005  2.404  -86.92   46.33    18.7     0.8     9.7     9.4     0.0    15.39 R    29.6    -1.4     8.5    98.5    34.6    72.1 -99.000 -99.000 -99.000 -99.000 -99.000 -9999.0 -9999.0 -9999.0 -9999.0 -9999.0
54810 20101006  2.404  -86.92   46.33    19.3     1.0    10.1     9.6     0.0    13.72 R    26.6    -1.5     7.9    98.9    41.9    71.5 -99.000 -99.000 -99.000 -99.000 -99.000 -9999.0 -9999.0 -9999.0 -9999.0 -9999.0
54810 20101007  2.404  -86.92   46.33    20.2     3.0    11.6    11.8     0.0    15.91 R    27.5    -0.2    10.3    96.4    27.1    58.6 -99.000 -99.000 -99.000 -99.000 -99.000 -9999.0 -9999.0 -9999.0 -9999.0 -9999.0
54810 20101008  2.404  -86.92   46.33    25.9     2.9    14.4    12.7     0.0    14.60 R    32.6     0.9    11.3    97.1    20.4    66.3 -99.000 -99.000 -99.000 -99.000 -99.000 -9999.0 -9999.0 -9999.0 -9999.0 -9999.0
54810 20101009  2.404  -86.92   46.33    18.8     3.6    11.2    10.5     0.0    15.16 R    27.5     0.6     9.0    99.2    41.9    76.5 -99.000 -99.000 -99.000 -99.000 -99.000 -9999.0 -9999.0 -9999.0 -9999.0 -9999.0
54810 20101010  2.404  -86.92   46.33    19.5     3.4    11.4    10.6     0.0    14.06 R    28.3     1.5    10.3    98.9    49.7    81.2 -99.000 -99.000 -99.000 -99.000 -99.000 -9999.0 -9999.0 -9999.0 -9999.0 -9999.0
54810 20101011  2.404  -86.92   46.33    12.5     1.0     6.7     6.8     0.0    11.95 R    24.4    -1.4     6.6    99.4    60.0    87.4 -99.000 -99.000 -99.000 -99.000 -99.000 -9999.0 -9999.0 -9999.0 -9999.0 -9999.0
54810 20101012  2.404  -86.92   46.33    17.0    -1.3     7.8     8.7     0.0    13.47 R    25.0    -3.2     9.0    99.0    59.3    83.0 -99.000 -99.000 -99.000 -99.000 -99.000 -9999.0 -9999.0 -9999.0 -9999.0 -9999.0
54810 20101013  2.404  -86.92   46.33    14.8    -0.3     7.2     9.5     0.0    14.13 R    25.2    -3.4     8.6    98.1    45.9    77.0 -99.000 -99.000 -99.000 -99.000 -99.000 -9999.0 -9999.0 -9999.0 -9999.0 -9999.0
54810 20101014  2.404  -86.92   46.33    13.5    -1.7     5.9     5.7     1.3     4.57 R    18.9    -4.4     4.5    98.9    42.9    79.2 -99.000 -99.000 -99.000 -99.000 -99.000 -9999.0 -9999.0 -9999.0 -9999.0 -9999.0
54810 20101015  2.404  -86.92   46.33    13.0    -0.5     6.2     7.4     0.0     8.75 R    23.3    -3.2     6.4    99.5    51.7    83.2 -99.000 -99.000 -99.000 -99.000 -99.000 -9999.0 -9999.0 -9999.0 -9999.0 -9999.0
54810 20101016  2.404  -86.92   46.33    18.5    -1.0     8.8     8.4     0.0    12.21 R    25.8    -3.4     6.4    99.1    40.1    70.4 -99.000 -99.000 -99.000 -99.000 -99.000 -9999.0 -9999.0 -9999.0 -9999.0 -9999.0
54810 20101017  2.404  -86.92   46.33    12.6     0.2     6.4     6.5     0.0    12.42 R    23.3    -3.8     4.3    89.5    41.0    62.4 -99.000 -99.000 -99.000 -99.000 -99.000 -9999.0 -9999.0 -9999.0 -9999.0 -9999.0
54810 20101018  2.404  -86.92   46.33    12.1     0.2     6.1     5.7     0.0    12.10 R    22.0    -3.5     4.8    86.7    36.3    61.8 -99.000 -99.000 -99.000 -99.000 -99.000 -9999.0 -9999.0 -9999.0 -9999.0 -9999.0
54810 20101019  2.404  -86.92   46.33    11.8     1.9     6.9     6.5     0.0     9.97 R    21.1    -3.4     5.6    88.4    35.0    62.3 -99.000 -99.000 -99.000 -99.000 -99.000 -9999.0 -9999.0 -9999.0 -9999.0 -9999.0
54810 20101020  2.404  -86.92   46.33    14.7     3.1     8.9     8.6     3.8    10.85 R    23.1     2.3     8.2    95.6    25.3    59.6 -99.000 -99.000 -99.000 -99.000 -99.000 -9999.0 -9999.0 -9999.0 -9999.0 -9999.0
54810 20101021  2.404  -86.92   46.33     6.2     0.6     3.4     3.2     5.5     6.02 R    11.5    -2.1     3.0    95.7    46.3    74.4 -99.000 -99.000 -99.000 -99.000 -99.000 -9999.0 -9999.0 -9999.0 -9999.0 -9999.0
54810 20101022  2.404  -86.92   46.33    13.6     0.9     7.3     6.5     0.0     7.01 R    20.2    -1.2     5.8    82.2    31.0    62.6 -99.000 -99.000 -99.000 -99.000 -99.000 -9999.0 -9999.0 -9999.0 -9999.0 -9999.0
54810 20101023  2.404  -86.92   46.33    13.6    -1.1     6.2     7.0     1.8     5.61 R    20.2    -2.1     6.6    98.0    53.2    79.9 -99.000 -99.000 -99.000 -99.000 -99.000 -9999.0 -9999.0 -9999.0 -9999.0 -9999.0
54810 20101024  2.404  -86.92   46.33    11.3     7.8     9.5     9.0    14.3     0.91 R    13.6     7.4     9.3    98.3    94.8    97.0 -99.000 -99.000 -99.000 -99.000 -99.000 -9999.0 -9999.0 -9999.0 -9999.0 -9999.0
54810 20101025  2.404  -86.92   46.33    15.6     9.6    12.6    12.2     0.3     2.55 R    18.0     9.2    12.4    99.5    84.1    95.1 -99.000 -99.000 -99.000 -99.000 -99.000 -9999.0 -9999.0 -9999.0 -9999.0 -9999.0
54810 20101026  2.404  -86.92   46.33    17.4     7.3    12.3    12.3    22.5     2.60 R    18.8     6.7    11.6    97.7    62.0    83.5 -99.000 -99.000 -99.000 -99.000 -99.000 -9999.0 -9999.0 -9999.0 -9999.0 -9999.0
54810 20101027  2.404  -86.92   46.33    10.0     3.1     6.6     6.5     1.5     2.08 R    10.8     3.3     5.9    90.8    48.1    67.7 -99.000 -99.000 -99.000 -99.000 -99.000 -9999.0 -9999.0 -9999.0 -9999.0 -9999.0
54810 20101028  2.404  -86.92   46.33     6.9     2.6     4.7     4.2     0.4     6.19 R    11.8     2.0     4.1    86.3    60.0    71.7 -99.000 -99.000 -99.000 -99.000 -99.000 -9999.0 -9999.0 -9999.0 -9999.0 -9999.0
54810 20101029  2.404  -86.92   46.33     7.7    -1.8     2.9     3.6     0.0     8.70 R    15.0    -3.2     3.8    81.7    38.6    55.5 -99.000 -99.000 -99.000 -99.000 -99.000 -9999.0 -9999.0 -9999.0 -9999.0 -9999.0
54810 20101030  2.404  -86.92   46.33     6.5     0.5     3.5     2.9     0.7     4.96 R    10.9    -2.7     2.5    91.6    45.3    71.1 -99.000 -99.000 -99.000 -99.000 -99.000 -9999.0 -9999.0 -9999.0 -9999.0 -9999.0
54810 20101031  2.404  -86.92   46.33     6.0    -1.3     2.3     3.2     0.6     5.29 R    13.6    -3.3     3.3    98.0    50.5    76.2 -99.000 -99.000 -99.000 -99.000 -99.000 -9999.0 -9999.0 -9999.0 -9999.0 -9999.0
54810 20101101  2.404  -86.92   46.33     9.6    -3.9     2.9     1.3     0.0     9.42 R    17.7    -6.3     0.7    98.6    45.8    83.6 -99.000 -99.000 -99.000 -99.000 -99.000 -9999.0 -9999.0 -9999.0 -9999.0 -9999.0
54810 20101102  2.404  -86.92   46.33    10.8    -4.7     3.1     2.8     0.0    10.82 R    18.3    -7.2     1.8    97.7    42.4    75.8 -99.000 -99.000 -99.000 -99.000 -99.000 -9999.0 -9999.0 -9999.0 -9999.0 -9999.0
54810 20101103  2.404  -86.92   46.33     9.7     3.4     6.6     6.3     1.9     4.34 R    14.3     3.3     5.9    92.3    63.1    77.7 -99.000 -99.000 -99.000 -99.000 -99.000 -9999.0 -9999.0 -9999.0 -9999.0 -9999.0
54810 20101104  2.404  -86.92   46.33     6.8     0.0     3.4     3.4     7.7     2.23 R     8.6    -0.4     3.1    94.7    55.9    75.9 -99.000 -99.000 -99.000 -99.000 -99.000 -9999.0 -9999.0 -9999.0 -9999.0 -9999.0
54810 20101105  2.404  -86.92   46.33     0.4    -2.4    -1.0    -0.7     0.6     2.10 R     3.6    -2.9    -0.8    84.2    52.8    63.3 -99.000 -99.000 -99.000 -99.000 -99.000 -9999.0 -9999.0 -9999.0 -9999.0 -9999.0
54810 20101106  2.404  -86.92   46.33     7.7    -4.3     1.7     2.1     0.0     8.96 R    13.4    -7.0     1.9    81.9    35.2    56.7 -99.000 -99.000 -99.000 -99.000 -99.000 -9999.0 -9999.0 -9999.0 -9999.0 -9999.0
54810 20101107  2.404  -86.92   46.33    11.8    -2.0     4.9     3.9     0.0     9.38 R    17.5    -4.6     2.6    97.7    36.2    62.0 -99.000 -99.000 -99.000 -99.000 -99.000 -9999.0 -9999.0 -9999.0 -9999.0 -9999.0
54810 20101108  2.404  -86.92   46.33    13.8    -3.3     5.3     4.6     0.0     7.06 R    17.9    -5.2     3.7   100.0    41.6    84.1 -99.000 -99.000 -99.000 -99.000 -99.000 -9999.0 -9999.0 -9999.0 -9999.0 -9999.0
54810 20101109  2.404  -86.92   46.33    13.9     3.5     8.7     7.4     0.0     8.60 R    19.1     0.4     6.2    95.1    52.0    80.1 -99.000 -99.000 -99.000 -99.000 -99.000 -9999.0 -9999.0 -9999.0 -9999.0 -9999.0
54810 20101110  2.404  -86.92   46.33    13.5     3.1     8.3     7.7     0.0     7.55 R    17.3     0.1     6.5    94.4    46.9    78.4 -99.000 -99.000 -99.000 -99.000 -99.000 -9999.0 -9999.0 -9999.0 -9999.0 -9999.0
54810 20101111  2.404  -86.92   46.33    15.9     2.4     9.2     8.7     0.0     5.67 R    20.1    -3.3     6.2    93.9    24.7    71.1 -99.000 -99.000 -99.000 -99.000 -99.000 -9999.0 -9999.0 -9999.0 -9999.0 -9999.0
54810 20101112  2.404  -86.92   46.33     5.0    -2.8     1.1     2.2     0.6     1.24 R     8.6    -5.8     0.9    96.1    61.7    81.0 -99.000 -99.000 -99.000 -99.000 -99.000 -9999.0 -9999.0 -9999.0 -9999.0 -9999.0
54810 20101113  2.404  -86.92   46.33     6.9     2.0     4.5     4.1     6.6     0.85 R    10.2     1.6     3.9    96.4    62.8    84.7 -99.000 -99.000 -99.000 -99.000 -99.000 -9999.0 -9999.0 -9999.0 -9999.0 -9999.0
54810 20101114  2.404  -86.92   46.33     7.3     0.3     3.8     3.1     3.4     1.67 R     9.3     0.4     3.5    96.7    82.6    92.3 -99.000 -99.000 -99.000 -99.000 -99.000 -9999.0 -9999.0 -9999.0 -9999.0 -9999.0
54810 20101115  2.404  -86.92   46.33     3.0    -2.6     0.2     0.5     0.5     5.71 R     8.0    -5.3     0.7    95.4    68.2    85.8 -99.000 -99.000 -99.000 -99.000 -99.000 -9999.0 -9999.0 -9999.0 -9999.0 -9999.0
54810 20101116  2.404  -86.92   46.33     8.6    -1.2     3.7     2.8     0.0     4.99 R    13.0    -2.4     2.9   100.0    67.1    88.9 -99.000 -99.000 -99.000 -99.000 -99.000 -9999.0 -9999.0 -9999.0 -9999.0 -9999.0
54810 20101117  2.404  -86.92   46.33     6.2     0.6     3.4     3.1     4.8     4.17 R    10.8    -0.4     3.0   100.0    63.0    89.2 -99.000 -99.000 -99.000 -99.000 -99.000 -9999.0 -9999.0 -9999.0 -9999.0 -9999.0
54810 20101118  2.404  -86.92   46.33     0.9    -4.8    -1.9    -2.3     6.9     2.72 R     1.2    -7.7    -2.8    96.5    62.2    81.9 -99.000 -99.000 -99.000 -99.000 -99.000 -9999.0 -9999.0 -9999.0 -9999.0 -9999.0
54810 20101119  2.404  -86.92   46.33     2.4    -4.5    -1.0    -0.7     0.0     1.00 R     3.8    -7.1    -2.2    91.0    47.9    78.6 -99.000 -99.000 -99.000 -99.000 -99.000 -9999.0 -9999.0 -9999.0 -9999.0 -9999.0
54810 20101120  2.404  -86.92   46.33    -2.1    -5.2    -3.7    -4.1     1.6     3.29 R    -0.1    -6.8    -4.7    89.3    52.7    71.4 -99.000 -99.000 -99.000 -99.000 -99.000 -9999.0 -9999.0 -9999.0 -9999.0 -9999.0
54810 20101121  2.404  -86.92   46.33     5.2    -5.2     0.0     0.2     3.6     0.56 R     5.2    -5.7    -0.8    98.9    74.4    88.1 -99.000 -99.000 -99.000 -99.000 -99.000 -9999.0 -9999.0 -9999.0 -9999.0 -9999.0
54810 20101122  2.404  -86.92   46.33     5.2     2.4     3.8     3.5     4.6     0.59 R     6.1     2.3     3.5    99.2    89.3    94.8 -99.000 -99.000 -99.000 -99.000 -99.000 -9999.0 -9999.0 -9999.0 -9999.0 -9999.0
54810 20101123  2.404  -86.92   46.33     3.1    -4.8    -0.8    -2.2     1.1     3.21 R     5.0    -4.5    -2.1    96.8    62.2    80.9 -99.000 -99.000 -99.000 -99.000 -99.000 -9999.0 -9999.0 -9999.0 -9999.0 -9999.0
54810 20101124  2.404  -86.92   46.33     0.8    -3.5    -1.3    -1.4     0.2     2.15 R     2.5    -3.6    -1.7    87.5    70.4    77.2 -99.000 -99.000 -99.000 -99.000 -99.000 -9999.0 -9999.0 -9999.0 -9999.0 -9999.0
54810 20101125  2.404  -86.92   46.33     2.5   -12.1    -4.8    -1.4     9.9     0.67 R     5.1   -13.3    -2.0    98.4    50.0    85.4 -99.000 -99.000 -99.000 -99.000 -99.000 -9999.0 -9999.0 -9999.0 -9999.0 -9999.0
54810 20101126  2.404  -86.92   46.33    -2.4   -13.2    -7.8    -7.3     0.7     2.91 R    -0.6   -15.5    -7.8    86.2    55.4    74.1 -99.000 -99.000 -99.000 -99.000 -99.000 -9999.0 -9999.0 -9999.0 -9999.0 -9999.0
54810 20101127  2.404  -86.92   46.33    -0.3    -2.9    -1.6    -2.0     8.4     3.65 R     1.0    -3.7    -2.4    94.1    66.4    80.2 -99.000 -99.000 -99.000 -99.000 -99.000 -9999.0 -9999.0 -9999.0 -9999.0 -9999.0
54810 20101128  2.404  -86.92   46.33     3.5    -7.0    -1.7    -1.5     0.0     4.19 R     4.2   -12.9    -4.0    90.4    59.7    76.8 -99.000 -99.000 -99.000 -99.000 -99.000 -9999.0 -9999.0 -9999.0 -9999.0 -9999.0
54810 20101129  2.404  -86.92   46.33     5.3     1.9     3.6     3.5     1.8     3.10 R     4.8    -1.1     0.9    93.2    71.7    81.2 -99.000 -99.000 -99.000 -99.000 -99.000 -9999.0 -9999.0 -9999.0 -9999.0 -9999.0
54810 20101130  2.404  -86.92   46.33     7.3     0.1     3.7     4.8    19.7     0.86 R     9.1     0.3     4.1    98.0    87.4    94.5 -99.000 -99.000 -99.000 -99.000 -99.000 -9999.0 -9999.0 -9999.0 -9999.0 -9999.0
54810 20101201  2.404  -86.92   46.33     0.1    -3.5    -1.7    -2.5     3.8     1.12 R     0.6    -5.0    -2.4    96.1    74.5    82.4 -99.000 -99.000 -99.000 -99.000 -99.000 -9999.0 -9999.0 -9999.0 -9999.0 -9999.0
54810 20101202  2.404  -86.92   46.33    -3.0    -5.5    -4.2    -4.3     0.5     2.37 R    -0.7    -8.2    -5.0    84.2    62.9    71.2 -99.000 -99.000 -99.000 -99.000 -99.000 -9999.0 -9999.0 -9999.0 -9999.0 -9999.0
54810 20101203  2.404  -86.92   46.33    -3.0    -5.2    -4.1    -4.4     0.6     2.44 R     0.2    -5.6    -4.5    87.3    71.0    80.1 -99.000 -99.000 -99.000 -99.000 -99.000 -9999.0 -9999.0 -9999.0 -9999.0 -9999.0
54810 20101204  2.404  -86.92   46.33    -2.4    -4.8    -3.6    -3.6     1.3     2.33 R     0.0    -6.0    -4.3    93.1    53.0    73.4 -99.000 -99.000 -99.000 -99.000 -99.000 -9999.0 -9999.0 -9999.0 -9999.0 -9999.0
54810 20101205  2.404  -86.92   46.33    -3.0    -6.1    -4.6    -4.7    10.5     1.65 R    -0.9    -7.7    -5.3    91.7    61.7    76.4 -99.000 -99.000 -99.000 -99.000 -99.000 -9999.0 -9999.0 -9999.0 -9999.0 -9999.0
54810 20101206  2.404  -86.92   46.33    -5.5    -8.4    -6.9    -6.8    10.1     2.60 R    -2.9   -10.5    -7.3    91.7    60.7    79.1 -99.000 -99.000 -99.000 -99.000 -99.000 -9999.0 -9999.0 -9999.0 -9999.0 -9999.0
54810 20101207  2.404  -86.92   46.33    -6.6    -8.5    -7.6    -7.8    10.4     2.84 R    -4.2   -11.6    -8.2    89.2    62.5    80.3 -99.000 -99.000 -99.000 -99.000 -99.000 -9999.0 -9999.0 -9999.0 -9999.0 -9999.0
54810 20101208  2.404  -86.92   46.33    -6.9   -11.0    -8.9    -8.5     4.9     3.83 R    -4.3   -12.5    -9.2    88.8    57.8    75.5 -99.000 -99.000 -99.000 -99.000 -99.000 -9999.0 -9999.0 -9999.0 -9999.0 -9999.0
54810 20101209  2.404  -86.92   46.33    -2.0   -17.2    -9.6    -8.3     3.4     2.47 R    -0.1   -22.0    -9.5    92.8    69.8    82.0 -99.000 -99.000 -99.000 -99.000 -99.000 -9999.0 -9999.0 -9999.0 -9999.0 -9999.0
54810 20101210  2.404  -86.92   46.33    -2.7    -6.3    -4.5    -4.3     1.3     1.22 R    -0.7    -7.4    -4.9    92.8    62.5    79.1 -99.000 -99.000 -99.000 -99.000 -99.000 -9999.0 -9999.0 -9999.0 -9999.0 -9999.0
54810 20101211  2.404  -86.92   46.33    -3.5    -6.6    -5.1    -5.0     9.0     1.34 R    -1.0    -7.2    -5.3    92.1    73.7    84.6 -99.000 -99.000 -99.000 -99.000 -99.000 -9999.0 -9999.0 -9999.0 -9999.0 -9999.0
54810 20101212  2.404  -86.92   46.33    -4.2   -11.7    -8.0    -8.0    12.4     2.53 R    -1.5   -11.8    -8.0    92.0    68.2    81.3 -99.000 -99.000 -99.000 -99.000 -99.000 -9999.0 -9999.0 -9999.0 -9999.0 -9999.0
54810 20101213  2.404  -86.92   46.33    -8.6   -12.4   -10.5   -10.6     3.2     3.07 R    -5.6   -13.7   -11.0    85.9    63.2    74.4 -99.000 -99.000 -99.000 -99.000 -99.000 -9999.0 -9999.0 -9999.0 -9999.0 -9999.0
54810 20101214  2.404  -86.92   46.33    -6.6    -9.5    -8.1    -8.1     0.9     3.69 R    -3.6   -11.2    -8.8    84.8    59.1    72.4 -99.000 -99.000 -99.000 -99.000 -99.000 -9999.0 -9999.0 -9999.0 -9999.0 -9999.0
54810 20101215  2.404  -86.92   46.33    -4.9    -9.7    -7.3    -7.3     0.0     4.46 R    -1.5   -17.0    -9.1    82.6    61.6    72.7 -99.000 -99.000 -99.000 -99.000 -99.000 -9999.0 -9999.0 -9999.0 -9999.0 -9999.0
54810 20101216  2.404  -86.92   46.33    -3.2    -8.3    -5.8    -5.4     0.8     1.34 R     0.2   -13.1    -6.1    87.3    70.9    79.8 -99.000 -99.000 -99.000 -99.000 -99.000 -9999.0 -9999.0 -9999.0 -9999.0 -9999.0
54810 20101217  2.404  -86.92   46.33    -4.1    -8.3    -6.2    -5.6     0.0     3.61 R    -0.9   -11.6    -6.5    86.6    66.4    75.5 -99.000 -99.000 -99.000 -99.000 -99.000 -9999.0 -9999.0 -9999.0 -9999.0 -9999.0
54810 20101218  2.404  -86.92   46.33    -7.4   -10.7    -9.1    -8.7     0.0     2.06 R    -3.6   -12.3    -9.0    80.9    68.2    74.1 -99.000 -99.000 -99.000 -99.000 -99.000 -9999.0 -9999.0 -9999.0 -9999.0 -9999.0
54810 20101219  2.404  -86.92   46.33    -3.5   -11.8    -7.6    -7.4     0.2     2.10 R    -0.2   -16.6    -8.4    95.6    75.2    84.0 -99.000 -99.000 -99.000 -99.000 -99.000 -9999.0 -9999.0 -9999.0 -9999.0 -9999.0
54810 20101220  2.404  -86.92   46.33    -2.6   -19.4   -11.0   -11.6     0.0     5.54 R    -2.9   -23.5   -15.7    94.4    72.2    85.5 -99.000 -99.000 -99.000 -99.000 -99.000 -9999.0 -9999.0 -9999.0 -9999.0 -9999.0
54810 20101221  2.404  -86.92   46.33    -0.6   -12.3    -6.5    -4.2     2.5     1.84 R    -0.1   -12.1    -4.6    94.8    76.3    88.9 -99.000 -99.000 -99.000 -99.000 -99.000 -9999.0 -9999.0 -9999.0 -9999.0 -9999.0
54810 20101222  2.404  -86.92   46.33    -0.6   -12.2    -6.4    -3.6     1.0     1.80 R     0.4   -17.8    -5.4    96.3    72.6    83.0 -99.000 -99.000 -99.000 -99.000 -99.000 -9999.0 -9999.0 -9999.0 -9999.0 -9999.0
54810 20101223  2.404  -86.92   46.33    -1.5    -3.3    -2.4    -2.6     2.8     3.04 R    -0.4    -5.8    -3.1    94.7    73.3    85.9 -99.000 -99.000 -99.000 -99.000 -99.000 -9999.0 -9999.0 -9999.0 -9999.0 -9999.0
54810 20101224  2.404  -86.92   46.33    -1.1    -5.1    -3.1    -2.7     1.8     3.26 R     0.0    -7.8    -3.8    96.0    77.9    91.2 -99.000 -99.000 -99.000 -99.000 -99.000 -9999.0 -9999.0 -9999.0 -9999.0 -9999.0
54810 20101225  2.404  -86.92   46.33    -1.8    -4.2    -3.0    -2.9     5.7     1.15 R    -0.7    -9.4    -4.0    96.5    64.7    82.9 -99.000 -99.000 -99.000 -99.000 -99.000 -9999.0 -9999.0 -9999.0 -9999.0 -9999.0
54810 20101226  2.404  -86.92   46.33    -3.5    -4.8    -4.1    -4.1     0.0     2.24 R    -2.0    -6.0    -4.6    91.5    72.2    79.8 -99.000 -99.000 -99.000 -99.000 -99.000 -9999.0 -9999.0 -9999.0 -9999.0 -9999.0
54810 20101227  2.404  -86.92   46.33    -2.9    -9.2    -6.0    -6.1     0.0     5.11 R    -2.5   -15.2    -9.3    92.2    59.7    79.3 -99.000 -99.000 -99.000 -99.000 -99.000 -9999.0 -9999.0 -9999.0 -9999.0 -9999.0
54810 20101228  2.404  -86.92   46.33    -1.4   -13.9    -7.7    -8.0     0.0     6.31 R    -1.9   -19.9   -13.4    93.5    62.6    80.4 -99.000 -99.000 -99.000 -99.000 -99.000 -9999.0 -9999.0 -9999.0 -9999.0 -9999.0
54810 20101229  2.404  -86.92   46.33     1.9   -13.9    -6.0    -3.6     0.0     5.79 R     3.9   -19.7    -6.1    93.6    58.4    80.2 -99.000 -99.000 -99.000 -99.000 -99.000 -9999.0 -9999.0 -9999.0 -9999.0 -9999.0
54810 20101230  2.404  -86.92   46.33     4.1     1.0     2.6     2.7     4.9     1.07 R     6.5     0.3     0.9    98.2    88.0    96.1 -99.000 -99.000 -99.000 -99.000 -99.000 -9999.0 -9999.0 -9999.0 -9999.0 -9999.0
54810 20101231  2.404  -86.92   46.33     4.9    -0.4     2.3     2.6     1.0     2.33 R     3.7     0.0     1.2    99.1    75.4    94.8 -99.000 -99.000 -99.000 -99.000 -99.000 -9999.0 -9999.0 -9999.0 -9999.0 -9999.0
