53149 20140101  2.424 -111.29   38.30     9.9    -2.6     3.6     3.8     0.0    10.94 C    11.1    -7.5    -1.9    66.3    20.2    37.9 -99.000 -99.000 -99.000 -99.000 -99.000 -9999.0 -9999.0 -9999.0 -9999.0 -9999.0
53149 20140102  2.424 -111.29   38.30     2.8    -4.4    -0.8    -1.1     0.0    10.51 C     8.1    -8.1    -3.5    75.5    29.3    49.2 -99.000 -99.000 -99.000 -99.000 -99.000 -9999.0 -9999.0 -9999.0 -9999.0 -9999.0
53149 20140103  2.424 -111.29   38.30     2.8    -6.0    -1.6    -1.9     0.0    10.82 C     6.6   -10.2    -4.8    75.0    40.2    60.0 -99.000 -99.000 -99.000 -99.000 -99.000 -9999.0 -9999.0 -9999.0 -9999.0 -9999.0
53149 20140104  2.424 -111.29   38.30     4.6    -5.9    -0.7    -0.6     0.0    11.57 C     5.7   -10.9    -4.5    63.7    12.4    35.2 -99.000 -99.000 -99.000 -99.000 -99.000 -9999.0 -9999.0 -9999.0 -9999.0 -9999.0
53149 20140105  2.424 -111.29   38.30     1.8    -6.4    -2.3    -3.2     0.0    11.30 C     5.8   -12.6    -6.5    32.1    15.1    25.1 -99.000 -99.000 -99.000 -99.000 -99.000 -9999.0 -9999.0 -9999.0 -9999.0 -9999.0
53149 20140106  2.424 -111.29   38.30    -1.6    -8.0    -4.8    -4.8     0.0    11.12 C     4.5   -11.9    -6.9    58.5    21.3    38.7 -99.000 -99.000 -99.000 -99.000 -99.000 -9999.0 -9999.0 -9999.0 -9999.0 -9999.0
53149 20140107  2.424 -111.29   38.30    -1.1    -7.9    -4.5    -5.4     0.0     9.68 C     4.9   -10.9    -6.6    63.4    38.2    53.4 -99.000 -99.000 -99.000 -99.000 -99.000 -9999.0 -9999.0 -9999.0 -9999.0 -9999.0
53149 20140108  2.424 -111.29   38.30     1.6    -7.8    -3.1    -3.0     0.0     9.10 C     6.7   -11.2    -4.6    66.9    39.2    54.6 -99.000 -99.000 -99.000 -99.000 -99.000 -9999.0 -9999.0 -9999.0 -9999.0 -9999.0
53149 20140109  2.424 -111.29   38.30     6.3    -4.7     0.8    -0.2     0.0     7.63 C     7.4    -9.2    -3.1    73.4    32.9    55.7 -99.000 -99.000 -99.000 -99.000 -99.000 -9999.0 -9999.0 -9999.0 -9999.0 -9999.0
53149 20140110  2.424 -111.29   38.30     8.7     0.8     4.8     4.3     0.0    11.06 C     9.8    -4.5     0.0    55.2    23.5    41.4 -99.000 -99.000 -99.000 -99.000 -99.000 -9999.0 -9999.0 -9999.0 -9999.0 -9999.0
53149 20140111  2.424 -111.29   38.30     8.3     0.5     4.4     3.7     0.0     9.07 C    11.4    -4.7     0.1    65.4    30.7    52.0 -99.000 -99.000 -99.000 -99.000 -99.000 -9999.0 -9999.0 -9999.0 -9999.0 -9999.0
53149 20140112  2.424 -111.29   38.30     7.8    -1.3     3.3     1.9     0.2    11.57 C     7.3    -6.4    -1.1    82.0    23.8    39.0 -99.000 -99.000 -99.000 -99.000 -99.000 -9999.0 -9999.0 -9999.0 -9999.0 -9999.0
53149 20140113  2.424 -111.29   38.30     8.5    -1.2     3.6     2.7     0.0    11.59 C    10.0    -6.0    -1.4    49.4    25.7    37.8 -99.000 -99.000 -99.000 -99.000 -99.000 -9999.0 -9999.0 -9999.0 -9999.0 -9999.0
53149 20140114  2.424 -111.29   38.30     9.8     1.9     5.9     4.7     0.0    11.62 C    11.9    -4.8     0.1    40.2    21.2    31.1 -99.000 -99.000 -99.000 -99.000 -99.000 -9999.0 -9999.0 -9999.0 -9999.0 -9999.0
53149 20140115  2.424 -111.29   38.30    12.3     1.4     6.9     5.4     0.0    11.90 C    14.2    -4.9     0.6    43.4    10.6    27.0 -99.000 -99.000 -99.000 -99.000 -99.000 -9999.0 -9999.0 -9999.0 -9999.0 -9999.0
53149 20140116  2.424 -111.29   38.30    12.5     0.4     6.5     5.4     0.0    11.91 C    14.1    -5.4     0.4    31.4    10.4    21.2 -99.000 -99.000 -99.000 -99.000 -99.000 -9999.0 -9999.0 -9999.0 -9999.0 -9999.0
53149 20140117  2.424 -111.29   38.30     9.9     0.6     5.2     4.6     0.0    11.98 C    13.0    -5.2     0.1    44.1    11.4    24.5 -99.000 -99.000 -99.000 -99.000 -99.000 -9999.0 -9999.0 -9999.0 -9999.0 -9999.0
53149 20140118  2.424 -111.29   38.30     7.1    -0.7     3.2     3.2     0.0    12.09 C    12.6    -6.2    -0.6    46.6    19.4    29.8 -99.000 -99.000 -99.000 -99.000 -99.000 -9999.0 -9999.0 -9999.0 -9999.0 -9999.0
53149 20140119  2.424 -111.29   38.30     6.2    -4.0     1.1     1.1     0.0    12.26 C    10.8    -7.0    -1.9    55.3    29.2    44.3 -99.000 -99.000 -99.000 -99.000 -99.000 -9999.0 -9999.0 -9999.0 -9999.0 -9999.0
53149 20140120  2.424 -111.29   38.30     7.7    -4.0     1.8     1.6     0.0    12.43 C    11.3    -7.5    -1.9    55.7    22.8    41.2 -99.000 -99.000 -99.000 -99.000 -99.000 -9999.0 -9999.0 -9999.0 -9999.0 -9999.0
53149 20140121  2.424 -111.29   38.30     5.4    -5.3     0.0    -0.1     0.0    12.40 C     9.9    -8.6    -2.7    58.8    20.6    42.1 -99.000 -99.000 -99.000 -99.000 -99.000 -9999.0 -9999.0 -9999.0 -9999.0 -9999.0
53149 20140122  2.424 -111.29   38.30     4.7    -5.6    -0.5    -0.5     0.0    12.08 C     9.7    -8.8    -3.4    57.5    31.4    44.9 -99.000 -99.000 -99.000 -99.000 -99.000 -9999.0 -9999.0 -9999.0 -9999.0 -9999.0
53149 20140123  2.424 -111.29   38.30     3.9    -6.1    -1.1    -0.3     0.0    12.63 C    10.6    -9.5    -3.1    50.7    23.6    38.7 -99.000 -99.000 -99.000 -99.000 -99.000 -9999.0 -9999.0 -9999.0 -9999.0 -9999.0
53149 20140124  2.424 -111.29   38.30     3.5    -9.0    -2.8    -3.0     0.0    12.42 C     9.1   -11.6    -5.1    43.6    14.4    29.3 -99.000 -99.000 -99.000 -99.000 -99.000 -9999.0 -9999.0 -9999.0 -9999.0 -9999.0
53149 20140125  2.424 -111.29   38.30     5.2    -7.3    -1.1     0.0     0.0    11.97 C    11.4   -10.2    -2.8    40.2    12.1    25.6 -99.000 -99.000 -99.000 -99.000 -99.000 -9999.0 -9999.0 -9999.0 -9999.0 -9999.0
53149 20140126  2.424 -111.29   38.30     9.4     2.2     5.8     5.2     0.0    13.19 C    14.5    -3.9     1.2    30.0    10.1    21.0 -99.000 -99.000 -99.000 -99.000 -99.000 -9999.0 -9999.0 -9999.0 -9999.0 -9999.0
53149 20140127  2.424 -111.29   38.30    11.3     0.8     6.0     5.8     0.0    12.73 C    17.7    -4.6     2.2    33.3    12.0    24.3 -99.000 -99.000 -99.000 -99.000 -99.000 -9999.0 -9999.0 -9999.0 -9999.0 -9999.0
53149 20140128  2.424 -111.29   38.30     5.5     0.0     2.8     3.0     0.0    12.32 C    12.2    -5.3     1.1    47.3    13.7    32.3 -99.000 -99.000 -99.000 -99.000 -99.000 -9999.0 -9999.0 -9999.0 -9999.0 -9999.0
53149 20140129  2.424 -111.29   38.30    11.1    -1.9     4.6     1.8     0.0    10.30 C    13.6    -6.7     0.7    49.3    18.2    33.4 -99.000 -99.000 -99.000 -99.000 -99.000 -9999.0 -9999.0 -9999.0 -9999.0 -9999.0
53149 20140130  2.424 -111.29   38.30    11.5    -2.4     4.5     4.1     5.2     3.87 C     9.2   -10.4     3.6    99.0    39.8    62.8 -99.000 -99.000 -99.000 -99.000 -99.000 -9999.0 -9999.0 -9999.0 -9999.0 -9999.0
53149 20140131  2.424 -111.29   38.30     2.4    -4.2    -0.9    -1.9     1.9     8.17 C     1.4   -11.0    -3.2    97.8    56.9    82.8 -99.000 -99.000 -99.000 -99.000 -99.000 -9999.0 -9999.0 -9999.0 -9999.0 -9999.0
53149 20140201  2.424 -111.29   38.30    -0.3    -8.0    -4.2    -4.3     0.0    14.21 C     3.5   -10.1    -4.9    66.7    38.6    54.1 -99.000 -99.000 -99.000 -99.000 -99.000 -9999.0 -9999.0 -9999.0 -9999.0 -9999.0
53149 20140202  2.424 -111.29   38.30    -2.6   -12.3    -7.5    -7.0     0.0    12.17 C     4.0   -13.4    -6.3    77.4    44.1    59.0 -99.000 -99.000 -99.000 -99.000 -99.000 -9999.0 -9999.0 -9999.0 -9999.0 -9999.0
53149 20140203  2.424 -111.29   38.30    -0.8    -7.5    -4.2    -4.5     0.0    11.81 C     6.2    -8.8    -3.9    84.5    58.6    72.0 -99.000 -99.000 -99.000 -99.000 -99.000 -9999.0 -9999.0 -9999.0 -9999.0 -9999.0
53149 20140204  2.424 -111.29   38.30     0.0    -7.3    -3.7    -3.9     0.0    13.10 C     9.0   -10.1    -4.6    79.7    36.5    53.0 -99.000 -99.000 -99.000 -99.000 -99.000 -9999.0 -9999.0 -9999.0 -9999.0 -9999.0
53149 20140205  2.424 -111.29   38.30    -1.2   -10.6    -5.9    -6.5     0.0    13.68 C     7.9   -11.9    -5.2    72.6    40.3    56.6 -99.000 -99.000 -99.000 -99.000 -99.000 -9999.0 -9999.0 -9999.0 -9999.0 -9999.0
53149 20140206  2.424 -111.29   38.30     1.1    -8.8    -3.8    -3.7     0.0    10.47 C     9.2   -11.5    -3.9    73.4    43.8    60.0 -99.000 -99.000 -99.000 -99.000 -99.000 -9999.0 -9999.0 -9999.0 -9999.0 -9999.0
53149 20140207  2.424 -111.29   38.30     6.2    -4.7     0.8     1.3     0.0    12.82 C    12.5    -8.4    -1.1    77.9    26.2    48.5 -99.000 -99.000 -99.000 -99.000 -99.000 -9999.0 -9999.0 -9999.0 -9999.0 -9999.0
53149 20140208  2.424 -111.29   38.30    11.9     1.9     6.9     6.8     0.0    14.19 C    22.4    -4.2     4.6    59.3    30.1    45.2 -99.000 -99.000 -99.000 -99.000 -99.000 -9999.0 -9999.0 -9999.0 -9999.0 -9999.0
53149 20140209  2.424 -111.29   38.30    13.2     3.4     8.3     7.8     0.0    11.36 C    18.8    -2.2     4.6    77.0    37.3    58.7 -99.000 -99.000 -99.000 -99.000 -99.000 -9999.0 -9999.0 -9999.0 -9999.0 -9999.0
53149 20140210  2.424 -111.29   38.30    10.0     1.4     5.7     5.3     0.4    10.85 C    16.7    -3.7     3.1    85.3    27.9    56.6 -99.000 -99.000 -99.000 -99.000 -99.000 -9999.0 -9999.0 -9999.0 -9999.0 -9999.0
53149 20140211  2.424 -111.29   38.30     6.9    -1.5     2.7     2.6     0.0    14.49 C    17.5    -5.3     1.8    57.7    31.1    46.4 -99.000 -99.000 -99.000 -99.000 -99.000 -9999.0 -9999.0 -9999.0 -9999.0 -9999.0
53149 20140212  2.424 -111.29   38.30    13.3    -1.5     5.9     5.9     0.0    12.40 C    22.9    -5.5     3.8    56.8    25.1    39.4 -99.000 -99.000 -99.000 -99.000 -99.000 -9999.0 -9999.0 -9999.0 -9999.0 -9999.0
53149 20140213  2.424 -111.29   38.30    15.9     3.8     9.9    11.0     0.0    16.31 C    25.6    -2.4     7.6    48.9    23.5    31.4 -99.000 -99.000 -99.000 -99.000 -99.000 -9999.0 -9999.0 -9999.0 -9999.0 -9999.0
53149 20140214  2.424 -111.29   38.30    16.3     4.7    10.5    11.1     0.0    13.23 C    25.0    -1.0     8.3    59.3    23.0    36.8 -99.000 -99.000 -99.000 -99.000 -99.000 -9999.0 -9999.0 -9999.0 -9999.0 -9999.0
53149 20140215  2.424 -111.29   38.30    16.9     7.5    12.2    11.8     0.0     7.29 C    17.8     1.9     7.1    38.7    13.5    24.0 -99.000 -99.000 -99.000 -99.000 -99.000 -9999.0 -9999.0 -9999.0 -9999.0 -9999.0
53149 20140216  2.424 -111.29   38.30    16.2     5.5    10.8    10.6     0.0    14.08 C    22.8    -1.2     7.3    35.7    11.5    22.0 -99.000 -99.000 -99.000 -99.000 -99.000 -9999.0 -9999.0 -9999.0 -9999.0 -9999.0
53149 20140217  2.424 -111.29   38.30    11.1    -0.9     5.1     6.1     0.0    13.92 C    23.0    -4.8     4.5    40.8    18.1    26.2 -99.000 -99.000 -99.000 -99.000 -99.000 -9999.0 -9999.0 -9999.0 -9999.0 -9999.0
53149 20140218  2.424 -111.29   38.30    15.8     6.5    11.1    10.1     0.0    14.05 C    26.8    -0.5     8.3    28.7     5.6    20.3 -99.000 -99.000 -99.000 -99.000 -99.000 -9999.0 -9999.0 -9999.0 -9999.0 -9999.0
53149 20140219  2.424 -111.29   38.30    13.1    -2.4     5.3     4.2     0.0    10.70 C    19.7    -6.8     2.9    70.6    18.2    37.1 -99.000 -99.000 -99.000 -99.000 -99.000 -9999.0 -9999.0 -9999.0 -9999.0 -9999.0
53149 20140220  2.424 -111.29   38.30     5.5    -4.2     0.7     0.1     0.0    17.57 C    18.7    -7.8     0.4    39.1    18.4    28.9 -99.000 -99.000 -99.000 -99.000 -99.000 -9999.0 -9999.0 -9999.0 -9999.0 -9999.0
53149 20140221  2.424 -111.29   38.30    10.5    -0.3     5.1     4.6     0.0    15.44 C    21.6    -5.3     3.6    43.2    20.8    30.0 -99.000 -99.000 -99.000 -99.000 -99.000 -9999.0 -9999.0 -9999.0 -9999.0 -9999.0
53149 20140222  2.424 -111.29   38.30    12.1     0.0     6.0     6.2     0.0    17.23 C    23.1    -5.8     4.4    48.2    12.7    28.9 -99.000 -99.000 -99.000 -99.000 -99.000 -9999.0 -9999.0 -9999.0 -9999.0 -9999.0
53149 20140223  2.424 -111.29   38.30    14.5     0.1     7.3     7.1     0.0    17.77 C    25.0    -4.7     5.2    36.8     9.1    23.5 -99.000 -99.000 -99.000 -99.000 -99.000 -9999.0 -9999.0 -9999.0 -9999.0 -9999.0
53149 20140224  2.424 -111.29   38.30    15.1     1.8     8.4     8.4     0.0    18.48 C    26.8    -3.6     7.0    36.8    10.3    22.3 -99.000 -99.000 -99.000 -99.000 -99.000 -9999.0 -9999.0 -9999.0 -9999.0 -9999.0
53149 20140225  2.424 -111.29   38.30    15.5     0.3     7.9     8.1     0.0    18.61 C    29.6    -3.7     7.5    45.5    12.4    27.6 -99.000 -99.000 -99.000 -99.000 -99.000 -9999.0 -9999.0 -9999.0 -9999.0 -9999.0
53149 20140226  2.424 -111.29   38.30    14.8     0.2     7.5     8.5     0.0    18.78 C    27.5    -3.0     8.2    47.5    16.6    28.3 -99.000 -99.000 -99.000 -99.000 -99.000 -9999.0 -9999.0 -9999.0 -9999.0 -9999.0
53149 20140227  2.424 -111.29   38.30    10.4     2.9     6.7     6.3     2.0     8.67 C    15.4    -3.0     4.4    90.6    32.6    53.6 -99.000 -99.000 -99.000 -99.000 -99.000 -9999.0 -9999.0 -9999.0 -9999.0 -9999.0
53149 20140228  2.424 -111.29   38.30     8.7    -0.1     4.3     4.4     1.2     8.37 C    17.5    -4.5     3.7    90.8    42.8    60.1 -99.000 -99.000 -99.000 -99.000 -99.000 -9999.0 -9999.0 -9999.0 -9999.0 -9999.0
53149 20140301  2.424 -111.29   38.30     9.8     1.6     5.7     5.3     0.9    15.62 C    18.5    -2.4     4.0    95.5    28.1    55.4 -99.000 -99.000 -99.000 -99.000 -99.000 -9999.0 -9999.0 -9999.0 -9999.0 -9999.0
53149 20140302  2.424 -111.29   38.30    11.3    -0.6     5.3     5.7     0.0    20.17 C    27.9    -4.5     6.7    68.4    20.3    45.6 -99.000 -99.000 -99.000 -99.000 -99.000 -9999.0 -9999.0 -9999.0 -9999.0 -9999.0
53149 20140303  2.424 -111.29   38.30    11.7     1.6     6.7     6.7     0.0    19.93 C    28.1    -2.7     7.6    64.2    30.2    46.2 -99.000 -99.000 -99.000 -99.000 -99.000 -9999.0 -9999.0 -9999.0 -9999.0 -9999.0
53149 20140304  2.424 -111.29   38.30    11.7     2.1     6.9     5.9     0.0    10.99 C    26.6    -1.9     4.9    65.6    29.9    50.6 -99.000 -99.000 -99.000 -99.000 -99.000 -9999.0 -9999.0 -9999.0 -9999.0 -9999.0
53149 20140305  2.424 -111.29   38.30    11.9    -1.7     5.1     5.1     0.0    19.56 C    25.6    -5.0     6.1    65.0    22.5    41.2 -99.000 -99.000 -99.000 -99.000 -99.000 -9999.0 -9999.0 -9999.0 -9999.0 -9999.0
53149 20140306  2.424 -111.29   38.30    12.9     0.7     6.8     7.0     0.0    12.26 C    28.6    -2.9     6.8    49.4    23.8    35.3 -99.000 -99.000 -99.000 -99.000 -99.000 -9999.0 -9999.0 -9999.0 -9999.0 -9999.0
53149 20140307  2.424 -111.29   38.30     9.2     0.3     4.7     5.1     0.8    12.54 C    21.8    -3.4     5.5    83.3    32.1    53.2 -99.000 -99.000 -99.000 -99.000 -99.000 -9999.0 -9999.0 -9999.0 -9999.0 -9999.0
53149 20140308  2.424 -111.29   38.30    10.4    -0.7     4.8     4.4     0.0    21.41 C    27.7    -3.5     7.2    59.1    15.5    36.4 -99.000 -99.000 -99.000 -99.000 -99.000 -9999.0 -9999.0 -9999.0 -9999.0 -9999.0
53149 20140309  2.424 -111.29   38.30    13.7    -2.4     5.6     6.0     0.0    20.78 C    28.7    -5.4     7.4    49.8    18.2    31.6 -99.000 -99.000 -99.000 -99.000 -99.000 -9999.0 -9999.0 -9999.0 -9999.0 -9999.0
53149 20140310  2.424 -111.29   38.30    19.1     1.6    10.4     8.4     0.0    12.06 C    26.2    -1.5     7.5    44.9     5.6    26.7 -99.000 -99.000 -99.000 -99.000 -99.000 -9999.0 -9999.0 -9999.0 -9999.0 -9999.0
53149 20140311  2.424 -111.29   38.30     6.8    -0.7     3.1     2.9     0.2    20.10 C    25.6    -3.9     5.8    80.5    23.2    41.0 -99.000 -99.000 -99.000 -99.000 -99.000 -9999.0 -9999.0 -9999.0 -9999.0 -9999.0
53149 20140312  2.424 -111.29   38.30     7.1    -2.0     2.5     2.1     0.0    22.32 C    25.5    -6.7     4.9    41.6    16.8    28.7 -99.000 -99.000 -99.000 -99.000 -99.000 -9999.0 -9999.0 -9999.0 -9999.0 -9999.0
53149 20140313  2.424 -111.29   38.30    10.3    -4.3     3.0     3.4     0.0    14.79 C    24.7    -6.5     5.0    52.5    19.2    34.7 -99.000 -99.000 -99.000 -99.000 -99.000 -9999.0 -9999.0 -9999.0 -9999.0 -9999.0
53149 20140314  2.424 -111.29   38.30    14.0     0.6     7.3     7.2     0.0    22.51 C    32.2    -3.7     9.0    53.6    10.0    27.0 -99.000 -99.000 -99.000 -99.000 -99.000 -9999.0 -9999.0 -9999.0 -9999.0 -9999.0
53149 20140315  2.424 -111.29   38.30    10.3     2.6     6.4     6.4     0.0    22.74 C    23.5    -2.5     6.9    58.2    10.4    24.0 -99.000 -99.000 -99.000 -99.000 -99.000 -9999.0 -9999.0 -9999.0 -9999.0 -9999.0
53149 20140316  2.424 -111.29   38.30    16.0     2.1     9.1     9.1     0.0    21.50 C    30.7    -2.3    10.2    24.0    12.6    17.9 -99.000 -99.000 -99.000 -99.000 -99.000 -9999.0 -9999.0 -9999.0 -9999.0 -9999.0
53149 20140317  2.424 -111.29   38.30    16.8    -1.4     7.7     9.2     0.0    20.59 C    28.5    -4.8     8.6    33.8     5.1    18.4 -99.000 -99.000 -99.000 -99.000 -99.000 -9999.0 -9999.0 -9999.0 -9999.0 -9999.0
53149 20140318  2.424 -111.29   38.30     6.6    -4.1     1.2     0.7     0.0    23.38 C    27.9    -7.4     4.9    43.3    14.0    27.3 -99.000 -99.000 -99.000 -99.000 -99.000 -9999.0 -9999.0 -9999.0 -9999.0 -9999.0
53149 20140319  2.424 -111.29   38.30     9.0    -5.0     2.0     1.8     0.0    23.57 C    26.6    -8.1     5.0    51.0    11.3    30.1 -99.000 -99.000 -99.000 -99.000 -99.000 -9999.0 -9999.0 -9999.0 -9999.0 -9999.0
53149 20140320  2.424 -111.29   38.30    13.6    -3.5     5.1     5.1     0.0    22.21 C    30.2    -7.5     7.1    33.5    10.0    20.9 -99.000 -99.000 -99.000 -99.000 -99.000 -9999.0 -9999.0 -9999.0 -9999.0 -9999.0
53149 20140321  2.424 -111.29   38.30    13.8     2.8     8.3     7.9     0.0    12.78 C    27.6     0.0     9.0    37.0    14.2    24.1 -99.000 -99.000 -99.000 -99.000 -99.000 -9999.0 -9999.0 -9999.0 -9999.0 -9999.0
53149 20140322  2.424 -111.29   38.30    11.7     1.1     6.4     6.6     0.0    12.72 C    30.4    -3.4     7.1    51.5    14.2    30.9 -99.000 -99.000 -99.000 -99.000 -99.000 -9999.0 -9999.0 -9999.0 -9999.0 -9999.0
53149 20140323  2.424 -111.29   38.30    15.7    -3.4     6.2     6.4     0.0    24.75 C    33.1    -6.8     8.3    34.1     6.5    19.8 -99.000 -99.000 -99.000 -99.000 -99.000 -9999.0 -9999.0 -9999.0 -9999.0 -9999.0
53149 20140324  2.424 -111.29   38.30    16.0    -0.1     7.9     8.4     0.0    24.18 C    35.6    -4.1    10.6    29.0     8.4    17.4 -99.000 -99.000 -99.000 -99.000 -99.000 -9999.0 -9999.0 -9999.0 -9999.0 -9999.0
53149 20140325  2.424 -111.29   38.30    18.2     0.8     9.5    10.0     0.0    24.37 C    33.1    -2.5    11.7    31.7     5.7    17.6 -99.000 -99.000 -99.000 -99.000 -99.000 -9999.0 -9999.0 -9999.0 -9999.0 -9999.0
53149 20140326  2.424 -111.29   38.30    12.9     2.8     7.8     7.6     0.0    11.62 C    27.6    -0.8     7.3    63.4    15.9    36.3 -99.000 -99.000 -99.000 -99.000 -99.000 -9999.0 -9999.0 -9999.0 -9999.0 -9999.0
53149 20140327  2.424 -111.29   38.30    10.8     0.5     5.7     5.3     0.0    21.03 C    28.1    -2.5     8.1    81.1    17.8    45.0 -99.000 -99.000 -99.000 -99.000 -99.000 -9999.0 -9999.0 -9999.0 -9999.0 -9999.0
53149 20140328  2.424 -111.29   38.30    13.6     0.6     7.1     6.3     0.0    24.99 C    35.1    -3.3    10.5    66.7    14.3    38.9 -99.000 -99.000 -99.000 -99.000 -99.000 -9999.0 -9999.0 -9999.0 -9999.0 -9999.0
53149 20140329  2.424 -111.29   38.30    17.4     0.2     8.8     9.4     0.0    20.43 C    30.5    -2.9    11.4    50.5    13.3    28.8 -99.000 -99.000 -99.000 -99.000 -99.000 -9999.0 -9999.0 -9999.0 -9999.0 -9999.0
53149 20140330  2.424 -111.29   38.30    12.6     0.8     6.7     7.2     0.2    14.97 C    23.3    -3.0     7.2    81.9    20.6    42.2 -99.000 -99.000 -99.000 -99.000 -99.000 -9999.0 -9999.0 -9999.0 -9999.0 -9999.0
53149 20140331  2.424 -111.29   38.30    10.3    -3.1     3.6     4.8     0.0    20.48 C    27.5    -5.8     8.1    62.2    19.3    37.4 -99.000 -99.000 -99.000 -99.000 -99.000 -9999.0 -9999.0 -9999.0 -9999.0 -9999.0
53149 20140401  2.424 -111.29   38.30    10.7     1.2     5.9     6.0     0.0    20.75 C    29.0    -1.7     8.6    60.3    16.3    35.0 -99.000 -99.000 -99.000 -99.000 -99.000 -9999.0 -9999.0 -9999.0 -9999.0 -9999.0
53149 20140402  2.424 -111.29   38.30     7.9    -0.7     3.6     2.4     0.5    16.61 C    31.4    -4.4     5.9    69.9    21.4    48.6 -99.000 -99.000 -99.000 -99.000 -99.000 -9999.0 -9999.0 -9999.0 -9999.0 -9999.0
53149 20140403  2.424 -111.29   38.30     9.3    -1.8     3.7     3.9     0.0    24.06 C    31.9    -5.7     8.2    64.2    16.2    35.2 -99.000 -99.000 -99.000 -99.000 -99.000 -9999.0 -9999.0 -9999.0 -9999.0 -9999.0
53149 20140404  2.424 -111.29   38.30     9.8    -1.1     4.4     5.2     0.0    14.26 C    24.3    -3.3     7.9    53.2    20.7    35.7 -99.000 -99.000 -99.000 -99.000 -99.000 -9999.0 -9999.0 -9999.0 -9999.0 -9999.0
53149 20140405  2.424 -111.29   38.30    11.5     2.5     7.0     5.8     0.0    17.27 C    33.3    -2.0     9.3    54.1    26.8    41.0 -99.000 -99.000 -99.000 -99.000 -99.000 -9999.0 -9999.0 -9999.0 -9999.0 -9999.0
53149 20140406  2.424 -111.29   38.30    12.2    -0.2     6.0     6.7     0.0    21.91 C    31.0    -3.8     8.6    57.7    21.4    36.0 -99.000 -99.000 -99.000 -99.000 -99.000 -9999.0 -9999.0 -9999.0 -9999.0 -9999.0
53149 20140407  2.424 -111.29   38.30    17.6     4.6    11.1    10.7     0.0    26.55 C    37.8    -0.9    13.6    46.8    12.3    29.9 -99.000 -99.000 -99.000 -99.000 -99.000 -9999.0 -9999.0 -9999.0 -9999.0 -9999.0
53149 20140408  2.424 -111.29   38.30    19.4     4.7    12.0    12.3     0.0    26.08 C    38.4     0.8    15.2    42.2    13.6    25.8 -99.000 -99.000 -99.000 -99.000 -99.000 -9999.0 -9999.0 -9999.0 -9999.0 -9999.0
53149 20140409  2.424 -111.29   38.30    22.6     5.3    14.0    14.4     0.0    19.57 C    33.6     1.7    14.0    37.0     6.2    18.4 -99.000 -99.000 -99.000 -99.000 -99.000 -9999.0 -9999.0 -9999.0 -9999.0 -9999.0
53149 20140410  2.424 -111.29   38.30    23.7     7.9    15.8    16.3     0.0    27.17 C    41.3     2.6    18.0    27.1     6.2    12.1 -99.000 -99.000 -99.000 -99.000 -99.000 -9999.0 -9999.0 -9999.0 -9999.0 -9999.0
53149 20140411  2.424 -111.29   38.30    22.8     4.8    13.8    14.9     0.0    20.46 C    36.9     1.7    16.4    36.0     5.3    17.0 -99.000 -99.000 -99.000 -99.000 -99.000 -9999.0 -9999.0 -9999.0 -9999.0 -9999.0
53149 20140412  2.424 -111.29   38.30    20.6    10.5    15.6    15.0     0.0    15.94 C    39.0     6.6    15.8    42.1    11.1    20.2 -99.000 -99.000 -99.000 -99.000 -99.000 -9999.0 -9999.0 -9999.0 -9999.0 -9999.0
53149 20140413  2.424 -111.29   38.30    11.7     1.7     6.7     7.2     1.3    22.51 C    25.2    -1.7     9.5    85.4    19.3    43.0 -99.000 -99.000 -99.000 -99.000 -99.000 -9999.0 -9999.0 -9999.0 -9999.0 -9999.0
53149 20140414  2.424 -111.29   38.30     8.6    -2.1     3.2     3.3     0.0    28.19 C    29.9    -4.9     9.0    56.8    18.8    34.9 -99.000 -99.000 -99.000 -99.000 -99.000 -9999.0 -9999.0 -9999.0 -9999.0 -9999.0
53149 20140415  2.424 -111.29   38.30    18.2    -0.9     8.6     8.3     0.0    23.93 C    33.8    -3.9    11.4    45.1     5.2    24.0 -99.000 -99.000 -99.000 -99.000 -99.000 -9999.0 -9999.0 -9999.0 -9999.0 -9999.0
53149 20140416  2.424 -111.29   38.30    12.5     6.3     9.4     9.4     0.0    13.19 C    29.5     1.1     9.9    41.7    17.3    29.8 -99.000 -99.000 -99.000 -99.000 -99.000 -9999.0 -9999.0 -9999.0 -9999.0 -9999.0
53149 20140417  2.424 -111.29   38.30    19.1     1.7    10.4    11.4     0.0    27.40 C    35.6    -1.2    14.8    49.9    19.0    30.5 -99.000 -99.000 -99.000 -99.000 -99.000 -9999.0 -9999.0 -9999.0 -9999.0 -9999.0
53149 20140418  2.424 -111.29   38.30    20.1     7.7    13.9    13.6     0.0    12.17 C    26.8     4.9    13.5    39.6    11.1    27.0 -99.000 -99.000 -99.000 -99.000 -99.000 -9999.0 -9999.0 -9999.0 -9999.0 -9999.0
53149 20140419  2.424 -111.29   38.30    18.4     9.0    13.7    13.3     0.0    21.87 C    42.6     5.7    17.7    63.8    26.1    38.0 -99.000 -99.000 -99.000 -99.000 -99.000 -9999.0 -9999.0 -9999.0 -9999.0 -9999.0
53149 20140420  2.424 -111.29   38.30    20.0     7.4    13.7    14.0     0.4    19.61 C    39.4     4.4    16.3    60.1    25.9    40.3 -99.000 -99.000 -99.000 -99.000 -99.000 -9999.0 -9999.0 -9999.0 -9999.0 -9999.0
53149 20140421  2.424 -111.29   38.30    20.9     7.9    14.4    14.4     0.5    17.65 C    39.4     4.9    15.8    51.9    21.5    37.1 -99.000 -99.000 -99.000 -99.000 -99.000 -9999.0 -9999.0 -9999.0 -9999.0 -9999.0
53149 20140422  2.424 -111.29   38.30    21.1    10.6    15.8    15.5     0.0     9.65 C    32.5     6.4    13.6    40.7    14.0    26.1 -99.000 -99.000 -99.000 -99.000 -99.000 -9999.0 -9999.0 -9999.0 -9999.0 -9999.0
53149 20140423  2.424 -111.29   38.30    12.6     2.7     7.6     7.2     0.0    22.36 C    31.1    -1.1    10.6    48.2    12.3    29.3 -99.000 -99.000 -99.000 -99.000 -99.000 -9999.0 -9999.0 -9999.0 -9999.0 -9999.0
53149 20140424  2.424 -111.29   38.30    17.6    -0.6     8.5     9.2     0.0    28.50 C    36.8    -2.2    13.9    37.6    11.8    21.0 -99.000 -99.000 -99.000 -99.000 -99.000 -9999.0 -9999.0 -9999.0 -9999.0 -9999.0
53149 20140425  2.424 -111.29   38.30    20.0     6.6    13.3    13.8     0.0    18.71 C    34.2     2.5    14.5    25.8    10.1    16.5 -99.000 -99.000 -99.000 -99.000 -99.000 -9999.0 -9999.0 -9999.0 -9999.0 -9999.0
53149 20140426  2.424 -111.29   38.30    12.9     3.8     8.3     7.6     2.2    13.16 C    18.3     2.0     8.6    90.1    24.9    53.9 -99.000 -99.000 -99.000 -99.000 -99.000 -9999.0 -9999.0 -9999.0 -9999.0 -9999.0
53149 20140427  2.424 -111.29   38.30    11.7     1.1     6.4     6.2     0.0    25.22 C    32.2    -1.4    10.4    70.7    22.3    43.1 -99.000 -99.000 -99.000 -99.000 -99.000 -9999.0 -9999.0 -9999.0 -9999.0 -9999.0
53149 20140428  2.424 -111.29   38.30     9.4     2.3     5.8     5.5     0.0    27.27 C    29.8    -2.2     9.5    70.9    14.8    34.5 -99.000 -99.000 -99.000 -99.000 -99.000 -9999.0 -9999.0 -9999.0 -9999.0 -9999.0
53149 20140429  2.424 -111.29   38.30    11.3     0.1     5.7     5.9     0.0    30.30 C    33.4    -3.7    11.0    36.0    13.9    22.2 -99.000 -99.000 -99.000 -99.000 -99.000 -9999.0 -9999.0 -9999.0 -9999.0 -9999.0
53149 20140430  2.424 -111.29   38.30    10.9     2.2     6.5     6.4     0.0    21.82 C    38.2    -2.2    10.9    35.7    22.1    28.6 -99.000 -99.000 -99.000 -99.000 -99.000 -9999.0 -9999.0 -9999.0 -9999.0 -9999.0
53149 20140501  2.424 -111.29   38.30    18.3    -1.2     8.6     9.6     0.0    30.46 C    40.2    -3.7    15.5    45.6    10.5    24.8 -99.000 -99.000 -99.000 -99.000 -99.000 -9999.0 -9999.0 -9999.0 -9999.0 -9999.0
53149 20140502  2.424 -111.29   38.30    23.6     7.7    15.6    16.0     0.0    30.20 C    46.5     3.2    20.7    32.3     7.0    18.8 -99.000 -99.000 -99.000 -99.000 -99.000 -9999.0 -9999.0 -9999.0 -9999.0 -9999.0
53149 20140503  2.424 -111.29   38.30    28.0     8.2    18.1    18.7     0.0    27.23 C    46.9     4.5    21.6    26.6     5.0    13.2 -99.000 -99.000 -99.000 -99.000 -99.000 -9999.0 -9999.0 -9999.0 -9999.0 -9999.0
53149 20140504  2.424 -111.29   38.30    26.2    15.0    20.6    20.7     0.0    27.78 C    45.5    10.7    23.2    13.9     4.6     8.2 -99.000 -99.000 -99.000 -99.000 -99.000 -9999.0 -9999.0 -9999.0 -9999.0 -9999.0
53149 20140505  2.424 -111.29   38.30    24.6    14.2    19.4    18.4     0.0    16.88 C    40.4     8.3    17.9    12.3     4.2     7.6 -99.000 -99.000 -99.000 -99.000 -99.000 -9999.0 -9999.0 -9999.0 -9999.0 -9999.0
53149 20140506  2.424 -111.29   38.30    18.5     6.9    12.7    14.2     0.0    26.81 C    37.9     4.1    17.5    45.4     6.0    14.5 -99.000 -99.000 -99.000 -99.000 -99.000 -9999.0 -9999.0 -9999.0 -9999.0 -9999.0
53149 20140507  2.424 -111.29   38.30    10.2     3.2     6.7     5.5     1.4    11.21 C    28.9     0.9     7.9    86.1    27.5    59.1 -99.000 -99.000 -99.000 -99.000 -99.000 -9999.0 -9999.0 -9999.0 -9999.0 -9999.0
53149 20140508  2.424 -111.29   38.30    15.3     3.2     9.2     9.0     0.0    26.97 C    35.4    -0.8    13.2    69.7    18.7    41.4 -99.000 -99.000 -99.000 -99.000 -99.000 -9999.0 -9999.0 -9999.0 -9999.0 -9999.0
53149 20140509  2.424 -111.29   38.30    20.9     7.1    14.0    14.3     0.0    29.26 C    39.7     3.8    18.8    42.0    13.1    25.1 -99.000 -99.000 -99.000 -99.000 -99.000 -9999.0 -9999.0 -9999.0 -9999.0 -9999.0
53149 20140510  2.424 -111.29   38.30    16.5     5.2    10.9    11.7     3.4     7.90 C    24.8     3.4    10.7    83.2    22.4    38.6 -99.000 -99.000 -99.000 -99.000 -99.000 -9999.0 -9999.0 -9999.0 -9999.0 -9999.0
53149 20140511  2.424 -111.29   38.30     5.2     0.1     2.7     2.7    23.9     6.18 C    10.0     0.6     4.8    98.8    62.5    85.7 -99.000 -99.000 -99.000 -99.000 -99.000 -9999.0 -9999.0 -9999.0 -9999.0 -9999.0
53149 20140512  2.424 -111.29   38.30     9.3     0.3     4.8     4.1     1.2    25.41 C    26.3    -1.5     8.0    87.7    39.4    63.8 -99.000 -99.000 -99.000 -99.000 -99.000 -9999.0 -9999.0 -9999.0 -9999.0 -9999.0
53149 20140513  2.424 -111.29   38.30    11.1     0.1     5.6     5.9     0.0    31.03 C    29.3    -2.2    10.2    77.8    19.2    43.1 -99.000 -99.000 -99.000 -99.000 -99.000 -9999.0 -9999.0 -9999.0 -9999.0 -9999.0
53149 20140514  2.424 -111.29   38.30    15.7     0.7     8.2     9.2     0.0    31.68 C    34.2    -1.5    14.1    70.2    13.7    35.8 -99.000 -99.000 -99.000 -99.000 -99.000 -9999.0 -9999.0 -9999.0 -9999.0 -9999.0
53149 20140515  2.424 -111.29   38.30    23.4     6.8    15.1    15.6     0.0    31.23 C    41.6     3.7    19.9    49.9    10.0    27.7 -99.000 -99.000 -99.000 -99.000 -99.000 -9999.0 -9999.0 -9999.0 -9999.0 -9999.0
53149 20140516  2.424 -111.29   38.30    25.5     9.9    17.7    18.3     0.0    20.05 C    38.3     7.8    19.4    38.1    10.6    21.5 -99.000 -99.000 -99.000 -99.000 -99.000 -9999.0 -9999.0 -9999.0 -9999.0 -9999.0
53149 20140517  2.424 -111.29   38.30    26.7    11.7    19.2    19.9     0.0    23.75 C    42.9     6.3    21.1    40.8     6.6    18.0 -99.000 -99.000 -99.000 -99.000 -99.000 -9999.0 -9999.0 -9999.0 -9999.0 -9999.0
53149 20140518  2.424 -111.29   38.30    26.7    15.0    20.9    20.2     0.0    17.29 C    35.4     9.7    19.3    24.4     5.7    13.4 -99.000 -99.000 -99.000 -99.000 -99.000 -9999.0 -9999.0 -9999.0 -9999.0 -9999.0
53149 20140519  2.424 -111.29   38.30    25.8    14.0    19.9    19.5     0.0    31.88 C    45.9     7.4    22.6    20.8     4.7    12.2 -99.000 -99.000 -99.000 -99.000 -99.000 -9999.0 -9999.0 -9999.0 -9999.0 -9999.0
53149 20140520  2.424 -111.29   38.30    22.8     9.4    16.1    17.3     0.0    30.10 C    40.8     6.5    21.1    27.0     5.5    12.1 -99.000 -99.000 -99.000 -99.000 -99.000 -9999.0 -9999.0 -9999.0 -9999.0 -9999.0
53149 20140521  2.424 -111.29   38.30    20.5     6.7    13.6    14.6     0.0    31.55 C    40.3     4.5    19.7    25.9     6.8    14.4 -99.000 -99.000 -99.000 -99.000 -99.000 -9999.0 -9999.0 -9999.0 -9999.0 -9999.0
53149 20140522  2.424 -111.29   38.30    22.2     5.7    14.0    15.3     0.0    27.39 C    40.5     3.8    19.9    31.2     9.4    18.7 -99.000 -99.000 -99.000 -99.000 -99.000 -9999.0 -9999.0 -9999.0 -9999.0 -9999.0
53149 20140523  2.424 -111.29   38.30    15.8     8.1    11.9    12.1     0.3    10.15 C    30.9     7.3    14.0    75.8    30.4    51.3 -99.000 -99.000 -99.000 -99.000 -99.000 -9999.0 -9999.0 -9999.0 -9999.0 -9999.0
53149 20140524  2.424 -111.29   38.30    17.0     5.2    11.1    11.2     0.0    23.79 C    42.1     3.7    16.0    83.1    25.7    54.8 -99.000 -99.000 -99.000 -99.000 -99.000 -9999.0 -9999.0 -9999.0 -9999.0 -9999.0
53149 20140525  2.424 -111.29   38.30    19.6     9.1    14.3    14.7     0.0    20.95 C    41.3     6.1    18.6    75.5    32.2    47.4 -99.000 -99.000 -99.000 -99.000 -99.000 -9999.0 -9999.0 -9999.0 -9999.0 -9999.0
53149 20140526  2.424 -111.29   38.30    23.6     7.7    15.7    16.4     0.0    31.92 C    43.3     6.0    23.0    83.5    26.9    49.0 -99.000 -99.000 -99.000 -99.000 -99.000 -9999.0 -9999.0 -9999.0 -9999.0 -9999.0
53149 20140527  2.424 -111.29   38.30    28.7    10.9    19.8    21.0     0.0    25.37 C    47.7     8.4    24.6    54.7    11.7    29.4 -99.000 -99.000 -99.000 -99.000 -99.000 -9999.0 -9999.0 -9999.0 -9999.0 -9999.0
53149 20140528  2.424 -111.29   38.30    30.2    13.3    21.7    22.3     0.0    26.96 C    49.2    10.6    26.0    39.8    10.8    21.9 -99.000 -99.000 -99.000 -99.000 -99.000 -9999.0 -9999.0 -9999.0 -9999.0 -9999.0
53149 20140529  2.424 -111.29   38.30    25.0    14.7    19.9    20.9     0.0    15.89 C    35.0    11.4    22.2    34.8    10.8    21.0 -99.000 -99.000 -99.000 -99.000 -99.000 -9999.0 -9999.0 -9999.0 -9999.0 -9999.0
53149 20140530  2.424 -111.29   38.30    24.4    12.1    18.2    17.9     0.9    21.91 C    46.3     9.5    20.9    59.8    23.0    38.0 -99.000 -99.000 -99.000 -99.000 -99.000 -9999.0 -9999.0 -9999.0 -9999.0 -9999.0
53149 20140531  2.424 -111.29   38.30    28.4     9.7    19.0    19.9     0.0    30.69 C    47.9     7.4    24.4    65.3     6.0    27.8 -99.000 -99.000 -99.000 -99.000 -99.000 -9999.0 -9999.0 -9999.0 -9999.0 -9999.0
53149 20140601  2.424 -111.29   38.30    27.8    15.5    21.7    21.6     0.0    33.41 C    48.5     9.3    26.0    19.9     4.4     9.6 -99.000 -99.000 -99.000 -99.000 -99.000 -9999.0 -9999.0 -9999.0 -9999.0 -9999.0
53149 20140602  2.424 -111.29   38.30    29.8    10.6    20.2    21.2     0.0    30.94 C    50.3     8.6    26.1    31.9     3.9    14.5 -99.000 -99.000 -99.000 -99.000 -99.000 -9999.0 -9999.0 -9999.0 -9999.0 -9999.0
53149 20140603  2.424 -111.29   38.30    29.0    14.0    21.5    22.1     0.0    33.69 C    46.7     9.3    26.0    24.0     3.1     9.6 -99.000 -99.000 -99.000 -99.000 -99.000 -9999.0 -9999.0 -9999.0 -9999.0 -9999.0
53149 20140604  2.424 -111.29   38.30    29.7    12.3    21.0    21.9     0.0    33.60 C    51.0     8.9    26.4    16.6     3.0     8.5 -99.000 -99.000 -99.000 -99.000 -99.000 -9999.0 -9999.0 -9999.0 -9999.0 -9999.0
53149 20140605  2.424 -111.29   38.30    28.3    11.0    19.6    21.0     0.0    28.81 C    52.4     9.1    26.5    31.3     8.5    16.2 -99.000 -99.000 -99.000 -99.000 -99.000 -9999.0 -9999.0 -9999.0 -9999.0 -9999.0
53149 20140606  2.424 -111.29   38.30    27.6    13.3    20.4    20.9     0.0    22.56 C    50.3    10.6    24.4    24.7     6.1    15.1 -99.000 -99.000 -99.000 -99.000 -99.000 -9999.0 -9999.0 -9999.0 -9999.0 -9999.0
53149 20140607  2.424 -111.29   38.30    27.2    11.4    19.3    20.5     0.0    21.71 C    47.8     9.5    23.4    33.8     9.3    19.0 -99.000 -99.000 -99.000 -99.000 -99.000 -9999.0 -9999.0 -9999.0 -9999.0 -9999.0
53149 20140608  2.424 -111.29   38.30    26.0    14.3    20.2    20.1     0.0    31.64 C    45.2    11.4    24.6    35.5     6.1    19.0 -99.000 -99.000 -99.000 -99.000 -99.000 -9999.0 -9999.0 -9999.0 -9999.0 -9999.0
53149 20140609  2.424 -111.29   38.30    24.7     7.7    16.2    17.4     0.0    32.77 C    46.8     6.5    24.6    40.8    14.1    24.9 -99.000 -99.000 -99.000 -99.000 -99.000 -9999.0 -9999.0 -9999.0 -9999.0 -9999.0
53149 20140610  2.424 -111.29   38.30    30.6    12.3    21.5    22.3     0.0    22.37 C    48.3    10.1    24.9    33.4     7.2    17.7 -99.000 -99.000 -99.000 -99.000 -99.000 -9999.0 -9999.0 -9999.0 -9999.0 -9999.0
53149 20140611  2.424 -111.29   38.30    27.3    15.3    21.3    20.9     0.2    22.90 C    50.8    13.8    24.9    43.9    14.8    24.9 -99.000 -99.000 -99.000 -99.000 -99.000 -9999.0 -9999.0 -9999.0 -9999.0 -9999.0
53149 20140612  2.424 -111.29   38.30    27.6    12.7    20.1    20.4     0.0    17.37 C    46.4    10.5    22.3    47.4    13.1    28.0 -99.000 -99.000 -99.000 -99.000 -99.000 -9999.0 -9999.0 -9999.0 -9999.0 -9999.0
53149 20140613  2.424 -111.29   38.30    30.1    17.7    23.9    24.1     0.0    33.46 C    48.3    11.9    27.2    18.2     3.2     9.2 -99.000 -99.000 -99.000 -99.000 -99.000 -9999.0 -9999.0 -9999.0 -9999.0 -9999.0
53149 20140614  2.424 -111.29   38.30    23.1    12.7    17.9    17.8     0.0    28.43 C    43.7     9.9    22.4    32.4     5.6    16.5 -99.000 -99.000 -99.000 -99.000 -99.000 -9999.0 -9999.0 -9999.0 -9999.0 -9999.0
53149 20140615  2.424 -111.29   38.30    27.1    12.1    19.6    20.2     0.0    29.01 C    49.0    11.9    25.5    27.5     5.4    13.9 -99.000 -99.000 -99.000 -99.000 -99.000 -9999.0 -9999.0 -9999.0 -9999.0 -9999.0
53149 20140616  2.424 -111.29   38.30    26.6    15.5    21.0    21.0     0.0    23.54 C    48.4    10.9    24.1    16.7     8.4    11.4 -99.000 -99.000 -99.000 -99.000 -99.000 -9999.0 -9999.0 -9999.0 -9999.0 -9999.0
53149 20140617  2.424 -111.29   38.30    26.6    10.5    18.5    19.3     0.0    31.10 C    45.8    11.2    24.4    46.4     8.4    19.7 -99.000 -99.000 -99.000 -99.000 -99.000 -9999.0 -9999.0 -9999.0 -9999.0 -9999.0
53149 20140618  2.424 -111.29   38.30    23.9     8.9    16.4    15.5     0.0    30.41 C    47.4     9.0    22.9    41.3    10.5    24.2 -99.000 -99.000 -99.000 -99.000 -99.000 -9999.0 -9999.0 -9999.0 -9999.0 -9999.0
53149 20140619  2.424 -111.29   38.30    24.7     6.8    15.8    17.0     0.0    33.31 C    46.1     5.3    24.1    32.2     8.8    18.4 -99.000 -99.000 -99.000 -99.000 -99.000 -9999.0 -9999.0 -9999.0 -9999.0 -9999.0
53149 20140620  2.424 -111.29   38.30    30.6    11.0    20.8    21.7     0.0    29.47 C    50.5     9.0    26.8    28.3     6.8    14.8 -99.000 -99.000 -99.000 -99.000 -99.000 -9999.0 -9999.0 -9999.0 -9999.0 -9999.0
53149 20140621  2.424 -111.29   38.30    30.7    16.7    23.7    23.8     0.0    23.77 C    47.0    12.9    25.8    17.7     5.5    11.2 -99.000 -99.000 -99.000 -99.000 -99.000 -9999.0 -9999.0 -9999.0 -9999.0 -9999.0
53149 20140622  2.424 -111.29   38.30    30.4    16.8    23.6    23.3     0.0    22.52 C    50.8    14.1    27.0    20.5     7.0    13.4 -99.000 -99.000 -99.000 -99.000 -99.000 -9999.0 -9999.0 -9999.0 -9999.0 -9999.0
53149 20140623  2.424 -111.29   38.30    31.2    15.4    23.3    24.0     0.0    29.51 C    53.9    12.4    28.9    20.0     5.5    11.0 -99.000 -99.000 -99.000 -99.000 -99.000 -9999.0 -9999.0 -9999.0 -9999.0 -9999.0
53149 20140624  2.424 -111.29   38.30    31.4    15.2    23.3    24.2     0.0    27.04 C    55.3    12.6    28.6    20.0     5.7    11.7 -99.000 -99.000 -99.000 -99.000 -99.000 -9999.0 -9999.0 -9999.0 -9999.0 -9999.0
53149 20140625  2.424 -111.29   38.30    32.1    16.5    24.3    25.2     0.0    29.12 C    52.6    13.0    29.4    18.2     6.1    11.2 -99.000 -99.000 -99.000 -99.000 -99.000 -9999.0 -9999.0 -9999.0 -9999.0 -9999.0
53149 20140626  2.424 -111.29   38.30    28.6    15.7    22.2    23.2     0.0    23.90 C    44.6    14.3    26.7    46.4     9.2    18.0 -99.000 -99.000 -99.000 -99.000 -99.000 -9999.0 -9999.0 -9999.0 -9999.0 -9999.0
53149 20140627  2.424 -111.29   38.30    26.8    12.0    19.4    19.9     0.0    22.68 C    45.0    10.8    24.1    57.2    15.5    31.8 -99.000 -99.000 -99.000 -99.000 -99.000 -9999.0 -9999.0 -9999.0 -9999.0 -9999.0
53149 20140628  2.424 -111.29   38.30    31.4    11.8    21.6    22.2     0.0    32.78 C    51.7     9.9    28.3    43.8     6.7    22.6 -99.000 -99.000 -99.000 -99.000 -99.000 -9999.0 -9999.0 -9999.0 -9999.0 -9999.0
53149 20140629  2.424 -111.29   38.30    34.4    18.6    26.5    27.4     0.0    32.36 C    53.6    13.9    31.0    23.9     8.1    14.8 -99.000 -99.000 -99.000 -99.000 -99.000 -9999.0 -9999.0 -9999.0 -9999.0 -9999.0
53149 20140630  2.424 -111.29   38.30    34.2    20.0    27.1    27.4     0.0    33.00 C    57.3    17.0    32.2    24.8     7.1    14.6 -99.000 -99.000 -99.000 -99.000 -99.000 -9999.0 -9999.0 -9999.0 -9999.0 -9999.0
53149 20140701  2.424 -111.29   38.30    30.2    16.2    23.2    23.9     0.0    33.20 C    51.9    13.3    30.3    26.0     6.8    13.7 -99.000 -99.000 -99.000 -99.000 -99.000 -9999.0 -9999.0 -9999.0 -9999.0 -9999.0
53149 20140702  2.424 -111.29   38.30    30.8    15.0    22.9    23.8     0.0    22.74 C    54.9    13.0    27.5    22.6     7.4    15.5 -99.000 -99.000 -99.000 -99.000 -99.000 -9999.0 -9999.0 -9999.0 -9999.0 -9999.0
53149 20140703  2.424 -111.29   38.30    30.8    19.3    25.0    23.7     1.0    20.17 C    53.4    17.3    27.0    58.6    12.7    25.7 -99.000 -99.000 -99.000 -99.000 -99.000 -9999.0 -9999.0 -9999.0 -9999.0 -9999.0
53149 20140704  2.424 -111.29   38.30    30.7    16.3    23.5    24.9     0.0    22.55 C    53.2    14.4    29.0    41.3    12.1    23.9 -99.000 -99.000 -99.000 -99.000 -99.000 -9999.0 -9999.0 -9999.0 -9999.0 -9999.0
53149 20140705  2.424 -111.29   38.30    31.3    18.6    25.0    25.2     0.0    27.35 C    56.0    16.4    31.1    38.2    15.4    25.8 -99.000 -99.000 -99.000 -99.000 -99.000 -9999.0 -9999.0 -9999.0 -9999.0 -9999.0
53149 20140706  2.424 -111.29   38.30    32.7    18.2    25.4    26.2     0.0    30.57 C    55.7    15.5    32.5    44.7    10.8    25.0 -99.000 -99.000 -99.000 -99.000 -99.000 -9999.0 -9999.0 -9999.0 -9999.0 -9999.0
53149 20140707  2.424 -111.29   38.30    33.6    20.3    26.9    26.0     0.5    22.98 C    58.5    18.2    30.3    44.1    11.7    24.8 -99.000 -99.000 -99.000 -99.000 -99.000 -9999.0 -9999.0 -9999.0 -9999.0 -9999.0
53149 20140708  2.424 -111.29   38.30    31.9    19.5    25.7    24.7     0.3    19.00 C    55.6    18.0    28.2    51.7    15.1    29.3 -99.000 -99.000 -99.000 -99.000 -99.000 -9999.0 -9999.0 -9999.0 -9999.0 -9999.0
53149 20140709  2.424 -111.29   38.30    30.8    18.4    24.6    24.0     0.3    22.50 C    54.1    16.4    29.1    60.3    21.4    35.8 -99.000 -99.000 -99.000 -99.000 -99.000 -9999.0 -9999.0 -9999.0 -9999.0 -9999.0
53149 20140710  2.424 -111.29   38.30    29.4    17.7    23.6    22.3     3.0    21.46 C    55.7    16.2    27.1    74.9    25.5    48.7 -99.000 -99.000 -99.000 -99.000 -99.000 -9999.0 -9999.0 -9999.0 -9999.0 -9999.0
53149 20140711  2.424 -111.29   38.30    29.9    15.2    22.5    22.1     0.8    26.07 C    55.8    13.1    27.2    73.6    23.5    48.4 -99.000 -99.000 -99.000 -99.000 -99.000 -9999.0 -9999.0 -9999.0 -9999.0 -9999.0
53149 20140712  2.424 -111.29   38.30    31.9    18.3    25.1    25.9     0.0    28.31 C    57.0    16.0    32.1    55.7    18.7    33.2 -99.000 -99.000 -99.000 -99.000 -99.000 -9999.0 -9999.0 -9999.0 -9999.0 -9999.0
53149 20140713  2.424 -111.29   38.30    33.7    18.9    26.3    27.0     0.6    28.74 C    55.4    17.5    32.7    47.9    13.9    29.0 -99.000 -99.000 -99.000 -99.000 -99.000 -9999.0 -9999.0 -9999.0 -9999.0 -9999.0
53149 20140714  2.424 -111.29   38.30    32.9    18.6    25.8    26.3     1.1    23.49 C    55.0    17.3    31.1    71.3    18.1    31.0 -99.000 -99.000 -99.000 -99.000 -99.000 -9999.0 -9999.0 -9999.0 -9999.0 -9999.0
53149 20140715  2.424 -111.29   38.30    31.6    19.6    25.6    23.2     0.5    14.79 C    51.6    15.0    24.5    64.1    17.6    40.0 -99.000 -99.000 -99.000 -99.000 -99.000 -9999.0 -9999.0 -9999.0 -9999.0 -9999.0
53149 20140716  2.424 -111.29   38.30    32.9    17.6    25.3    25.3     0.0    29.87 C    53.5    14.7    30.1    55.0    10.2    27.6 -99.000 -99.000 -99.000 -99.000 -99.000 -9999.0 -9999.0 -9999.0 -9999.0 -9999.0
53149 20140717  2.424 -111.29   38.30    32.7    16.7    24.7    25.2     0.0    31.45 C    54.6    13.6    31.0    39.8     8.1    20.6 -99.000 -99.000 -99.000 -99.000 -99.000 -9999.0 -9999.0 -9999.0 -9999.0 -9999.0
53149 20140718  2.424 -111.29   38.30    32.1    19.2    25.6    24.1     1.1    15.40 C    53.4    16.2    25.2    52.7    13.8    27.5 -99.000 -99.000 -99.000 -99.000 -99.000 -9999.0 -9999.0 -9999.0 -9999.0 -9999.0
53149 20140719  2.424 -111.29   38.30    34.1    18.7    26.4    26.3     0.0    26.63 C    56.5    15.1    30.0    35.6     8.8    21.7 -99.000 -99.000 -99.000 -99.000 -99.000 -9999.0 -9999.0 -9999.0 -9999.0 -9999.0
53149 20140720  2.424 -111.29   38.30    31.9    21.0    26.5    26.4     0.0    21.05 C    52.8    18.1    29.1    30.6    11.5    19.8 -99.000 -99.000 -99.000 -99.000 -99.000 -9999.0 -9999.0 -9999.0 -9999.0 -9999.0
53149 20140721  2.424 -111.29   38.30    33.9    16.8    25.4    25.7     0.0    31.83 C    54.2    13.1    30.5    29.9     4.9    14.9 -99.000 -99.000 -99.000 -99.000 -99.000 -9999.0 -9999.0 -9999.0 -9999.0 -9999.0
53149 20140722  2.424 -111.29   38.30    34.1    15.6    24.9    26.1     0.0    31.67 C    54.0    13.2    31.0    26.5     6.4    12.8 -99.000 -99.000 -99.000 -99.000 -99.000 -9999.0 -9999.0 -9999.0 -9999.0 -9999.0
53149 20140723  2.424 -111.29   38.30    34.9    21.3    28.1    27.4     0.0    20.76 C    52.4    19.0    30.5    27.2    10.2    18.7 -99.000 -99.000 -99.000 -99.000 -99.000 -9999.0 -9999.0 -9999.0 -9999.0 -9999.0
53149 20140724  2.424 -111.29   38.30    30.2    20.8    25.5    26.1     1.1    14.32 C    44.6    18.4    26.6    55.9    22.4    34.1 -99.000 -99.000 -99.000 -99.000 -99.000 -9999.0 -9999.0 -9999.0 -9999.0 -9999.0
53149 20140725  2.424 -111.29   38.30    32.0    18.6    25.3    25.6     0.9    17.17 C    51.7    15.7    27.6    65.9    14.3    32.4 -99.000 -99.000 -99.000 -99.000 -99.000 -9999.0 -9999.0 -9999.0 -9999.0 -9999.0
53149 20140726  2.424 -111.29   38.30    30.6    18.1    24.4    23.4     0.0    16.82 C    52.5    15.0    25.6    64.2    20.3    40.2 -99.000 -99.000 -99.000 -99.000 -99.000 -9999.0 -9999.0 -9999.0 -9999.0 -9999.0
53149 20140727  2.424 -111.29   38.30    32.3    16.4    24.3    23.9     0.0    21.94 C    53.9    14.6    28.0    53.0    17.9    35.2 -99.000 -99.000 -99.000 -99.000 -99.000 -9999.0 -9999.0 -9999.0 -9999.0 -9999.0
53149 20140728  2.424 -111.29   38.30    26.1    16.6    21.3    20.6     1.4    14.21 C    46.2    14.1    23.4    76.9    37.6    58.3 -99.000 -99.000 -99.000 -99.000 -99.000 -9999.0 -9999.0 -9999.0 -9999.0 -9999.0
53149 20140729  2.424 -111.29   38.30    23.9    14.3    19.1    18.8     3.9    15.72 C    41.8    12.8    20.8    87.9    38.9    66.9 -99.000 -99.000 -99.000 -99.000 -99.000 -9999.0 -9999.0 -9999.0 -9999.0 -9999.0
53149 20140730  2.424 -111.29   38.30    27.7    13.6    20.7    20.8     0.6    27.22 C    48.8    11.5    26.3    81.3    32.0    55.9 -99.000 -99.000 -99.000 -99.000 -99.000 -9999.0 -9999.0 -9999.0 -9999.0 -9999.0
53149 20140731  2.424 -111.29   38.30    28.4    15.7    22.0    20.3    27.4    25.34 C    49.9     6.6    25.6    86.5    28.7    56.9 -99.000 -99.000 -99.000 -99.000 -99.000 -9999.0 -9999.0 -9999.0 -9999.0 -9999.0
53149 20140801  2.424 -111.29   38.30    28.6    14.7    21.6    21.5     0.0    26.50 C    42.5    11.5    23.6    73.1    22.2    46.4 -99.000 -99.000 -99.000 -99.000 -99.000 -9999.0 -9999.0 -9999.0 -9999.0 -9999.0
53149 20140802  2.424 -111.29   38.30    29.4    15.8    22.6    22.6     0.0    27.53 C    45.7    13.2    26.2    63.1    12.9    35.4 -99.000 -99.000 -99.000 -99.000 -99.000 -9999.0 -9999.0 -9999.0 -9999.0 -9999.0
53149 20140803  2.424 -111.29   38.30    22.8    15.1    18.9    19.7     0.8    10.06 C    34.4    15.6    21.2    75.7    35.6    51.4 -99.000 -99.000 -99.000 -99.000 -99.000 -9999.0 -9999.0 -9999.0 -9999.0 -9999.0
53149 20140804  2.424 -111.29   38.30    26.5    15.6    21.1    21.2     0.0    22.82 C    42.4    14.5    24.9    82.9    23.1    49.1 -99.000 -99.000 -99.000 -99.000 -99.000 -9999.0 -9999.0 -9999.0 -9999.0 -9999.0
53149 20140805  2.424 -111.29   38.30    28.3    15.3    21.8    21.9     0.0    25.33 C    48.3    13.9    26.6    60.6    20.1    39.4 -99.000 -99.000 -99.000 -99.000 -99.000 -9999.0 -9999.0 -9999.0 -9999.0 -9999.0
53149 20140806  2.424 -111.29   38.30    29.1    16.2    22.7    23.2     0.0    25.18 C    49.1    13.7    27.2    49.6    13.5    27.0 -99.000 -99.000 -99.000 -99.000 -99.000 -9999.0 -9999.0 -9999.0 -9999.0 -9999.0
53149 20140807  2.424 -111.29   38.30    30.5    15.4    22.9    22.8     0.0    25.63 C    47.4    13.4    26.4    39.4     7.3    21.1 -99.000 -99.000 -99.000 -99.000 -99.000 -9999.0 -9999.0 -9999.0 -9999.0 -9999.0
53149 20140808  2.424 -111.29   38.30    29.6    15.9    22.7    22.7     0.0    21.89 C    46.8    13.2    25.7    38.1    10.4    22.7 -99.000 -99.000 -99.000 -99.000 -99.000 -9999.0 -9999.0 -9999.0 -9999.0 -9999.0
53149 20140809  2.424 -111.29   38.30    29.6    15.5    22.5    22.8     0.0    25.15 C    48.7    13.0    27.3    37.4    12.0    24.6 -99.000 -99.000 -99.000 -99.000 -99.000 -9999.0 -9999.0 -9999.0 -9999.0 -9999.0
53149 20140810  2.424 -111.29   38.30    27.7    14.6    21.1    21.8     0.0    18.97 C    44.6    13.1    24.5    45.2    15.6    28.9 -99.000 -99.000 -99.000 -99.000 -99.000 -9999.0 -9999.0 -9999.0 -9999.0 -9999.0
53149 20140811  2.424 -111.29   38.30    30.4    13.8    22.1    23.3     0.0    26.36 C    50.0    12.5    28.1    45.5    14.5    26.7 -99.000 -99.000 -99.000 -99.000 -99.000 -9999.0 -9999.0 -9999.0 -9999.0 -9999.0
53149 20140812  2.424 -111.29   38.30    26.5    16.6    21.6    21.6     0.9    14.88 C    36.4    17.0    23.6    70.1    29.6    42.0 -99.000 -99.000 -99.000 -99.000 -99.000 -9999.0 -9999.0 -9999.0 -9999.0 -9999.0
53149 20140813  2.424 -111.29   38.30    20.3    14.6    17.5    16.3    11.6     5.11 C    22.2    14.2    18.2    96.8    45.9    84.3 -99.000 -99.000 -99.000 -99.000 -99.000 -9999.0 -9999.0 -9999.0 -9999.0 -9999.0
53149 20140814  2.424 -111.29   38.30    23.0    12.8    17.9    18.0     0.3    20.10 C    33.3    12.2    20.0    96.5    50.0    76.5 -99.000 -99.000 -99.000 -99.000 -99.000 -9999.0 -9999.0 -9999.0 -9999.0 -9999.0
53149 20140815  2.424 -111.29   38.30    29.0    15.8    22.4    22.9     0.0    27.98 C    41.5    12.3    25.0    77.3    25.9    46.2 -99.000 -99.000 -99.000 -99.000 -99.000 -9999.0 -9999.0 -9999.0 -9999.0 -9999.0
53149 20140816  2.424 -111.29   38.30    30.6    17.7    24.1    24.5     0.0    28.35 C    46.2    14.2    27.4    43.2    18.4    28.4 -99.000 -99.000 -99.000 -99.000 -99.000 -9999.0 -9999.0 -9999.0 -9999.0 -9999.0
53149 20140817  2.424 -111.29   38.30    31.6    17.4    24.5    24.9     0.0    28.20 C    47.9    14.3    28.1    29.1     9.9    18.6 -99.000 -99.000 -99.000 -99.000 -99.000 -9999.0 -9999.0 -9999.0 -9999.0 -9999.0
53149 20140818  2.424 -111.29   38.30    31.8    16.6    24.2    23.5     2.1    18.56 C    48.6    15.4    24.4    64.8    10.1    26.1 -99.000 -99.000 -99.000 -99.000 -99.000 -9999.0 -9999.0 -9999.0 -9999.0 -9999.0
53149 20140819  2.424 -111.29   38.30    20.2    13.8    17.0    17.2     4.0     8.32 C    26.8    12.0    17.5    86.9    48.4    67.4 -99.000 -99.000 -99.000 -99.000 -99.000 -9999.0 -9999.0 -9999.0 -9999.0 -9999.0
53149 20140820  2.424 -111.29   38.30    25.6    12.8    19.2    19.0     0.0    24.29 C    42.5     9.8    20.9    87.1    19.1    46.0 -99.000 -99.000 -99.000 -99.000 -99.000 -9999.0 -9999.0 -9999.0 -9999.0 -9999.0
53149 20140821  2.424 -111.29   38.30    24.6    12.9    18.8    18.8     1.2    16.80 C    40.3    10.8    19.7    59.3    23.5    41.4 -99.000 -99.000 -99.000 -99.000 -99.000 -9999.0 -9999.0 -9999.0 -9999.0 -9999.0
53149 20140822  2.424 -111.29   38.30    23.9    14.2    19.1    19.1     0.0    18.38 C    40.7    12.5    21.4    61.2    33.1    45.1 -99.000 -99.000 -99.000 -99.000 -99.000 -9999.0 -9999.0 -9999.0 -9999.0 -9999.0
53149 20140823  2.424 -111.29   38.30    20.2    11.9    16.0    16.5     1.5    19.51 C    34.8    10.7    20.2    82.5    42.0    59.5 -99.000 -99.000 -99.000 -99.000 -99.000 -9999.0 -9999.0 -9999.0 -9999.0 -9999.0
53149 20140824  2.424 -111.29   38.30    25.2    10.9    18.1    18.4     0.0    19.16 C    38.8     9.9    21.4    72.9    26.1    50.2 -99.000 -99.000 -99.000 -99.000 -99.000 -9999.0 -9999.0 -9999.0 -9999.0 -9999.0
53149 20140825  2.424 -111.29   38.30    26.5    13.8    20.2    20.2     0.0    25.44 C    42.3    10.9    23.8    67.4    21.0    42.3 -99.000 -99.000 -99.000 -99.000 -99.000 -9999.0 -9999.0 -9999.0 -9999.0 -9999.0
53149 20140826  2.424 -111.29   38.30    22.6    11.8    17.2    16.6     4.0     9.38 C    38.5    10.9    17.2    80.9    29.7    55.3 -99.000 -99.000 -99.000 -99.000 -99.000 -9999.0 -9999.0 -9999.0 -9999.0 -9999.0
53149 20140827  2.424 -111.29   38.30    21.3     9.3    15.3    15.9     0.0    18.83 C    37.9     7.1    18.3    77.7    32.7    51.7 -99.000 -99.000 -99.000 -99.000 -99.000 -9999.0 -9999.0 -9999.0 -9999.0 -9999.0
53149 20140828  2.424 -111.29   38.30    25.7    11.2    18.4    18.8     0.0    25.22 C    42.9     8.8    22.2    64.9    19.6    40.4 -99.000 -99.000 -99.000 -99.000 -99.000 -9999.0 -9999.0 -9999.0 -9999.0 -9999.0
53149 20140829  2.424 -111.29   38.30    27.6    12.6    20.1    20.3     0.0    26.44 C    44.2    10.0    23.8    51.6    14.0    28.7 -99.000 -99.000 -99.000 -99.000 -99.000 -9999.0 -9999.0 -9999.0 -9999.0 -9999.0
53149 20140830  2.424 -111.29   38.30    29.8    14.4    22.1    22.1     0.0    18.25 C    40.4    12.6    22.8    42.1    11.4    24.9 -99.000 -99.000 -99.000 -99.000 -99.000 -9999.0 -9999.0 -9999.0 -9999.0 -9999.0
53149 20140831  2.424 -111.29   38.30    29.9    16.7    23.3    23.5     0.0    26.31 C    44.3    12.1    24.5    32.7     8.0    18.2 -99.000 -99.000 -99.000 -99.000 -99.000 -9999.0 -9999.0 -9999.0 -9999.0 -9999.0
53149 20140901  2.424 -111.29   38.30    30.2    11.0    20.6    20.9     0.0    25.92 C    45.8     9.8    24.4    47.8    10.8    26.4 -99.000 -99.000 -99.000 -99.000 -99.000 -9999.0 -9999.0 -9999.0 -9999.0 -9999.0
53149 20140902  2.424 -111.29   38.30    31.1    13.5    22.3    22.7     0.0    21.47 C    45.3    11.5    24.5    39.4    12.3    23.5 -99.000 -99.000 -99.000 -99.000 -99.000 -9999.0 -9999.0 -9999.0 -9999.0 -9999.0
53149 20140903  2.424 -111.29   38.30    31.4    18.5    24.9    24.7     0.0    26.00 C    48.7    13.5    26.3    25.5     8.2    16.0 -99.000 -99.000 -99.000 -99.000 -99.000 -9999.0 -9999.0 -9999.0 -9999.0 -9999.0
53149 20140904  2.424 -111.29   38.30    27.7    16.2    21.9    22.4     0.0    19.05 C    40.4    12.9    24.0    37.3    10.3    21.4 -99.000 -99.000 -99.000 -99.000 -99.000 -9999.0 -9999.0 -9999.0 -9999.0 -9999.0
53149 20140905  2.424 -111.29   38.30    23.1    13.2    18.2    18.0     2.1    13.85 C    41.8    11.5    20.2    87.6    30.2    47.4 -99.000 -99.000 -99.000 -99.000 -99.000 -9999.0 -9999.0 -9999.0 -9999.0 -9999.0
53149 20140906  2.424 -111.29   38.30    26.1    11.3    18.7    18.4     0.0    22.77 C    41.0     8.9    21.0    82.1    23.6    52.1 -99.000 -99.000 -99.000 -99.000 -99.000 -9999.0 -9999.0 -9999.0 -9999.0 -9999.0
53149 20140907  2.424 -111.29   38.30    23.7    15.3    19.5    18.2    11.0    10.79 C    37.5    11.8    18.2    84.1    32.8    54.9 -99.000 -99.000 -99.000 -99.000 -99.000 -9999.0 -9999.0 -9999.0 -9999.0 -9999.0
53149 20140908  2.424 -111.29   38.30    23.2    13.8    18.5    16.8     7.8    13.64 C    33.2    11.3    18.1    96.0    46.4    71.5 -99.000 -99.000 -99.000 -99.000 -99.000 -9999.0 -9999.0 -9999.0 -9999.0 -9999.0
53149 20140909  2.424 -111.29   38.30    23.5    13.5    18.5    16.6     0.6    13.58 C    26.7     9.5    16.3    97.1    21.5    65.5 -99.000 -99.000 -99.000 -99.000 -99.000 -9999.0 -9999.0 -9999.0 -9999.0 -9999.0
53149 20140910  2.424 -111.29   38.30    23.5     9.4    16.4    16.6     0.0    24.10 C    34.6     6.6    17.6    72.3    20.3    48.2 -99.000 -99.000 -99.000 -99.000 -99.000 -9999.0 -9999.0 -9999.0 -9999.0 -9999.0
53149 20140911  2.424 -111.29   38.30    27.0    10.5    18.8    18.9     0.0    24.21 C    38.7     7.4    19.8    55.0    13.0    30.4 -99.000 -99.000 -99.000 -99.000 -99.000 -9999.0 -9999.0 -9999.0 -9999.0 -9999.0
53149 20140912  2.424 -111.29   38.30    22.3     9.3    15.8    16.1     0.0    24.25 C    36.9     7.4    19.3    51.7    20.6    33.6 -99.000 -99.000 -99.000 -99.000 -99.000 -9999.0 -9999.0 -9999.0 -9999.0 -9999.0
53149 20140913  2.424 -111.29   38.30 -9999.0 -9999.0 -9999.0 -9999.0 -9999.0 -9999.00 U -9999.0 -9999.0 -9999.0 -9999.0 -9999.0 -9999.0 -99.000 -99.000 -99.000 -99.000 -99.000 -9999.0 -9999.0 -9999.0 -9999.0 -9999.0
53149 20140914  2.424 -111.29   38.30    27.2    13.2    20.2    21.0     0.0    15.62 C    37.0    10.2    21.1    45.8    18.2    29.0 -99.000 -99.000 -99.000 -99.000 -99.000 -9999.0 -9999.0 -9999.0 -9999.0 -9999.0
53149 20140915  2.424 -111.29   38.30    27.3    14.0    20.7    20.4     0.3    14.52 C    41.7    11.5    20.4    46.0    17.4    31.8 -99.000 -99.000 -99.000 -99.000 -99.000 -9999.0 -9999.0 -9999.0 -9999.0 -9999.0
53149 20140916  2.424 -111.29   38.30    28.8    13.8    21.3    21.3     0.0    21.17 C    43.6    10.6    23.0    50.3    17.7    33.4 -99.000 -99.000 -99.000 -99.000 -99.000 -9999.0 -9999.0 -9999.0 -9999.0 -9999.0
53149 20140917  2.424 -111.29   38.30    27.9    16.0    21.9    21.6     0.0    21.57 C    43.1    12.8    24.1    47.5    18.8    33.8 -99.000 -99.000 -99.000 -99.000 -99.000 -9999.0 -9999.0 -9999.0 -9999.0 -9999.0
53149 20140918  2.424 -111.29   38.30    27.6    13.4    20.5    20.7     0.0    21.73 C    42.6    11.6    23.1    61.7    13.9    37.6 -99.000 -99.000 -99.000 -99.000 -99.000 -9999.0 -9999.0 -9999.0 -9999.0 -9999.0
53149 20140919  2.424 -111.29   38.30    27.4    16.7    22.0    21.5     0.0    16.99 C    44.3    13.6    23.2    52.1    25.6    38.9 -99.000 -99.000 -99.000 -99.000 -99.000 -9999.0 -9999.0 -9999.0 -9999.0 -9999.0
53149 20140920  2.424 -111.29   38.30    28.1    14.3    21.2    22.1     0.0    21.27 C    44.5    12.6    25.2    60.3    19.2    34.9 -99.000 -99.000 -99.000 -99.000 -99.000 -9999.0 -9999.0 -9999.0 -9999.0 -9999.0
53149 20140921  2.424 -111.29   38.30    21.4    13.7    17.5    16.5     7.1     9.24 C    26.0    12.4    17.2    91.1    35.5    73.2 -99.000 -99.000 -99.000 -99.000 -99.000 -9999.0 -9999.0 -9999.0 -9999.0 -9999.0
53149 20140922  2.424 -111.29   38.30    23.4    11.9    17.7    17.5     0.0    18.69 C    37.4     9.9    19.0    89.6    33.0    62.0 -99.000 -99.000 -99.000 -99.000 -99.000 -9999.0 -9999.0 -9999.0 -9999.0 -9999.0
53149 20140923  2.424 -111.29   38.30    25.0    11.6    18.3    18.4     0.0    21.31 C    39.0     8.8    20.0    63.0    21.2    41.9 -99.000 -99.000 -99.000 -99.000 -99.000 -9999.0 -9999.0 -9999.0 -9999.0 -9999.0
53149 20140924  2.424 -111.29   38.30    26.0    12.1    19.0    18.9     0.0    21.21 C    39.8     9.4    21.0    61.2    22.2    40.5 -99.000 -99.000 -99.000 -99.000 -99.000 -9999.0 -9999.0 -9999.0 -9999.0 -9999.0
53149 20140925  2.424 -111.29   38.30    28.8    12.1    20.4    20.4     0.0    20.86 C    40.8     9.8    21.8    57.0    16.7    33.2 -99.000 -99.000 -99.000 -99.000 -99.000 -9999.0 -9999.0 -9999.0 -9999.0 -9999.0
53149 20140926  2.424 -111.29   38.30    27.7    14.0    20.9    21.6     0.0    18.71 C    42.7    11.1    22.9    54.3    18.1    33.1 -99.000 -99.000 -99.000 -99.000 -99.000 -9999.0 -9999.0 -9999.0 -9999.0 -9999.0
53149 20140927  2.424 -111.29   38.30    19.8    10.4    15.1    15.1     7.6     6.26 C    24.1    10.5    15.1    93.9    44.5    69.9 -99.000 -99.000 -99.000 -99.000 -99.000 -9999.0 -9999.0 -9999.0 -9999.0 -9999.0
53149 20140928  2.424 -111.29   38.30    15.7     7.7    11.7    10.8     2.1    11.14 C    26.2     6.1    12.1    93.2    32.9    70.8 -99.000 -99.000 -99.000 -99.000 -99.000 -9999.0 -9999.0 -9999.0 -9999.0 -9999.0
53149 20140929  2.424 -111.29   38.30    13.8     6.1    10.0    10.1     0.5    14.28 C    24.6     5.5    12.1    93.0    40.5    68.7 -99.000 -99.000 -99.000 -99.000 -99.000 -9999.0 -9999.0 -9999.0 -9999.0 -9999.0
53149 20140930  2.424 -111.29   38.30    17.9     9.5    13.7    13.2     0.0    18.86 C    31.5     5.3    14.2    70.7    35.1    50.4 -99.000 -99.000 -99.000 -99.000 -99.000 -9999.0 -9999.0 -9999.0 -9999.0 -9999.0
53149 20141001  2.424 -111.29   38.30    13.9     5.8     9.9    10.0     0.0    18.05 C    27.8     2.6    11.8    76.5    21.9    46.2 -99.000 -99.000 -99.000 -99.000 -99.000 -9999.0 -9999.0 -9999.0 -9999.0 -9999.0
53149 20141002  2.424 -111.29   38.30    15.8     2.4     9.1     9.3     0.0    20.24 C    28.3    -0.1    11.0    59.4    16.5    36.5 -99.000 -99.000 -99.000 -99.000 -99.000 -9999.0 -9999.0 -9999.0 -9999.0 -9999.0
53149 20141003  2.424 -111.29   38.30    18.6     7.6    13.1    12.7     0.0    19.90 C    31.1     3.0    13.7    42.0    21.4    30.6 -99.000 -99.000 -99.000 -99.000 -99.000 -9999.0 -9999.0 -9999.0 -9999.0 -9999.0
53149 20141004  2.424 -111.29   38.30    20.9     9.9    15.4    15.2     0.0    19.81 C    33.2     5.7    15.8    42.2    19.4    31.4 -99.000 -99.000 -99.000 -99.000 -99.000 -9999.0 -9999.0 -9999.0 -9999.0 -9999.0
53149 20141005  2.424 -111.29   38.30    21.6     9.8    15.7    15.9     0.0    19.35 C    36.2     5.8    16.4    40.6    18.3    28.6 -99.000 -99.000 -99.000 -99.000 -99.000 -9999.0 -9999.0 -9999.0 -9999.0 -9999.0
53149 20141006  2.424 -111.29   38.30    23.0    10.5    16.8    16.6     0.0    19.47 C    36.0     6.4    16.9    42.8    16.8    29.2 -99.000 -99.000 -99.000 -99.000 -99.000 -9999.0 -9999.0 -9999.0 -9999.0 -9999.0
53149 20141007  2.424 -111.29   38.30    21.0     9.7    15.4    15.6     0.0    13.51 C    31.6     6.9    15.7    40.6    16.2    30.2 -99.000 -99.000 -99.000 -99.000 -99.000 -9999.0 -9999.0 -9999.0 -9999.0 -9999.0
53149 20141008  2.424 -111.29   38.30    20.2    12.6    16.4    16.0     0.0     6.99 C    30.2    11.2    16.0    45.0    22.8    35.8 -99.000 -99.000 -99.000 -99.000 -99.000 -9999.0 -9999.0 -9999.0 -9999.0 -9999.0
53149 20141009  2.424 -111.29   38.30    19.6     9.1    14.4    14.8     0.0    18.13 C    37.4     7.6    17.2    57.0    28.6    40.7 -99.000 -99.000 -99.000 -99.000 -99.000 -9999.0 -9999.0 -9999.0 -9999.0 -9999.0
53149 20141010  2.424 -111.29   38.30    20.5     7.8    14.2    14.3     0.0    18.40 C    32.7     5.5    15.8    54.1    23.8    37.2 -99.000 -99.000 -99.000 -99.000 -99.000 -9999.0 -9999.0 -9999.0 -9999.0 -9999.0
53149 20141011  2.424 -111.29   38.30    22.9     9.3    16.1    16.1     0.0    17.10 C    32.9     6.2    16.2    49.5    11.4    30.7 -99.000 -99.000 -99.000 -99.000 -99.000 -9999.0 -9999.0 -9999.0 -9999.0 -9999.0
53149 20141012  2.424 -111.29   38.30    16.6     5.7    11.1    12.0     0.0    17.83 C    27.3     2.8    12.3    44.4    13.4    27.5 -99.000 -99.000 -99.000 -99.000 -99.000 -9999.0 -9999.0 -9999.0 -9999.0 -9999.0
53149 20141013  2.424 -111.29   38.30    15.2     2.1     8.6     8.6     0.0    18.00 C    29.3     0.2    10.7    52.7    18.6    32.9 -99.000 -99.000 -99.000 -99.000 -99.000 -9999.0 -9999.0 -9999.0 -9999.0 -9999.0
53149 20141014  2.424 -111.29   38.30    16.8     2.8     9.8    10.1     0.0    17.75 C    30.2     1.0    11.5    54.4    19.9    33.4 -99.000 -99.000 -99.000 -99.000 -99.000 -9999.0 -9999.0 -9999.0 -9999.0 -9999.0
53149 20141015  2.424 -111.29   38.30    20.6     5.2    12.9    12.2     0.0    12.74 C    29.0     3.5    11.3    47.4    19.7    32.6 -99.000 -99.000 -99.000 -99.000 -99.000 -9999.0 -9999.0 -9999.0 -9999.0 -9999.0
53149 20141016  2.424 -111.29   38.30    21.4     8.3    14.8    14.9     0.0    16.74 C    33.6     4.5    14.5    39.5    15.4    26.0 -99.000 -99.000 -99.000 -99.000 -99.000 -9999.0 -9999.0 -9999.0 -9999.0 -9999.0
53149 20141017  2.424 -111.29   38.30    20.4     5.9    13.1    13.7     0.0    14.79 C    31.4     3.8    14.1    44.0    15.9    28.2 -99.000 -99.000 -99.000 -99.000 -99.000 -9999.0 -9999.0 -9999.0 -9999.0 -9999.0
53149 20141018  2.424 -111.29   38.30    19.4     9.1    14.3    14.2     0.0    11.95 C    30.0     7.3    14.7    42.7    22.6    31.1 -99.000 -99.000 -99.000 -99.000 -99.000 -9999.0 -9999.0 -9999.0 -9999.0 -9999.0
53149 20141019  2.424 -111.29   38.30    19.5     6.2    12.8    13.0     0.0    16.07 C    31.5     4.1    13.9    56.4    24.4    38.6 -99.000 -99.000 -99.000 -99.000 -99.000 -9999.0 -9999.0 -9999.0 -9999.0 -9999.0
53149 20141020  2.424 -111.29   38.30    19.5     6.5    13.0    12.8     0.0    14.25 C    30.8     4.3    13.0    56.2    29.7    43.8 -99.000 -99.000 -99.000 -99.000 -99.000 -9999.0 -9999.0 -9999.0 -9999.0 -9999.0
53149 20141021  2.424 -111.29   38.30    21.9     7.9    14.9    13.5     0.0    11.61 C    30.9     5.3    13.5    62.1    19.6    45.4 -99.000 -99.000 -99.000 -99.000 -99.000 -9999.0 -9999.0 -9999.0 -9999.0 -9999.0
53149 20141022  2.424 -111.29   38.30    18.9     7.7    13.3    13.1     0.0    13.13 C    28.9     5.9    12.7    55.7    27.2    40.7 -99.000 -99.000 -99.000 -99.000 -99.000 -9999.0 -9999.0 -9999.0 -9999.0 -9999.0
53149 20141023  2.424 -111.29   38.30    20.0     5.5    12.7    12.7     0.0    14.57 C    30.2     3.0    12.3    49.3    19.0    33.6 -99.000 -99.000 -99.000 -99.000 -99.000 -9999.0 -9999.0 -9999.0 -9999.0 -9999.0
53149 20141024  2.424 -111.29   38.30    21.5     7.2    14.3    13.9     0.0    15.69 C    29.9     3.4    13.0    41.5    19.6    30.4 -99.000 -99.000 -99.000 -99.000 -99.000 -9999.0 -9999.0 -9999.0 -9999.0 -9999.0
53149 20141025  2.424 -111.29   38.30    22.7     6.0    14.3    14.1     0.0    14.15 C    30.8     3.2    13.2    46.0    14.6    33.3 -99.000 -99.000 -99.000 -99.000 -99.000 -9999.0 -9999.0 -9999.0 -9999.0 -9999.0
53149 20141026  2.424 -111.29   38.30    20.9     9.7    15.3    15.1     0.0    12.96 C    31.7     5.9    13.2    51.5    17.4    33.7 -99.000 -99.000 -99.000 -99.000 -99.000 -9999.0 -9999.0 -9999.0 -9999.0 -9999.0
53149 20141027  2.424 -111.29   38.30    12.6     3.6     8.1     7.8     0.0    14.31 C    25.1     1.2     8.5    48.9    14.3    30.5 -99.000 -99.000 -99.000 -99.000 -99.000 -9999.0 -9999.0 -9999.0 -9999.0 -9999.0
53149 20141028  2.424 -111.29   38.30    13.3    -0.2     6.5     6.8     0.0    15.09 C    24.6    -2.2     7.5    44.3    16.8    27.8 -99.000 -99.000 -99.000 -99.000 -99.000 -9999.0 -9999.0 -9999.0 -9999.0 -9999.0
53149 20141029  2.424 -111.29   38.30    15.9     1.7     8.8     8.4     0.0    14.74 C    25.4    -1.1     8.3    36.5    14.9    25.3 -99.000 -99.000 -99.000 -99.000 -99.000 -9999.0 -9999.0 -9999.0 -9999.0 -9999.0
53149 20141030  2.424 -111.29   38.30    16.0     2.3     9.2     9.4     0.0    14.52 C    26.9    -0.2     9.2    40.0    15.3    25.8 -99.000 -99.000 -99.000 -99.000 -99.000 -9999.0 -9999.0 -9999.0 -9999.0 -9999.0
53149 20141031  2.424 -111.29   38.30    16.6     3.6    10.1    10.0     0.0    10.30 C    25.3     1.8     9.1    38.3    19.4    29.4 -99.000 -99.000 -99.000 -99.000 -99.000 -9999.0 -9999.0 -9999.0 -9999.0 -9999.0
53149 20141101  2.424 -111.29   38.30    18.1     8.6    13.3    13.3     0.0    15.47 C    33.1     5.1    13.2    55.0    26.7    40.0 -99.000 -99.000 -99.000 -99.000 -99.000 -9999.0 -9999.0 -9999.0 -9999.0 -9999.0
53149 20141102  2.424 -111.29   38.30    11.1     2.3     6.7     6.9     0.3     7.35 C    23.4     0.0     7.7    81.5    25.0    48.2 -99.000 -99.000 -99.000 -99.000 -99.000 -9999.0 -9999.0 -9999.0 -9999.0 -9999.0
53149 20141103  2.424 -111.29   38.30     7.6     0.1     3.8     3.1     0.0     9.62 C    18.8    -3.0     3.0    61.2    29.1    47.0 -99.000 -99.000 -99.000 -99.000 -99.000 -9999.0 -9999.0 -9999.0 -9999.0 -9999.0
53149 20141104  2.424 -111.29   38.30     9.8    -3.0     3.4     2.9     0.0    13.86 C    21.0    -5.4     3.3    59.0    23.7    39.7 -99.000 -99.000 -99.000 -99.000 -99.000 -9999.0 -9999.0 -9999.0 -9999.0 -9999.0
53149 20141105  2.424 -111.29   38.30    13.3     0.3     6.8     6.3     0.0    13.46 C    23.0    -2.5     5.8    46.9    24.4    32.9 -99.000 -99.000 -99.000 -99.000 -99.000 -9999.0 -9999.0 -9999.0 -9999.0 -9999.0
53149 20141106  2.424 -111.29   38.30    13.6    -0.2     6.7     6.5     0.0    13.30 C    22.2    -2.8     5.9    57.9    27.9    42.0 -99.000 -99.000 -99.000 -99.000 -99.000 -9999.0 -9999.0 -9999.0 -9999.0 -9999.0
53149 20141107  2.424 -111.29   38.30    15.7     2.2     9.0     9.3     0.0    13.35 C    27.3    -1.3     7.4    50.5    22.0    34.5 -99.000 -99.000 -99.000 -99.000 -99.000 -9999.0 -9999.0 -9999.0 -9999.0 -9999.0
53149 20141108  2.424 -111.29   38.30    14.4     1.5     8.0     8.0     0.0    13.16 C    22.5    -1.3     7.0    54.0    28.7    40.4 -99.000 -99.000 -99.000 -99.000 -99.000 -9999.0 -9999.0 -9999.0 -9999.0 -9999.0
53149 20141109  2.424 -111.29   38.30    14.1     2.5     8.3     8.8     0.0    11.91 C    20.4    -0.6     7.0    41.7    22.2    31.2 -99.000 -99.000 -99.000 -99.000 -99.000 -9999.0 -9999.0 -9999.0 -9999.0 -9999.0
53149 20141110  2.424 -111.29   38.30    16.3     0.5     8.4    10.1     0.0    12.84 C    18.0    -3.2     6.5    40.1    16.0    27.3 -99.000 -99.000 -99.000 -99.000 -99.000 -9999.0 -9999.0 -9999.0 -9999.0 -9999.0
53149 20141111  2.424 -111.29   38.30     9.9    -3.7     3.1     3.6     0.0    12.65 C    15.7    -5.9     2.3    53.6    22.0    35.6 -99.000 -99.000 -99.000 -99.000 -99.000 -9999.0 -9999.0 -9999.0 -9999.0 -9999.0
53149 20141112  2.424 -111.29   38.30     8.6    -2.9     2.9     3.4     0.0    11.62 C    13.7    -5.6     2.5    53.9    30.6    38.9 -99.000 -99.000 -99.000 -99.000 -99.000 -9999.0 -9999.0 -9999.0 -9999.0 -9999.0
53149 20141113  2.424 -111.29   38.30    -0.1    -5.5    -2.8    -2.8     3.0     6.57 C    10.4    -7.4    -1.4    94.8    33.8    54.3 -99.000 -99.000 -99.000 -99.000 -99.000 -9999.0 -9999.0 -9999.0 -9999.0 -9999.0
53149 20141114  2.424 -111.29   38.30     4.1    -3.8     0.2    -0.4     3.6     5.70 C     8.2    -6.9    -0.8    96.5    75.1    86.9 -99.000 -99.000 -99.000 -99.000 -99.000 -9999.0 -9999.0 -9999.0 -9999.0 -9999.0
53149 20141115  2.424 -111.29   38.30     8.7    -4.0     2.3     3.8     3.4     8.82 C    10.8    -5.5     1.0    94.9    32.5    56.4 -99.000 -99.000 -99.000 -99.000 -99.000 -9999.0 -9999.0 -9999.0 -9999.0 -9999.0
53149 20141116  2.424 -111.29   38.30     0.4    -8.4    -4.0    -4.0     0.0    12.27 C     2.2   -10.6    -6.0    63.5    30.2    44.0 -99.000 -99.000 -99.000 -99.000 -99.000 -9999.0 -9999.0 -9999.0 -9999.0 -9999.0
53149 20141117  2.424 -111.29   38.30     1.9    -5.4    -1.8    -1.8     0.0    11.99 C     4.8    -8.9    -4.2    57.0    37.5    45.5 -99.000 -99.000 -99.000 -99.000 -99.000 -9999.0 -9999.0 -9999.0 -9999.0 -9999.0
53149 20141118  2.424 -111.29   38.30     3.6    -4.3    -0.4    -0.4     0.0    12.02 C     7.3    -7.9    -3.1    65.5    34.6    44.8 -99.000 -99.000 -99.000 -99.000 -99.000 -9999.0 -9999.0 -9999.0 -9999.0 -9999.0
53149 20141119  2.424 -111.29   38.30     2.6    -4.1    -0.7    -0.8     0.0     7.38 C     8.1    -7.1    -2.2    65.3    36.0    48.8 -99.000 -99.000 -99.000 -99.000 -99.000 -9999.0 -9999.0 -9999.0 -9999.0 -9999.0
53149 20141120  2.424 -111.29   38.30     5.3    -2.5     1.4     0.8     0.0     9.76 C    12.7    -5.1     0.4    68.8    32.9    52.0 -99.000 -99.000 -99.000 -99.000 -99.000 -9999.0 -9999.0 -9999.0 -9999.0 -9999.0
53149 20141121  2.424 -111.29   38.30     6.3    -3.3     1.5     0.9     0.0    10.90 C    10.9    -5.8    -1.1    71.4    30.6    52.2 -99.000 -99.000 -99.000 -99.000 -99.000 -9999.0 -9999.0 -9999.0 -9999.0 -9999.0
53149 20141122  2.424 -111.29   38.30    10.1    -1.9     4.1     4.3     0.0     7.27 C    13.3    -5.4     1.3    79.1    29.6    50.4 -99.000 -99.000 -99.000 -99.000 -99.000 -9999.0 -9999.0 -9999.0 -9999.0 -9999.0
53149 20141123  2.424 -111.29   38.30     3.7    -1.9     0.9     0.2     0.0    11.35 C     7.0    -6.0    -2.1    80.4    18.4    43.5 -99.000 -99.000 -99.000 -99.000 -99.000 -9999.0 -9999.0 -9999.0 -9999.0 -9999.0
53149 20141124  2.424 -111.29   38.30     3.2    -2.7     0.3     0.2     0.0    11.13 C     7.9    -7.1    -2.9    54.8    22.9    34.6 -99.000 -99.000 -99.000 -99.000 -99.000 -9999.0 -9999.0 -9999.0 -9999.0 -9999.0
53149 20141125  2.424 -111.29   38.30    10.9    -2.9     4.0     5.0     0.0    10.26 C    13.0    -7.5     1.0    46.6    19.2    32.3 -99.000 -99.000 -99.000 -99.000 -99.000 -9999.0 -9999.0 -9999.0 -9999.0 -9999.0
53149 20141126  2.424 -111.29   38.30    14.5     4.0     9.3     9.2     0.0     7.52 C    15.3    -2.0     3.7    49.6    20.6    34.8 -99.000 -99.000 -99.000 -99.000 -99.000 -9999.0 -9999.0 -9999.0 -9999.0 -9999.0
53149 20141127  2.424 -111.29   38.30     9.1    -0.5     4.3     4.2     0.0     9.33 C    14.7    -4.1     1.4    56.5    25.5    39.5 -99.000 -99.000 -99.000 -99.000 -99.000 -9999.0 -9999.0 -9999.0 -9999.0 -9999.0
53149 20141128  2.424 -111.29   38.30     8.9    -2.3     3.3     2.9     0.0    10.52 C    12.4    -6.0    -0.4    58.9    32.9    46.2 -99.000 -99.000 -99.000 -99.000 -99.000 -9999.0 -9999.0 -9999.0 -9999.0 -9999.0
53149 20141129  2.424 -111.29   38.30    16.0     1.0     8.5     8.4     0.0    10.40 C    17.4    -6.2     1.5    50.0    10.0    21.5 -99.000 -99.000 -99.000 -99.000 -99.000 -9999.0 -9999.0 -9999.0 -9999.0 -9999.0
53149 20141130  2.424 -111.29   38.30    12.4     1.9     7.1     7.6     0.0     5.40 C    13.9    -3.2     2.9    42.3    16.6    26.8 -99.000 -99.000 -99.000 -99.000 -99.000 -9999.0 -9999.0 -9999.0 -9999.0 -9999.0
53149 20141201  2.424 -111.29   38.30    12.1     1.3     6.7     5.8     0.0    10.50 C    14.2    -2.9     1.9    54.6    24.8    39.8 -99.000 -99.000 -99.000 -99.000 -99.000 -9999.0 -9999.0 -9999.0 -9999.0 -9999.0
53149 20141202  2.424 -111.29   38.30     6.5    -0.3     3.1     3.0     1.6     5.70 C    10.2    -3.6     1.9    94.7    36.6    53.9 -99.000 -99.000 -99.000 -99.000 -99.000 -9999.0 -9999.0 -9999.0 -9999.0 -9999.0
53149 20141203  2.424 -111.29   38.30     6.8     1.6     4.2     4.0     0.0     6.23 C    10.8     1.4     4.5    95.8    72.6    85.5 -99.000 -99.000 -99.000 -99.000 -99.000 -9999.0 -9999.0 -9999.0 -9999.0 -9999.0
53149 20141204  2.424 -111.29   38.30     6.1     4.0     5.1     4.9     0.0     3.14 C     9.8     1.6     5.4    92.6    82.7    86.6 -99.000 -99.000 -99.000 -99.000 -99.000 -9999.0 -9999.0 -9999.0 -9999.0 -9999.0
53149 20141205  2.424 -111.29   38.30     6.4    -0.1     3.1     3.8     0.0     3.89 C     8.8    -2.9     3.0    93.2    73.4    83.0 -99.000 -99.000 -99.000 -99.000 -99.000 -9999.0 -9999.0 -9999.0 -9999.0 -9999.0
53149 20141206  2.424 -111.29   38.30     7.0     1.8     4.4     4.8     0.3     4.10 C    12.8    -1.2     4.9    97.5    78.7    86.0 -99.000 -99.000 -99.000 -99.000 -99.000 -9999.0 -9999.0 -9999.0 -9999.0 -9999.0
53149 20141207  2.424 -111.29   38.30     8.1    -1.3     3.4     3.1     0.0    10.02 C    11.2    -3.9     0.7    89.5    59.2    76.0 -99.000 -99.000 -99.000 -99.000 -99.000 -9999.0 -9999.0 -9999.0 -9999.0 -9999.0
53149 20141208  2.424 -111.29   38.30     5.9    -1.5     2.2     2.4     0.0     5.59 C     8.9    -3.5     1.6    85.3    61.8    75.2 -99.000 -99.000 -99.000 -99.000 -99.000 -9999.0 -9999.0 -9999.0 -9999.0 -9999.0
53149 20141209  2.424 -111.29   38.30     6.2    -2.2     2.0     1.1     0.0     7.93 C    10.2    -4.9    -0.7    85.3    59.1    74.7 -99.000 -99.000 -99.000 -99.000 -99.000 -9999.0 -9999.0 -9999.0 -9999.0 -9999.0
53149 20141210  2.424 -111.29   38.30     6.3    -4.1     1.1     0.5     0.0     8.95 C     9.8    -6.5    -1.6    81.2    43.7    68.2 -99.000 -99.000 -99.000 -99.000 -99.000 -9999.0 -9999.0 -9999.0 -9999.0 -9999.0
53149 20141211  2.424 -111.29   38.30     3.9    -3.7     0.1     0.0     0.0     5.26 C     9.4    -6.0    -0.6    82.1    64.5    73.8 -99.000 -99.000 -99.000 -99.000 -99.000 -9999.0 -9999.0 -9999.0 -9999.0 -9999.0
53149 20141212  2.424 -111.29   38.30     7.3    -0.5     3.4     3.5     0.0     6.79 C     9.8    -3.6     2.5    83.7    53.7    69.3 -99.000 -99.000 -99.000 -99.000 -99.000 -9999.0 -9999.0 -9999.0 -9999.0 -9999.0
53149 20141213  2.424 -111.29   38.30     7.0     0.3     3.6     3.1     1.1     5.09 C    10.1    -4.1     1.6    87.5    47.2    67.8 -99.000 -99.000 -99.000 -99.000 -99.000 -9999.0 -9999.0 -9999.0 -9999.0 -9999.0
53149 20141214  2.424 -111.29   38.30     3.4    -3.8    -0.2    -0.5     0.0    10.04 C     5.7    -7.2    -3.6    62.0    24.0    44.7 -99.000 -99.000 -99.000 -99.000 -99.000 -9999.0 -9999.0 -9999.0 -9999.0 -9999.0
53149 20141215  2.424 -111.29   38.30     1.2    -6.8    -2.8    -2.2     0.0     8.66 C     4.1    -9.5    -3.8    54.9    25.5    42.5 -99.000 -99.000 -99.000 -99.000 -99.000 -9999.0 -9999.0 -9999.0 -9999.0 -9999.0
53149 20141216  2.424 -111.29   38.30     2.3    -4.4    -1.1    -1.2     0.0     8.82 C    10.4    -6.1    -1.4    64.0    44.2    54.2 -99.000 -99.000 -99.000 -99.000 -99.000 -9999.0 -9999.0 -9999.0 -9999.0 -9999.0
53149 20141217  2.424 -111.29   38.30     1.2    -3.1    -1.0    -1.0     0.2     4.05 C     6.5    -4.6    -0.2    94.5    57.4    73.9 -99.000 -99.000 -99.000 -99.000 -99.000 -9999.0 -9999.0 -9999.0 -9999.0 -9999.0
53149 20141218  2.424 -111.29   38.30     3.6    -3.9    -0.2    -0.8     0.0     8.46 C     9.8    -7.0    -2.0    81.7    51.7    70.6 -99.000 -99.000 -99.000 -99.000 -99.000 -9999.0 -9999.0 -9999.0 -9999.0 -9999.0
53149 20141219  2.424 -111.29   38.30     2.1    -6.2    -2.0    -2.1     0.0     8.32 C     6.4    -8.9    -3.3    82.5    43.1    65.9 -99.000 -99.000 -99.000 -99.000 -99.000 -9999.0 -9999.0 -9999.0 -9999.0 -9999.0
53149 20141220  2.424 -111.29   38.30     0.5    -3.2    -1.3    -1.5     0.0     2.86 C     6.5    -5.5    -0.3    90.7    74.6    84.2 -99.000 -99.000 -99.000 -99.000 -99.000 -9999.0 -9999.0 -9999.0 -9999.0 -9999.0
53149 20141221  2.424 -111.29   38.30    12.9    -3.0     5.0     3.9     0.0     6.56 C    14.3    -5.5     1.8    94.9    40.6    73.2 -99.000 -99.000 -99.000 -99.000 -99.000 -9999.0 -9999.0 -9999.0 -9999.0 -9999.0
53149 20141222  2.424 -111.29   38.30     8.4     0.0     4.2     5.6     2.1     5.71 C     9.3    -4.6     1.6    88.0    36.0    58.7 -99.000 -99.000 -99.000 -99.000 -99.000 -9999.0 -9999.0 -9999.0 -9999.0 -9999.0
53149 20141223  2.424 -111.29   38.30     3.5    -2.6     0.5    -0.1     0.0     9.92 C     6.1    -7.0    -3.4    56.8    16.0    35.4 -99.000 -99.000 -99.000 -99.000 -99.000 -9999.0 -9999.0 -9999.0 -9999.0 -9999.0
53149 20141224  2.424 -111.29   38.30    -0.2    -5.6    -2.9    -2.6     0.0     7.36 C     4.4    -8.3    -3.8    57.2    33.8    45.0 -99.000 -99.000 -99.000 -99.000 -99.000 -9999.0 -9999.0 -9999.0 -9999.0 -9999.0
53149 20141225  2.424 -111.29   38.30    -0.9    -5.0    -2.9    -3.5     1.5     5.13 C    -1.4    -7.8    -5.1    93.0    41.5    57.0 -99.000 -99.000 -99.000 -99.000 -99.000 -9999.0 -9999.0 -9999.0 -9999.0 -9999.0
53149 20141226  2.424 -111.29   38.30    -1.8    -8.1    -5.0    -4.7     0.0     5.50 C     1.2   -11.4    -6.4    55.7    31.8    46.8 -99.000 -99.000 -99.000 -99.000 -99.000 -9999.0 -9999.0 -9999.0 -9999.0 -9999.0
53149 20141227  2.424 -111.29   38.30    -2.2   -10.9    -6.6    -6.6     0.0    10.17 C     1.9   -13.6    -7.9    57.4    28.6    44.6 -99.000 -99.000 -99.000 -99.000 -99.000 -9999.0 -9999.0 -9999.0 -9999.0 -9999.0
53149 20141228  2.424 -111.29   38.30    -0.5    -9.3    -4.9    -5.2     0.0     9.70 C     2.7   -11.9    -7.0    58.4    36.2    48.4 -99.000 -99.000 -99.000 -99.000 -99.000 -9999.0 -9999.0 -9999.0 -9999.0 -9999.0
53149 20141229  2.424 -111.29   38.30    -1.5    -9.7    -5.6    -5.8     0.0     8.00 C     2.1   -11.7    -7.0    89.6    30.7    59.9 -99.000 -99.000 -99.000 -99.000 -99.000 -9999.0 -9999.0 -9999.0 -9999.0 -9999.0
53149 20141230  2.424 -111.29   38.30    -8.1   -10.8    -9.5    -9.3     1.0     4.37 C    -2.7   -13.4    -8.3    77.7    57.2    68.9 -99.000 -99.000 -99.000 -99.000 -99.000 -9999.0 -9999.0 -9999.0 -9999.0 -9999.0
53149 20141231  2.424 -111.29   38.30    -6.5   -11.3    -8.9    -9.2     5.1     3.20 C    -6.9   -13.6    -9.0    91.3    58.9    78.6 -99.000 -99.000 -99.000 -99.000 -99.000 -9999.0 -9999.0 -9999.0 -9999.0 -9999.0
