63828 20140101  2.412  -84.47   31.31    11.5     6.7     9.1     9.1     1.7     3.14 C    15.2     7.5    10.2    94.2    82.5    90.2   0.133   0.120   0.120   0.140   0.227    12.1    12.4    13.0    13.2    15.5
63828 20140102  2.412  -84.47   31.31    13.9     2.6     8.3    10.6     9.5     1.52 C    15.4     1.7    10.8    95.2    49.7    86.3   0.153   0.140   0.124   0.143   0.225    12.6    12.9    13.3    13.5    15.5
63828 20140103  2.412  -84.47   31.31     5.6    -5.1     0.3    -0.1     0.0    14.49 C    14.7    -6.6     2.0    88.5    31.1    56.6   0.141   0.132   0.127   0.145   0.223     9.5    10.2    12.2    12.5    15.4
63828 20140104  2.412  -84.47   31.31    13.7    -5.5     4.1     4.6     0.0    11.81 C    22.3    -6.9     6.3    90.6    53.2    67.8   0.134   0.125   0.123   0.142   0.222     8.9     9.3    11.0    11.3    15.2
63828 20140105  2.412  -84.47   31.31    18.3     6.7    12.5    12.1     0.9     9.29 C    26.7     6.8    14.2    92.6    62.0    77.8   0.131   0.121   0.120   0.139   0.221    11.8    11.7    11.8    12.0    14.8
63828 20140106  2.412  -84.47   31.31    17.4    -4.3     6.5     4.0     6.0    11.38 C    16.8    -4.7     6.0    92.2    31.4    60.2   0.147   0.134   0.122   0.141   0.220    11.3    11.8    12.5    12.7    14.7
63828 20140107  2.412  -84.47   31.31    -0.9    -9.0    -4.9    -5.3     0.0    13.30 C    11.9    -9.0    -2.0    80.8    30.4    45.4   0.137   0.127   0.122   0.140   0.220     7.2     8.1    10.6    10.9    14.7
63828 20140108  2.412  -84.47   31.31     8.3    -9.5    -0.6    -0.4     0.0    14.59 C    17.3    -9.9     2.3    89.8    19.3    56.5   0.131   0.122   0.120   0.138   0.219     6.6     7.2     9.4     9.7    14.4
63828 20140109  2.412  -84.47   31.31    15.2     4.3     9.7     9.5     2.8     6.03 C    22.1     3.7    10.9    93.4    37.0    57.6   0.129   0.119   0.118   0.136   0.218     9.3     9.4    10.0    10.2    13.9
63828 20140110  2.412  -84.47   31.31    18.7     9.8    14.2    12.5     3.0     3.65 C    18.3    10.3    13.5    99.1    93.1    95.0   0.145   0.130   0.117   0.137   0.217    11.6    11.5    11.3    11.4    13.7
63828 20140111  2.412  -84.47   31.31    20.8    10.5    15.7    17.6    11.8     3.43 C    21.7     7.4    17.0   100.0    45.9    86.3   0.151   0.139   0.127   0.142   0.216    14.2    14.0    13.0    13.0    13.8
63828 20140112  2.412  -84.47   31.31    17.5     1.2     9.3     8.1     0.0    15.15 C    26.3    -0.3     9.3    96.9    25.3    70.6   0.143   0.133   0.130   0.149   0.216    11.9    12.3    12.8    13.0    14.1
63828 20140113  2.412  -84.47   31.31    18.8     1.2    10.0     9.6    11.4    10.03 C    26.8     0.3    10.8    95.9    38.7    79.3   0.144   0.132   0.126   0.145   0.219    11.3    11.5    12.2    12.4    14.2
63828 20140114  2.412  -84.47   31.31    18.2     2.0    10.1    12.2     3.9    13.99 C    26.4     0.4    13.5    96.5    33.7    77.8   0.154   0.143   0.136   0.153   0.220    13.1    13.2    13.0    13.1    14.2
63828 20140115  2.412  -84.47   31.31    14.3    -1.6     6.3     5.4     0.0    13.48 C    23.5    -2.5     6.5    96.9    41.3    72.9   0.139   0.129   0.129   0.148   0.225    10.7    11.2    12.3    12.5    14.3
63828 20140116  2.412  -84.47   31.31     9.2    -5.2     2.0     1.4     0.0    15.24 C    19.1    -7.4     2.8    92.1    22.5    59.9   0.132   0.123   0.124   0.143   0.225     8.7     9.4    11.2    11.4    14.3
63828 20140117  2.412  -84.47   31.31    16.6    -1.1     7.7     8.2     0.0    12.88 C    24.6    -2.6     8.1    85.0    21.9    52.4   0.128   0.119   0.120   0.140   0.224     9.1     9.4    10.7    10.9    14.0
63828 20140118  2.412  -84.47   31.31    10.4    -4.3     3.0     3.1     0.0    15.59 C    20.2    -7.4     4.0    71.9    16.1    41.3   0.124   0.117   0.118   0.137   0.221     8.2     8.7    10.3    10.6    13.8
63828 20140119  2.422  -84.47   31.31 -9999.0 -9999.0 -9999.0 -9999.0 -9999.0 -9999.00 U -9999.0 -9999.0 -9999.0 -9999.0 -9999.0 -9999.0 -99.000 -99.000 -99.000 -99.000 -99.000 -9999.0 -9999.0 -9999.0 -9999.0 -9999.0
63828 20140120  2.422  -84.47   31.31    18.8    -2.9     8.0     7.1     0.0    15.12 C    31.3    -4.6     7.2    95.9    25.4    67.7   0.119   0.112   0.114   0.134   0.219     9.0     9.4    10.3    10.5    13.2
63828 20140121  2.422  -84.47   31.31    17.2     0.4     8.8     8.8     0.0    12.19 C    29.7    -3.2     8.0    97.1    26.8    66.1   0.116   0.111   0.113   0.133   0.217     9.6     9.9    10.6    10.8    13.3
63828 20140122  2.422  -84.47   31.31     7.0    -4.6     1.2     0.0     0.0    15.49 C    24.5    -6.9     2.5    78.0    16.3    46.3   0.113   0.109   0.111   0.131   0.216     8.1     8.7    10.2    10.4    13.2
63828 20140123  2.422  -84.47   31.31     8.5    -4.8     1.9     1.0     0.0    11.96 C    27.2    -7.1     3.1    91.0    26.6    60.6   0.110   0.107   0.110   0.130   0.215     7.6     8.1     9.6     9.8    13.1
63828 20140124  2.422  -84.47   31.31     3.8    -2.6     0.6     1.3     0.0    11.91 C    24.3    -4.8     5.1    58.4    15.9    29.0   0.108   0.106   0.108   0.128   0.214     7.6     8.0     9.3     9.5    12.9
63828 20140125  2.422  -84.47   31.31    11.3    -4.6     3.4     4.3     0.0     5.63 C    19.9    -6.6     4.3    96.8    47.4    70.7   0.105   0.104   0.108   0.127   0.212     7.7     8.1     9.3     9.4    12.7
63828 20140126  2.422  -84.47   31.31    15.7    -1.1     7.3     6.9     0.0    10.21 C    32.1    -3.5     7.8   100.0    30.2    73.5   0.103   0.103   0.107   0.127   0.212     8.5     8.7     9.5     9.6    12.6
63828 20140127  2.422  -84.47   31.31    21.1     7.4    14.2    13.2     2.2     8.47 C    36.5     4.0    14.1    96.2    52.7    82.5   0.102   0.102   0.106   0.126   0.211    10.8    10.8    10.5    10.6    12.5
63828 20140128  2.422  -84.47   31.31    12.0     0.5     6.2     4.1     9.7     2.09 C    11.1     2.3     5.8    96.0    39.3    70.5   0.111   0.105   0.106   0.126   0.210     9.9    10.3    11.0    11.1    12.6
63828 20140129  2.422  -84.47   31.31     0.9    -4.2    -1.6    -2.7     0.4     3.21 C     3.8    -4.0     0.1    93.6    72.0    81.9   0.148   0.136   0.113   0.131   0.210     7.0     7.7     9.4     9.8    12.8
63828 20140130  2.422  -84.47   31.31     5.7    -4.5     0.6    -0.1     0.0    11.64 C    23.3    -5.9     2.1    91.7    41.7    72.1   0.140   0.129   0.114   0.131   0.206     6.7     7.2     8.7     9.0    12.6
63828 20140131  2.422  -84.47   31.31    11.8    -4.5     3.6     2.9     0.0     9.58 C    25.1    -6.4     4.8    96.6    54.3    87.7   0.135   0.124   0.114   0.130   0.208     7.1     7.4     8.5     8.6    12.3
63828 20140201  2.422  -84.47   31.31    13.1     3.2     8.1     9.4     0.7     4.03 C    16.9     3.6    10.6    96.1    86.5    92.7   0.133   0.123   0.114   0.131   0.207     9.2     9.2     9.3     9.5    11.9
63828 20140202  2.422  -84.47   31.31    24.5    11.1    17.8    16.7     0.0    10.16 C    37.5    10.5    17.7    96.9    48.3    83.6   0.133   0.121   0.114   0.131   0.207    12.4    12.1    10.9    11.0    12.1
63828 20140203  2.422  -84.47   31.31    20.9    16.0    18.5    18.2     2.9     4.83 C    28.8    15.0    18.2    94.6    72.3    89.4   0.137   0.123   0.113   0.132   0.207    14.7    14.5    12.9    12.9    12.2
63828 20140204  2.422  -84.47   31.31    25.5    13.4    19.5    17.8     6.5     8.35 C    34.8    12.2    18.2    95.2    49.1    84.5   0.152   0.138   0.120   0.136   0.207    15.5    15.3    13.7    14.0    12.9
63828 20140205  2.422  -84.47   31.31    21.3     4.4    12.9    16.0     0.9    12.76 C    30.5     2.4    17.0    89.9    44.4    70.9   0.145   0.132   0.124   0.139   0.207    16.2    16.2    14.9    14.9    13.4
63828 20140206  2.422  -84.47   31.31     6.7     1.2     4.0     3.8     2.3     6.34 C    19.7     0.1     6.3    93.3    52.9    74.9   0.138   0.125   0.122   0.138   0.208    12.0    12.6    13.7    13.7    13.9
63828 20140207  2.422  -84.47   31.31    13.8    -1.0     6.4     5.5     0.0    15.27 C    27.6    -1.5     8.1    96.7    42.1    78.6   0.140   0.125   0.120   0.139   0.209    11.2    11.5    12.2    12.7    14.0
63828 20140208  2.422  -84.47   31.31    16.7     4.2    10.5     9.4     4.4    14.85 C    29.6     3.0    12.5    96.2    48.8    81.9   0.147   0.131   0.121   0.139   0.210    12.4    12.5    12.6    12.7    13.9
63828 20140209  2.422  -84.47   31.31    19.7     2.1    10.9     9.8     0.0    16.25 C    33.2     1.4    11.8    96.7    40.0    77.2   0.141   0.127   0.121   0.139   0.210    12.4    12.5    12.7    12.8    13.8
63828 20140210  2.422  -84.47   31.31    21.5     3.5    12.5    13.0     0.0    13.97 C    35.7     1.7    14.4    96.7    49.1    78.1   0.134   0.123   0.119   0.137   0.210    12.9    13.0    12.9    13.0    13.8
63828 20140211  2.422  -84.47   31.31    14.8     5.3    10.0    10.5     0.0     5.41 C    22.3     6.4    12.2    88.8    71.6    77.6   0.130   0.119   0.118   0.136   0.210    13.5    13.6    13.5    13.6    13.9
63828 20140212  2.422  -84.47   31.31     5.6     1.8     3.7     3.7    70.9     1.25 C     9.7     3.4     5.4    94.8    87.5    92.8   0.175   0.155   0.143   0.154   0.219     9.5    10.2    12.0    12.2    14.0
63828 20140213  2.422  -84.47   31.31    12.6    -0.4     6.1     4.5     0.0    15.00 C    24.8    -2.1     7.1    94.2    33.8    74.9   0.153   0.138   0.136   0.153   0.233     9.4     9.8    10.7    11.0    13.5
63828 20140214  2.422  -84.47   31.31    16.0    -2.6     6.7     7.7     0.0    15.72 C    29.4    -3.6     8.9    95.9    40.3    71.4   0.141   0.127   0.126   0.146   0.230     9.6     9.8    10.7    10.9    13.4
63828 20140215  2.422  -84.47   31.31    13.3     0.0     6.6     7.7     4.0    17.38 C    25.5    -1.0     9.4    92.6    33.9    67.4   0.149   0.131   0.123   0.143   0.227    10.9    11.1    11.3    11.5    13.2
63828 20140216  2.422  -84.47   31.31    18.7    -2.4     8.2     7.5     0.0    18.02 C    32.2    -3.0     9.5    95.8    28.2    67.4   0.139   0.125   0.122   0.140   0.224    10.4    10.6    11.1    11.3    13.1
63828 20140217  2.422  -84.47   31.31    21.7     1.4    11.6    12.0     0.0    16.05 C    34.7     0.1    13.1    96.4    26.9    70.1   0.132   0.121   0.120   0.139   0.222    11.6    11.6    11.6    11.7    13.1
63828 20140218  2.422  -84.47   31.31    23.3    12.0    17.7    17.2     0.0     9.45 C    32.7     8.2    17.4    91.6    57.6    76.6   0.128   0.119   0.118   0.138   0.220    13.9    13.7    12.8    12.8    13.1
63828 20140219  2.422  -84.47   31.31    24.6     8.2    16.4    16.3     0.0    14.74 C    36.4     4.4    16.9    96.1    45.8    78.7   0.122   0.116   0.117   0.136   0.219    14.8    14.7    13.8    13.8    13.4
63828 20140220  2.422  -84.47   31.31    26.5    13.0    19.7    18.8     0.0    12.91 C    37.4     7.7    18.9    95.9    40.9    78.7   0.115   0.113   0.115   0.135   0.218    15.7    15.5    14.5    14.5    13.7
63828 20140221  2.422  -84.47   31.31    21.2     5.9    13.5    15.8    29.4    14.43 C    30.3     4.9    17.3    93.3    29.2    72.2   0.147   0.136   0.129   0.144   0.217    16.6    16.6    15.4    15.4    14.0
63828 20140222  2.422  -84.47   31.31    20.0     2.7    11.4    10.6     0.0    16.52 C    33.8     1.1    11.9    95.8    21.5    64.4   0.142   0.131   0.128   0.148   0.221    14.2    14.3    14.8    14.8    14.4
63828 20140223  2.422  -84.47   31.31    16.8     4.3    10.5    11.8    35.3     2.07 C    18.9     3.9    11.9    95.1    87.6    92.7   0.160   0.145   0.139   0.155   0.225    13.2    13.5    14.0    14.1    14.6
63828 20140224  2.422  -84.47   31.31    22.5    11.3    16.9    16.7     0.9    16.85 C    33.3    10.1    18.8    95.6    38.5    77.1   0.152   0.138   0.134   0.152   0.233    16.2    16.0    14.8    14.9    14.6
63828 20140225  2.422  -84.47   31.31    24.0     6.2    15.1    14.7     0.0    15.36 C    36.8     5.7    16.3    96.1    35.6    73.2   0.139   0.128   0.127   0.146   0.231    15.8    15.8    15.3    15.3    14.7
63828 20140226  2.422  -84.47   31.31    13.6     5.1     9.3     9.3    12.3     1.99 C    14.3     5.1    11.0    95.2    60.7    87.2   0.158   0.142   0.129   0.147   0.228    14.3    14.7    15.1    15.2    14.9
63828 20140227  2.422  -84.47   31.31    12.6    -1.3     5.7     4.8     0.0    19.52 C    28.5    -2.4     8.4    90.5    19.6    50.6   0.149   0.136   0.130   0.148   0.225    12.5    12.9    13.8    14.0    14.9
63828 20140228  2.422  -84.47   31.31    16.2    -4.2     6.0     6.0     0.0    20.40 C    31.6    -5.2     9.3    94.6    22.1    60.8   0.138   0.127   0.125   0.144   0.225    11.7    12.0    13.0    13.2    14.8
63828 20140301  2.422  -84.47   31.31    20.4     1.9    11.2    11.0     0.0    19.98 C    34.8     0.8    13.6    93.1    24.7    63.0   0.130   0.123   0.121   0.141   0.224    13.3    13.4    13.4    13.5    14.6
63828 20140302  2.422  -84.47   31.31    24.4     3.3    13.8    13.9     0.0    19.84 C    37.3     1.9    14.9    96.1    27.1    65.2   0.121   0.118   0.119   0.138   0.222    14.0    14.0    13.9    13.9    14.5
63828 20140303  2.422  -84.47   31.31    23.9     6.1    15.0    14.9     0.0     7.69 C    32.9     6.1    15.3    93.0    60.4    77.7   0.112   0.114   0.117   0.136   0.220    14.9    14.9    14.5    14.6    14.6
63828 20140304  2.422  -84.47   31.31     7.4     5.3     6.3     6.0     0.0     3.58 C    14.7     6.1     8.6    88.6    73.9    80.2   0.108   0.111   0.115   0.135   0.219    12.7    13.3    14.1    14.1    14.7
63828 20140305  2.422  -84.47   31.31    11.2     3.2     7.2     6.9     3.8     7.82 C    20.9     5.5    10.3    93.6    72.6    84.7   0.109   0.108   0.112   0.133   0.218    12.4    12.7    13.3    13.4    14.7
63828 20140306  2.422  -84.47   31.31     9.3     3.3     6.3     6.7    24.2     2.71 C    12.3     5.3     8.7    93.9    86.7    91.4   0.160   0.146   0.130   0.145   0.216    11.8    12.2    13.0    13.2    14.6
63828 20140307  2.422  -84.47   31.31    12.9     3.2     8.1     6.5     0.3     8.16 C    22.5     2.9     8.7    96.4    60.9    84.2   0.151   0.137   0.132   0.151   0.217    11.4    11.7    12.4    12.6    14.4
63828 20140308  2.422  -84.47   31.31    19.5     0.6    10.0     9.8     0.0    20.78 C    34.1     0.2    12.7    96.9    45.3    78.1   0.141   0.130   0.127   0.146   0.220    12.6    12.6    12.6    12.8    14.3
63828 20140309  2.422  -84.47   31.31    22.7     6.4    14.5    13.8     0.0    18.74 C    37.7     4.6    15.8    96.1    39.4    74.5   0.132   0.125   0.123   0.143   0.221    14.2    14.1    13.5    13.6    14.2
63828 20140310  2.422  -84.47   31.31    25.7     6.9    16.3    16.1     0.0    20.78 C    37.7     4.8    17.0    96.6    34.6    67.7   0.121   0.120   0.120   0.140   0.220    15.3    15.2    14.4    14.4    14.3
63828 20140311  2.422  -84.47   31.31    25.2     8.0    16.6    16.8     3.1    16.28 C    38.0     6.0    18.1    96.3    39.0    71.6   0.109   0.114   0.118   0.137   0.219    15.7    15.8    15.1    15.1    14.5
63828 20140312  2.422  -84.47   31.31    23.3     8.3    15.8    17.3     3.9     9.84 C    32.8     5.6    17.6    93.9    47.3    73.1   0.126   0.115   0.116   0.136   0.219    17.0    16.9    15.9    15.9    14.7
63828 20140313  2.422  -84.47   31.31    16.2     1.4     8.8     8.2     0.0    22.43 C    32.2    -0.3    11.1    87.4    21.3    48.8   0.123   0.114   0.115   0.134   0.218    14.3    14.8    15.3    15.3    15.0
63828 20140314  2.422  -84.47   31.31    20.0    -1.0     9.5     9.9     0.0    22.11 C    35.6    -1.8    12.5    95.3    19.8    53.4   0.113   0.111   0.113   0.133   0.216    13.9    14.1    14.5    14.6    15.1
63828 20140315  2.422  -84.47   31.31    21.5     3.3    12.4    13.4     0.0    14.96 C    40.5     2.2    15.9    94.4    47.0    69.9   0.101   0.107   0.112   0.131   0.216    14.9    14.8    14.7    14.8    15.1
63828 20140316  2.422  -84.47   31.31    18.9    12.4    15.6    15.5    58.1     0.73 C    17.4    10.1    14.6    94.2    69.3    85.8   0.139   0.135   0.127   0.141   0.214    15.1    15.3    15.2    15.2    15.1
63828 20140317  2.422  -84.47   31.31    17.8    14.0    15.9    15.4     4.8     2.86 C    20.4    13.9    15.9    95.3    83.2    92.3   0.161   0.148   0.141   0.158   0.229    15.6    15.6    15.2    15.3    15.3
63828 20140318  2.422  -84.47   31.31    14.7     7.5    11.1    10.9     5.4    10.67 C    27.8     9.8    14.6    94.7    68.0    84.9   0.161   0.147   0.136   0.154   0.232    15.6    15.6    15.4    15.5    15.3
63828 20140319  2.422  -84.47   31.31    20.3     9.4    14.8    14.0     0.0    17.96 C    36.6     8.4    17.4    94.9    46.1    76.4   0.144   0.133   0.129   0.148   0.230    16.7    16.6    15.8    15.9    15.4
63828 20140320  2.422  -84.47   31.31    24.7     6.8    15.8    14.9     0.0    19.24 C    39.3     6.1    16.9    96.7    32.0    75.7   0.131   0.124   0.124   0.144   0.228    16.8    16.7    16.1    16.2    15.5
63828 20140321  2.422  -84.47   31.31    24.3     4.5    14.4    14.3     0.0    22.03 C    38.3     2.8    16.7    96.7    23.3    62.7   0.116   0.118   0.120   0.140   0.226    16.6    16.7    16.2    16.3    15.7
63828 20140322  2.422  -84.47   31.31    25.8     9.6    17.7    16.7     0.0    20.82 C    42.3     8.3    19.4    94.1    29.5    68.2   0.100   0.109   0.117   0.139   0.224    17.9    17.4    16.8    16.8    15.8
63828 20140323  2.422  -84.47   31.31    23.2    10.1    16.7    16.5     0.0    12.40 C    35.9     8.0    17.5    96.7    55.1    76.7   0.089   0.101   0.115   0.135   0.222    17.6    17.6    17.1    16.9    16.0
63828 20140324  2.422  -84.47   31.31    19.6    10.7    15.1    14.7     0.0    18.10 C    38.0     9.4    18.1    74.7    37.8    55.0   0.080   0.092   0.113   0.133   0.219    17.7    17.7    17.2    17.2    16.2
63828 20140325  2.422  -84.47   31.31    17.6     5.7    11.6    12.8     0.0    23.95 C    37.5     1.6    16.6    95.8    18.7    47.7   0.070   0.083   0.110   0.131   0.219    17.4    17.5    17.2    17.2    16.4
63828 20140326  2.422  -84.47   31.31    14.1    -2.1     6.0     6.2     0.0    22.98 C    39.5    -4.2    11.9    87.4    16.6    47.8   0.065   0.075   0.107   0.130   0.217    15.5    15.9    16.4    16.4    16.4
63828 20140327  2.422  -84.47   31.31    20.9     0.9    10.9    12.4     0.0    17.29 C    37.5    -0.1    15.7    90.6    31.5    62.7   0.063   0.070   0.105   0.127   0.212    15.7    15.9    16.1    16.1    16.4
63828 20140328  2.422  -84.47   31.31    18.1    13.9    16.0    16.1    47.8     1.01 C    18.3    11.3    15.7    94.9    70.9    87.3   0.107   0.103   0.116   0.135   0.215    16.2    16.3    16.3    16.3    16.3
63828 20140329  2.422  -84.47   31.31    23.1    11.8    17.4    18.0    10.5    15.33 C    34.5     9.4    19.0    94.2    52.7    73.1   0.155   0.146   0.140   0.159   0.221    17.8    17.7    16.8    16.8    16.4
63828 20140330  2.422  -84.47   31.31    20.8     7.3    14.0    12.7     0.0    25.29 C    38.8     5.4    16.7    80.8    27.7    55.6   0.136   0.129   0.131   0.150   0.232    17.3    17.4    17.0    17.1    16.2
63828 20140331  2.422  -84.47   31.31    25.4     2.9    14.2    13.7     0.0    25.72 C    42.9     1.7    17.1    95.8    15.8    57.8   0.121   0.119   0.124   0.145   0.230    17.3    17.2    16.9    16.8    16.6
63828 20140401  2.422  -84.47   31.31    27.2     5.6    16.4    16.6     0.0    24.19 C    43.6     4.2    18.9    95.8    20.4    56.7   0.104   0.110   0.120   0.140   0.227    17.9    17.8    17.3    17.3    16.6
63828 20140402  2.422  -84.47   31.31    27.0     6.8    16.9    17.4     0.0    23.76 C    44.2     5.0    20.2    96.7    29.9    68.5   0.087   0.100   0.117   0.137   0.225    18.7    18.2    17.8    17.7    16.8
63828 20140403  2.422  -84.47   31.31    29.5    10.5    20.0    19.9     0.0    22.61 C    45.5     7.5    21.8    96.4    29.7    64.0   0.072   0.089   0.114   0.135   0.223    19.6    19.5    18.4    18.3    16.9
63828 20140404  2.422  -84.47   31.31    27.7    15.0    21.4    20.4     0.0    17.96 C    47.9    10.4    23.6    93.9    35.8    71.2   0.064   0.078   0.111   0.132   0.221    20.3    20.4    19.0    19.0    16.9
63828 20140405  2.422  -84.47   31.31    24.1    15.1    19.6    19.7     0.2    10.93 C    42.9    13.0    22.7    91.6    58.3    77.6   0.062   0.069   0.107   0.130   0.218    20.6    20.5    19.0    19.4    17.4
63828 20140406  2.422  -84.47   31.31    18.4    15.2    16.8    17.0    20.3     2.20 C    21.7    16.5    18.0    94.5    89.4    92.0   0.098   0.092   0.107   0.129   0.218    19.3    19.5    19.3    19.0    17.7
63828 20140407  2.422  -84.47   31.31    22.1    18.4    20.3    19.7    80.6     1.58 C    21.4    17.2    19.2    93.6    77.5    89.9   0.159   0.144   0.140   0.148   0.225    19.0    19.0    18.4    18.8    17.9
63828 20140408  2.422  -84.47   31.31    19.7     9.6    14.6    14.6     0.0    21.02 C    36.8    10.0    19.1    93.3    41.8    70.9   0.144   0.135   0.135   0.153   0.235    19.6    19.6    18.9    19.0    18.0
63828 20140409  2.422  -84.47   31.31    21.6     8.1    14.9    14.0     0.0    21.04 C    41.9     7.4    18.2    92.5    31.0    66.0   0.129   0.122   0.127   0.146   0.231    19.2    19.4    19.0    19.0    18.1
63828 20140410  2.422  -84.47   31.31    24.2     5.0    14.6    15.4     0.0    25.49 C    42.9     4.5    19.3    95.9    25.2    59.6   0.112   0.113   0.122   0.142   0.228    19.2    19.3    18.9    18.9    18.1
63828 20140411  2.422  -84.47   31.31    24.8     7.5    16.2    16.3     0.0    22.54 C    43.1     6.8    20.0    96.1    41.3    71.5   0.095   0.103   0.118   0.138   0.225    19.6    19.6    19.1    19.1    18.1
63828 20140412  2.422  -84.47   31.31    27.9    10.4    19.1    18.9     0.0    22.34 C    46.9     9.4    22.1    96.3    37.5    70.0   0.079   0.092   0.114   0.135   0.223    20.6    20.5    19.5    19.5    18.2
63828 20140413  2.422  -84.47   31.31    28.1    13.1    20.6    19.9     0.0    22.98 C    46.6    11.0    22.8    95.3    29.7    68.8   0.067   0.080   0.110   0.132   0.221    21.0    21.2    20.0    19.7    18.4
63828 20140414  2.422  -84.47   31.31    27.7    14.9    21.3    22.4     0.7    13.07 C    42.2    14.6    23.8    92.8    48.2    67.8   0.061   0.068   0.106   0.130   0.219    21.6    21.6    20.4    20.4    18.5
63828 20140415  2.422  -84.47   31.31    19.5     5.2    12.3    13.7    32.7     6.68 C    22.3     6.2    16.3    94.4    64.2    84.0   0.146   0.138   0.127   0.141   0.217    19.8    20.2    19.8    20.3    18.8
63828 20140416  2.422  -84.47   31.31    18.2     2.8    10.5    10.7     0.0    27.62 C    37.6     3.8    16.4    77.4    30.9    53.8   0.135   0.129   0.131   0.148   0.217    18.4    18.6    18.8    19.0    18.8
63828 20140417  2.422  -84.47   31.31    20.2    10.2    15.2    15.0     0.0    16.81 C    41.5     9.8    19.2    72.1    57.5    65.1   0.123   0.121   0.125   0.145   0.219    19.2    19.2    18.9    19.0    18.7
63828 20140418  2.422  -84.47   31.31    16.6    12.1    14.3    13.1    87.2     1.96 C    16.3    13.1    14.4    94.0    59.5    90.2   0.174   0.166   0.154   0.165   0.229    17.1    17.5    18.3    18.5    18.7
63828 20140419  2.422  -84.47   31.31    15.3    11.2    13.2    13.2     1.5     5.99 C    22.9    12.8    15.7    93.2    81.7    89.0   0.150   0.143   0.140   0.157   0.237    16.9    17.1    17.4    17.6    18.5
63828 20140420  2.422  -84.47   31.31    18.3    10.3    14.3    13.5     0.0     7.69 C    25.7     9.7    15.5    95.9    65.9    83.0   0.140   0.134   0.131   0.150   0.233    17.3    17.5    17.5    17.7    18.3
63828 20140421  2.422  -84.47   31.31    25.4     7.7    16.5    16.3     0.0    27.05 C    41.8     7.1    20.4    96.5    35.9    73.3   0.129   0.124   0.126   0.146   0.229    19.0    18.8    17.9    18.1    18.1
63828 20140422  2.422  -84.47   31.31    26.0    11.0    18.5    18.5     0.0    18.61 C    44.9     9.6    21.3    96.2    47.6    78.6   0.115   0.115   0.122   0.142   0.226    20.0    20.0    18.9    19.0    18.1
63828 20140423  2.422  -84.47   31.31    27.8    13.8    20.8    20.2     0.0    24.35 C    46.2    12.1    23.9    96.0    41.2    75.6   0.102   0.107   0.119   0.139   0.224    21.6    21.4    19.8    19.8    18.0
63828 20140424  2.422  -84.47   31.31    29.3    14.4    21.8    21.8     0.0    22.37 C    47.5    13.2    24.9    95.5    34.9    66.2   0.086   0.094   0.115   0.136   0.222    22.3    22.2    20.6    20.6    18.6
63828 20140425  2.422  -84.47   31.31    28.3    17.0    22.7    21.6     0.0    17.03 C    43.6    14.7    23.9    93.5    48.7    77.0   0.075   0.083   0.112   0.133   0.220    22.7    22.6    21.2    21.2    18.9
63828 20140426  2.422  -84.47   31.31    28.8    15.3    22.1    21.5     0.0    26.64 C    48.8    12.8    25.8    99.0    35.5    70.8   0.067   0.072   0.107   0.131   0.219    23.3    23.0    21.5    21.6    19.2
63828 20140427  2.422  -84.47   31.31    28.2    15.5    21.8    21.7     0.0    17.87 C    47.1    13.8    24.3    95.8    50.3    76.8   0.062   0.062   0.102   0.128   0.217    23.4    23.3    22.0    22.0    19.4
63828 20140428  2.422  -84.47   31.31    30.2    15.2    22.7    23.6     0.0    17.04 C    45.8    12.7    26.0    95.6    50.1    76.7   0.059   0.056   0.097   0.124   0.216    23.7    23.6    22.1    22.2    19.8
63828 20140429  2.422  -84.47   31.31    23.4    18.0    20.7    20.5    23.7     3.88 C    25.1    18.5    20.6    93.4    58.2    84.4   0.114   0.097   0.098   0.122   0.215    22.2    22.5    22.0    22.0    20.0
63828 20140430  2.422  -84.47   31.31    22.0    17.6    19.8    19.0    78.2     3.77 C    22.8    17.4    19.2    94.2    69.4    87.8   0.166   0.154   0.150   0.159   0.228    20.5    20.8    20.9    21.0    20.2
63828 20140501  2.422  -84.47   31.31    20.0    13.0    16.5    15.6     4.6     5.92 C    22.1    13.8    17.7    94.8    78.3    88.3   0.150   0.140   0.137   0.155   0.235    20.1    20.3    20.4    20.5    20.2
63828 20140502  2.422  -84.47   31.31    19.6    12.8    16.2    15.7     0.6    12.03 C    30.6    13.4    18.6    94.6    52.9    80.7   0.143   0.133   0.132   0.151   0.232    20.1    20.2    20.0    20.2    20.1
63828 20140503  2.422  -84.47   31.31    24.7    11.6    18.1    17.3     0.0    26.60 C    42.2    11.5    22.2    95.1    30.3    66.3   0.131   0.123   0.127   0.147   0.229    21.4    21.4    20.4    20.6    19.9
63828 20140504  2.422  -84.47   31.31    29.0    10.0    19.5    19.3     0.0    27.61 C    46.0     9.1    23.4    95.6    28.7    65.9   0.116   0.112   0.122   0.143   0.227    22.1    22.1    21.0    21.1    19.9
63828 20140505  2.422  -84.47   31.31    30.7    12.5    21.6    21.9     0.0    27.54 C    47.3    11.0    25.2    94.9    31.4    64.0   0.100   0.101   0.118   0.139   0.225    23.2    23.1    21.7    21.7    20.1
63828 20140506  2.422  -84.47   31.31    29.4    13.4    21.4    21.1     0.0    27.89 C    47.3    10.9    25.1    95.7    28.8    66.2   0.085   0.088   0.112   0.134   0.223    23.8    23.9    22.3    22.0    20.2
63828 20140507  2.422  -84.47   31.31    30.6    11.0    20.8    21.1     0.0    26.51 C    47.9     9.3    24.7    96.0    34.0    68.5   0.073   0.075   0.107   0.132   0.221    23.8    24.0    22.5    22.5    20.5
63828 20140508  2.422  -84.47   31.31    31.4    15.3    23.4    23.1     0.0    25.33 C    48.0    13.9    26.5    95.6    32.7    67.8   0.066   0.063   0.101   0.129   0.219    24.5    24.6    22.9    22.6    20.7
63828 20140509  2.422  -84.47   31.31    29.2    18.2    23.7    23.1     0.0    15.92 C    45.0    16.5    25.1    94.9    44.2    75.2   0.062   0.056   0.096   0.124   0.217    24.5    24.2    23.3    23.2    20.9
63828 20140510  2.422  -84.47   31.31    28.2    18.4    23.3    22.4     3.4    12.54 C    37.5    17.6    24.4    95.1    53.4    83.0   0.060   0.054   0.092   0.120   0.216    24.1    24.3    23.2    23.2    21.1
63828 20140511  2.422  -84.47   31.31    30.5    19.2    24.8    24.2     0.0    23.43 C    48.3    18.7    27.7    95.4    44.9    76.3   0.061   0.053   0.091   0.118   0.215    25.7    25.5    23.6    23.6    21.3
63828 20140512  2.422  -84.47   31.31    29.8    17.5    23.7    22.6     0.0    17.36 C    47.9    16.8    25.5    95.0    47.3    77.7   0.061   0.053   0.086   0.116   0.213    24.9    25.4    24.0    24.0    21.4
63828 20140513  2.422  -84.47   31.31    30.8    17.4    24.1    24.1     0.0    26.27 C    51.9    15.8    28.5    95.4    38.7    70.3   0.060   0.050   0.084   0.113   0.212    25.8    25.8    24.1    24.1    21.6
63828 20140514  2.422  -84.47   31.31    30.6    18.7    24.7    24.2    22.5    16.66 C    48.7    17.4    26.7    93.2    49.9    73.2   0.061   0.053   0.080   0.108   0.211    25.7    25.9    24.5    24.5    21.8
63828 20140515  2.422  -84.47   31.31    20.0     9.4    14.7    17.4    13.5    13.06 C    31.1     9.9    20.9    94.4    55.8    81.4   0.143   0.130   0.119   0.123   0.211    23.8    24.1    23.9    23.9    22.0
63828 20140516  2.422  -84.47   31.31    24.5     7.3    15.9    15.8     0.0    28.37 C    43.4     7.4    21.0    95.3    31.3    67.0   0.125   0.117   0.117   0.130   0.210    22.7    23.0    22.9    22.8    22.0
63828 20140517  2.422  -84.47   31.31    26.5     8.7    17.6    17.9     0.0    27.40 C    45.6     8.9    22.9    95.2    35.6    67.8   0.115   0.108   0.115   0.131   0.211    23.1    23.4    22.7    22.8    21.9
63828 20140518  2.422  -84.47   31.31    28.5    13.6    21.1    21.0     0.0    26.37 C    48.5    12.5    25.3    95.7    35.0    69.7   0.104   0.101   0.111   0.130   0.210    24.2    24.3    23.2    23.2    21.8
63828 20140519  2.422  -84.47   31.31    28.3    14.1    21.2    21.0     0.0    25.65 C    47.6    13.0    25.6    95.0    41.0    72.3   0.094   0.094   0.108   0.128   0.210    24.6    24.7    23.6    23.6    21.8
63828 20140520  2.422  -84.47   31.31    29.6    16.9    23.2    22.8     0.0    24.45 C    49.7    15.7    26.8    94.0    38.7    72.2   0.085   0.085   0.105   0.123   0.210    25.4    25.3    24.0    24.1    21.9
63828 20140521  2.422  -84.47   31.31    30.7    17.8    24.2    23.6     0.0    25.33 C    50.2    15.7    27.8    94.8    43.8    71.1   0.076   0.074   0.101   0.122   0.209    26.0    25.9    24.5    24.4    22.1
63828 20140522  2.422  -84.47   31.31    32.2    16.8    24.5    24.2     0.0    27.47 C    50.6    15.3    28.5    94.7    34.7    66.1   0.068   0.063   0.096   0.118   0.208    26.6    26.7    24.4    24.9    22.3
63828 20140523  2.422  -84.47   31.31    33.1    17.2    25.2    24.7     0.0    26.80 C    51.4    15.3    29.2    95.1    37.8    70.0   0.062   0.055   0.091   0.114   0.207    27.0    27.1    25.3    25.2    22.5
63828 20140524  2.422  -84.47   31.31    32.9    17.1    25.0    24.6     0.0    25.19 C    54.0    15.6    29.3    95.5    31.8    69.7   0.059   0.052   0.085   0.110   0.208    27.1    27.3    25.7    25.5    22.4
63828 20140525  2.422  -84.47   31.31    33.6    18.6    26.1    25.7     0.0    27.24 C    55.4    17.8    31.3    94.4    33.1    64.0   0.059   0.052   0.081   0.108   0.207    27.7    27.6    26.0    25.8    22.9
63828 20140526  2.422  -84.47   31.31    32.7    17.6    25.2    24.5     1.0    25.01 C    54.2    16.7    30.1    93.8    38.0    68.7   0.056   0.051   0.076   0.105   0.205    27.9    27.8    26.3    26.2    22.6
63828 20140527  2.422  -84.47   31.31    30.5    18.1    24.3    23.9     0.8    18.32 C    44.8    17.7    27.1    95.2    46.4    78.1   0.055   0.047   0.072   0.104   0.204    27.1    27.4    26.1    26.1    23.4
63828 20140528  2.422  -84.47   31.31    30.2    17.9    24.0    23.3     0.6    17.46 C    48.8    17.0    25.9    95.6    50.1    79.9   0.055   0.045   0.071   0.103   0.203    26.5    26.9    25.9    25.8    23.2
63828 20140529  2.422  -84.47   31.31    30.7    17.9    24.3    23.1     0.8    18.33 C    49.2    16.8    26.8    95.4    47.5    80.8   0.055   0.044   0.069   0.101   0.201    26.5    26.8    25.6    25.7    23.6
63828 20140530  2.422  -84.47   31.31    30.4    18.1    24.2    24.0     6.0    20.34 C    51.1    17.4    28.1    95.3    51.3    76.8   0.055   0.045   0.068   0.100   0.201    26.8    27.0    25.7    25.7    23.0
63828 20140531  2.422  -84.47   31.31    31.0    19.7    25.4    24.7     4.4    23.63 C    47.5    19.2    29.0    94.8    47.1    76.8   0.062   0.046   0.068   0.097   0.200    27.6    27.1    26.0    26.0    23.7
63828 20140601  2.422  -84.47   31.31    29.5    20.9    25.2    23.6     4.8    15.78 C    41.5    20.4    26.3    94.2    53.2    77.8   0.086   0.047   0.068   0.099   0.200    27.2    27.5    26.2    26.3    23.3
63828 20140602  2.422  -84.47   31.31    27.9    19.9    23.9    23.3     0.0    15.10 C    42.1    20.3    25.7    88.1    56.8    69.2   0.110   0.048   0.068   0.097   0.199    26.1    26.8    25.8    25.9    23.9
63828 20140603  2.422  -84.47   31.31    27.6    18.4    23.0    23.1     0.0    15.53 C    41.4    18.1    25.5    93.4    51.5    72.3   0.101   0.049   0.066   0.098   0.199    26.4    26.7    25.6    25.7    23.6
63828 20140604  2.422  -84.47   31.31    31.8    17.0    24.4    24.6     0.0    24.32 C    49.4    16.8    28.3    94.7    43.1    70.3   0.088   0.060   0.068   0.096   0.198    26.8    26.8    25.6    25.7    23.9
63828 20140605  2.422  -84.47   31.31    32.5    19.8    26.1    26.4     0.0    25.26 C    51.9    19.1    30.6    93.6    44.0    68.3   0.074   0.055   0.068   0.096   0.199    28.2    28.2    26.4    26.4    24.0
63828 20140606  2.422  -84.47   31.31    34.1    20.7    27.4    26.9    24.4    25.15 C    54.7    20.1    32.3    93.9    43.3    71.3   0.074   0.050   0.068   0.095   0.196    29.0    29.1    27.0    27.0    24.1
63828 20140607  2.422  -84.47   31.31    32.4    19.2    25.8    24.7     3.5    22.81 C    44.8    19.8    28.4    94.0    55.2    80.8   0.134   0.106   0.068   0.096   0.196    28.0    28.6    27.1    27.0    24.3
63828 20140608  2.422  -84.47   31.31    32.6    19.6    26.1    24.6    20.9    22.97 C    44.2    19.5    28.1    94.4    54.6    81.0   0.151   0.128   0.101   0.111   0.197    28.6    28.8    27.3    27.3    24.5
63828 20140609  2.422  -84.47   31.31    32.5    20.3    26.4    26.5     0.0    23.40 C    42.9    21.0    28.9    94.7    50.9    76.4   0.138   0.126   0.121   0.119   0.196    29.0    28.9    27.4    27.4    24.6
63828 20140610  2.422  -84.47   31.31    32.9    21.3    27.1    25.7    30.1    23.19 C    44.3    20.5    28.4    95.0    49.3    77.5   0.134   0.123   0.123   0.124   0.195    29.0    29.1    27.7    27.8    24.8
63828 20140611  2.422  -84.47   31.31    29.7    20.9    25.3    24.9    12.0    24.17 C    39.5    21.1    27.2    94.3    51.4    73.8   0.150   0.135   0.141   0.158   0.205    28.4    28.5    27.4    27.5    25.1
63828 20140612  2.422  -84.47   31.31    30.8    19.6    25.2    24.9     0.0    26.17 C    43.9    19.2    27.6    94.1    40.0    70.6   0.127   0.116   0.128   0.149   0.225    28.6    28.7    27.5    27.6    25.3
63828 20140613  2.422  -84.47   31.31    29.4    18.9    24.2    24.0     0.0    18.67 C    38.3    18.4    26.0    94.1    54.5    78.3   0.117   0.108   0.123   0.143   0.228    27.7    28.0    27.2    27.3    25.3
63828 20140614  2.422  -84.47   31.31    31.5    18.7    25.1    25.3     0.0    26.29 C    45.1    18.2    28.3    94.9    43.6    71.8   0.106   0.103   0.118   0.139   0.229    28.2    28.3    27.1    27.2    25.4
63828 20140615  2.422  -84.47   31.31    32.3    19.8    26.0    25.8     0.0    26.59 C    46.2    19.0    28.8    94.7    39.6    71.6   0.092   0.093   0.114   0.135   0.224    28.9    28.9    27.5    27.5    25.4
63828 20140616  2.422  -84.47   31.31    33.4    19.9    26.6    25.5     0.0    25.08 C    47.9    18.9    29.0    94.7    42.7    74.7   0.079   0.082   0.110   0.132   0.223    29.0    29.2    27.7    27.8    25.4
63828 20140617  2.422  -84.47   31.31    33.8    21.0    27.4    26.2     0.0    24.62 C    47.0    20.4    29.3    94.3    40.1    74.5   0.070   0.071   0.105   0.128   0.222    29.3    29.5    27.9    27.9    25.5
63828 20140618  2.422  -84.47   31.31    33.4    20.5    26.9    26.7     0.0    24.33 C    48.2    19.3    29.3    95.3    41.7    71.6   0.066   0.061   0.100   0.124   0.220    29.3    29.4    28.0    28.0    25.6
63828 20140619  2.422  -84.47   31.31    33.6    20.7    27.2    26.5     0.0    22.26 C    48.0    20.0    29.3    94.6    40.3    72.6   0.063   0.055   0.095   0.119   0.219    29.3    29.5    28.1    28.1    25.7
63828 20140620  2.422  -84.47   31.31    32.0    19.8    25.9    24.1     0.3    12.79 C    46.1    19.0    25.8    95.0    54.7    82.3   0.060   0.051   0.091   0.116   0.217    28.4    28.9    28.0    28.0    25.8
63828 20140621  2.422  -84.47   31.31    34.4    20.5    27.5    25.5    15.5    21.25 C    48.7    19.9    28.6    94.7    44.8    80.3   0.082   0.052   0.087   0.112   0.214    28.5    28.8    27.7    27.4    25.8
63828 20140622  2.422  -84.47   31.31    32.5    20.7    26.6    24.0    16.5    14.86 C    41.3    21.3    25.7    94.4    53.0    84.5   0.135   0.091   0.093   0.115   0.213    27.9    28.2    27.5    27.5    25.8
63828 20140623  2.422  -84.47   31.31    30.9    20.1    25.5    24.0     0.0    20.00 C    37.8    20.6    26.3    94.6    52.1    81.9   0.138   0.123   0.120   0.130   0.212    27.8    27.9    27.1    27.2    25.8
63828 20140624  2.422  -84.47   31.31    29.5    21.1    25.3    23.5    19.3    13.44 C    38.2    21.2    25.1    94.5    66.5    88.0   0.146   0.128   0.124   0.134   0.212    27.5    27.7    27.1    27.2    25.7
63828 20140625  2.422  -84.47   31.31    31.9    20.0    25.9    26.1     0.0    26.01 C    40.9    20.0    27.8    94.8    52.0    74.4   0.140   0.126   0.133   0.149   0.211    28.3    28.4    27.1    27.2    25.7
63828 20140626  2.422  -84.47   31.31    31.6    21.6    26.6    25.8     0.0    21.48 C    40.6    21.2    27.8    94.1    51.3    78.6   0.127   0.114   0.127   0.146   0.214    28.8    28.9    27.7    27.7    25.7
63828 20140627  2.422  -84.47   31.31    32.5    22.5    27.5    26.4     0.0    23.03 C    41.4    22.2    28.7    94.0    47.1    77.4   0.116   0.108   0.122   0.142   0.216    29.2    29.3    27.9    27.9    25.9
63828 20140628  2.422  -84.47   31.31    32.3    20.2    26.2    26.1     0.0    20.64 C    42.2    19.9    28.1    94.2    47.2    76.3   0.105   0.100   0.118   0.139   0.218    28.2    29.1    28.0    28.0    25.9
63828 20140629  2.422  -84.47   31.31    34.3    21.1    27.7    27.5     0.0    26.83 C    45.4    20.4    30.2    94.8    43.1    74.2   0.093   0.092   0.114   0.135   0.217    29.7    29.7    28.2    28.2    26.1
63828 20140630  2.422  -84.47   31.31    34.1    22.1    28.1    27.2    13.9    25.55 C    45.3    21.5    30.1    94.8    43.8    75.8   0.085   0.084   0.109   0.131   0.217    29.9    30.0    28.5    28.6    26.2
63828 20140701  2.422  -84.47   31.31    33.4    21.9    27.6    27.0     0.0    24.98 C    42.3    21.8    29.3    94.9    48.6    79.5   0.111   0.091   0.108   0.128   0.218    29.9    30.0    28.6    28.6    26.4
63828 20140702  2.422  -84.47   31.31    33.4    22.4    27.9    27.8     0.0    21.42 C    41.1    22.4    29.5    94.3    50.5    78.4   0.102   0.087   0.107   0.127   0.217    29.9    30.1    28.8    28.8    25.9
63828 20140703  2.422  -84.47   31.31    34.1    21.4    27.8    28.2     0.0    28.16 C    44.5    20.5    30.5    92.3    39.0    66.0   0.088   0.080   0.105   0.125   0.217    30.1    30.6    29.0    29.0    26.6
63828 20140704  2.422  -84.47   31.31    30.4    17.3    23.8    23.9     0.0    27.88 C    44.0    16.5    26.8    94.2    34.3    68.3   0.075   0.071   0.101   0.122   0.216    29.6    29.9    28.8    28.9    26.7
63828 20140705  2.422  -84.47   31.31    32.7    17.9    25.3    25.5     0.0    27.55 C    45.9    16.7    28.3    93.7    34.8    67.5   0.069   0.061   0.097   0.119   0.215    29.3    29.0    28.5    28.6    26.7
63828 20140706  2.422  -84.47   31.31    32.6    21.0    26.8    26.3     0.0    25.06 C    44.6    19.5    28.8    93.6    39.7    69.3   0.065   0.056   0.091   0.115   0.213    29.7    29.9    28.6    28.7    26.7
63828 20140707  2.422  -84.47   31.31    33.4    19.9    26.6    27.0     0.0    24.98 C    45.1    19.2    29.4    93.9    37.7    65.7   0.063   0.052   0.087   0.111   0.211    29.7    30.0    28.6    28.7    26.7
63828 20140708  2.422  -84.47   31.31    33.7    20.5    27.1    27.3     0.0    25.39 C    47.2    19.8    30.0    92.5    34.7    64.5   0.061   0.050   0.083   0.107   0.211    30.0    30.1    28.8    28.9    26.7
63828 20140709  2.422  -84.47   31.31    34.6    21.7    28.1    26.9     0.0    24.37 C    48.5    20.8    30.3    92.9    39.2    70.4   0.059   0.048   0.079   0.104   0.208    30.2    30.4    28.9    28.9    26.8
63828 20140710  2.422  -84.47   31.31    33.7    20.6    27.1    25.1     3.0    20.47 C    49.0    20.6    28.5    94.4    43.6    79.9   0.058   0.048   0.076   0.102   0.207    29.7    30.0    29.0    28.5    26.8
63828 20140711  2.422  -84.47   31.31    32.6    20.8    26.7    25.3     0.0    21.89 C    43.8    20.9    28.1    95.0    47.4    80.3   0.058   0.046   0.075   0.100   0.206    29.3    29.6    28.6    28.7    26.3
63828 20140712  2.422  -84.47   31.31    33.0    21.8    27.4    25.7     9.0    21.59 C    48.6    21.9    29.1    94.6    44.1    78.6   0.060   0.047   0.073   0.099   0.204    29.5    29.1    28.7    28.7    26.8
63828 20140713  2.422  -84.47   31.31    33.0    21.4    27.2    26.5     0.0    27.85 C    42.6    21.6    29.3    94.6    44.2    75.2   0.077   0.048   0.071   0.097   0.203    29.8    28.9    28.1    28.7    26.3
63828 20140714  2.422  -84.47   31.31    34.1    21.5    27.8    27.7     0.0    25.27 C    45.5    21.3    30.4    94.5    41.9    71.2   0.071   0.049   0.071   0.092   0.203    30.2    30.3    28.9    29.2    26.9
63828 20140715  2.422  -84.47   31.31    30.8    21.1    26.0    24.2    35.6    10.85 C    41.1    21.7    25.3    94.3    62.0    87.3   0.107   0.085   0.089   0.094   0.202    28.4    28.9    28.6    28.9    26.9
63828 20140716  2.422  -84.47   31.31    30.2    19.4    24.8    24.2     0.0    17.89 C    37.1    18.8    25.6    94.8    53.2    82.7   0.133   0.121   0.113   0.115   0.199    27.9    28.0    27.8    27.9    26.9
63828 20140717  2.422  -84.47   31.31    30.0    16.6    23.3    22.9     0.0    26.05 C    38.7    16.2    25.1    94.9    37.2    72.6   0.121   0.110   0.114   0.111   0.200    27.2    27.5    27.5    27.7    26.8
63828 20140718  2.422  -84.47   31.31    31.2    17.1    24.1    24.5     0.0    18.68 C    37.6    16.9    25.8    94.8    47.4    77.8   0.109   0.102   0.111   0.112   0.200    27.4    27.7    27.2    27.6    26.7
63828 20140719  2.422  -84.47   31.31    27.7    23.1    25.4    24.7     3.8     9.96 C    30.9    22.9    25.1    91.1    69.7    84.1   0.108   0.097   0.108   0.112   0.201    27.6    27.8    27.4    27.7    26.6
63828 20140720  2.422  -84.47   31.31    29.5    22.2    25.8    25.0     6.4    11.48 C    31.3    22.1    25.6    94.6    67.7    86.4   0.125   0.101   0.107   0.112   0.202    27.6    27.8    27.2    27.5    26.6
63828 20140721  2.422  -84.47   31.31    25.8    21.8    23.8    23.5     2.8     6.16 C    26.7    21.8    24.0    94.8    78.9    90.9   0.140   0.116   0.108   0.115   0.201    26.7    27.0    26.9    27.1    26.5
63828 20140722  2.422  -84.47   31.31    30.6    21.5    26.1    25.5     0.3    21.80 C    37.0    21.3    27.0    94.9    52.8    80.4   0.135   0.116   0.110   0.119   0.202    27.9    27.9    26.9    27.3    26.4
63828 20140723  2.422  -84.47   31.31    32.1    20.3    26.2    25.7     0.0    23.95 C    39.3    20.0    27.2    95.1    49.8    79.4   0.124   0.110   0.107   0.118   0.201    28.5    28.6    27.4    27.9    26.3
63828 20140724  2.422  -84.47   31.31    32.1    20.7    26.4    26.4     0.0    22.32 C    40.7    20.2    27.6    95.0    52.1    76.6   0.114   0.101   0.106   0.116   0.201    28.6    28.8    27.7    27.5    25.8
63828 20140725  2.422  -84.47   31.31    32.5    21.4    26.9    26.5     3.4    21.86 C    42.1    20.5    28.2    94.9    52.8    80.5   0.103   0.096   0.102   0.114   0.201    28.5    29.1    27.9    28.4    25.9
63828 20140726  2.422  -84.47   31.31    33.7    23.1    28.4    27.9     0.0    22.72 C    39.0    22.9    28.9    94.3    48.1    76.4   0.097   0.087   0.099   0.111   0.200    29.6    29.6    28.3    28.7    26.6
63828 20140727  2.422  -84.47   31.31    34.3    23.7    29.0    28.7     0.0    22.24 C    42.5    22.9    30.0    94.0    50.8    74.8   0.089   0.080   0.097   0.108   0.200    29.9    30.0    28.6    27.9    26.7
63828 20140728  2.422  -84.47   31.31    34.9    22.5    28.7    27.4    28.0    20.76 C    44.7    21.0    29.1    90.9    46.5    76.4   0.103   0.084   0.099   0.106   0.199    29.7    30.0    28.8    29.2    26.8
63828 20140729  2.422  -84.47   31.31    30.7    19.0    24.9    24.4     0.0    25.04 C    38.3    18.5    25.6    95.1    39.3    72.1   0.131   0.103   0.119   0.111   0.200    28.4    28.7    28.2    28.0    26.3
63828 20140730  2.422  -84.47   31.31    29.7    15.8    22.8    22.5     0.0    26.89 C    38.8    15.4    24.5    95.1    36.7    72.0   0.117   0.098   0.116   0.114   0.201    27.9    27.6    27.7    28.1    26.9
63828 20140731  2.422  -84.47   31.31    31.8    15.7    23.7    23.4     0.0    25.41 C    40.8    15.5    25.4    94.8    33.3    71.5   0.110   0.095   0.112   0.115   0.202    28.2    28.2    27.5    27.4    26.8
63828 20140801  2.422  -84.47   31.31    32.0    18.7    25.3    25.1     0.0    18.93 C    41.4    18.6    26.8    94.1    41.1    76.9   0.104   0.089   0.109   0.115   0.203    28.3    28.7    27.6    27.6    26.7
63828 20140802  2.422  -84.47   31.31    29.4    21.7    25.6    25.1     0.0    20.32 C    40.4    21.2    27.5    92.4    64.9    79.5   0.095   0.088   0.107   0.113   0.204    29.2    29.0    27.3    27.8    26.7
63828 20140803  2.422  -84.47   31.31    29.3    21.2    25.3    25.1     0.0    11.10 C    34.5    21.0    26.1    92.1    64.6    80.4   0.091   0.081   0.104   0.114   0.205    28.4    28.5    27.8    28.3    26.7
63828 20140804  2.422  -84.47   31.31    33.1    20.9    27.0    25.8     0.0    21.13 C    44.1    20.4    27.8    94.5    47.1    75.2   0.087   0.076   0.100   0.110   0.206    28.9    28.8    27.7    27.6    26.7
63828 20140805  2.422  -84.47   31.31    33.9    19.2    26.6    26.0     0.0    22.65 C    44.9    18.8    28.4    95.1    40.4    73.0   0.082   0.071   0.095   0.109   0.206    29.3    29.1    27.8    28.4    26.7
63828 20140806  2.422  -84.47   31.31    35.0    20.2    27.6    25.3     5.1    18.83 C    48.0    20.0    27.6    94.2    40.4    80.7   0.083   0.068   0.093   0.106   0.205    29.2    28.6    28.0    28.5    26.4
63828 20140807  2.422  -84.47   31.31    35.3    21.3    28.3    27.7     0.0    25.10 C    42.1    21.0    29.3    94.9    36.0    71.5   0.097   0.065   0.090   0.103   0.204    29.7    29.5    28.1    28.6    26.7
63828 20140808  2.422  -84.47   31.31    35.9    21.8    28.8    28.4     0.0    24.11 C    47.2    22.0    30.9    93.3    37.7    68.2   0.091   0.061   0.089   0.103   0.206    30.5    30.2    28.5    29.0    26.8
63828 20140809  2.422  -84.47   31.31    35.8    21.8    28.8    27.1     2.8    19.82 C    47.2    21.9    29.7    94.1    37.1    75.4   0.083   0.061   0.086   0.102   0.205    30.3    30.2    28.2    29.2    27.0
63828 20140810  2.422  -84.47   31.31    33.0    21.4    27.2    25.3     0.8    18.24 C    42.0    21.4    27.1    95.4    46.5    83.5   0.086   0.058   0.082   0.099   0.205    29.6    29.6    28.6    29.0    27.1
63828 20140811  2.422  -84.47   31.31    33.6    21.6    27.6    26.2    35.9    22.26 C    44.2    21.7    28.8    96.1    48.5    80.5   0.106   0.080   0.091   0.102   0.204    29.5    29.5    28.4    28.4    27.1
63828 20140812  2.422  -84.47   31.31    32.6    21.7    27.2    25.4     0.7    18.32 C    38.9    22.1    26.7    94.9    52.7    83.0   0.142   0.123   0.130   0.125   0.206    28.8    29.2    28.3    28.7    27.2
63828 20140813  2.422  -84.47   31.31    33.5    21.6    27.6    26.7     0.0    23.86 C    39.9    21.9    28.2    94.7    46.4    76.5   0.130   0.113   0.123   0.128   0.211    29.8    29.7    27.9    28.9    27.2
63828 20140814  2.422  -84.47   31.31    32.7    20.5    26.6    25.5     0.0    22.99 C    39.1    20.7    26.9    93.3    41.5    70.9   0.119   0.110   0.118   0.125   0.211    29.6    29.6    27.9    29.0    27.2
63828 20140815  2.422  -84.47   31.31    32.6    19.5    26.0    25.4     0.0    25.03 C    40.5    19.3    27.1    94.0    38.8    69.4   0.108   0.101   0.115   0.123   0.211    29.2    28.9    28.4    28.9    27.2
63828 20140816  2.422  -84.47   31.31    33.6    17.4    25.5    25.1     0.0    24.32 C    42.0    17.2    26.7    94.7    34.9    68.5   0.095   0.093   0.110   0.119   0.211    29.3    29.2    28.3    28.2    27.2
63828 20140817  2.422  -84.47   31.31    33.5    20.1    26.8    26.0     0.0    19.19 C    43.6    19.8    27.3    95.1    47.8    76.9   0.084   0.085   0.107   0.116   0.212    28.9    29.2    28.2    28.7    26.7
63828 20140818  2.422  -84.47   31.31    34.0    20.4    27.2    25.4     0.2    18.53 C    44.5    20.2    27.2    94.9    43.7    81.0   0.079   0.078   0.103   0.113   0.208    29.3    29.2    28.3    28.7    27.2
63828 20140819  2.422  -84.47   31.31    33.9    21.9    27.9    25.4     4.1    17.23 C    43.6    21.8    27.0    94.6    48.7    84.5   0.080   0.080   0.100   0.111   0.204    28.9    29.0    28.2    28.6    27.2
63828 20140820  2.422  -84.47   31.31    34.3    20.7    27.5    26.9     0.0    22.37 C    41.3    20.7    28.2    94.6    47.7    75.0   0.091   0.082   0.097   0.113   0.203    29.4    29.3    28.1    28.5    27.1
63828 20140821  2.422  -84.47   31.31    34.8    21.3    28.0    25.2    12.6    14.93 C    43.6    21.3    26.6    94.4    49.3    82.9   0.111   0.094   0.096   0.113   0.203    28.8    28.9    28.2    28.5    27.2
63828 20140822  2.422  -84.47   31.31    35.3    20.6    27.9    27.5     0.0    22.66 C    39.8    20.8    28.2    95.0    40.2    75.6   0.131   0.114   0.094   0.115   0.202    29.3    29.1    28.0    28.3    27.1
63828 20140823  2.422  -84.47   31.31    36.1    22.6    29.4    28.5     0.0    21.31 C    41.8    22.4    29.4    94.8    40.2    74.1   0.115   0.104   0.096   0.116   0.202    30.0    29.9    28.5    28.8    27.1
63828 20140824  2.422  -84.47   31.31    35.4    22.3    28.8    26.7     0.6    19.67 C    44.1    22.2    28.5    94.2    45.2    79.9   0.101   0.096   0.095   0.115   0.202    30.0    29.9    28.7    29.0    27.2
63828 20140825  2.422  -84.47   31.31    31.2    18.1    24.6    25.1     0.0    24.48 C    40.6    17.8    27.0    94.3    39.1    67.3   0.088   0.087   0.094   0.113   0.201    29.4    29.4    28.5    28.8    27.2
63828 20140826  2.422  -84.47   31.31    32.8    17.9    25.3    25.5     0.0    23.47 C    43.8    17.7    28.0    90.1    43.9    67.4   0.078   0.078   0.091   0.111   0.200    29.1    29.1    28.2    28.5    27.3
63828 20140827  2.422  -84.47   31.31    32.7    17.8    25.3    24.4     0.0    22.71 C    44.1    17.3    26.7    95.1    36.8    71.6   0.072   0.069   0.088   0.108   0.199    28.9    29.0    28.1    28.4    27.2
63828 20140828  2.422  -84.47   31.31    34.0    15.2    24.6    24.2     0.0    24.78 C    45.4    14.8    26.6    95.4    26.6    65.0   0.067   0.062   0.084   0.106   0.198    28.5    28.5    27.8    28.2    27.2
63828 20140829  2.422  -84.47   31.31    34.8    17.7    26.2    25.8     0.0    17.22 C    46.1    17.3    27.6    94.6    36.3    72.9   0.064   0.058   0.081   0.103   0.198    28.5    28.5    27.8    28.1    27.1
63828 20140830  2.422  -84.47   31.31    33.6    22.1    27.9    27.4     3.7    17.91 C    44.3    22.0    28.9    94.9    46.8    76.0   0.063   0.057   0.079   0.101   0.197    29.2    29.1    28.1    28.3    27.1
63828 20140831  2.422  -84.47   31.31    34.6    22.8    28.7    26.7     0.8    17.92 C    44.7    23.0    28.5    92.2    45.7    79.6   0.066   0.056   0.077   0.100   0.196    29.4    29.3    28.3    28.4    27.0
63828 20140901  2.422  -84.47   31.31    36.1    21.0    28.5    27.8     0.0    20.12 C    45.5    21.0    29.5    95.0    35.4    70.1   0.065   0.056   0.077   0.099   0.195    29.3    29.2    28.2    28.4    27.1
63828 20140902  2.422  -84.47   31.31    35.4    21.1    28.3    27.6    17.4    19.60 C    46.6    21.1    29.7    94.6    36.0    70.4   0.070   0.058   0.073   0.098   0.195    29.4    29.4    28.3    28.5    27.1
63828 20140903  2.422  -84.47   31.31    27.5    21.5    24.5    23.8     6.4     7.29 C    28.9    21.8    24.4    94.5    71.7    88.8   0.146   0.126   0.073   0.100   0.195    27.7    27.9    27.9    28.1    27.2
63828 20140904  2.422  -84.47   31.31    32.6    21.1    26.8    25.1    23.2    19.32 C    38.1    21.1    26.3    94.9    52.8    81.8   0.143   0.130   0.100   0.112   0.194    28.2    28.2    27.6    27.8    27.1
63828 20140905  2.422  -84.47   31.31    32.5    20.2    26.4    25.6     0.0    20.12 C    37.0    20.2    26.5    95.2    47.6    80.7   0.141   0.130   0.126   0.122   0.194    28.3    28.2    27.6    27.8    27.0
63828 20140906  2.422  -84.47   31.31    31.6    21.9    26.8    24.9    13.8    15.44 C    38.0    21.9    25.9    94.9    57.8    85.8   0.142   0.131   0.125   0.130   0.193    28.2    28.3    27.8    28.0    27.0
63828 20140907  2.422  -84.47   31.31    32.0    21.7    26.8    24.7     1.9    14.86 C    36.4    21.7    25.5    94.9    56.6    86.4   0.144   0.132   0.130   0.142   0.194    28.1    28.1    27.6    27.8    27.0
63828 20140908  2.422  -84.47   31.31    28.9    21.4    25.2    23.6     1.7     6.67 C    32.9    21.2    24.1    95.3    70.9    91.5   0.141   0.126   0.125   0.143   0.195    27.3    27.5    27.4    27.6    27.0
63828 20140909  2.422  -84.47   31.31    31.2    20.8    26.0    25.2     0.0    20.55 C    34.5    21.0    26.2    95.2    55.3    80.7   0.137   0.123   0.123   0.141   0.197    28.0    27.9    27.1    27.4    26.9
63828 20140910  2.422  -84.47   31.31    31.4    21.4    26.4    25.2     0.0    17.09 C    35.7    21.2    26.1    94.7    53.0    82.3   0.127   0.116   0.120   0.139   0.199    28.2    28.1    27.4    27.6    26.9
63828 20140911  2.422  -84.47   31.31    33.0    20.6    26.8    26.2     0.0    20.79 C    37.9    20.5    27.0    95.0    47.8    78.0   0.117   0.107   0.117   0.133   0.204    28.4    28.3    27.5    27.9    26.9
63828 20140912  2.422  -84.47   31.31    33.5    20.5    27.0    26.5     0.0    20.49 C    39.2    20.3    27.3    95.3    48.4    78.3   0.104   0.101   0.114   0.125   0.206    28.6    28.5    27.6    28.1    27.0
63828 20140913  2.422  -84.47   31.31    33.3    21.4    27.3    25.6    31.2    16.08 C    39.0    21.2    26.6    94.7    50.5    81.1   0.121   0.111   0.119   0.129   0.206    28.3    28.3    27.8    28.2    26.9
63828 20140914  2.422  -84.47   31.31    32.4    22.2    27.3    26.0     0.0    20.13 C    35.0    22.1    26.7    97.8    49.9    81.1   0.143   0.127   0.131   0.147   0.212    28.4    28.3    27.5    27.9    27.0
63828 20140915  2.422  -84.47   31.31    31.0    21.2    26.1    24.6    34.8    14.29 C    35.7    21.1    25.2    94.6    61.0    87.2   0.147   0.131   0.135   0.150   0.218    27.7    27.4    27.6    27.9    27.0
63828 20140916  2.422  -84.47   31.31    29.9    21.5    25.7    24.3     9.2    10.30 C    33.8    21.6    24.9    95.7    65.1    89.7   0.155   0.137   0.139   0.152   0.237    27.6    27.7    27.3    27.6    26.9
63828 20140917  2.422  -84.47   31.31    31.4    19.5    25.4    24.2     7.2    19.47 C    34.7    19.5    24.9    95.3    51.0    84.9   0.152   0.133   0.137   0.149   0.240    27.4    27.5    27.1    27.4    26.9
63828 20140918  2.422  -84.47   31.31    30.8    18.1    24.4    23.4     0.0    19.85 C    33.3    17.6    23.8    95.8    36.7    78.9   0.145   0.128   0.134   0.147   0.238    27.0    27.2    26.8    27.2    26.9
63828 20140919  2.422  -84.47   31.31    29.6    19.5    24.6    23.4     0.0    13.01 C    37.8    19.1    24.4    94.6    56.4    81.0   0.134   0.119   0.128   0.142   0.237    26.5    26.8    26.6    26.9    26.7
63828 20140920  2.422  -84.47   31.31    28.3    18.0    23.1    22.5     0.0    12.80 C    37.6    17.2    24.2    95.2    56.3    80.7   0.127   0.115   0.124   0.138   0.236    26.2    26.4    26.4    26.6    26.7
63828 20140921  2.422  -84.47   31.31    30.1    15.2    22.7    21.6     0.0    21.51 C    39.9    14.5    24.5    95.6    40.0    77.0   0.120   0.111   0.121   0.135   0.233    25.9    26.1    26.0    26.3    26.5
63828 20140922  2.422  -84.47   31.31    31.1    16.2    23.7    21.5    16.4    15.81 C    41.0    15.6    23.2    95.6    47.0    83.2   0.130   0.116   0.122   0.133   0.229    25.5    25.8    25.9    26.1    26.4
63828 20140923  2.422  -84.47   31.31    26.4    17.9    22.1    21.0     0.0    15.27 C    33.7    17.4    22.5    94.9    56.0    81.0   0.149   0.129   0.129   0.140   0.228    25.2    25.5    25.6    25.8    26.3
63828 20140924  2.422  -84.47   31.31    23.0    14.4    18.7    19.1     0.0    14.99 C    31.0    14.3    21.0    86.5    61.4    73.2   0.137   0.121   0.126   0.138   0.229    24.4    24.7    25.1    25.3    26.1
63828 20140925  2.422  -84.47   31.31    21.4    14.9    18.1    18.0     0.3     5.06 C    23.8    14.4    18.7    95.4    74.7    86.2   0.131   0.116   0.123   0.136   0.229    23.5    24.0    24.6    24.8    25.9
63828 20140926  2.422  -84.47   31.31    27.9    14.6    21.2    21.6     0.0    15.28 C    35.5    14.0    23.4    95.5    54.9    80.0   0.126   0.113   0.121   0.133   0.228    24.0    24.2    24.2    24.5    25.7
63828 20140927  2.422  -84.47   31.31    24.1    20.1    22.1    22.1     0.0     6.59 C    28.0    19.8    22.9    88.5    73.5    81.7   0.121   0.109   0.119   0.131   0.226    24.4    24.6    24.6    24.8    25.4
63828 20140928  2.422  -84.47   31.31    25.6    21.3    23.5    23.0     0.2     6.09 C    29.1    21.0    23.6    93.6    75.3    86.3   0.117   0.107   0.117   0.129   0.226    24.8    25.0    24.7    25.0    25.3
63828 20140929  2.422  -84.47   31.31    25.2    21.5    23.3    22.6    37.0     7.51 C    28.3    21.4    23.1    94.0    81.3    91.1   0.152   0.133   0.135   0.148   0.223    25.0    25.1    24.8    25.0    25.2
63828 20140930  2.422  -84.47   31.31    24.9    18.0    21.5    21.9     0.0     9.32 C    29.8    17.6    23.2    95.1    69.4    85.7   0.148   0.128   0.135   0.149   0.234    25.2    25.3    24.9    25.2    25.2
63828 20141001  2.422  -84.47   31.31    28.0    16.6    22.3    21.2     0.0    12.34 C    35.9    16.4    22.7    95.8    56.5    85.5   0.139   0.122   0.129   0.146   0.235    24.6    24.8    24.8    24.9    25.1
63828 20141002  2.422  -84.47   31.31    29.8    16.5    23.1    22.4     0.0    15.81 C    37.8    16.1    24.4    95.7    51.8    82.2   0.131   0.114   0.126   0.140   0.234    24.7    24.8    24.7    25.0    25.1
63828 20141003  2.422  -84.47   31.31    28.5    19.6    24.0    22.6    11.7     7.68 C    31.9    19.3    23.0    95.3    73.9    90.8   0.148   0.128   0.129   0.139   0.233    24.8    25.0    24.9    25.1    25.1
63828 20141004  2.422  -84.47   31.31    21.9     7.7    14.8    16.7     0.0    20.94 C    29.9     6.7    18.8    95.1    30.4    72.6   0.148   0.131   0.132   0.145   0.231    23.5    24.0    24.4    24.7    25.1
63828 20141005  2.422  -84.47   31.31    22.1     5.1    13.6    12.8     0.0    20.73 C    30.7     4.0    15.5    94.9    26.9    69.9   0.136   0.120   0.128   0.140   0.231    21.1    21.7    23.1    23.2    25.0
63828 20141006  2.422  -84.47   31.31    26.6     6.5    16.5    15.5     0.0    19.85 C    34.7     5.8    17.9    95.1    25.8    71.2   0.128   0.116   0.124   0.137   0.231    21.0    21.5    22.4    22.5    24.7
63828 20141007  2.422  -84.47   31.31    29.7    10.0    19.8    19.2     0.0    18.46 C    38.4     9.6    21.7    95.5    43.3    77.8   0.119   0.111   0.121   0.133   0.229    22.0    22.3    22.5    22.7    24.3
63828 20141008  2.422  -84.47   31.31    29.6    16.3    22.9    21.3     0.0    14.27 C    38.0    15.8    23.9    99.0    48.7    86.2   0.111   0.107   0.119   0.131   0.228    23.3    23.5    23.1    23.4    24.1
63828 20141009  2.422  -84.47   31.31    30.8    15.6    23.2    22.3     0.0    18.35 C    40.2    15.3    25.0    95.8    46.8    80.5   0.104   0.103   0.116   0.130   0.227    23.8    24.0    23.5    23.8    24.1
63828 20141010  2.422  -84.47   31.31    31.6    16.6    24.1    22.8     0.0    16.24 C    40.5    16.0    25.1    95.6    44.4    79.3   0.095   0.098   0.114   0.127   0.225    24.2    24.4    23.9    24.2    24.1
63828 20141011  2.422  -84.47   31.31    30.7    17.9    24.3    22.4     0.0    17.13 C    40.0    17.3    25.2    97.7    46.0    83.2   0.089   0.091   0.111   0.124   0.225    24.6    24.8    24.2    24.5    24.2
63828 20141012  2.422  -84.47   31.31    31.3    15.9    23.6    22.4     0.0    15.52 C    40.2    15.5    24.4    95.7    41.4    80.1   0.082   0.085   0.109   0.122   0.223    24.3    24.6    24.2    24.5    24.2
63828 20141013  2.422  -84.47   31.31    29.9    18.7    24.3    23.8     2.1    12.61 C    36.6    18.2    24.5    94.3    44.6    76.5   0.078   0.078   0.106   0.120   0.222    24.3    24.6    24.2    24.5    24.2
63828 20141014  2.422  -84.47   31.31    24.2    16.1    20.1    21.3    43.9     3.35 C    27.4    15.3    21.1    95.2    67.3    89.0   0.152   0.130   0.131   0.143   0.219    23.5    23.9    24.0    24.2    24.3
63828 20141015  2.422  -84.47   31.31    23.3     9.9    16.6    15.7     0.0    17.41 C    31.2     9.4    17.6    96.2    38.7    77.7   0.142   0.127   0.135   0.147   0.229    21.6    22.2    23.0    23.1    24.2
63828 20141016  2.422  -84.47   31.31    24.5     8.1    16.3    14.9     0.0    18.75 C    33.5     7.4    17.3    95.8    33.7    75.1   0.132   0.119   0.128   0.141   0.234    20.5    21.1    22.1    22.2    24.1
63828 20141017  2.422  -84.47   31.31    26.3     6.8    16.5    15.7     0.0    18.41 C    35.1     6.1    17.7    95.9    34.3    74.9   0.123   0.114   0.124   0.137   0.234    20.2    20.8    21.6    21.7    23.8
63828 20141018  2.422  -84.47   31.31    28.4    11.2    19.8    18.9     0.0    17.80 C    37.2    10.2    20.9    95.9    45.9    76.5   0.116   0.110   0.121   0.133   0.231    20.8    21.2    21.5    21.8    23.5
63828 20141019  2.422  -84.47   31.31    23.2     7.4    15.3    14.3     0.0    18.68 C    32.7     6.5    16.9    96.5    40.0    77.0   0.108   0.106   0.118   0.131   0.229    20.2    20.8    21.5    21.6    23.2
63828 20141020  2.422  -84.47   31.31    25.5     7.1    16.3    15.4     0.0    14.28 C    35.9     6.5    17.3    96.7    51.6    83.3   0.102   0.102   0.116   0.129   0.228    19.8    20.3    21.0    21.1    23.1
63828 20141021  2.422  -84.47   31.31    26.6     9.9    18.3    16.7     0.0    17.90 C    35.7     9.1    19.3    96.5    35.8    77.4   0.096   0.099   0.114   0.127   0.227    20.2    20.6    21.0    21.2    22.9
63828 20141022  2.422  -84.47   31.31    23.6     6.5    15.0    14.1     0.0    18.30 C    32.7     5.3    16.3    96.5    27.1    74.6   0.089   0.093   0.111   0.125   0.225    19.4    20.0    20.7    20.9    22.7
63828 20141023  2.422  -84.47   31.31    23.0     3.7    13.3    12.2     0.0    18.23 C    32.0     2.7    14.6    96.3    33.1    75.6   0.084   0.088   0.108   0.123   0.223    18.5    19.1    20.1    20.3    22.5
63828 20141024  2.422  -84.47   31.31    23.9     7.6    15.7    13.7     0.0    17.41 C    34.4     6.9    17.0    96.1    32.7    74.7   0.079   0.082   0.106   0.121   0.222    18.9    19.4    20.0    20.2    22.2
63828 20141025  2.422  -84.47   31.31    25.2     4.4    14.8    13.6     0.0    17.69 C    35.2     3.3    16.0    96.5    24.5    72.8   0.075   0.076   0.103   0.119   0.221    18.4    18.9    19.8    19.9    22.1
63828 20141026  2.422  -84.47   31.31    29.2     8.4    18.8    17.4     0.0    16.72 C    37.9     7.8    19.9    95.9    40.8    79.4   0.072   0.069   0.101   0.117   0.219    19.2    19.5    19.8    20.0    21.8
63828 20141027  2.422  -84.47   31.31    30.4    10.3    20.3    19.3     0.0    16.67 C    39.6     9.8    21.5    96.4    31.2    74.7   0.071   0.065   0.098   0.114   0.217    20.0    20.4    20.3    20.5    21.7
63828 20141028  2.422  -84.47   31.31    27.6    11.4    19.5    18.4     0.0    14.55 C    37.6    10.5    20.7    99.2    46.4    82.3   0.069   0.060   0.096   0.112   0.216    20.5    20.8    20.6    20.9    21.6
63828 20141029  2.422  -84.47   31.31    28.1    12.5    20.3    19.7     0.0    13.80 C    36.2    11.8    21.4    96.1    51.0    81.8   0.067   0.057   0.094   0.110   0.215    21.0    21.3    21.0    21.2    21.7
63828 20141030  2.422  -84.47   31.31    22.8     7.0    14.9    15.6     0.0    16.44 C    33.1     5.6    18.3    95.7    34.1    65.9   0.065   0.054   0.092   0.108   0.214    20.6    21.2    21.2    21.4    21.7
63828 20141031  2.422  -84.47   31.31    22.2     3.7    12.9    12.1     0.2    16.72 C    31.4     2.6    14.1    96.4    29.0    72.2   0.062   0.052   0.089   0.106   0.214    18.4    19.1    20.2    20.3    21.7
63828 20141101  2.422  -84.47   31.31    14.1     2.5     8.3     7.7     0.0    16.86 C    21.4     1.9     9.6    87.3    36.6    55.3   0.061   0.050   0.086   0.102   0.213    17.0    17.9    19.3    19.4    21.6
63828 20141102  2.422  -84.47   31.31    16.6    -3.0     6.8     5.4     0.0    17.17 C    26.9    -4.7     7.8    95.9    24.8    71.9   0.058   0.049   0.084   0.102   0.212    15.4    16.3    18.1    18.2    21.4
63828 20141103  2.422  -84.47   31.31    19.5    -2.2     8.6     7.2     0.0    16.50 C    29.0    -2.9     9.2    96.2    19.4    67.7   0.058   0.048   0.083   0.100   0.211    14.9    15.7    17.4    17.4    21.0
63828 20141104  2.422  -84.47   31.31    24.1    -0.2    11.9    11.6     0.0    14.95 C    31.2    -0.8    13.1    95.8    41.1    77.5   0.057   0.047   0.082   0.099   0.210    15.6    16.1    17.2    17.3    20.6
63828 20141105  2.422  -84.47   31.31    26.0     8.2    17.1    16.1     0.0    10.59 C    33.3     8.0    17.4    95.9    42.3    80.2   0.057   0.047   0.083   0.099   0.209    17.3    17.6    17.8    17.9    20.3
63828 20141106  2.422  -84.47   31.31    26.1    11.9    19.0    17.9     0.0     9.03 C    32.6    11.5    18.6    95.7    44.8    80.1   0.058   0.047   0.083   0.099   0.209    18.5    18.7    18.5    18.8    20.2
63828 20141107  2.422  -84.47   31.31    18.2     2.2    10.2     9.6     0.0    16.34 C    26.7     1.1    11.8    96.2    34.2    73.6   0.057   0.046   0.081   0.100   0.206    16.9    17.5    18.4    18.5    20.2
63828 20141108  2.422  -84.47   31.31    17.5     1.7     9.6     9.1     0.0     8.55 C    24.6     0.8    10.2    96.1    37.0    79.1   0.055   0.046   0.082   0.096   0.204    15.5    16.1    17.6    17.7    20.1
63828 20141109  2.422  -84.47   31.31    20.0     2.8    11.4    10.5     0.0    11.59 C    28.2     1.8    12.1    96.8    36.2    76.4   0.055   0.045   0.083   0.096   0.204    15.6    16.1    17.3    17.4    20.0
63828 20141110  2.422  -84.47   31.31    23.5     0.6    12.0    10.4     0.0    15.54 C    32.0    -0.5    12.6    96.7    29.4    75.5   0.054   0.045   0.081   0.094   0.203    15.2    15.7    17.0    17.1    19.8
63828 20141111  2.422  -84.47   31.31    23.2     1.8    12.5    11.2     0.0    14.43 C    31.0     0.4    13.1    97.0    32.0    76.3   0.053   0.045   0.078   0.098   0.203    15.3    15.7    16.8    17.0    19.5
63828 20141112  2.422  -84.47   31.31    25.7     6.4    16.1    15.0     0.0     8.71 C    33.0     5.9    16.1    95.9    52.5    83.2   0.053   0.044   0.076   0.092   0.202    16.3    16.5    16.9    17.1    19.4
63828 20141113  2.422  -84.47   31.31    15.0     4.0     9.5    10.5     0.0     3.62 C    16.0     3.5    10.9    94.6    71.7    80.7   0.054   0.044   0.078   0.094   0.204    16.2    16.6    17.3    17.5    19.3
63828 20141114  2.422  -84.47   31.31    11.7    -1.9     4.9     4.3     0.0    15.08 C    18.3    -3.2     6.2    86.0    27.0    56.0   0.052   0.043   0.076   0.094   0.203    14.1    14.8    16.4    16.5    19.2
63828 20141115  2.422  -84.47   31.31    14.7    -3.4     5.7     4.8     0.0    14.55 C    22.0    -4.0     6.6    95.0    39.6    71.8   0.052   0.043   0.075   0.093   0.201    12.9    13.6    15.4    15.5    19.1
63828 20141116  2.422  -84.47   31.31    22.6     2.0    12.3    12.3     0.0     9.06 C    27.3     1.1    13.0    95.8    52.4    78.8   0.052   0.042   0.075   0.090   0.200    14.3    14.6    15.4    15.2    18.8
63828 20141117  2.422  -84.47   31.31    22.3     2.7    12.5    14.3    14.2     3.75 C    22.6     2.0    14.5    92.7    67.4    82.3   0.085   0.063   0.076   0.093   0.199    16.4    16.7    16.6    16.8    18.5
63828 20141118  2.422  -84.47   31.31     7.6    -5.6     1.0     1.1     0.0    15.38 C    13.5    -7.9     2.9    89.5    27.0    60.0   0.108   0.078   0.079   0.092   0.200    12.1    13.1    15.4    15.3    18.5
63828 20141119  2.422  -84.47   31.31    10.7    -8.4     1.1    -0.4     0.0    15.31 C    18.9   -10.5     1.4    92.9    19.8    66.3   0.103   0.076   0.083   0.091   0.199     9.6    10.6    13.5    13.5    18.0
63828 20141120  2.422  -84.47   31.31    18.0    -5.5     6.3     5.1     0.0    14.38 C    25.5    -6.8     6.7    95.6    36.3    72.2   0.099   0.076   0.086   0.093   0.196    10.1    10.7    12.8    12.8    17.8
63828 20141121  2.422  -84.47   31.31    20.6    -0.9     9.8     8.5     0.0    14.13 C    27.0    -1.6    10.0    96.2    29.5    72.1   0.097   0.077   0.088   0.092   0.196    11.3    11.7    13.0    13.3    17.4
63828 20141122  2.422  -84.47   31.31    20.6     3.5    12.0    12.4    16.5     7.81 C    25.2     2.1    12.6    93.2    50.2    79.5   0.099   0.077   0.089   0.092   0.198    12.3    12.5    13.4    13.6    17.1
63828 20141123  2.422  -84.47   31.31    22.7    14.9    18.8    18.1    37.9     1.48 C    22.8    14.7    17.9    94.3    86.3    92.0   0.158   0.142   0.130   0.138   0.196    15.5    15.3    14.8    15.0    16.9
63828 20141124  2.422  -84.47   31.31    24.4    16.3    20.3    19.7    14.8     4.76 C    29.3    16.0    19.9    94.2    68.6    89.4   0.151   0.136   0.142   0.151   0.206    17.5    17.3    16.2    16.5    17.0
63828 20141125  2.422  -84.47   31.31    16.5     7.7    12.1    11.3    21.9     1.19 C    16.2     7.5    11.3    94.6    87.7    91.8   0.158   0.142   0.143   0.154   0.227    16.0    16.5    16.6    16.8    17.3
63828 20141126  2.422  -84.47   31.31    15.8     3.6     9.7     8.7     5.2    14.37 C    21.5     2.4    10.4    95.1    27.4    74.2   0.149   0.135   0.140   0.151   0.236    14.1    14.7    15.6    15.7    17.4
63828 20141127  2.422  -84.47   31.31    14.2     0.0     7.1     7.2     0.0    13.94 C    19.6    -1.6     8.2    96.9    36.6    70.7   0.133   0.121   0.130   0.141   0.234    12.3    13.0    14.5    14.6    17.4
63828 20141128  2.422  -84.47   31.31    12.0    -3.2     4.4     2.8     0.0    13.90 C    19.3    -4.5     4.6    96.0    29.0    75.7   0.127   0.116   0.124   0.138   0.231    10.6    11.4    13.4    13.4    17.1
63828 20141129  2.422  -84.47   31.31    18.0    -2.8     7.6     5.6     0.0    13.66 C    23.9    -4.1     7.1    95.9    25.9    75.2   0.124   0.113   0.121   0.134   0.228    10.4    11.0    12.7    12.7    16.8
63828 20141130  2.422  -84.47   31.31    22.3    -0.2    11.0     9.8     0.0    13.45 C    27.9    -1.0    11.1    96.9    42.0    80.8   0.122   0.111   0.119   0.132   0.225    11.2    11.7    12.7    12.8    16.4
63828 20141201  2.422  -84.47   31.31    24.5     3.7    14.1    12.4     0.0    13.25 C    31.9     2.8    14.1    96.9    36.2    79.6   0.119   0.109   0.117   0.131   0.223    12.4    12.7    13.2    13.3    16.2
63828 20141202  2.422  -84.47   31.31    25.2     8.9    17.0    14.8     0.0    10.18 C    31.5     8.3    15.9    95.7    44.3    82.5   0.118   0.108   0.116   0.130   0.221    13.7    13.9    13.9    14.1    16.1
63828 20141203  2.422  -84.47   31.31    25.6     9.0    17.3    15.7     0.0    10.12 C    32.5     8.3    17.0    96.2    47.6    84.4   0.117   0.107   0.115   0.128   0.220    14.5    14.6    14.5    14.7    16.1
63828 20141204  2.422  -84.47   31.31    25.7     9.8    17.7    16.2     0.0    12.40 C    32.3     9.1    17.9    96.2    40.7    81.1   0.115   0.106   0.114   0.128   0.218    15.1    15.3    15.1    15.3    16.2
63828 20141205  2.422  -84.47   31.31    18.8     9.0    13.9    15.1     0.0     3.62 C    20.5     8.2    15.1    96.1    77.3    88.4   0.113   0.104   0.113   0.127   0.217    14.9    15.1    15.2    15.4    16.4
63828 20141206  2.422  -84.47   31.31    23.1    14.9    19.0    18.2     0.4     5.23 C    27.3    13.9    18.7    94.9    66.2    86.2   0.112   0.104   0.113   0.126   0.216    16.6    16.6    15.9    16.3    16.5
63828 20141207  2.422  -84.47   31.31    17.7     6.8    12.3    12.1     0.0    12.05 C    23.5     5.8    13.4    91.3    48.0    71.2   0.111   0.104   0.111   0.125   0.215    15.0    15.6    15.9    16.1    16.7
63828 20141208  2.422  -84.47   31.31    12.0     3.9     7.9     9.0     0.0     3.53 C    12.7     3.6     9.5    88.4    56.3    67.1   0.109   0.101   0.110   0.125   0.214    14.1    14.7    15.4    15.5    16.8
63828 20141209  2.422  -84.47   31.31    15.5    -0.7     7.4     6.4     0.0    12.93 C    20.9    -1.4     7.6    96.4    36.9    75.0   0.106   0.100   0.109   0.123   0.213    12.4    13.1    14.4    14.5    16.8
63828 20141210  2.422  -84.47   31.31    13.2    -2.4     5.4     4.5     0.0    13.17 C    19.2    -3.9     5.7    95.6    39.1    75.8   0.104   0.098   0.108   0.122   0.213    11.0    11.7    13.5    13.5    16.6
63828 20141211  2.422  -84.47   31.31 -9999.0 -9999.0 -9999.0 -9999.0 -9999.0 -9999.00 U -9999.0 -9999.0 -9999.0 -9999.0 -9999.0 -9999.0 -99.000 -99.000 -99.000 -99.000 -99.000 -9999.0 -9999.0 -9999.0 -9999.0 -9999.0
63828 20141212  2.422  -84.47   31.31    17.3    -4.9     6.2     4.5     0.0    13.10 C    29.5    -7.6     5.2    95.5    20.5    68.2   0.100   0.096   0.090   0.135   0.211     9.5    10.3    10.8    13.0    16.0
63828 20141213  2.422  -84.47   31.31    19.0    -3.1     7.9     6.3     0.0    13.09 C    31.3    -6.4     6.1    95.3    15.2    63.3   0.098   0.094   0.089   0.134   0.210     9.7    10.4    10.8    12.6    15.7
63828 20141214  2.422  -84.47   31.31    18.0    -1.9     8.0     6.3     0.0    12.97 C    30.7    -5.6     6.4    96.7    31.9    76.6   0.097   0.094   0.089   0.133   0.209     9.7    10.4    10.7    12.4    15.4
63828 20141215  2.422  -84.47   31.31    20.0    -2.3     8.8     7.3     0.0    12.49 C    32.6    -4.3     8.2    96.9    36.2    78.0   0.096   0.093   0.088   0.132   0.208    10.0    10.5    10.7    12.3    15.1
63828 20141216  2.422  -84.47   31.31    21.9     4.7    13.3    13.7     3.3     9.79 C    28.9     0.8    12.3    95.0    33.7    75.4   0.096   0.093   0.087   0.132   0.208    12.0    12.2    12.1    12.6    15.0
63828 20141217  2.422  -84.47   31.31    16.7     0.5     8.6     7.2     0.0    11.90 C    28.3    -2.0     7.8    96.9    43.7    80.9   0.098   0.091   0.087   0.132   0.208    10.8    11.5    11.8    12.9    15.0
63828 20141218  2.422  -84.47   31.31    18.0     3.2    10.6     8.3     0.0    11.37 C    29.6     1.1     9.9    96.4    23.2    74.8   0.098   0.090   0.086   0.131   0.207    11.0    11.5    11.7    12.8    14.9
63828 20141219  2.422  -84.47   31.31    15.9     3.8     9.8     9.4     0.3     6.40 C    27.8     1.8    10.7    94.0    39.0    73.0   0.098   0.090   0.086   0.131   0.206    11.4    11.8    11.9    12.8    14.8
63828 20141220  2.422  -84.47   31.31    13.8     8.8    11.3    10.8     2.4     4.10 C    20.0     9.3    12.1    95.1    75.0    89.3   0.098   0.090   0.085   0.131   0.206    12.4    12.7    12.6    13.1    14.8
63828 20141221  2.422  -84.47   31.31    12.1    10.5    11.3    11.3     1.8     1.18 C    14.5     9.6    11.9    95.3    91.0    93.6   0.105   0.089   0.085   0.131   0.206    12.7    13.0    13.0    13.4    14.9
63828 20141222  2.422  -84.47   31.31    13.2     9.2    11.2    11.2     7.3     2.62 C    18.3     9.9    12.4    99.3    91.8    95.1   0.133   0.109   0.088   0.130   0.206    12.9    13.1    13.2    13.5    14.9
63828 20141223  2.422  -84.47   31.31    19.8    13.1    16.4    16.4    35.2     0.36 C    17.7    13.2    15.7    99.6    81.8    94.4   0.156   0.139   0.118   0.141   0.206    14.2    14.3    14.0    13.9    15.0
63828 20141224  2.422  -84.47   31.31    21.7    11.2    16.5    18.1    81.0     2.69 C    22.9    11.3    17.8    93.7    70.0    85.1   0.170   0.152   0.138   0.173   0.228    17.0    16.8    16.3    15.1    15.1
63828 20141225  2.422  -84.47   31.31    13.9     1.2     7.6     8.5     0.0    12.82 C    24.7     1.4    10.9    96.5    44.7    70.9   0.140   0.126   0.117   0.160   0.232    14.3    14.9    15.3    15.5    15.4
63828 20141226  2.422  -84.47   31.31    17.2    -0.6     8.3     6.9     0.0    12.73 C    26.4    -0.3     8.5    96.5    38.5    79.2   0.133   0.119   0.112   0.155   0.229    12.0    12.7    13.3    14.5    15.6
63828 20141227  2.422  -84.47   31.31    21.6     2.8    12.2    12.1     0.0    10.54 C    31.3     2.3    13.1    96.7    53.2    80.5   0.129   0.117   0.109   0.151   0.227    12.6    12.9    13.0    13.8    15.5
63828 20141228  2.422  -84.47   31.31    24.6    11.2    17.9    17.9     0.0     8.21 C    31.5     9.2    17.0    95.9    63.9    83.4   0.127   0.115   0.107   0.148   0.223    14.9    14.8    14.5    14.3    15.3
63828 20141229  2.422  -84.47   31.31    19.6     9.4    14.5    15.5    41.7     2.36 C    19.1     8.5    15.6    96.8    85.1    91.7   0.161   0.144   0.130   0.164   0.226    16.0    16.1    15.9    15.2    15.4
63828 20141230  2.422  -84.47   31.31    17.3     8.3    12.8    12.1     0.0     8.56 C    25.2     6.1    13.1   100.0    63.3    86.9   0.142   0.127   0.118   0.161   0.235    14.5    14.9    15.0    15.2    15.6
63828 20141231  2.422  -84.47   31.31    11.0     2.1     6.6     8.7     0.0     5.21 C    20.2     1.7    10.5    96.3    71.0    81.9   0.135   0.121   0.113   0.155   0.231    13.5    14.0    14.3    14.9    15.7
