94074 20140101  2.422 -104.76   40.81     5.0   -10.7    -2.8    -1.9     0.9     3.75 C     2.1   -10.4    -2.7    95.7    45.0    78.3 -99.000 -99.000 -99.000   0.091   0.121    -0.7    -0.4    -0.4     0.4     1.7
94074 20140102  2.422 -104.76   40.81     3.4   -12.3    -4.5    -4.8     0.0     9.25 C    10.2   -11.8    -3.9    95.1    40.1    74.4 -99.000 -99.000 -99.000   0.090   0.121    -2.1    -1.1    -0.5     0.4     1.7
94074 20140103  2.422 -104.76   40.81    16.1    -7.6     4.2     4.0     0.0     8.41 C    18.0    -8.5     0.9    84.4    17.2    47.7 -99.000 -99.000 -99.000 -99.000   0.121    -1.7    -1.1    -0.6     0.3     1.7
94074 20140104  2.422 -104.76   40.81    -2.6   -15.2    -8.9    -8.0     0.5     4.12 C    -2.3   -18.2    -7.9    89.8    66.9    78.5 -99.000 -99.000 -99.000 -99.000   0.122    -1.4    -0.7    -0.4     0.3     1.6
94074 20140105  2.422 -104.76   40.81   -10.6   -23.6   -17.1   -15.5     0.0     6.73 C    -4.7   -24.5   -14.6    87.0    57.1    72.4 -99.000 -99.000 -99.000 -99.000   0.122    -3.3    -1.9    -0.7     0.3     1.6
94074 20140106  2.422 -104.76   40.81    -5.2   -23.5   -14.4   -14.4     0.0     9.59 C    -1.4   -23.8   -14.0    90.3    43.8    69.2 -99.000 -99.000 -99.000 -99.000   0.121    -4.7    -3.2    -1.5     0.1     1.6
94074 20140107  2.422 -104.76   40.81     4.1   -11.8    -3.9    -2.1     0.0     1.81 C    -1.0   -13.9    -5.2    91.5    36.9    60.1 -99.000 -99.000 -99.000 -99.000   0.121    -3.4    -2.6    -1.6    -0.1     1.4
94074 20140108  2.422 -104.76   40.81     2.5    -8.0    -2.7    -3.0     0.0     8.96 C     7.3   -10.2    -3.0    91.6    53.1    77.4 -99.000 -99.000 -99.000 -99.000   0.121    -2.0    -1.5    -1.1    -0.2     1.3
94074 20140109  2.422 -104.76   40.81     7.2   -10.7    -1.8    -2.5     0.0     7.81 C    12.2   -11.3    -2.7    89.5    27.6    70.4 -99.000 -99.000 -99.000 -99.000   0.121    -2.5    -1.8    -1.2    -0.2     1.3
94074 20140110  2.422 -104.76   40.81     4.8    -3.2     0.8     0.2     0.0     8.77 C     6.9    -6.0    -1.5    56.9    29.6    41.5 -99.000 -99.000 -99.000 -99.000   0.121    -2.1    -1.5    -1.0    -0.2     1.2
94074 20140111  2.422 -104.76   40.81    10.9    -7.8     1.6     1.4     0.0     9.52 C    17.0    -9.4     0.0    79.0    28.9    55.5 -99.000 -99.000 -99.000 -99.000   0.121    -1.9    -1.4    -1.1    -0.2     1.2
94074 20140112  2.422 -104.76   40.81     9.0    -4.4     2.3     1.7     0.0     5.99 C     8.3    -7.1    -1.2    69.8    20.9    42.6 -99.000 -99.000 -99.000 -99.000   0.121    -1.5    -0.9    -0.7    -0.2     1.1
94074 20140113  2.422 -104.76   40.81     8.5    -3.2     2.6     3.4     0.0     9.18 C    12.4    -6.5     1.2    50.1    23.1    34.7 -99.000 -99.000 -99.000 -99.000   0.122    -1.6    -1.2    -0.9    -0.2     1.1
94074 20140114  2.422 -104.76   40.81     3.0    -9.2    -3.1    -2.4     0.0     7.61 C     8.6    -9.5    -1.5    86.4    45.5    66.4 -99.000 -99.000 -99.000 -99.000   0.122    -0.9    -0.6    -0.6    -0.2     1.1
94074 20140115  2.422 -104.76   40.81    13.9    -9.8     2.0     2.3     0.0     7.19 C    15.5   -10.0     0.1    87.5    19.0    48.2 -99.000 -99.000 -99.000 -99.000   0.122    -1.7    -1.2    -0.8    -0.2     1.1
94074 20140116  2.422 -104.76   40.81     7.1    -6.6     0.2     1.5     0.0     9.91 C    11.9    -9.1     0.0    69.9    22.6    40.0 -99.000 -99.000 -99.000 -99.000   0.121    -0.7    -0.5    -0.6    -0.2     1.1
94074 20140117  2.422 -104.76   40.81     9.8    -8.7     0.5     1.1     0.0    10.98 C    16.1   -10.7     0.0    77.3    21.7    44.8 -99.000 -99.000 -99.000 -99.000   0.121    -1.3    -0.8    -0.6    -0.1     1.1
94074 20140118  2.422 -104.76   40.81    12.1    -6.6     2.7     4.1     0.0    10.59 C    15.9    -9.1     1.4    64.6    12.2    33.0 -99.000 -99.000 -99.000 -99.000   0.121    -0.7    -0.5    -0.6    -0.1     1.0
94074 20140119  2.422 -104.76   40.81    17.2    -5.8     5.7     7.7     0.0    10.81 C    19.9    -9.0     3.8    56.7     9.5    23.4 -99.000 -99.000 -99.000 -99.000   0.121    -0.8    -0.5    -0.5    -0.1     1.0
94074 20140120  2.422 -104.76   40.81     8.8    -5.6     1.6     2.7     0.0    10.86 C    16.6    -9.3     1.5    65.3    16.1    34.9 -99.000 -99.000 -99.000 -99.000   0.121    -0.3    -0.3    -0.4     0.0     1.1
94074 20140121  2.422 -104.76   40.81    15.9   -10.0     3.0     3.9     0.0    11.36 C    18.7   -11.9     1.0    80.1     2.8    30.3 -99.000 -99.000 -99.000 -99.000   0.121    -0.7    -0.4    -0.4     0.0     1.1
94074 20140122  2.422 -104.76   40.81     6.1   -10.9    -2.4    -2.4     3.5     9.91 C    22.6   -10.4    -0.8    95.6    32.9    60.6 -99.000 -99.000 -99.000 -99.000   0.121    -0.7    -0.4    -0.4     0.0     1.1
94074 20140123  2.422 -104.76   40.81   -10.4   -19.4   -14.9   -14.4     0.8    11.26 C    -7.1   -20.9   -14.0    91.5    81.0    86.4 -99.000 -99.000 -99.000 -99.000   0.121    -0.6    -0.3    -0.4     0.1     1.1
94074 20140124  2.422 -104.76   40.81    11.7   -17.0    -2.6     1.3     0.0    10.30 C    10.3   -18.2    -2.5    87.3    24.6    43.1 -99.000 -99.000 -99.000 -99.000   0.121    -0.9    -0.5    -0.4     0.1     1.1
94074 20140125  2.422 -104.76   40.81    12.5    -0.3     6.1     6.3     0.0    11.31 C    17.5    -4.4     3.8    55.8    21.5    35.3 -99.000 -99.000 -99.000 -99.000   0.121    -0.4    -0.3    -0.4     0.1     1.1
94074 20140126  2.422 -104.76   40.81    13.4    -9.8     1.8     0.8     0.0    10.64 C    18.3    -8.3     0.8    77.2    17.8    50.7 -99.000 -99.000 -99.000 -99.000   0.121    -0.4    -0.3    -0.4     0.2     1.2
94074 20140127  2.422 -104.76   40.81    -9.7   -23.5   -16.6   -12.8     5.3     6.35 C    -7.4   -29.6   -13.0    93.5    71.7    85.2 -99.000 -99.000 -99.000 -99.000   0.121    -0.7    -0.3    -0.3     0.2     1.2
94074 20140128  2.422 -104.76   40.81   -11.2   -25.4   -18.3   -16.9     0.0    12.39 C    -8.6   -30.4   -20.1    86.3    56.3    70.3 -99.000 -99.000 -99.000 -99.000   0.121    -1.3    -0.5    -0.3     0.3     1.2
94074 20140129  2.422 -104.76   40.81     5.9   -17.0    -5.5    -5.2     0.0    10.74 C     1.1   -20.9    -8.2    71.1    47.2    59.5 -99.000 -99.000 -99.000 -99.000   0.121    -1.4    -0.8    -0.4     0.3     1.2
94074 20140130  2.422 -104.76   40.81     5.8    -8.0    -1.1     0.8     7.7     6.50 C     5.4    -8.0    -0.6    98.6    45.4    75.2 -99.000 -99.000 -99.000 -99.000   0.121    -0.6    -0.4    -0.4     0.3     1.2
94074 20140131  2.422 -104.76   40.81    -3.2   -10.9    -7.1    -8.6     3.5     8.63 C    -5.1   -12.3    -8.6    93.8    74.5    89.7 -99.000 -99.000 -99.000 -99.000   0.121    -0.4    -0.3    -0.3     0.3     1.2
94074 20140201  2.422 -104.76   40.81    -5.0   -13.4    -9.2   -10.0     1.0     9.40 C    -6.1   -14.5   -10.3    92.6    75.3    84.9 -99.000 -99.000 -99.000 -99.000   0.121    -0.4    -0.3    -0.3     0.3     1.2
94074 20140202  2.422 -104.76   40.81   -10.4   -24.4   -17.4   -16.5     0.0    13.06 C    -8.3   -29.5   -17.0    93.1    70.1    81.5 -99.000 -99.000 -99.000 -99.000   0.121    -0.4    -0.3    -0.2     0.3     1.3
94074 20140203  2.422 -104.76   40.81    -3.7   -18.2   -10.9   -10.2     0.2    13.34 C    -0.6   -23.3   -11.5    90.2    62.4    74.0 -99.000 -99.000 -99.000 -99.000   0.121    -0.5    -0.3    -0.2     0.3     1.3
94074 20140204  2.422 -104.76   40.81   -10.0   -25.5   -17.8   -15.1     2.6     9.08 C    -9.5   -29.6   -14.8    93.3    73.5    82.2 -99.000 -99.000 -99.000 -99.000   0.121    -0.6    -0.2    -0.1     0.4     1.3
94074 20140205  2.422 -104.76   40.81   -21.2   -32.1   -26.7   -25.9     0.0    12.81 C   -14.6   -34.9   -26.2    88.6    73.5    79.4 -99.000 -99.000 -99.000   0.084   0.121    -1.0    -0.3    -0.1     0.4     1.3
94074 20140206  2.422 -104.76   40.81   -20.4   -28.4   -24.4   -24.2     0.0    12.62 C   -12.4   -30.6   -23.8    84.2    68.4    77.7 -99.000 -99.000 -99.000   0.090   0.121    -1.5    -0.6    -0.2     0.4     1.3
94074 20140207  2.422 -104.76   40.81     0.4   -26.7   -13.1   -14.5     0.0    12.63 C    -0.9   -28.3   -16.0    92.3    57.7    76.7 -99.000 -99.000 -99.000 -99.000   0.121    -1.7    -0.9    -0.3     0.3     1.3
94074 20140208  2.422 -104.76   40.81     2.9   -12.8    -4.9    -5.7     0.5    13.13 C    -0.3   -16.0    -7.6    90.5    59.0    77.8 -99.000 -99.000 -99.000 -99.000   0.120    -1.3    -0.8    -0.4     0.3     1.3
94074 20140209  2.422 -104.76   40.81    -9.0   -14.2   -11.6   -11.8     0.8     6.83 C    -8.6   -13.6   -10.9    95.8    86.8    89.7 -99.000 -99.000 -99.000 -99.000   0.121    -1.0    -0.6    -0.4     0.2     1.3
94074 20140210  2.422 -104.76   40.81    -1.4   -13.8    -7.6    -8.9     0.0    10.88 C    -0.1   -16.0    -9.5    97.9    76.0    88.7 -99.000 -99.000 -99.000 -99.000   0.121    -1.0    -0.6    -0.4     0.2     1.2
94074 20140211  2.422 -104.76   40.81     4.2   -14.7    -5.2    -4.8     0.0    12.31 C     0.5   -18.5    -8.5    95.8    47.2    72.7 -99.000 -99.000 -99.000 -99.000   0.121    -1.0    -0.6    -0.4     0.2     1.2
94074 20140212  2.422 -104.76   40.81     6.4    -8.6    -1.1    -2.3     0.0    10.40 C     0.2   -11.6    -5.2    94.1    41.6    74.5 -99.000 -99.000 -99.000 -99.000   0.121    -0.9    -0.5    -0.4     0.2     1.2
94074 20140213  2.422 -104.76   40.81     8.4    -0.5     3.9     4.0     0.0    14.48 C     1.2    -5.1    -1.1    76.9    43.5    61.5 -99.000 -99.000 -99.000 -99.000   0.121    -0.7    -0.5    -0.3     0.2     1.2
94074 20140214  2.422 -104.76   40.81     3.6    -4.5    -0.4    -0.2     0.0    10.08 C     0.9    -9.2    -2.5    89.0    53.1    75.8 -99.000 -99.000 -99.000 -99.000   0.121    -0.6    -0.4    -0.3     0.2     1.2
94074 20140215  2.422 -104.76   40.81     7.5    -3.5     2.0     0.8     0.0     5.93 C     0.8    -6.4    -1.5    97.1    53.8    82.6 -99.000 -99.000 -99.000 -99.000   0.121    -0.5    -0.3    -0.3     0.2     1.2
94074 20140216  2.422 -104.76   40.81    12.3    -3.4     4.4     2.8     0.6    14.87 C     2.3    -6.5    -1.5    92.8    40.5    71.4 -99.000 -99.000 -99.000 -99.000   0.121    -0.5    -0.3    -0.3     0.2     1.2
94074 20140217  2.422 -104.76   40.81    12.3    -4.3     4.0     4.6     0.0    14.40 C     8.2    -7.5    -0.4    59.6    15.2    34.6 -99.000 -99.000 -99.000 -99.000   0.121    -0.4    -0.2    -0.2     0.3     1.2
94074 20140218  2.422 -104.76   40.81    10.6    -2.0     4.3     4.8     0.0    14.99 C     8.5    -3.9     1.1    87.3    23.0    42.8 -99.000 -99.000 -99.000 -99.000   0.121    -0.4    -0.2    -0.2     0.3     1.2
94074 20140219  2.422 -104.76   40.81    12.8    -4.1     4.3     2.1     0.0    14.32 C    18.0    -4.0     2.9    89.6    29.0    65.7 -99.000 -99.000 -99.000 -99.000   0.121    -0.2    -0.2    -0.1     0.3     1.2
94074 20140220  2.422 -104.76   40.81     1.1    -4.8    -1.9    -1.8     0.0    15.88 C     4.4    -5.5    -1.9    73.9    26.3    42.0 -99.000 -99.000 -99.000 -99.000   0.121    -0.4    -0.2    -0.1     0.4     1.2
94074 20140221  2.422 -104.76   40.81     7.3    -3.8     1.8     1.9     0.0    15.63 C    10.6    -3.8     0.8    86.8    23.1    41.4 -99.000 -99.000 -99.000   0.095   0.122    -0.5    -0.2    -0.1     0.4     1.2
94074 20140222  2.422 -104.76   40.81     8.4    -6.4     1.0    -2.2     0.5     8.16 C    12.7    -5.9    -0.7    98.7    28.3    81.0 -99.000 -99.000 -99.000   0.086   0.122    -0.4    -0.1     0.0     0.4     1.2
94074 20140223  2.422 -104.76   40.81    -2.6    -7.9    -5.2    -5.6     0.4     7.71 C     3.9    -6.8    -2.8    99.6    83.8    92.5 -99.000 -99.000 -99.000   0.079   0.122    -0.4    -0.1     0.0     0.5     1.2
94074 20140224  2.422 -104.76   40.81    15.4    -9.8     2.8    -3.7     0.0    13.64 C    18.2    -5.5     0.2   100.0    19.5    75.5 -99.000 -99.000 -99.000   0.078   0.122     0.1     0.2     0.2     0.5     1.2
94074 20140225  2.422 -104.76   40.81    -6.1   -23.6   -14.9   -11.3     3.9     9.64 C     1.9   -27.4    -8.0    94.0    58.8    75.0 -99.000 -99.000 -99.000   0.077   0.123    -0.4     0.0     0.1     0.6     1.3
94074 20140226  2.422 -104.76   40.81     3.5   -20.4    -8.5    -7.7     0.0    17.46 C     8.1   -23.0    -7.0    92.9    47.6    78.2 -99.000 -99.000 -99.000   0.075   0.123    -0.4     0.0     0.1     0.6     1.3
94074 20140227  2.422 -104.76   40.81    12.6    -6.8     2.9     2.1     0.0    11.79 C    16.4    -5.6     2.4    88.0    36.4    69.2 -99.000 -99.000 -99.000   0.075   0.123    -0.3     0.1     0.1     0.6     1.3
94074 20140228  2.422 -104.76   40.81    12.0    -6.3     2.9     2.3     0.0    15.85 C    17.4    -3.6     3.3    98.6    26.4    71.9 -99.000 -99.000 -99.000   0.075   0.123     1.2     1.1     0.7     0.7     1.3
94074 20140301  2.422 -104.76   40.81    -6.1   -18.1   -12.1   -13.6     2.5    10.66 C    -3.5   -16.8   -11.4    95.4    84.3    88.0 -99.000 -99.000   0.072   0.076   0.124    -0.2     0.3     0.6     1.0     1.4
94074 20140302  2.422 -104.76   40.81    -8.6   -18.1   -13.3   -14.5     0.0    14.74 C    -6.4   -16.7   -12.7    91.2    83.7    86.4 -99.000 -99.000 -99.000   0.076   0.124    -0.3     0.1     0.2     0.8     1.5
94074 20140303  2.422 -104.76   40.81    12.8   -11.6     0.6     1.5     0.0    16.18 C    14.6   -12.9    -0.2    90.5    29.5    65.8 -99.000 -99.000 -99.000   0.076   0.125     0.0     0.2     0.3     0.7     1.5
94074 20140304  2.422 -104.76   40.81    12.5    -0.9     5.8     4.3     4.4     9.98 C    17.4    -2.6     3.7    98.7    31.2    68.9 -99.000 -99.000   0.074   0.076   0.125     1.7     1.4     0.9     0.9     1.5
94074 20140305  2.422 -104.76   40.81    11.5    -4.4     3.5     3.4     0.2    18.15 C    18.4    -3.9     4.4    99.9    29.0    71.1   0.153   0.082   0.065   0.076   0.126     3.5     3.1     2.1     1.6     1.6
94074 20140306  2.422 -104.76   40.81    13.6    -1.1     6.3     6.0     0.0     6.69 C    18.0    -2.7     3.3    79.2    22.8    54.8   0.148   0.081   0.065   0.077   0.126     2.4     2.5     2.2     2.1     1.9
94074 20140307  2.422 -104.76   40.81     8.5    -1.9     3.3     2.2     5.2     3.87 C     4.5    -2.1     2.2    99.6    43.4    86.3   0.159   0.081   0.066   0.078   0.126     2.6     2.8     2.5     2.4     2.1
94074 20140308  2.422 -104.76   40.81    11.2    -2.1     4.5     3.4     0.0    19.23 C    20.6    -2.5     4.8    91.8    28.1    65.7   0.153   0.081   0.065   0.078   0.128     3.9     3.5     2.7     2.5     2.3
94074 20140309  2.422 -104.76   40.81    20.9    -2.3     9.3     9.9     0.0    18.05 C    25.3    -4.6     7.6    83.2     8.0    32.4   0.147   0.081   0.065   0.079   0.129     4.7     4.3     3.5     3.0     2.6
94074 20140310  2.422 -104.76   40.81    18.5     1.8    10.1     9.1     0.0     9.55 C    23.0    -1.2     7.0    69.3    14.4    41.2   0.143   0.079   0.065   0.079   0.130     5.3     5.1     4.3     3.7     2.9
94074 20140311  2.422 -104.76   40.81     7.6    -6.0     0.8     0.4     0.0     9.59 C    11.0    -5.9     0.9    87.5    42.2    65.3   0.140   0.078   0.064   0.078   0.130     2.7     3.6     3.8     3.9     3.2
94074 20140312  2.422 -104.76   40.81    10.4    -8.4     1.0     0.5     0.0    20.17 C    23.3    -8.4     3.2    82.4    18.1    51.0 -99.000   0.077   0.063   0.078   0.131     2.8     3.0     2.9     3.2     3.4
94074 20140313  2.422 -104.76   40.81    15.5    -6.3     4.6     4.6     0.0    19.71 C    28.2    -6.9     5.4    81.8    12.7    43.2   0.130   0.077   0.064   0.077   0.131     3.9     3.8     3.3     3.3     3.3
94074 20140314  2.422 -104.76   40.81    14.6    -4.5     5.1     4.7     0.0    19.93 C    25.9    -6.1     6.0    78.4    14.4    46.4   0.125   0.077   0.064   0.078   0.131     4.9     4.7     4.0     3.7     3.4
94074 20140315  2.422 -104.76   40.81     8.3    -5.0     1.7     2.7     0.0    13.67 C    19.1    -5.6     3.6    90.5    30.7    58.0   0.121   0.075   0.064   0.078   0.131     3.7     4.2     4.1     4.1     3.7
94074 20140316  2.422 -104.76   40.81    16.5    -6.1     5.2     4.5     0.0    19.78 C    28.1    -7.4     6.1    92.7    14.4    53.5   0.119   0.075   0.063   0.078   0.131     4.6     4.4     3.9     3.8     3.8
94074 20140317  2.422 -104.76   40.81    19.4    -0.7     9.3     8.4     0.0    16.62 C    29.5    -2.7     8.1    67.7    10.7    33.4   0.113   0.074   0.064   0.078   0.131     5.9     5.6     4.9     4.3     3.9
94074 20140318  2.422 -104.76   40.81     2.7    -7.7    -2.5    -1.1     0.0    11.62 C    14.4    -8.1     0.4    88.0    37.0    65.2   0.108   0.073   0.063   0.078   0.131     2.8     3.8     4.2     4.5     4.1
94074 20140319  2.422 -104.76   40.81     9.8    -8.7     0.6     0.5     0.0    20.38 C    26.6    -9.4     3.9    88.3    20.2    54.0 -99.000   0.072   0.061   0.077   0.131     3.8     3.8     3.5     3.8     4.1
94074 20140320  2.422 -104.76   40.81    17.0    -6.3     5.4     7.0     0.0    19.42 C    28.7    -7.7     6.7    75.5     7.6    28.5   0.102   0.071   0.062   0.077   0.131     5.0     4.7     4.2     4.1     4.1
94074 20140321  2.422 -104.76   40.81     7.0    -5.0     1.0     0.8     0.0    17.04 C    29.0    -7.2     5.7    83.2    34.6    55.8   0.095   0.070   0.062   0.078   0.131     5.4     5.3     4.8     4.5     4.1
94074 20140322  2.422 -104.76   40.81    -2.9    -7.9    -5.4    -5.2     0.9    12.87 C    -1.3    -6.7    -3.5    96.7    77.3    89.0   0.096   0.069   0.060   0.078   0.132     2.4     3.5     4.1     4.5     4.3
94074 20140323  2.422 -104.76   40.81    12.6    -7.5     2.6    -0.6     0.0    20.34 C    21.6    -6.4     3.0    98.7    20.4    73.9   0.108   0.070   0.061   0.077   0.132     4.3     4.1     3.7     3.9     4.3
94074 20140324  2.422 -104.76   40.81     5.2    -4.4     0.4    -0.3     1.0    17.54 C    25.0    -4.1     4.5    92.9    45.6    68.9   0.111   0.071   0.061   0.078   0.132     5.1     5.0     4.5     4.3     4.2
94074 20140325  2.422 -104.76   40.81    12.3    -3.7     4.3     2.0     0.0    20.98 C    24.7    -3.0     6.3    89.6    32.6    66.3   0.107   0.072   0.061   0.078   0.131     6.1     5.7     5.1     4.7     4.4
94074 20140326  2.422 -104.76   40.81    18.3    -3.0     7.7     7.8     0.0    14.70 C    29.1    -4.8     8.2    84.7    16.4    49.4   0.102   0.071   0.062   0.078   0.132     6.6     6.2     5.5     5.1     4.6
94074 20140327  2.422 -104.76   40.81    13.3     0.0     6.7     6.0     0.0    17.81 C    25.9    -0.4     8.1    86.7    15.0    52.3   0.095   0.070   0.062   0.078   0.132     7.1     6.9     6.2     5.6     4.8
94074 20140328  2.422 -104.76   40.81    11.4    -5.2     3.1     4.0     0.0    22.40 C    25.8    -6.3     5.8    77.1    15.8    39.4   0.089   0.068   0.062   0.078   0.131     6.3     6.4     6.0     5.7     5.1
94074 20140329  2.422 -104.76   40.81    17.1    -7.3     4.9     5.3     0.0    17.14 C    29.7    -7.6     6.8    85.6    12.2    45.2   0.083   0.067   0.062   0.078   0.132     6.2     6.0     5.6     5.6     5.2
94074 20140330  2.422 -104.76   40.81    19.6    -1.8     8.9     9.0     0.0    13.40 C    30.8    -3.5     8.9    70.9    14.4    38.5   0.077   0.066   0.062   0.079   0.132     7.2     6.9     6.3     5.9     5.3
94074 20140331  2.422 -104.76   40.81    10.9    -2.6     4.2     5.1     0.0    22.57 C    24.5    -2.8     7.9    75.3    23.3    43.1   0.070   0.065   0.062   0.079   0.132     7.6     7.4     6.8     6.3     5.5
94074 20140401  2.422 -104.76   40.81    12.4    -4.1     4.1     3.6     0.0    19.65 C    32.6    -4.7     8.6    84.9    30.0    57.1   0.064   0.063   0.062   0.079   0.132     7.9     7.4     6.7     6.3     5.7
94074 20140402  2.422 -104.76   40.81     9.9    -2.9     3.5     2.4     0.3    17.24 C    30.0    -3.1     8.4    95.0    39.2    72.5   0.058   0.062   0.061   0.079   0.133     8.5     8.0     7.2     6.7     5.8
94074 20140403  2.422 -104.76   40.81     8.8    -6.4     1.2     2.2     0.0    20.44 C    24.8    -6.8     6.0    94.8    29.6    61.9   0.053   0.060   0.061   0.079   0.133     7.4     7.6     7.2     7.0     6.1
94074 20140404  2.422 -104.76   40.81    11.5    -8.8     1.4     2.4     0.0    18.36 C    25.9    -8.8     5.3    87.3    19.3    51.3   0.048   0.058   0.060   0.079   0.133     6.3     6.4     6.4     6.5     6.2
94074 20140405  2.422 -104.76   40.81    13.9    -0.2     6.9     6.3     0.0    18.85 C    36.9    -1.6    10.0    77.0    23.5    46.7   0.044   0.056   0.060   0.079   0.134     8.4     7.7     6.9     6.6     6.1
94074 20140406  2.422 -104.76   40.81    13.9    -2.4     5.7     5.3     0.0    16.77 C    28.4    -4.6     6.6    82.3    17.9    49.6   0.040   0.056   0.060   0.079   0.134     7.6     7.6     7.2     7.0     6.3
94074 20140407  2.422 -104.76   40.81    11.5    -2.3     4.6     4.2     0.0    19.80 C    24.7    -3.6     6.8    86.9    20.6    54.5   0.038   0.054   0.058   0.078   0.133     7.2     7.2     6.9     6.9     6.4
94074 20140408  2.422 -104.76   40.81    21.0     0.0    10.5    11.1     0.0    24.41 C    34.1    -2.2    12.7    67.8    16.2    36.1   0.035   0.054   0.058   0.078   0.133     9.8     8.7     7.5     7.0     6.4
94074 20140409  2.422 -104.76   40.81    24.5     2.3    13.4    15.0     0.0    18.79 C    36.2    -0.8    14.3    61.1    10.0    25.8   0.031   0.053   0.059   0.080   0.133    10.9     9.9     8.6     7.7     6.6
94074 20140410  2.422 -104.76   40.81    17.9     1.0     9.4     9.3     0.0    18.39 C    31.4    -0.5    11.3    90.7    19.9    53.9   0.029   0.051   0.058   0.080   0.134    11.1    10.3     9.3     8.4     7.0
94074 20140411  2.422 -104.76   40.81    22.1     2.2    12.2    12.4     0.0    25.09 C    35.1    -0.2    14.9    66.0    14.1    34.2   0.027   0.051   0.057   0.081   0.134    12.3    11.0     9.6     8.7     7.3
94074 20140412  2.422 -104.76   40.81    20.0     3.6    11.8    12.7     0.0    11.51 C    24.0     0.6    12.2    79.6    16.4    38.6   0.025   0.049   0.057   0.081   0.135    11.3    10.8    10.0     9.2     7.6
94074 20140413  2.422 -104.76   40.81     5.9    -6.6    -0.3    -2.9     3.4     9.95 C     6.0    -7.7    -2.3    97.1    75.8    85.8   0.022   0.047   0.054   0.080   0.134     6.2     7.8     8.6     8.9     7.9
94074 20140414  2.422 -104.76   40.81     5.4   -11.7    -3.1    -2.9     0.0    26.76 C     2.1   -17.2    -5.2    85.8    33.8    61.8   0.021   0.045   0.052   0.078   0.134     4.0     5.5     6.5     7.6     7.8
94074 20140415  2.422 -104.76   40.81    17.2    -7.6     4.8     5.8     0.0    19.96 C    25.6    -7.8     4.9    85.9    14.3    48.4   0.059   0.052   0.052   0.078   0.134     5.4     5.6     5.9     6.6     7.4
94074 20140416  2.422 -104.76   40.81    10.4     1.5     6.0     5.8     0.0    22.03 C    23.8    -0.9     8.1    77.5    32.0    51.9   0.085   0.065   0.056   0.078   0.134     7.3     7.2     6.9     6.9     7.1
94074 20140417  2.422 -104.76   40.81    15.5    -3.8     5.8     5.5     0.0    24.06 C    31.9    -4.5    10.1   100.0    21.6    63.6   0.081   0.066   0.057   0.078   0.134     9.5     8.7     7.8     7.4     7.1
94074 20140418  2.422 -104.76   40.81    25.3    -2.0    11.6    12.1     0.0    21.44 C    33.6    -1.7    13.3    91.3    14.1    47.7   0.075   0.065   0.059   0.079   0.134    11.1    10.2     9.0     8.2     7.3
94074 20140419  2.422 -104.76   40.81    18.1     7.2    12.7    12.3     0.0    19.36 C    32.3     5.1    14.6    85.5    35.7    52.6   0.069   0.064   0.059   0.080   0.134    12.4    11.4    10.2     9.1     7.6
94074 20140420  2.422 -104.76   40.81    21.7     1.1    11.4    12.9     0.0    19.87 C    37.9     1.1    14.7    95.9    17.6    50.3   0.061   0.061   0.059   0.081   0.134    13.0    12.1    10.9     9.7     8.0
94074 20140421  2.422 -104.76   40.81    18.1     0.9     9.5    10.6     0.0    24.78 C    34.1     0.2    14.0    75.0    27.7    45.5   0.054   0.059   0.059   0.081   0.135    13.2    12.3    11.2    10.1     8.4
94074 20140422  2.422 -104.76   40.81    25.2     0.9    13.0    12.5     0.0    18.01 C    35.0     1.4    14.4    85.5    16.7    50.9   0.046   0.058   0.058   0.081   0.135    13.3    12.4    11.4    10.4     8.8
94074 20140423  2.422 -104.76   40.81    20.2     4.4    12.3    11.7     0.0    16.65 C    33.4     2.8    12.6    75.8    17.9    35.6   0.040   0.055   0.057   0.081   0.135    12.7    12.3    11.6    10.8     9.1
94074 20140424  2.422 -104.76   40.81    17.3    -3.6     6.9     8.3     0.0    23.70 C    33.1    -4.5    11.6    56.1    15.9    31.1   0.036   0.053   0.056   0.081   0.136    12.2    11.6    11.0    10.5     9.3
94074 20140425  2.422 -104.76   40.81    22.0     1.9    11.9    12.3     0.0    20.86 C    34.2    -0.1    14.2    61.4    15.3    34.5   0.033   0.051   0.055   0.080   0.136    13.2    12.3    11.4    10.7     9.4
94074 20140426  2.422 -104.76   40.81    22.6     0.6    11.6    12.1     0.0    18.35 C    36.3    -0.4    14.2    70.7    14.9    43.0   0.030   0.050   0.054   0.080   0.136    13.8    12.9    11.9    11.0     9.5
94074 20140427  2.422 -104.76   40.81     7.9     3.4     5.6     6.0     0.7     5.48 C    10.4     2.9     6.1    89.3    49.0    63.7   0.026   0.047   0.052   0.079   0.136     9.7    10.7    11.1    11.0     9.7
94074 20140428  2.422 -104.76   40.81    12.3     2.6     7.5     6.0     0.0    23.04 C    22.8     0.3     8.2    70.7    11.8    41.6   0.025   0.045   0.050   0.078   0.136     9.6     9.7     9.7    10.1     9.7
94074 20140429  2.422 -104.76   40.81     9.8    -0.5     4.7     3.9     0.5    16.05 C    19.8    -1.4     5.9    94.4    31.0    57.9   0.024   0.044   0.049   0.077   0.136     8.5     9.1     9.4     9.8     9.5
94074 20140430  2.422 -104.76   40.81    10.7    -2.2     4.3     4.0     0.0    20.57 C    25.1    -3.7     6.6    84.7    25.8    52.3   0.023   0.044   0.048   0.077   0.136     8.3     8.6     8.8     9.3     9.3
94074 20140501  2.422 -104.76   40.81    14.9    -0.9     7.0     7.4     0.0    28.10 C    31.9    -2.6    11.3    62.5    15.3    35.9   0.022   0.043   0.047   0.076   0.135    10.5     9.8     9.2     9.2     9.1
94074 20140502  2.422 -104.76   40.81    23.7     0.4    12.0    13.8     0.0    20.90 C    36.4    -2.5    14.2    56.9    14.3    32.8   0.023   0.042   0.046   0.076   0.134    12.4    11.3    10.2     9.7     9.1
94074 20140503  2.422 -104.76   40.81    27.4     3.1    15.2    16.2     0.0    26.70 C    41.1    -0.1    17.7    76.9     7.8    32.3   0.021   0.042   0.046   0.075   0.134    15.1    13.3    11.6    10.4     9.3
94074 20140504  2.422 -104.76   40.81    28.2     6.7    17.5    17.8     0.0    23.77 C    43.2     4.0    18.9    54.1     6.4    24.2   0.021   0.041   0.045   0.076   0.135    16.5    14.6    12.9    11.4     9.6
94074 20140505  2.422 -104.76   40.81    23.9     3.6    13.7    13.7     0.0    12.10 C    28.2     2.2    12.8    78.2     9.5    39.7   0.019   0.039   0.045   0.075   0.134    14.0    13.6    12.9    11.9    10.0
94074 20140506  2.422 -104.76   40.81    23.1     4.2    13.7    15.0     1.8    19.81 C    39.4     3.0    16.7    87.0     9.9    47.6   0.019   0.038   0.043   0.074   0.134    15.3    14.0    12.8    11.9    10.3
94074 20140507  2.422 -104.76   40.81    15.3     2.3     8.8     8.0     8.9     9.83 C    26.8     3.6     9.4    96.3    60.3    83.3   0.017   0.037   0.043   0.074   0.134    11.9    12.6    12.6    12.1    10.5
94074 20140508  2.422 -104.76   40.81    10.0     0.4     5.2     4.7     6.8    12.14 C    27.1     1.0     7.6    98.9    64.1    85.4   0.027   0.038   0.041   0.072   0.134     9.7    10.2    10.6    11.2    10.6
94074 20140509  2.422 -104.76   40.81    15.5     1.4     8.5     8.2     1.3    18.87 C    24.2     2.8    10.3   100.0    34.1    75.1   0.050   0.048   0.040   0.072   0.134    11.5    11.1    10.8    10.7    10.4
94074 20140510  2.422 -104.76   40.81    16.4     1.7     9.1     9.7     2.5    17.55 C    25.8     0.3    10.5    93.3    29.2    63.8   0.064   0.056   0.040   0.072   0.134    11.6    11.3    11.0    10.8    10.3
94074 20140511  2.422 -104.76   40.81     6.8    -0.3     3.3     1.1    17.8     8.74 C     7.6     0.2     2.1    97.6    83.7    90.4   0.080   0.068   0.041   0.070   0.134     6.3     8.0     9.3    10.5    10.2
94074 20140512  2.422 -104.76   40.81     4.9    -2.1     1.4     1.2     1.0    26.12 C    17.5    -1.3     5.0    97.3    53.9    75.0   0.091   0.075   0.054   0.069   0.134     5.5     6.4     7.2     8.7     9.9
94074 20140513  2.422 -104.76   40.81     9.5    -3.4     3.0     3.7     0.0    28.69 C    24.7    -3.2     7.7    91.0    31.2    57.4   0.094   0.076   0.060   0.070   0.133     8.0     7.8     7.6     8.2     9.4
94074 20140514  2.422 -104.76   40.81    13.7    -1.2     6.2     6.5     0.0    28.00 C    26.2    -1.5     9.8    87.7    24.0    59.4   0.091   0.074   0.061   0.073   0.133     9.6     9.2     8.8     8.7     9.1
94074 20140515  2.422 -104.76   40.81    16.9     4.8    10.9    10.5     0.0    25.09 C    29.2     4.4    13.6    78.8    29.8    54.9   0.089   0.073   0.062   0.076   0.133    11.6    10.7     9.9     9.4     9.1
94074 20140516  2.422 -104.76   40.81    14.9     5.0    10.0    10.3     0.0    20.38 C    29.0     4.8    13.0    91.7    46.6    66.5   0.086   0.072   0.062   0.077   0.132    12.3    11.7    11.0    10.3     9.3
94074 20140517  2.422 -104.76   40.81    17.2     5.1    11.2    10.1     0.0    21.58 C    32.9     5.5    14.1    99.3    50.4    79.0   0.083   0.071   0.063   0.079   0.132    14.0    13.0    11.8    10.9     9.6
94074 20140518  2.422 -104.76   40.81    26.2     3.7    15.0    14.2     0.0    26.22 C    35.0     4.2    17.1   100.0    22.0    66.5   0.080   0.070   0.063   0.079   0.132    16.1    14.6    13.1    11.7    10.0
94074 20140519  2.422 -104.76   40.81    23.9     8.7    16.3    16.1     0.0    27.24 C    35.9     5.5    18.6    81.6    26.0    47.6   0.072   0.067   0.064   0.080   0.133    17.5    16.0    14.4    12.9    10.5
94074 20140520  2.422 -104.76   40.81    21.8     9.4    15.6    15.3     0.0    26.91 C    34.8     9.2    18.9    91.2    38.5    62.8   0.063   0.065   0.064   0.081   0.133    18.3    16.8    15.3    13.7    11.1
94074 20140521  2.422 -104.76   40.81    20.6     7.8    14.2    13.7     1.2    16.42 C    29.0     8.3    15.7    95.2    44.7    76.6   0.055   0.062   0.062   0.081   0.133    16.6    16.1    15.2    14.2    11.6
94074 20140522  2.422 -104.76   40.81    19.7     7.0    13.4    14.1     0.2    21.61 C    32.3     6.6    16.8    99.9    56.4    79.1   0.051   0.059   0.061   0.081   0.134    17.1    16.1    15.0    14.1    11.9
94074 20140523  2.422 -104.76   40.81    20.3     7.5    13.9    14.1     6.1    19.29 C    33.3     7.8    16.8    96.6    48.4    75.9   0.047   0.057   0.060   0.081   0.134    17.0    16.1    15.2    14.3    12.2
94074 20140524  2.422 -104.76   40.81    19.4     8.6    14.0    13.8     0.0    18.28 C    24.1     8.7    15.9   100.0    58.5    84.5   0.050   0.056   0.059   0.080   0.133    16.8    16.2    15.3    14.4    12.4
94074 20140525  2.422 -104.76   40.81    21.2     8.2    14.7    14.9     0.0    20.94 C    30.8     8.2    17.0   100.0    39.6    73.2   0.051   0.055   0.058   0.079   0.133    17.0    16.3    15.4    14.6    12.6
94074 20140526  2.422 -104.76   40.81    21.7     8.1    14.9    14.9     1.3    20.96 C    36.2     7.4    16.6    92.3    36.6    67.3   0.050   0.054   0.057   0.079   0.134    17.1    16.4    15.5    14.7    12.8
94074 20140527  2.422 -104.76   40.81    27.0     6.9    17.0    18.7     0.0    28.67 C    41.1     6.3    21.5    91.8    21.7    54.8   0.049   0.054   0.057   0.078   0.133    19.4    17.6    16.1    14.9    13.0
94074 20140528  2.422 -104.76   40.81    29.0     7.3    18.2    19.4     0.0    31.08 C    42.1     6.8    22.7    89.9    15.3    50.5   0.044   0.053   0.057   0.079   0.133    20.8    19.0    17.3    15.7    13.2
94074 20140529  2.422 -104.76   40.81    29.6     6.6    18.1    19.1     0.0    26.87 C    43.8     6.9    22.9    89.3    22.3    53.9   0.038   0.051   0.056   0.079   0.132    21.4    19.6    18.0    16.3    13.6
94074 20140530  2.422 -104.76   40.81    20.2     9.0    14.6    15.3     4.9     8.69 C    29.4     8.9    16.8    99.6    57.1    78.7   0.031   0.049   0.054   0.078   0.132    18.2    18.3    17.7    16.7    14.0
94074 20140531  2.422 -104.76   40.81    24.1     6.7    15.4    15.0    18.1    22.05 C    35.1     6.9    17.9   100.0    42.6    77.8   0.035   0.049   0.052   0.076   0.132    18.7    17.7    16.9    16.1    14.2
94074 20140601  2.422 -104.76   40.81    23.1     8.3    15.7    16.3     0.0    26.65 C    34.2     9.8    19.3    95.2    38.3    69.7   0.067   0.068   0.051   0.076   0.132    19.4    18.4    17.3    16.3    14.2
94074 20140602  2.422 -104.76   40.81    23.9     7.2    15.6    16.1     0.0    27.35 C    35.6     7.8    20.0    95.9    35.3    66.7   0.074   0.069   0.051   0.075   0.131    20.1    19.0    17.9    16.7    14.4
94074 20140603  2.422 -104.76   40.81    30.1     9.0    19.6    19.0     0.0    28.30 C    39.2     8.8    22.0   100.0    12.4    63.4   0.068   0.066   0.052   0.075   0.131    21.3    20.0    18.7    17.2    14.7
94074 20140604  2.422 -104.76   40.81    26.8     6.6    16.7    17.2     0.0    26.86 C    41.1     7.4    22.1   100.0    24.3    62.4   0.057   0.063   0.052   0.074   0.131    21.4    20.1    19.0    17.6    15.0
94074 20140605  2.422 -104.76   40.81    24.1     6.4    15.3    16.4     0.0    27.67 C    42.4     7.7    22.2    89.0    27.7    56.6   0.048   0.059   0.051   0.074   0.131    21.5    20.3    19.2    17.9    15.3
94074 20140606  2.422 -104.76   40.81    26.3     6.4    16.3    16.0     0.5    22.31 C    42.9     6.8    20.6    96.8    21.1    65.6   0.039   0.056   0.049   0.074   0.131    20.5    19.8    18.9    18.0    15.6
94074 20140607  2.422 -104.76   40.81    17.4     9.1    13.3    11.9     0.0    11.09 C    35.6    11.7    16.1    98.6    59.9    85.2   0.032   0.053   0.048   0.073   0.130    18.5    18.5    18.2    17.7    15.7
94074 20140608  2.422 -104.76   40.81    21.6     6.0    13.8    12.2     4.1    12.49 C    42.1     6.4    16.1    95.4    42.0    79.2   0.029   0.050   0.046   0.072   0.129    18.0    17.9    17.7    17.3    15.7
94074 20140609  2.422 -104.76   40.81    20.6     1.3    10.9    12.1     0.0    29.29 C    40.4     2.2    17.7    89.1    28.8    54.8   0.027   0.048   0.044   0.071   0.128    17.8    17.2    16.7    16.7    15.6
94074 20140610  2.422 -104.76   40.81    27.8     2.2    15.0    16.6     0.0    20.16 C    47.4     3.1    19.7    91.0    14.9    49.2   0.026   0.047   0.045   0.071   0.129    18.7    18.0    17.3    16.7    15.4
94074 20140611  2.422 -104.76   40.81    27.8     7.6    17.7    15.6     0.2    15.04 C    45.4     7.1    18.5    85.2    19.5    61.3   0.024   0.046   0.044   0.071   0.128    18.4    18.1    17.6    17.0    15.4
94074 20140612  2.422 -104.76   40.81    22.0     9.9    16.0    14.3     0.0    14.64 C    36.4    10.8    18.2    89.1    42.8    69.9   0.021   0.044   0.043   0.070   0.127    18.1    17.7    17.2    16.8    15.5
94074 20140613  2.422 -104.76   40.81    31.8     5.2    18.5    18.6     0.0    27.70 C    48.3     5.5    24.0    97.5    10.5    50.6   0.021   0.043   0.042   0.070   0.126    21.0    19.2    17.8    16.9    15.4
94074 20140614  2.422 -104.76   40.81    23.8     3.7    13.7    15.0     0.5    17.82 C    47.8     5.1    18.6    77.6    21.9    49.7   0.018   0.042   0.043   0.070   0.126    20.3    19.6    18.7    17.6    15.5
94074 20140615  2.422 -104.76   40.81    24.4     0.2    12.3    14.4     0.0    22.78 C    44.9     1.4    20.2    84.4    18.2    45.0   0.018   0.039   0.041   0.069   0.126    19.8    18.6    17.9    17.4    15.7
94074 20140616  2.422 -104.76   40.81    30.1     4.0    17.0    19.7     0.0    23.75 C    51.5     5.5    25.2    92.9     9.0    38.6   0.018   0.039   0.041   0.068   0.125    22.2    20.4    18.9    17.7    15.8
94074 20140617  2.422 -104.76   40.81    30.3     7.3    18.8    19.8     0.0    27.53 C    49.6     8.1    26.0    82.9     9.1    39.1   0.016   0.037   0.041   0.068   0.125    23.5    21.5    19.9    18.3    16.0
94074 20140618  2.422 -104.76   40.81    25.2     8.3    16.7    15.8     9.7    20.32 C    51.1     9.4    22.5    94.2    23.0    51.0   0.015   0.036   0.041   0.068   0.125    22.5    21.3    20.3    18.8    16.3
94074 20140619  2.422 -104.76   40.81    25.6     6.1    15.8    15.9     0.0    27.52 C    40.8     7.0    20.2    94.8    12.6    46.1   0.020   0.033   0.039   0.068   0.124    20.5    19.9    19.3    18.6    16.5
94074 20140620  2.422 -104.76   40.81    29.4     6.5    17.9    19.6     0.0    27.65 C    49.4     7.4    25.3    83.2    13.3    43.0   0.021   0.028   0.038   0.067   0.124    21.9    20.6    19.5    18.5    16.6
94074 20140621  2.422 -104.76   40.81    30.2    10.3    20.3    19.8     0.0    18.16 C    47.6    10.7    23.7    93.9    13.7    52.1   0.022   0.024   0.039   0.068   0.123    22.0    21.2    20.1    18.9    16.7
94074 20140622  2.422 -104.76   40.81    25.1     8.8    16.9    15.6    16.4    15.62 C    48.3     4.7    19.3    93.1    39.3    67.8   0.023   0.027   0.039   0.067   0.123    18.7    18.8    19.3    18.9    16.9
94074 20140623  2.422 -104.76   40.81    23.6     6.3    15.0    14.6    44.8    22.88 C    41.0     6.3    18.8    97.8    41.9    77.0   0.040   0.058   0.038   0.066   0.122    17.1    16.8    16.9    17.5    16.8
94074 20140624  2.422 -104.76   40.81    22.7     9.3    16.0    16.7     9.5    20.69 C    40.2    10.0    20.6    95.6    49.9    75.6   0.077   0.078   0.059   0.069   0.122    18.4    17.7    17.2    17.1    16.4
94074 20140625  2.422 -104.76   40.81    26.1    11.5    18.8    17.8     0.0    19.05 C    40.8    11.9    20.7    97.9    27.7    71.1   0.085   0.079   0.064   0.076   0.121    19.7    19.1    18.3    17.7    16.3
94074 20140626  2.422 -104.76   40.81    30.1    10.7    20.4    19.6     0.0    24.82 C    41.9    10.4    23.2    94.9    22.5    61.6   0.085   0.078   0.065   0.080   0.121    20.8    19.9    19.0    18.2    16.4
94074 20140627  2.422 -104.76   40.81    24.8    10.8    17.8    16.4     6.2    12.84 C    44.9    11.4    18.8    93.4    45.3    71.3   0.086   0.077   0.065   0.082   0.122    19.4    19.5    19.1    18.6    16.7
94074 20140628  2.422 -104.76   40.81    26.6    10.4    18.5    18.8     0.0    24.55 C    38.3     9.6    20.6    89.1    19.6    43.3   0.086   0.077   0.065   0.083   0.123    19.4    19.0    18.5    18.2    16.8
94074 20140629  2.422 -104.76   40.81    29.8     9.1    19.5    20.4     0.0    27.28 C    42.2     8.6    23.7    74.6    19.5    44.5   0.085   0.076   0.066   0.084   0.122    20.8    20.0    19.0    18.4    16.8
94074 20140630  2.422 -104.76   40.81    27.9     9.2    18.5    19.5     0.0    27.62 C    47.1    10.5    24.6    76.0    14.3    41.5   0.085   0.075   0.067   0.086   0.122    21.4    20.7    19.8    19.0    16.9
94074 20140701  2.422 -104.76   40.81    23.8     9.1    16.5    17.0     0.0    25.18 C    45.5    10.3    24.5    86.2    28.8    49.9   0.087   0.073   0.067   0.087   0.122    21.6    20.8    19.9    19.2    17.2
94074 20140702  2.422 -104.76   40.81    24.8     6.9    15.8    16.9     0.0    25.99 C    44.0     8.4    23.2    91.9    35.9    62.4   0.082   0.072   0.067   0.086   0.122    21.9    21.1    20.3    19.5    17.4
94074 20140703  2.422 -104.76   40.81    29.3     8.9    19.1    19.5     0.0    23.54 C    47.9    10.0    25.2    97.6    30.7    64.0   0.077   0.070   0.067   0.087   0.122    23.0    21.9    20.9    19.9    17.6
94074 20140704  2.422 -104.76   40.81    31.5    11.8    21.6    20.8     0.0    16.18 C    51.7    12.0    24.0    89.0    20.1    54.0   0.073   0.069   0.068   0.088   0.122    22.6    22.0    21.2    20.3    17.9
94074 20140705  2.422 -104.76   40.81    33.7     9.1    21.4    22.8     0.0    25.09 C    54.3     9.6    27.6    89.4    12.9    43.3   0.069   0.068   0.067   0.087   0.123    23.8    22.6    21.4    20.4    18.1
94074 20140706  2.422 -104.76   40.81    31.4    14.1    22.7    23.6     0.0    21.18 C    52.2    12.1    27.5    75.4    20.1    42.9   0.062   0.066   0.067   0.088   0.123    24.1    23.1    22.0    20.9    18.3
94074 20140707  2.422 -104.76   40.81    35.0    11.7    23.3    23.9     0.0    25.85 C    54.5    11.6    29.8    97.1    11.0    51.7   0.057   0.064   0.067   0.089   0.124    25.3    23.9    22.5    21.2    18.6
94074 20140708  2.422 -104.76   40.81    25.5    15.7    20.6    19.8     0.0    21.70 C    46.0    14.7    26.6    89.4    43.2    65.4   0.051   0.063   0.067   0.088   0.124    25.1    24.2    23.0    21.8    18.9
94074 20140709  2.422 -104.76   40.81    29.6    10.2    19.9    20.8     0.0    21.10 C    48.7    10.8    25.8    96.3    27.2    60.4   0.044   0.061   0.067   0.088   0.124    24.6    23.8    22.9    21.9    19.3
94074 20140710  2.422 -104.76   40.81    32.5    11.6    22.1    23.4     0.0    20.47 C    50.0    11.8    27.7    80.2    19.3    45.7   0.039   0.059   0.066   0.087   0.125    25.1    24.0    22.9    22.0    19.4
94074 20140711  2.422 -104.76   40.81    30.5    14.3    22.4    20.8     0.8    17.12 C    56.9    14.9    25.9    93.2    29.2    68.3   0.033   0.057   0.065   0.087   0.124    24.9    24.2    23.2    22.3    19.6
94074 20140712  2.422 -104.76   40.81    27.4    13.2    20.3    19.8     0.0    16.56 C    51.9    13.8    24.8    97.6    40.4    73.4   0.028   0.056   0.064   0.086   0.125    23.9    23.4    22.8    22.1    19.8
94074 20140713  2.422 -104.76   40.81    28.6    12.3    20.5    19.5     0.6    23.63 C    49.3    11.7    24.0    95.4    32.5    70.7   0.026   0.054   0.063   0.086   0.125    24.7    23.6    22.6    21.9    19.8
94074 20140714  2.422 -104.76   40.81    27.7    10.9    19.3    19.2     0.0    20.95 C    49.9    11.0    22.5    95.5    33.6    64.9   0.022   0.053   0.061   0.085   0.125    24.3    23.5    22.7    22.0    19.8
94074 20140715  2.422 -104.76   40.81 -9999.0 -9999.0 -9999.0 -9999.0 -9999.0 -9999.00 U -9999.0 -9999.0 -9999.0 -9999.0 -9999.0 -9999.0 -99.000 -99.000 -99.000 -99.000 -99.000 -9999.0 -9999.0 -9999.0 -9999.0 -9999.0
94074 20140716  2.422 -104.76   40.81    22.5    12.3    17.4    15.0    13.4    10.11 C    34.0    11.9    16.9    99.2    57.4    90.2   0.022   0.051   0.058   0.084   0.125    20.4    21.0    21.3    21.5    19.9
94074 20140717  2.422 -104.76   40.81    22.8    12.1    17.5    17.0     0.0    27.68 C    39.0    12.2    22.0    96.6    45.5    73.3   0.045   0.061   0.058   0.083   0.125    21.5    21.1    20.8    20.8    19.6
94074 20140718  2.422 -104.76   40.81    30.3     9.9    20.1    19.9     6.4    21.18 C    43.5    10.4    22.1    96.0    20.4    59.6   0.059   0.064   0.057   0.082   0.125    20.9    20.9    20.7    20.7    19.4
94074 20140719  2.422 -104.76   40.81    31.7    12.1    21.9    22.5     0.0    26.49 C    42.6    12.1    25.4    88.7    19.1    49.6   0.072   0.068   0.057   0.082   0.126    21.8    21.3    20.8    20.5    19.3
94074 20140720  2.422 -104.76   40.81    34.3    12.7    23.5    24.1     0.0    24.88 C    48.4    13.0    27.2    72.0    14.7    37.7   0.074   0.068   0.058   0.082   0.125    22.6    22.0    21.3    20.8    19.3
94074 20140721  2.422 -104.76   40.81    33.3    13.6    23.4    24.5     0.0    22.97 C    49.1    14.3    27.6    77.6    10.2    39.3   0.070   0.066   0.058   0.082   0.126    23.0    22.4    21.7    21.1    19.3
94074 20140722  2.422 -104.76   40.81    31.7    15.6    23.7    24.2     0.0    29.57 C    48.5    15.3    29.1    73.1    23.7    46.0   0.064   0.065   0.058   0.081   0.125    24.3    23.2    22.2    21.3    19.4
94074 20140723  2.422 -104.76   40.81    29.8    14.5    22.1    21.7     0.0    20.31 C    46.5    14.7    25.8    96.7    28.4    65.6   0.057   0.062   0.058   0.081   0.125    24.5    23.8    22.8    21.8    19.6
94074 20140724  2.422 -104.76   40.81    35.7    12.6    24.2    24.0     0.0    22.40 C    51.3    12.8    27.6    77.5    17.2    46.1   0.051   0.060   0.058   0.081   0.126    24.6    23.8    22.9    22.0    19.8
94074 20140725  2.422 -104.76   40.81    32.6    13.3    22.9    23.6     0.0    19.60 C    47.7    14.1    26.5    80.7    19.4    44.9   0.044   0.058   0.057   0.081   0.126    24.2    23.6    22.8    22.1    20.0
94074 20140726  2.422 -104.76   40.81    30.6    12.9    21.7    21.5     0.0    16.59 C    49.8    13.4    24.5    82.1    22.3    47.7   0.037   0.054   0.056   0.080   0.126    23.4    23.1    22.5    22.0    20.1
94074 20140727  2.422 -104.76   40.81    28.3    12.9    20.6    20.9     0.0    18.18 C    44.9    13.1    23.9    96.1    33.7    63.1   0.034   0.053   0.055   0.080   0.126    23.5    22.9    22.3    21.8    20.1
94074 20140728  2.422 -104.76   40.81    30.5    11.6    21.1    20.5     9.3    26.45 C    49.9    11.6    25.4    96.7    30.3    66.5   0.032   0.052   0.055   0.079   0.126    24.7    23.7    22.7    21.9    20.1
94074 20140729  2.422 -104.76   40.81    25.9    13.3    19.6    17.9    19.9    12.67 C    38.3    13.5    19.8    96.6    48.9    81.1   0.035   0.057   0.054   0.079   0.126    21.3    21.7    21.9    21.8    20.1
94074 20140730  2.422 -104.76   40.81    16.2    13.8    15.0    14.6    14.6     6.05 C    21.3    14.4    16.4    97.0    83.5    92.4   0.077   0.073   0.061   0.079   0.126    19.0    19.6    20.0    20.8    20.0
94074 20140731  2.422 -104.76   40.81    24.8     9.6    17.2    18.0     0.0    26.81 C    40.3     9.6    22.1    97.9    36.3    66.2   0.087   0.071   0.064   0.077   0.125    21.0    20.5    20.0    20.1    19.6
94074 20140801  2.422 -104.76   40.81    26.2    10.3    18.3    18.7     0.0    28.75 C    40.8    10.0    23.1    89.9    29.8    60.0   0.086   0.063   0.065   0.078   0.124    21.4    21.0    20.6    20.4    19.3
94074 20140802  2.422 -104.76   40.81    27.6     9.8    18.7    19.5     0.0    29.07 C    41.7     9.5    24.3    91.7    24.5    57.7   0.085   0.061   0.065   0.079   0.124    21.9    21.3    20.8    20.5    19.3
94074 20140803  2.422 -104.76   40.81    28.6    10.6    19.6    20.7     0.0    27.60 C    43.9    10.8    24.9    93.4    27.4    57.9   0.081   0.059   0.065   0.080   0.125    22.8    22.1    21.4    20.9    19.3
94074 20140804  2.422 -104.76   40.81    29.3    12.7    21.0    20.4     0.0    18.54 C    45.5    12.7    23.3    87.7    27.3    60.1   0.077   0.058   0.065   0.081   0.125    22.6    22.2    21.7    21.2    19.5
94074 20140805  2.422 -104.76   40.81    28.0    13.7    20.8    19.8     0.5    16.57 C    47.3    13.7    22.4    91.6    30.7    63.2   0.072   0.056   0.065   0.081   0.126    22.4    22.0    21.5    21.2    19.6
94074 20140806  2.422 -104.76   40.81    29.3    12.6    21.0    19.7     4.9    21.56 C    46.3    12.4    22.3    91.3    25.6    63.1   0.068   0.055   0.065   0.082   0.126    21.8    21.7    21.3    21.1    19.6
94074 20140807  2.422 -104.76   40.81    26.2    11.1    18.6    18.4     0.0    21.75 C    40.0    11.0    21.7    92.3    33.3    67.1   0.066   0.053   0.064   0.081   0.126    21.2    21.1    20.9    20.9    19.6
94074 20140808  2.422 -104.76   40.81    28.4     9.2    18.8    19.4     0.0    24.99 C    44.2     9.2    23.6    91.8    21.2    57.2   0.065   0.052   0.064   0.081   0.126    21.7    21.2    20.7    20.6    19.5
94074 20140809  2.422 -104.76   40.81    29.5    12.1    20.8    20.8     0.7    20.83 C    45.0    12.0    23.5    86.0    22.5    50.1   0.060   0.050   0.063   0.081   0.126    22.2    21.8    21.2    20.9    19.4
94074 20140810  2.422 -104.76   40.81    26.7    11.4    19.1    19.2     0.0    25.80 C    45.5    11.6    23.5    88.6    24.7    54.2   0.054   0.049   0.063   0.081   0.126    22.6    21.9    21.2    20.9    19.4
94074 20140811  2.422 -104.76   40.81    28.3     9.2    18.7    19.4     0.0    27.65 C    45.4     9.0    24.0    95.6    24.4    56.1   0.049   0.048   0.062   0.081   0.126    23.1    22.3    21.5    21.0    19.5
94074 20140812  2.422 -104.76   40.81    31.0     8.9    19.9    20.9     0.0    27.28 C    47.1     8.8    26.0    94.3    19.6    52.1   0.041   0.046   0.062   0.081   0.125    23.7    22.7    21.9    21.2    19.6
94074 20140813  2.422 -104.76   40.81    31.7    10.3    21.0    22.7     0.0    24.83 C    49.5    10.2    27.1    90.3    16.9    45.5   0.036   0.045   0.061   0.081   0.125    24.4    23.3    22.3    21.5    19.7
94074 20140814  2.422 -104.76   40.81    29.6    15.4    22.5    21.0    13.4    13.42 C    47.9    15.2    22.7    92.4    30.1    58.5   0.032   0.043   0.059   0.080   0.126    22.9    22.8    22.3    21.8    19.8
94074 20140815  2.422 -104.76   40.81    30.0    13.3    21.6    21.4     0.0    21.52 C    41.0    13.0    23.0    91.7    21.7    52.0   0.034   0.047   0.058   0.080   0.127    21.5    21.6    21.3    21.3    19.9
94074 20140816  2.422 -104.76   40.81    32.2    13.5    22.9    23.0     0.0    27.05 C    44.1    13.7    26.0    69.8    13.6    38.2   0.042   0.050   0.057   0.079   0.126    22.3    21.7    21.1    20.9    19.8
94074 20140817  2.422 -104.76   40.81    33.1    12.1    22.6    23.3     0.0    27.38 C    44.6    12.2    26.2    70.6     8.8    32.2   0.044   0.049   0.057   0.079   0.126    23.1    22.3    21.5    21.1    19.7
94074 20140818  2.422 -104.76   40.81    30.4    10.1    20.2    20.3     2.7    21.70 C    48.2    10.4    23.4    81.0    22.4    48.4   0.040   0.047   0.056   0.079   0.126    22.4    22.1    21.6    21.2    19.7
94074 20140819  2.422 -104.76   40.81    31.0    10.6    20.8    20.6     0.0    22.57 C    44.7    10.4    23.7    91.7    20.9    54.1   0.037   0.044   0.054   0.078   0.126    21.9    21.5    21.1    21.0    19.7
94074 20140820  2.422 -104.76   40.81    30.0    14.6    22.3    21.7     1.4    19.28 C    45.0    14.8    24.4    82.2    22.5    49.5   0.037   0.042   0.054   0.077   0.126    22.6    22.0    21.3    21.0    19.6
94074 20140821  2.422 -104.76   40.81    29.0    11.9    20.5    20.4     0.3    18.18 C    47.6    11.8    22.8    81.6    22.8    49.9   0.034   0.040   0.052   0.075   0.126    21.6    21.4    21.1    20.9    19.6
94074 20140822  2.422 -104.76   40.81    23.5    14.4    19.0    17.6     0.4    11.53 C    33.7    14.6    19.7    95.3    44.5    75.0   0.032   0.039   0.051   0.075   0.126    20.6    20.7    20.6    20.7    19.6
94074 20140823  2.422 -104.76   40.81    25.8    11.2    18.5    17.6     4.1    17.75 C    45.3    11.4    21.0    99.1    23.3    62.8   0.030   0.038   0.050   0.075   0.125    20.5    20.5    20.3    20.4    19.4
94074 20140824  2.422 -104.76   40.81    26.7     5.2    15.9    17.1     0.0    25.78 C    41.4     5.4    20.9    90.3    17.7    46.5   0.030   0.036   0.049   0.074   0.125    19.5    19.4    19.4    19.8    19.2
94074 20140825  2.422 -104.76   40.81    24.9     9.6    17.2    16.5     0.5    19.05 C    38.8     9.3    19.3    93.7    38.6    62.3   0.029   0.035   0.047   0.073   0.125    19.7    19.6    19.5    19.7    19.0
94074 20140826  2.422 -104.76   40.81    25.5     9.6    17.6    17.4     0.8    15.56 C    43.3     9.9    20.3    97.3    45.7    73.2   0.029   0.036   0.047   0.072   0.125    20.1    19.9    19.6    19.6    18.9
94074 20140827  2.422 -104.76   40.81    24.4    12.4    18.4    17.2     0.3    12.08 C    39.2    12.3    19.2    92.3    40.0    67.7   0.027   0.039   0.046   0.072   0.125    19.6    19.7    19.5    19.6    18.8
94074 20140828  2.422 -104.76   40.81    20.8     7.8    14.3    14.6     0.2    12.30 C    27.8     7.5    16.1    94.4    41.8    66.1   0.025   0.038   0.044   0.072   0.124    18.0    18.5    18.8    19.2    18.7
94074 20140829  2.422 -104.76   40.81    27.4     7.4    17.4    16.7     1.4    17.22 C    45.9     7.0    18.9    94.3    24.0    60.9   0.025   0.036   0.044   0.071   0.124    18.8    18.6    18.4    18.7    18.5
94074 20140830  2.422 -104.76   40.81    29.7     6.6    18.2    17.5     0.0    21.03 C    41.9     6.6    20.3    95.4    17.9    61.1   0.025   0.035   0.044   0.071   0.125    19.2    18.8    18.5    18.6    18.3
94074 20140831  2.422 -104.76   40.81    25.3     9.7    17.5    16.8     2.1    15.99 C    33.9     9.1    17.5    87.4    25.0    57.5   0.024   0.035   0.043   0.071   0.125    18.3    18.5    18.5    18.7    18.1
94074 20140901  2.422 -104.76   40.81    26.4     5.1    15.7    15.5     0.0    21.35 C    44.2     5.6    19.7    94.6    14.4    57.0   0.023   0.034   0.043   0.070   0.124    19.0    18.5    18.2    18.4    18.0
94074 20140902  2.422 -104.76   40.81    28.2     4.2    16.2    16.5     0.0    25.06 C    45.0     4.3    21.2    93.6    16.8    53.4   0.022   0.033   0.042   0.069   0.123    20.1    19.3    18.6    18.5    17.9
94074 20140903  2.422 -104.76   40.81    34.2     8.4    21.3    21.4     0.0    23.97 C    51.2     7.8    24.7    73.7     7.9    35.3   0.021   0.034   0.042   0.069   0.123    21.7    20.6    19.5    18.9    17.9
94074 20140904  2.422 -104.76   40.81    22.9    11.3    17.1    17.0     0.0    17.57 C    42.6    10.7    21.3    78.2    24.3    43.0   0.018   0.032   0.042   0.069   0.124    21.2    20.6    19.9    19.4    18.1
94074 20140905  2.422 -104.76   40.81    14.9     8.5    11.7    11.4     0.7     5.04 C    19.5     9.8    13.3    95.2    65.1    84.2   0.014   0.031   0.040   0.069   0.125    17.4    18.4    18.8    19.1    18.2
94074 20140906  2.422 -104.76   40.81    22.3     5.6    14.0    13.3     0.0    20.56 C    40.6     5.1    18.3   100.0    44.4    79.5   0.015   0.031   0.040   0.070   0.124    18.7    18.3    18.0    18.4    18.0
94074 20140907  2.422 -104.76   40.81    29.1     6.9    18.0    18.0     0.0    20.26 C    44.4     5.9    20.6    96.7    15.2    52.2   0.015   0.030   0.039   0.069   0.124    19.5    18.9    18.4    18.4    17.8
94074 20140908  2.422 -104.76   40.81    30.0    11.7    20.8    21.3     0.0    18.86 C    45.0    11.8    23.8    60.3    12.7    36.1   0.014   0.030   0.040   0.069   0.124    20.8    19.8    19.0    18.6    17.8
94074 20140909  2.422 -104.76   40.81    22.6    12.7    17.6    16.8     2.1     8.14 C    34.9    12.6    17.7    88.0    40.7    60.6   0.013   0.029   0.039   0.069   0.124    19.3    19.4    19.1    18.9    17.8
94074 20140910  2.422 -104.76   40.81    19.8     8.8    14.3    13.1     2.0    17.87 C    34.2     8.6    16.5    93.9    49.0    74.9   0.013   0.027   0.039   0.069   0.124    17.9    18.1    18.2    18.5    17.8
94074 20140911  2.422 -104.76   40.81    10.1     0.1     5.1     5.0     1.4     7.93 C    12.8     1.3     7.9    97.7    87.1    94.3   0.012   0.027   0.038   0.068   0.123    14.0    15.8    16.9    17.9    17.7
94074 20140912  2.422 -104.76   40.81     8.2    -2.8     2.7     2.2     0.0    13.02 C    24.5    -3.5     5.8    95.8    53.7    79.7   0.012   0.025   0.036   0.066   0.123    11.4    13.2    14.7    16.5    17.3
94074 20140913  2.422 -104.76   40.81    23.7    -3.9     9.9     9.4     0.0    20.93 C    40.3    -4.7    12.5    96.8    20.3    60.0   0.012   0.026   0.036   0.066   0.122    12.9    13.2    13.9    15.4    16.7
94074 20140914  2.422 -104.76   40.81    29.2     2.5    15.8    15.4     1.2    17.20 C    44.7     2.3    17.1    88.8    12.0    54.1   0.013   0.026   0.037   0.066   0.122    15.6    15.2    15.0    15.4    16.2
94074 20140915  2.422 -104.76   40.81    20.9     4.8    12.9    12.6     0.0    21.42 C    36.7     4.4    16.1    97.5    29.2    66.3   0.013   0.026   0.036   0.065   0.121    16.1    15.9    15.6    15.8    16.0
94074 20140916  2.422 -104.76   40.81    31.2     5.3    18.2    19.2     0.0    21.20 C    45.2     3.5    20.4    95.3    10.0    40.9   0.014   0.025   0.037   0.065   0.121    18.0    17.0    16.2    16.1    16.0
94074 20140917  2.422 -104.76   40.81    31.8     9.1    20.5    19.3     0.0    17.32 C    52.9     7.1    21.6    63.4    13.2    37.4   0.014   0.026   0.037   0.066   0.121    19.3    18.3    17.2    16.7    16.0
94074 20140918  2.422 -104.76   40.81    31.8     9.0    20.4    20.8     0.0    22.16 C    47.0     6.5    23.4    67.4    10.4    37.1   0.013   0.026   0.038   0.066   0.122    20.2    19.0    17.8    17.2    16.2
94074 20140919  2.422 -104.76   40.81    32.4     8.4    20.4    20.1     1.2    18.77 C    50.2     6.8    23.0    75.4    15.3    46.3   0.012   0.026   0.038   0.067   0.122    21.0    19.8    18.6    17.8    16.4
94074 20140920  2.422 -104.76   40.81    26.5    11.0    18.7    18.7     0.0    21.45 C    43.2     9.1    22.5    74.1    29.4    49.0   0.013   0.026   0.038   0.068   0.121    20.3    19.6    18.7    18.1    16.7
94074 20140921  2.422 -104.76   40.81    23.9    10.9    17.4    16.9     0.0    18.54 C    40.0    10.0    21.4    70.3    33.0    45.0   0.013   0.025   0.038   0.067   0.122    20.5    19.7    18.9    18.3    16.9
94074 20140922  2.422 -104.76   40.81    23.6     9.4    16.5    16.2     1.3    12.71 C    39.0     9.4    18.4    88.5    35.3    59.1   0.011   0.024   0.037   0.067   0.122    18.7    18.8    18.5    18.3    17.0
94074 20140923  2.422 -104.76   40.81    26.4    10.4    18.4    18.0     0.0     9.74 C    38.8     7.9    18.1    79.2    22.6    46.6   0.012   0.025   0.037   0.067   0.122    18.0    18.1    17.8    18.0    17.0
94074 20140924  2.422 -104.76   40.81    28.7     9.7    19.2    18.9     0.0    20.56 C    46.6     6.8    22.1    68.6    20.3    43.0   0.011   0.024   0.037   0.066   0.121    19.6    18.7    17.8    17.7    17.0
94074 20140925  2.422 -104.76   40.81    30.4     7.3    18.8    19.0     0.0    20.57 C    43.7     5.6    22.1    77.9    16.1    42.9   0.011   0.025   0.037   0.067   0.121    20.2    19.3    18.4    18.0    17.0
94074 20140926  2.422 -104.76   40.81    30.9     7.1    19.0    19.0     0.0    20.21 C    48.5     6.3    22.6    76.1    16.7    43.1   0.012   0.025   0.037   0.067   0.121    21.0    19.9    18.9    18.3    17.0
94074 20140927  2.422 -104.76   40.81    29.7     7.7    18.7    18.8     0.0    20.39 C    46.4     6.5    22.1    71.1    13.1    41.0   0.013   0.024   0.037   0.067   0.122    21.0    20.1    19.1    18.6    17.2
94074 20140928  2.422 -104.76   40.81    24.8    10.3    17.5    16.2     0.0    16.02 C    42.1     9.2    19.8    87.4    36.8    63.3   0.012   0.025   0.038   0.068   0.122    20.5    19.9    19.1    18.7    17.3
94074 20140929  2.422 -104.76   40.81    21.1     8.0    14.5    12.4    15.1    11.95 C    40.5     8.9    15.8    92.9    38.6    75.0   0.011   0.026   0.037   0.067   0.122    17.9    18.4    18.5    18.6    17.4
94074 20140930  2.422 -104.76   40.81    19.2     3.6    11.4    12.0     0.0    14.48 C    26.8     4.2    13.1    98.8    26.4    61.8   0.012   0.032   0.034   0.066   0.122    14.8    15.7    16.5    17.5    17.3
94074 20141001  2.422 -104.76   40.81    17.3     2.3     9.8     8.0     8.4    10.20 C    29.1     3.0     9.3    93.7    35.1    72.5   0.020   0.039   0.035   0.065   0.122    12.8    14.0    15.2    16.5    16.9
94074 20141002  2.422 -104.76   40.81    17.7     0.0     8.8     8.5     0.0    18.59 C    27.3     0.4     9.9    93.4    21.0    57.0   0.039   0.050   0.033   0.064   0.121    11.9    12.6    13.6    15.3    16.4
94074 20141003  2.422 -104.76   40.81    13.5     0.0     6.7     5.7     0.0    18.86 C    27.7     0.4     9.2    90.6    36.1    62.8   0.051   0.056   0.033   0.065   0.121    11.4    12.1    12.9    14.5    15.8
94074 20141004  2.422 -104.76   40.81    23.1    -0.2    11.4    12.3     0.0    18.99 C    30.7    -0.5    12.3    90.0    13.0    42.9   0.056   0.056   0.033   0.064   0.120    11.8    12.0    12.6    13.9    15.2
94074 20141005  2.422 -104.76   40.81    21.9     3.9    12.9    12.6     0.0    15.39 C    31.7     1.7    12.3    83.5    17.9    45.8   0.058   0.057   0.034   0.064   0.120    12.4    12.6    13.0    13.8    14.8
94074 20141006  2.422 -104.76   40.81    25.8     2.3    14.1    14.4     0.0    17.34 C    36.3     1.0    14.4    89.4    13.9    46.1   0.060   0.056   0.034   0.064   0.120    13.0    13.0    13.0    13.7    14.5
94074 20141007  2.422 -104.76   40.81    25.1     6.9    16.0    16.2     0.0    18.56 C    38.3     4.7    17.0    79.0    16.5    38.9   0.059   0.055   0.034   0.065   0.119    14.5    14.2    13.9    14.0    14.4
94074 20141008  2.422 -104.76   40.81    25.6     3.3    14.5    13.2     0.0    16.65 C    39.4     2.9    15.9    92.8    14.5    57.7   0.056   0.053   0.035   0.064   0.119    14.5    14.4    14.2    14.4    14.4
94074 20141009  2.422 -104.76   40.81    15.0     7.7    11.4    11.5    10.0     3.52 C    18.4     6.9    11.5    93.8    50.8    73.9   0.056   0.052   0.034   0.063   0.119    12.9    13.5    13.8    14.4    14.4
94074 20141010  2.422 -104.76   40.81    13.1     2.1     7.6     8.4     0.0     4.54 C    17.7     1.9     9.1    98.6    65.5    89.0   0.063   0.055   0.035   0.065   0.119    11.6    12.4    13.0    13.9    14.3
94074 20141011  2.422 -104.76   40.81    21.4     0.9    11.1    10.2     0.0    13.85 C    29.4     0.8    11.2    98.7    31.0    71.5   0.066   0.055   0.035   0.064   0.119    11.4    11.7    12.1    13.2    14.1
94074 20141012  2.422 -104.76   40.81    13.4     0.5     6.9     8.3     0.0     7.77 C    21.8    -1.1     8.1    84.0    37.2    60.4   0.068   0.056   0.035   0.064   0.118    10.6    11.5    12.1    13.1    13.8
94074 20141013  2.422 -104.76   40.81    15.4    -1.0     7.2     6.2     0.0    16.88 C    25.0    -2.6     7.2    90.4    21.6    56.8   0.068   0.055   0.035   0.063   0.119     9.3    10.0    10.8    12.2    13.5
94074 20141014  2.422 -104.76   40.81    24.6    -1.2    11.7    10.4     0.0    17.61 C    34.0    -3.0    10.8    80.8    13.5    50.0   0.068   0.055   0.036   0.062   0.118    10.1    10.3    10.6    11.7    13.1
94074 20141015  2.422 -104.76   40.81    24.3     1.2    12.7    11.6     0.0    11.61 C    32.3    -1.1    10.6    81.4    11.6    45.7   0.068   0.054   0.038   0.063   0.117    10.4    10.7    11.0    11.8    12.8
94074 20141016  2.422 -104.76   40.81    22.1     1.7    11.9    13.8     0.0    13.78 C    32.2     1.5    13.6    63.0    18.6    33.0   0.068   0.054   0.039   0.063   0.118    11.3    11.4    11.4    11.9    12.7
94074 20141017  2.422 -104.76   40.81    15.8    -1.6     7.1     7.0     0.0    16.08 C    29.0    -1.7     9.1    80.2    30.0    54.5   0.064   0.053   0.039   0.063   0.118    10.4    10.8    11.2    11.9    12.6
94074 20141018  2.422 -104.76   40.81    18.8    -1.9     8.5     8.0     0.0    15.94 C    30.4    -2.5    10.2    93.5    30.5    63.7   0.064   0.051   0.039   0.063   0.118    10.4    10.6    10.9    11.6    12.5
94074 20141019  2.422 -104.76   40.81    23.4     3.8    13.6    13.0     0.0    16.04 C    35.5     2.1    13.6    78.9    17.8    43.5   0.063   0.052   0.039   0.062   0.118    11.6    11.4    11.3    11.7    12.4
94074 20141020  2.422 -104.76   40.81    23.0     1.6    12.3    11.7     0.0    15.85 C    32.9     0.7    13.3    87.2    25.5    54.7   0.060   0.051   0.040   0.064   0.118    11.8    11.8    11.6    11.9    12.3
94074 20141021  2.422 -104.76   40.81    24.3     2.4    13.3    13.4     0.8    14.69 C    36.4     1.2    14.8    84.6    20.1    53.5   0.057   0.051   0.040   0.064   0.118    12.5    12.3    12.0    12.1    12.3
94074 20141022  2.422 -104.76   40.81    19.6     1.6    10.6    11.5     0.0    13.21 C    29.4     1.1    12.0    87.2    29.8    59.3   0.054   0.050   0.040   0.063   0.118    12.2    12.5    12.4    12.5    12.4
94074 20141023  2.422 -104.76   40.81    21.8     0.0    10.9    10.1     0.0    10.96 C    31.4    -1.0    10.5    89.9    20.8    55.8   0.053   0.048   0.040   0.063   0.118    10.9    11.3    11.6    12.2    12.5
94074 20141024  2.422 -104.76   40.81    27.2     5.0    16.1    14.5     0.0    13.00 C    35.4     1.4    13.6    60.3     8.9    33.2   0.051   0.048   0.040   0.064   0.118    11.9    11.9    11.8    12.1    12.4
94074 20141025  2.422 -104.76   40.81    24.8     4.1    14.5    13.7     0.0    15.71 C    34.1     1.4    13.3    54.6    10.5    29.2   0.048   0.048   0.040   0.063   0.118    11.8    11.9    11.8    12.1    12.4
94074 20141026  2.422 -104.76   40.81    23.4     4.8    14.1    15.3     1.2     9.41 C    34.0     2.4    14.3    90.3    17.6    34.9   0.044   0.047   0.040   0.064   0.118    11.8    11.8    11.8    12.2    12.3
94074 20141027  2.422 -104.76   40.81    11.2    -1.9     4.7     5.6     0.0    14.11 C    18.1    -4.4     5.8    90.1    19.7    45.9   0.041   0.046   0.039   0.063   0.118     9.7    10.8    11.4    12.1    12.3
94074 20141028  2.422 -104.76   40.81    12.9    -2.4     5.3     4.6     0.0    13.81 C    28.2    -4.4     6.5    72.2    21.5    43.9   0.039   0.046   0.039   0.063   0.117     8.4     9.2     9.9    11.2    12.2
94074 20141029  2.422 -104.76   40.81    20.5    -4.8     7.8     7.7     0.0    14.77 C    30.2    -6.2     8.2    78.2    10.6    42.2   0.037   0.045   0.038   0.063   0.117     8.3     8.8     9.4    10.6    11.8
94074 20141030  2.422 -104.76   40.81    16.0    -1.5     7.2     6.8     0.0    14.28 C    29.9    -2.4     8.3    76.4    26.5    48.4   0.036   0.045   0.038   0.063   0.117     9.0     9.4     9.7    10.5    11.5
94074 20141031  2.422 -104.76   40.81    12.6    -5.5     3.5     2.8     0.0    12.46 C    23.0    -5.8     4.1    94.9    36.8    68.5   0.033   0.044   0.037   0.061   0.117     7.6     8.5     9.2    10.3    11.3
94074 20141101  2.422 -104.76   40.81    16.8    -3.6     6.6     6.2     0.0     9.46 C    29.3    -4.2     7.0    89.9    29.7    61.3   0.032   0.043   0.037   0.060   0.116     7.7     8.2     8.7     9.8    11.1
94074 20141102  2.422 -104.76   40.81    20.9     0.7    10.8     9.8     0.0     7.66 C    30.2    -1.3     9.3    78.2    18.9    50.0   0.031   0.044   0.036   0.061   0.116     8.6     8.8     9.0     9.8    10.9
94074 20141103  2.422 -104.76   40.81     9.0    -2.5     3.2     2.3    17.5     4.91 C    11.3    -3.0     3.2    97.4    58.9    86.2   0.035   0.048   0.037   0.060   0.116     6.8     7.9     8.7     9.8    10.8
94074 20141104  2.422 -104.76   40.81    12.6    -5.0     3.8     3.4     0.0    14.02 C    18.8    -6.6     3.2    83.7    23.9    57.4   0.054   0.055   0.036   0.061   0.116     5.1     6.0     7.1     8.8    10.6
94074 20141105  2.422 -104.76   40.81    16.7     0.1     8.4     9.0     0.0    12.82 C    23.3    -1.6     7.6    82.6    23.8    45.6   0.061   0.056   0.036   0.061   0.115     6.4     6.8     7.2     8.4    10.1
94074 20141106  2.422 -104.76   40.81    16.4    -2.4     7.0     6.1     0.0    13.46 C    22.7    -3.8     6.3    88.7    24.5    63.8   0.067   0.056   0.036   0.060   0.115     6.2     6.7     7.2     8.3     9.8
94074 20141107  2.422 -104.76   40.81    19.8     2.3    11.0    10.5     0.0     8.63 C    24.0    -1.0     8.4    85.2    20.1    46.0   0.069   0.056   0.038   0.060   0.115     7.0     7.2     7.5     8.3     9.7
94074 20141108  2.422 -104.76   40.81    14.8    -4.3     5.3     5.7     0.0    13.33 C    21.6    -4.8     5.3    94.6    29.8    65.7   0.069   0.056   0.038   0.061   0.114     6.3     7.0     7.4     8.3     9.6
94074 20141109  2.422 -104.76   40.81    21.6     2.9    12.2    11.5     0.0    11.34 C    28.3    -0.8     9.3    62.8    14.5    34.4   0.069   0.056   0.038   0.060   0.114     7.1     7.3     7.4     8.2     9.4
94074 20141110  2.422 -104.76   40.81    12.7   -11.7     0.5    -2.9     0.3     5.26 C    10.2    -9.7    -2.9    86.3    30.0    59.9   0.068   0.055   0.038   0.060   0.115     3.9     5.5     6.7     8.2     9.4
94074 20141111  2.422 -104.76   40.81   -10.7   -17.3   -14.0   -13.1     0.2     7.37 C    -0.6   -15.3    -9.3    81.9    57.7    69.4   0.079   0.053   0.036   0.059   0.114     0.6     2.2     4.0     6.6     9.1
94074 20141112  2.422 -104.76   40.81   -13.5   -22.9   -18.2   -17.7     0.0     9.67 C    -0.5   -21.4   -13.6    78.7    51.2    65.0 -99.000   0.053   0.035   0.059   0.114    -0.2     1.2     2.8     5.4     8.4
94074 20141113  2.422 -104.76   40.81   -11.5   -24.1   -17.8   -16.0     0.0    10.41 C     1.2   -22.1   -11.3    82.1    57.7    71.4 -99.000   0.052   0.036   0.059   0.112    -1.1     0.4     1.9     4.4     7.7
94074 20141114  2.422 -104.76   40.81    -1.3   -16.8    -9.0    -8.3     0.0     8.72 C     8.2   -15.1    -5.8    88.2    48.5    71.9 -99.000 -99.000   0.035   0.058   0.112    -1.0     0.0     1.4     3.8     7.1
94074 20141115  2.422 -104.76   40.81    -5.7   -19.3   -12.5   -11.5     0.6     6.17 C    -4.3   -20.7   -10.3    88.2    60.0    72.9 -99.000 -99.000   0.034   0.057   0.111    -1.2     0.0     1.2     3.4     6.5
94074 20141116  2.422 -104.76   40.81    -0.1   -22.5   -11.3    -9.2     0.0    11.78 C     3.8   -22.9    -9.6    84.5    28.7    56.1 -99.000 -99.000   0.029   0.058   0.110    -1.9    -0.6     0.7     2.9     6.1
94074 20141117  2.422 -104.76   40.81     3.3   -12.8    -4.8    -3.5     0.0    12.17 C     7.9   -14.7    -5.0    70.2    14.3    33.3 -99.000 -99.000   0.023   0.057   0.111    -1.9    -0.8     0.4     2.5     5.7
94074 20141118  2.422 -104.76   40.81     8.6   -12.7    -2.1     0.9     0.0     7.02 C    13.9   -14.1    -1.5    65.0    16.7    33.7 -99.000 -99.000   0.021   0.056   0.110    -1.7    -0.9     0.2     2.2     5.3
94074 20141119  2.422 -104.76   40.81     6.8    -9.1    -1.2    -0.5     0.0    10.92 C    14.9   -10.2    -0.7    79.8    27.5    50.3 -99.000 -99.000   0.021   0.056   0.109    -0.7    -0.4     0.3     2.1     5.0
94074 20141120  2.422 -104.76   40.81    11.3    -9.0     1.2     0.3     0.0    10.91 C    19.7   -10.8     0.1    80.3    15.7    50.0 -99.000 -99.000   0.022   0.056   0.109    -0.9    -0.3     0.4     2.0     4.7
94074 20141121  2.422 -104.76   40.81    12.4    -4.0     4.2     3.5     0.0    10.98 C    20.6    -7.9     2.2    70.4    22.3    45.5 -99.000 -99.000   0.036   0.056   0.108    -0.3    -0.2     0.5     2.0     4.5
94074 20141122  2.422 -104.76   40.81    10.4    -6.1     2.2     2.7     0.0     3.34 C    14.7    -9.1    -0.1    72.4    23.1    48.4 -99.000 -99.000   0.040   0.056   0.108    -0.5     0.0     0.7     2.1     4.4
94074 20141123  2.422 -104.76   40.81     5.7    -7.9    -1.1    -0.2     0.0     9.65 C    11.6   -11.6    -0.7    83.9    24.7    51.2 -99.000 -99.000   0.034   0.055   0.109    -0.2     0.2     0.8     2.1     4.3
94074 20141124  2.422 -104.76   40.81     4.6   -11.0    -3.2    -2.0     0.0     8.35 C     9.3   -12.6    -2.7    84.9    26.5    51.7 -99.000 -99.000   0.034   0.055   0.108    -0.5     0.2     0.8     2.2     4.2
94074 20141125  2.422 -104.76   40.81     9.1   -11.3    -1.1    -0.9     0.0     6.50 C    10.4   -12.8    -1.3    85.4    26.4    61.1 -99.000 -99.000   0.041   0.056   0.109    -0.7     0.1     0.7     2.0     4.1
94074 20141126  2.422 -104.76   40.81     1.8    -8.5    -3.3    -3.2     0.0     7.92 C    10.0    -9.3    -2.1    94.6    59.2    76.8 -99.000 -99.000   0.037   0.056   0.109    -0.4     0.2     0.7     2.0     4.0
94074 20141127  2.422 -104.76   40.81    17.2    -8.1     4.5     6.1     0.0     5.91 C    18.1    -9.4     3.0    91.8    14.4    47.4 -99.000 -99.000   0.035   0.056   0.108    -0.2     0.3     0.8     2.0     4.0
94074 20141128  2.422 -104.76   40.81    19.6     2.1    10.8    11.2     0.0     5.48 C    19.8    -3.3     5.2    35.9     8.5    20.1 -99.000   0.053   0.035   0.056   0.108     1.3     1.4     1.4     2.1     4.0
94074 20141129  2.422 -104.76   40.81    18.7     0.8     9.7     9.9     0.0     9.15 C    24.9    -4.7     5.1    39.7     7.4    19.0 -99.000   0.054   0.036   0.058   0.108     2.1     2.2     2.2     2.6     4.0
94074 20141130  2.422 -104.76   40.81    12.1    -9.9     1.1    -2.2     0.0     9.73 C     8.9    -8.7    -0.3    79.9    14.1    49.7 -99.000   0.054   0.036   0.058   0.108     1.3     1.9     2.4     3.0     4.1
94074 20141201  2.422 -104.76   40.81     0.4    -9.1    -4.3    -6.1     0.0     8.65 C    10.9    -9.9    -3.3    82.3    46.9    64.0 -99.000   0.054   0.035   0.058   0.108     0.0     0.8     1.5     2.7     4.2
94074 20141202  2.422 -104.76   40.81    15.3    -7.8     3.7     4.9     0.0    10.39 C    17.9    -9.8     2.0    83.9    12.0    40.8 -99.000 -99.000   0.036   0.058   0.108     0.2     0.7     1.2     2.4     4.1
94074 20141203  2.422 -104.76   40.81     5.3    -7.2    -1.0    -3.1     0.0     6.79 C    12.0    -9.0    -2.6    81.2    35.0    62.7 -99.000   0.053   0.035   0.058   0.109     0.0     0.7     1.2     2.3     4.0
94074 20141204  2.422 -104.76   40.81     9.3    -5.7     1.8     2.4     0.0     4.26 C    11.2    -8.3     0.4    80.7    32.3    56.8 -99.000 -99.000   0.035   0.058   0.108     0.0     0.6     1.1     2.2     4.0
94074 20141205  2.422 -104.76   40.81    13.7    -5.9     3.9     3.9     0.0     8.83 C    20.8    -7.6     2.0    87.9    23.1    56.2 -99.000   0.051   0.036   0.058   0.108     1.1     1.4     1.5     2.3     3.9
94074 20141206  2.422 -104.76   40.81     5.3    -5.3     0.0    -0.7     0.0     3.65 C     8.0    -8.2    -1.4    89.6    55.3    78.2 -99.000   0.053   0.036   0.058   0.107     0.5     1.1     1.6     2.5     3.9
94074 20141207  2.422 -104.76   40.81    14.6    -6.2     4.2     4.0     0.0     8.12 C    18.0    -8.3     1.6    87.1    19.9    53.4 -99.000   0.051   0.036   0.058   0.107     0.8     1.2     1.5     2.4     3.9
94074 20141208  2.422 -104.76   40.81    11.8    -7.2     2.3     0.6     0.0     8.03 C    20.3    -8.8    -0.4    83.0    25.1    61.0 -99.000   0.053   0.036   0.058   0.108     0.7     1.3     1.6     2.5     3.9
94074 20141209  2.422 -104.76   40.81    11.3    -7.7     1.8     0.9     0.0     5.78 C    22.4    -9.7    -1.0    84.4    23.2    52.7 -99.000   0.047   0.036   0.058   0.107     0.1     0.8     1.3     2.4     3.9
94074 20141210  2.422 -104.76   40.81    15.5    -5.8     4.8     3.7     0.0     8.14 C    19.8    -8.8     1.2    67.6    12.0    37.2 -99.000 -99.000   0.036   0.058   0.108     0.5     1.0     1.3     2.3     3.8
94074 20141211  2.422 -104.76   40.81    15.8    -5.8     5.0     2.3     0.0     9.89 C    22.0    -9.2     0.8    69.9    17.6    47.3 -99.000 -99.000   0.036   0.058   0.108     0.4     1.0     1.3     2.3     3.8
94074 20141212  2.422 -104.76   40.81    16.8    -4.5     6.2     3.6     0.0     9.26 C    22.6    -8.7     1.7    65.7    12.9    41.5 -99.000 -99.000   0.036   0.058   0.108     0.5     1.0     1.3     2.2     3.7
94074 20141213  2.422 -104.76   40.81    11.9    -5.6     3.1     4.2     0.0     4.29 C    16.6    -8.4     2.0    77.6    27.3    46.6 -99.000   0.052   0.036   0.058   0.108     1.2     1.5     1.6     2.3     3.7
94074 20141214  2.422 -104.76   40.81     5.3     0.1     2.7     1.7     0.0     2.56 C     6.0    -4.8     0.9    78.3    53.4    68.1 -99.000   0.051   0.036   0.058   0.108     0.9     1.4     1.7     2.5     3.7
94074 20141215  2.422 -104.76   40.81     3.6   -11.3    -3.8    -0.5     0.0     7.49 C     8.9   -12.7    -0.6    90.2    36.5    54.5 -99.000   0.051   0.036   0.058   0.108     1.0     1.5     1.8     2.5     3.7
94074 20141216  2.422 -104.76   40.81     0.4   -13.0    -6.3    -6.1     0.0     4.83 C    11.3   -14.3    -5.8    92.3    52.6    76.5 -99.000 -99.000   0.036   0.058   0.108    -0.6     0.3     1.1     2.3     3.8
94074 20141217  2.422 -104.76   40.81     5.9   -11.2    -2.7    -2.8     0.0     6.71 C    14.7   -11.8    -1.9    91.1    42.2    71.6 -99.000 -99.000   0.042   0.058   0.108    -0.6     0.1     0.7     1.9     3.6
94074 20141218  2.422 -104.76   40.81     6.0    -9.7    -1.9    -3.0     0.0     8.20 C    15.8   -12.2    -2.8    89.7    39.3    70.4 -99.000 -99.000   0.044   0.057   0.108    -0.6     0.1     0.6     1.7     3.4
94074 20141219  2.422 -104.76   40.81     7.7   -10.3    -1.3    -2.8     0.0     9.59 C    15.1   -13.0    -3.8    89.0    23.2    60.5 -99.000 -99.000   0.044   0.057   0.107    -0.8    -0.1     0.5     1.6     3.3
94074 20141220  2.422 -104.76   40.81     9.1    -9.2    -0.1     0.0     0.0     6.90 C    19.3   -11.2    -1.0    75.3    25.0    50.6 -99.000 -99.000 -99.000   0.056   0.107    -0.8    -0.2     0.4     1.5     3.2
94074 20141221  2.422 -104.76   40.81    11.4    -7.5     2.0     0.9     0.2     4.04 C    13.1   -10.7    -0.5    90.9    32.2    64.0 -99.000 -99.000 -99.000   0.056   0.107    -0.7    -0.2     0.3     1.4     3.0
94074 20141222  2.422 -104.76   40.81     3.6    -7.9    -2.1    -1.7     0.0     4.86 C     8.1   -10.3    -3.2    85.8    41.1    64.9 -99.000 -99.000 -99.000   0.055   0.107    -0.6    -0.1     0.4     1.4     3.0
94074 20141223  2.422 -104.76   40.81     1.0   -11.1    -5.0    -3.3     0.0     9.35 C     6.8   -13.0    -3.7    73.0    37.0    53.6 -99.000 -99.000 -99.000   0.056   0.108    -0.8    -0.2     0.3     1.3     2.9
94074 20141224  2.422 -104.76   40.81     5.2   -14.2    -4.5    -4.1     0.0     7.11 C    12.2   -15.5    -4.6    78.5    23.7    51.3 -99.000 -99.000 -99.000   0.056   0.108    -1.4    -0.4     0.1     1.2     2.9
94074 20141225  2.422 -104.76   40.81     3.9    -8.5    -2.3    -2.7     4.7     2.14 C     8.4    -9.5    -3.7    92.1    42.1    76.0 -99.000 -99.000 -99.000   0.055   0.107    -0.9    -0.4     0.1     1.1     2.8
94074 20141226  2.422 -104.76   40.81    -8.5   -14.5   -11.5   -10.4     3.2     7.27 C    -5.4   -19.6   -11.0    91.7    78.4    86.1 -99.000 -99.000 -99.000   0.056   0.106    -0.7    -0.3     0.1     1.1     2.7
94074 20141227  2.422 -104.76   40.81    -7.3   -19.5   -13.4   -14.0     0.0    10.15 C    -6.8   -25.6   -17.4    90.6    58.4    73.0 -99.000 -99.000 -99.000   0.056   0.106    -0.9    -0.3     0.1     1.1     2.6
94074 20141228  2.422 -104.76   40.81    -5.5   -19.6   -12.5   -10.7     0.0    10.01 C    -4.5   -24.0   -13.2    78.1    55.7    69.5 -99.000 -99.000 -99.000   0.056   0.106    -1.0    -0.4     0.1     1.1     2.6
94074 20141229  2.422 -104.76   40.81    -9.7   -18.1   -13.9   -13.6     0.2     5.76 C   -11.9   -18.6   -14.8    83.3    62.7    77.7 -99.000 -99.000 -99.000   0.056   0.106    -1.6    -0.7    -0.1     1.0     2.5
94074 20141230  2.422 -104.76   40.81   -18.1   -30.1   -24.1   -23.0     0.2     7.17 C   -14.5   -35.9   -25.3    85.9    65.7    76.4 -99.000 -99.000 -99.000   0.056   0.107    -1.9    -0.9    -0.3     0.9     2.5
94074 20141231  2.422 -104.76   40.81    -9.8   -30.4   -20.1   -19.6     0.0    10.72 C    -9.8   -36.7   -24.2    80.1    42.1    63.6 -99.000 -99.000 -99.000   0.057   0.107    -2.4    -1.4    -0.6     0.6     2.4
