63850 20130101  2.422  -83.39   33.78    10.3     6.9     8.6     8.9    14.9     0.53 C    11.2     3.6     9.0    97.6    54.5    88.7   0.166   0.162   0.163   0.218   0.351     9.5     9.7     9.7    10.4    12.0
63850 20130102  2.422  -83.39   33.78    13.1     5.3     9.2     9.6     2.2     8.67 C    21.0     5.5    10.7    97.0    60.8    81.8   0.176   0.176   0.174   0.232   0.352    10.7    10.8    10.6    10.8    12.0
63850 20130103  2.422  -83.39   33.78     8.4     1.4     4.9     5.2     0.0     4.21 C    13.2    -0.4     5.9    92.0    58.5    77.4   0.160   0.160   0.164   0.223   0.352     9.8    10.2    10.4    11.1    12.1
63850 20130104  2.422  -83.39   33.78    12.1    -2.5     4.8     4.3     0.0    12.97 C    19.6    -2.7     4.6    97.4    25.1    59.8   0.154   0.154   0.160   0.218   0.352     8.7     9.1     9.5    10.7    12.1
63850 20130105  2.422  -83.39   33.78    11.2    -4.1     3.5     4.3     0.0    10.09 C    22.1    -4.1     5.5    84.9    31.6    57.3   0.150   0.150   0.156   0.215   0.353     8.3     8.7     9.0    10.2    12.0
63850 20130106  2.422  -83.39   33.78    11.7     3.5     7.6     7.2     0.0     6.09 C    21.2     0.5     7.5    81.7    55.2    68.7   0.148   0.148   0.153   0.213   0.352     9.4     9.6     9.7    10.3    11.8
63850 20130107  2.422  -83.39   33.78    13.2    -0.3     6.5     6.2     0.0    12.89 C    21.7    -2.7     5.6    88.3    34.5    61.5   0.146   0.145   0.149   0.210   0.352     8.7     9.1     9.4    10.3    11.8
63850 20130108  2.422  -83.39   33.78    11.3     0.9     6.1     7.0     0.0     4.88 C    16.8    -1.4     7.6    81.7    57.4    68.3   0.144   0.143   0.146   0.208   0.346     8.9     9.1     9.3    10.2    11.7
63850 20130109  2.422  -83.39   33.78    18.5     9.7    14.1    13.3     0.0     6.18 C    21.8     7.5    12.6    83.5    55.2    66.9   0.142   0.141   0.144   0.207   0.340    10.6    10.6    10.3    10.5    11.6
63850 20130110  2.422  -83.39   33.78    22.3    11.4    16.9    16.1     0.8     6.93 C    32.2     8.5    15.5    94.8    55.5    75.5   0.141   0.138   0.141   0.206   0.338    11.9    11.9    11.4    11.2    11.8
63850 20130111  2.422  -83.39   33.78    21.7    15.5    18.6    18.0     0.0     3.49 C    24.0    13.3    17.0    96.3    70.4    88.2   0.141   0.137   0.140   0.204   0.336    13.6    13.4    12.8    12.1    12.1
63850 20130112  2.422  -83.39   33.78    23.5    14.5    19.0    17.9     0.0     7.40 C    24.8    10.8    15.6    97.3    53.3    81.1   0.139   0.137   0.139   0.203   0.335    13.9    13.9    13.4    12.9    12.6
63850 20130113  2.422  -83.39   33.78    22.5    12.7    17.6    17.6     0.0     6.15 C    27.0     9.8    16.3    97.4    63.0    83.7   0.138   0.135   0.137   0.202   0.333    14.1    14.1    13.7    13.3    12.9
63850 20130114  2.422  -83.39   33.78    23.1    15.2    19.2    19.1     2.0     4.90 C    24.9    14.5    17.9    95.7    63.6    83.6   0.138   0.135   0.137   0.201   0.331    15.2    15.1    14.4    13.8    13.3
63850 20130115  2.422  -83.39   33.78    21.3    12.5    16.9    16.7    10.0     5.25 C    26.2    11.9    16.5    97.6    66.9    88.3   0.143   0.137   0.137   0.200   0.329    15.2    15.2    14.7    14.2    13.6
63850 20130116  2.422  -83.39   33.78    17.8    13.7    15.7    15.7    25.1     2.28 C    21.0    14.4    16.4    97.0    92.9    95.6   0.196   0.183   0.178   0.223   0.338    15.6    15.7    15.2    14.6    13.9
63850 20130117  2.422  -83.39   33.78    16.9     2.0     9.5     9.7    29.1     2.07 C    16.9     2.3    10.8    98.0    79.6    93.4   0.200   0.205   0.193   0.264   0.349    14.2    14.6    14.7    14.7    14.2
63850 20130118  2.422  -83.39   33.78    11.8     0.1     5.9     5.5     0.0    14.65 C    20.9    -0.8     6.4    96.7    31.6    64.0   0.170   0.180   0.173   0.233   0.349    11.7    12.3    12.7    13.7    14.2
63850 20130119  2.422  -83.39   33.78    13.0    -2.9     5.0     5.4     0.0    14.28 C    21.9    -3.1     5.8    87.2    35.0    60.6   0.160   0.165   0.166   0.223   0.349    10.5    11.1    11.6    12.8    13.9
63850 20130120  2.422  -83.39   33.78    17.5     1.2     9.3     8.8     0.0    14.41 C    23.6    -0.1     7.6    91.0    34.0    57.6   0.154   0.157   0.160   0.219   0.349    10.6    11.0    11.3    12.2    13.5
63850 20130121  2.422  -83.39   33.78    15.1     1.3     8.2     8.1     0.0    12.72 C    20.7    -0.1     6.7    87.0    32.7    53.6   0.150   0.152   0.155   0.216   0.349    10.3    10.7    11.0    12.0    13.2
63850 20130122  2.422  -83.39   33.78     8.4    -1.3     3.6     3.0     0.0    14.68 C    19.3    -3.1     3.8    47.3    26.3    37.4   0.146   0.147   0.151   0.213   0.349     9.4     9.9    10.4    11.6    13.0
63850 20130123  2.422  -83.39   33.78    11.3    -2.1     4.6     4.4     0.0    14.51 C    20.5    -4.0     5.0    65.3    32.8    46.5   0.143   0.144   0.146   0.211   0.346     8.9     9.3     9.7    11.0    12.7
63850 20130124  2.422  -83.39   33.78    14.0     1.5     7.8     9.2     0.0    14.00 C    23.0    -2.4     7.9    74.7    18.0    46.3   0.139   0.141   0.143   0.209   0.341     9.9    10.2    10.2    11.0    12.4
63850 20130125  2.422  -83.39   33.78     2.4    -1.4     0.5     0.4     0.0     3.03 C    11.4    -1.6     2.9    61.8    36.0    46.8   0.135   0.137   0.139   0.207   0.339     8.5     9.1     9.6    10.8    12.3
63850 20130126  2.422  -83.39   33.78    15.1     1.2     8.2     7.4     0.0    10.58 C    25.1    -2.1     6.9    90.3    22.4    54.7   0.133   0.135   0.137   0.206   0.337     9.2     9.5     9.6    10.5    12.0
63850 20130127  2.422  -83.39   33.78    10.1     0.9     5.5     5.5     0.0    11.71 C    22.7    -2.1     6.7    83.0    45.4    61.9   0.129   0.132   0.134   0.204   0.333     9.1     9.4     9.6    10.5    11.9
63850 20130128  2.422  -83.39   33.78    12.6     4.9     8.7     7.7     0.0     4.81 C    18.1     2.6     8.1    92.9    56.5    68.5   0.126   0.129   0.132   0.203   0.330     9.7    10.0    10.0    10.6    11.8
63850 20130129  2.422  -83.39   33.78    22.1     4.4    13.2    14.1     0.0     9.05 C    30.8     2.9    14.1    95.2    58.5    79.7   0.124   0.127   0.129   0.201   0.329    11.0    11.0    10.6    10.8    11.8
63850 20130130  2.422  -83.39   33.78    22.1     8.1    15.1    17.0    28.7     1.59 C    22.5     7.9    15.5    94.3    68.1    81.9   0.145   0.140   0.138   0.201   0.333    12.9    12.9    12.3    11.8    12.0
63850 20130131  2.422  -83.39   33.78     9.0     1.3     5.1     5.0     0.0    16.21 C    17.8    -0.1     5.7    81.0    34.4    52.8   0.178   0.166   0.163   0.210   0.348    10.9    11.4    11.7    12.1    12.3
63850 20130201  2.422  -83.39   33.78     6.4    -2.1     2.1     3.1     0.0    16.58 C    18.1    -4.7     4.0    68.2    22.8    41.1   0.161   0.157   0.157   0.213   0.348     9.4    10.0    10.4    11.4    12.3
63850 20130202  2.422  -83.39   33.78    11.2    -5.7     2.8     2.7     4.1    15.69 C    22.3    -6.4     5.1    95.9    20.8    51.2   0.157   0.154   0.153   0.212   0.349     8.7     9.1     9.5    10.6    12.1
63850 20130203  2.422  -83.39   33.78    14.1     0.7     7.4     6.9     0.0    16.13 C    21.0    -0.7     6.3    94.7    28.6    62.7   0.165   0.158   0.157   0.211   0.349     9.2     9.5     9.7    10.5    11.8
63850 20130204  2.422  -83.39   33.78    10.0    -1.0     4.5     4.8     0.0     7.21 C    14.1    -2.8     4.8    80.9    37.1    58.2   0.157   0.153   0.153   0.211   0.345     8.5     9.0     9.3    10.3    11.7
63850 20130205  2.422  -83.39   33.78    15.9    -0.4     7.7     8.9     0.0     8.85 C    22.1    -1.2     7.9    91.2    54.6    69.4   0.152   0.150   0.150   0.209   0.340     9.2     9.4     9.4    10.1    11.5
63850 20130206  2.422  -83.39   33.78    19.7     4.2    12.0    11.9     0.0    16.74 C    28.5     1.2    10.2    97.7    22.7    59.7   0.147   0.146   0.147   0.208   0.339    10.2    10.4    10.2    10.4    11.4
63850 20130207  2.422  -83.39   33.78    11.1     5.1     8.1     6.9    24.9     1.25 C     9.1     2.1     6.5    94.6    42.0    79.1   0.176   0.168   0.161   0.218   0.342     9.4     9.8    10.0    10.7    11.5
63850 20130208  2.422  -83.39   33.78    13.8     5.6     9.7     9.1     0.0     9.62 C    23.0     2.2     9.8    93.6    53.2    78.9   0.178   0.174   0.172   0.231   0.350    10.2    10.4    10.2    10.5    11.5
63850 20130209  2.422  -83.39   33.78    15.7    -2.0     6.9     7.1     0.0    17.51 C    25.0    -2.9     7.0    95.0    25.5    57.5   0.164   0.162   0.164   0.222   0.350     9.7    10.0    10.1    10.6    11.5
63850 20130210  2.422  -83.39   33.78    17.1     2.5     9.8     9.7    22.4    11.18 C    25.0     0.9     9.9    96.0    47.4    67.4   0.170   0.165   0.164   0.221   0.351    10.0    10.2    10.2    10.6    11.5
63850 20130211  2.422  -83.39   33.78    16.7     9.7    13.2    13.4    16.1     2.14 C    18.6     9.9    13.1    96.7    84.4    93.1   0.209   0.201   0.183   0.261   0.352    11.6    11.6    11.2    11.1    11.5
63850 20130212  2.422  -83.39   33.78    13.5     6.8    10.1    10.0     8.4     5.53 C    21.8     8.0    11.1    93.9    48.8    82.1   0.193   0.186   0.176   0.239   0.353    11.6    11.7    11.5    11.5    11.7
63850 20130213  2.422  -83.39   33.78    12.4     4.0     8.2     7.9     0.8     3.53 C    15.9     2.4     8.6    96.6    62.8    85.3   0.189   0.183   0.175   0.236   0.353    10.9    11.2    11.2    11.5    11.9
63850 20130214  2.422  -83.39   33.78    11.6     0.8     6.2     5.5     0.0    12.22 C    20.8    -0.1     6.1    87.5    44.0    70.2   0.173   0.169   0.167   0.226   0.353     9.8    10.2    10.4    11.2    11.9
63850 20130215  2.422  -83.39   33.78    16.6     2.8     9.7     9.7     0.0    17.62 C    26.7     0.1     9.2    82.7    31.3    56.7   0.163   0.161   0.162   0.221   0.353    10.3    10.5    10.4    10.9    11.7
63850 20130216  2.422  -83.39   33.78     7.4    -1.7     2.8     4.1     0.0    13.84 C    18.6    -4.2     5.3    76.9    26.7    51.4   0.156   0.155   0.157   0.218   0.353     9.8    10.2    10.4    11.0    11.7
63850 20130217  2.422  -83.39   33.78     7.4    -5.2     1.1     1.1     0.0    19.28 C    19.9    -7.0     2.2    62.8    20.8    40.2   0.152   0.151   0.152   0.215   0.353     8.2     8.7     9.2    10.4    11.6
63850 20130218  2.422  -83.39   33.78    13.8    -4.3     4.7     5.1     0.0    18.14 C    25.7    -5.5     5.8    79.5    25.3    44.6   0.147   0.147   0.148   0.213   0.351     8.4     8.7     8.9     9.9    11.3
63850 20130219  2.422  -83.39   33.78    14.2     4.1     9.2     7.7     8.2     9.61 C    19.7     0.2     7.3    95.8    26.4    62.6   0.172   0.159   0.155   0.211   0.345     9.1     9.3     9.4     9.9    11.1
63850 20130220  2.422  -83.39   33.78    12.9    -1.4     5.7     5.6     0.0    15.22 C    25.6    -3.9     5.8    57.2    20.0    35.7   0.168   0.161   0.158   0.211   0.342     8.6     8.9     9.1     9.9    11.1
63850 20130221  2.422  -83.39   33.78    16.9     0.1     8.5     8.8     0.0    18.03 C    27.9    -1.9     9.9    53.4    21.5    36.2   0.157   0.155   0.153   0.210   0.340     9.4     9.6     9.4     9.9    11.0
63850 20130222  2.422  -83.39   33.78    12.3     4.0     8.1     5.3    28.1     1.62 C    10.3     5.4     6.4    96.6    39.1    90.4   0.198   0.192   0.177   0.235   0.348     9.0     9.4     9.6    10.2    11.0
63850 20130223  2.422  -83.39   33.78     7.7     4.1     5.9     5.9    23.8     2.77 C    11.5     4.7     7.5    96.9    94.2    95.5   0.212   0.220   0.199   0.267   0.352     8.5     8.8     8.9     9.7    10.9
63850 20130224  2.422  -83.39   33.78    18.7     3.3    11.0    10.8     0.0    19.88 C    27.2     2.0    10.9   100.0    27.9    66.1   0.180   0.185   0.175   0.235   0.352    10.3    10.3     9.8     9.9    10.8
63850 20130225  2.422  -83.39   33.78     8.6     3.1     5.8     6.9     2.3     3.10 C    10.8     3.9     6.5    94.2    47.4    59.9   0.169   0.170   0.167   0.225   0.352     9.2     9.7     9.8    10.3    10.9
63850 20130226  2.422  -83.39   33.78     8.2     2.0     5.1     4.4    31.0     4.49 C    14.1     2.0     5.4    98.1    70.6    92.5   0.222   0.219   0.193   0.265   0.353     7.9     8.3     8.7     9.6    10.8
63850 20130227  2.422  -83.39   33.78    14.7     5.5    10.1     9.2     0.0    18.42 C    23.4     3.0     9.5    71.4    37.7    55.9   0.182   0.185   0.175   0.236   0.354     9.2     9.3     9.1     9.5    10.6
63850 20130228  2.422  -83.39   33.78     9.8     1.8     5.8     5.9     0.0    12.78 C    22.8    -0.7     6.2    74.6    46.5    57.7   0.169   0.170   0.166   0.226   0.353     9.0     9.3     9.4     9.8    10.6
63850 20130301  2.422  -83.39   33.78     8.7    -1.1     3.8     3.8     0.0    18.03 C    25.2    -2.5     6.7    77.4    49.5    60.9   0.162   0.162   0.161   0.222   0.354     8.8     9.0     9.1     9.7    10.6
63850 20130302  2.422  -83.39   33.78     7.9     0.0     3.9     3.3     0.0    10.40 C    19.8    -2.2     4.8    79.9    44.6    63.1   0.157   0.157   0.156   0.219   0.353     8.6     8.9     9.1     9.7    10.6
63850 20130303  2.422  -83.39   33.78     6.7    -2.4     2.2     1.7     0.0    21.22 C    22.7    -5.5     4.4    64.5    32.6    49.2   0.153   0.153   0.152   0.217   0.353     8.1     8.4     8.6     9.3    10.5
63850 20130304  2.422  -83.39   33.78    14.6    -2.7     5.9     6.0     0.0    20.05 C    28.3    -4.6     7.5    66.2    25.8    44.4   0.146   0.148   0.147   0.215   0.349     8.5     8.7     8.7     9.2    10.3
63850 20130305  2.422  -83.39   33.78    19.7     4.9    12.3    11.5     3.4    10.74 C    27.8     0.2    11.1    90.6    48.7    63.0   0.143   0.143   0.143   0.214   0.345     9.8     9.9     9.6     9.7    10.3
63850 20130306  2.422  -83.39   33.78     6.7     0.5     3.6     3.3     0.0    16.35 C    20.2    -1.2     4.9    70.8    46.8    54.7   0.145   0.145   0.142   0.212   0.342     8.9     9.3     9.4     9.9    10.5
63850 20130307  2.422  -83.39   33.78    15.5    -2.4     6.6     6.0     0.0    21.52 C    28.8    -4.1     8.1    87.9    29.7    58.4   0.140   0.141   0.141   0.210   0.339     9.1     9.3     9.1     9.6    10.5
63850 20130308  2.422  -83.39   33.78    16.3    -0.7     7.8     7.9     0.0    21.84 C    30.0    -3.1     8.7    73.1    22.1    47.2   0.132   0.136   0.137   0.208   0.334     9.8     9.9     9.7     9.8    10.4
63850 20130309  2.422  -83.39   33.78    17.2     1.7     9.4     9.7     0.0    20.33 C    30.6    -1.2    10.3    66.1    28.5    44.6   0.124   0.131   0.134   0.207   0.331    10.3    10.4    10.1    10.2    10.6
63850 20130310  2.422  -83.39   33.78    20.3     6.4    13.3    13.3     0.0    17.59 C    31.8     4.1    13.7    77.1    31.7    53.5   0.116   0.124   0.130   0.206   0.330    11.4    11.4    10.9    10.7    10.7
63850 20130311  2.422  -83.39   33.78    18.7     9.7    14.2    14.0    21.3     4.65 C    21.3     6.7    13.3    97.0    59.8    80.9   0.130   0.129   0.130   0.205   0.328    11.7    11.8    11.4    11.2    11.0
63850 20130312  2.422  -83.39   33.78    17.0     4.9    11.0    10.7     1.9    22.81 C    26.6     3.3    12.7    96.1    34.3    63.8   0.188   0.184   0.176   0.211   0.333    12.6    12.6    12.1    11.6    11.2
63850 20130313  2.422  -83.39   33.78    13.5     2.4     8.0     7.9     0.0    22.92 C    26.1    -0.1     9.1    75.0    26.2    46.5   0.166   0.167   0.165   0.216   0.338    11.5    11.7    11.6    11.7    11.5
63850 20130314  2.422  -83.39   33.78    12.6    -2.1     5.3     5.5     0.0    23.16 C    27.6    -4.0     8.2    60.1    21.3    38.7   0.155   0.157   0.158   0.215   0.339    10.8    11.1    11.1    11.4    11.6
63850 20130315  2.422  -83.39   33.78    21.9     1.8    11.9    12.4     0.0    22.21 C    30.9     0.0    12.4    73.8    30.2    46.4   0.145   0.150   0.151   0.212   0.338    11.4    11.5    11.2    11.3    11.6
63850 20130316  2.422  -83.39   33.78    24.1    10.5    17.3    17.0     0.0    22.29 C    32.4     5.7    15.3    66.9    23.3    44.2   0.131   0.141   0.144   0.211   0.335    12.6    12.6    12.1    11.7    11.6
63850 20130317  2.422  -83.39   33.78    22.6     9.6    16.1    15.9     0.0    15.36 C    34.3     6.2    14.8    86.3    45.1    64.0   0.121   0.133   0.138   0.210   0.332    13.0    13.0    12.6    12.1    11.8
63850 20130318  2.422  -83.39   33.78    14.7     5.9    10.3    10.7     9.9     3.58 C    15.1     5.3    11.3    97.5    79.8    90.7   0.128   0.133   0.135   0.208   0.330    12.6    12.8    12.7    12.5    12.0
63850 20130319  2.422  -83.39   33.78    19.1     5.9    12.5    12.0     0.0    23.92 C    29.7     3.6    13.2    97.4    19.2    54.6   0.147   0.150   0.148   0.206   0.328    12.8    12.9    12.5    12.3    12.1
63850 20130320  2.422  -83.39   33.78    14.4     5.3     9.9     9.3     0.0    16.63 C    26.5     1.0     9.5    60.5    20.3    34.7   0.138   0.145   0.145   0.205   0.327    12.1    12.4    12.3    12.4    12.2
63850 20130321  2.422  -83.39   33.78     9.7    -0.2     4.7     4.7     0.0    23.94 C    25.7    -2.8     6.9    67.3    20.4    39.7   0.130   0.139   0.140   0.204   0.326    11.2    11.6    11.7    12.1    12.3
63850 20130322  2.422  -83.39   33.78     9.6     0.9     5.2     5.5     0.0     7.92 C    19.2    -1.5     7.9    78.0    36.2    50.5   0.126   0.135   0.137   0.203   0.325    10.6    11.0    11.1    11.7    12.1
63850 20130323  2.422  -83.39   33.78    11.0     5.5     8.2     8.0    19.3     6.14 C    19.8     6.4    10.1    97.4    67.1    88.6   0.169   0.165   0.158   0.203   0.325    11.0    11.3    11.2    11.5    12.0
63850 20130324  2.422  -83.39   33.78     8.6     6.3     7.4     8.1    26.1     3.58 C    11.9     4.1     9.3    97.6    61.8    91.8   0.202   0.206   0.192   0.244   0.347    10.8    11.1    11.1    11.5    11.9
63850 20130325  2.422  -83.39   33.78     7.6     1.4     4.5     4.2     0.0    14.55 C    22.2    -0.1     6.1    63.1    39.9    50.5   0.175   0.181   0.180   0.231   0.350    10.0    10.4    10.6    11.2    11.8
63850 20130326  2.422  -83.39   33.78     7.7    -0.9     3.4     3.0     0.0    17.49 C    22.2    -1.9     5.1    73.7    41.4    56.4   0.165   0.169   0.172   0.225   0.351     9.3     9.7     9.9    10.8    11.6
63850 20130327  2.422  -83.39   33.78    12.8    -1.9     5.5     5.4     0.0    25.13 C    28.1    -2.9     8.4    78.8    28.0    50.6   0.157   0.162   0.166   0.222   0.352     9.9    10.1    10.0    10.5    11.4
63850 20130328  2.422  -83.39   33.78    16.5    -2.0     7.3     8.8     0.0    24.86 C    30.5    -3.5    10.1    81.1    22.8    42.7   0.148   0.155   0.158   0.220   0.352    10.6    10.8    10.5    10.7    11.3
63850 20130329  2.422  -83.39   33.78    18.8     0.8     9.8    11.4     0.0    21.36 C    34.6    -1.2    12.5    72.5    25.1    42.8   0.138   0.146   0.150   0.218   0.350    11.5    11.5    11.2    11.1    11.4
63850 20130330  2.422  -83.39   33.78    22.0     8.7    15.3    14.8     3.7    22.63 C    34.0     7.1    17.3    97.3    36.9    56.6   0.128   0.138   0.142   0.216   0.344    13.3    13.1    12.4    11.8    11.6
63850 20130331  2.422  -83.39   33.78    21.3    12.9    17.1    16.3    10.5    11.87 C    26.6    12.7    16.5    97.5    51.4    79.4   0.142   0.139   0.139   0.215   0.341    14.3    14.2    13.5    12.7    11.9
63850 20130401  2.422  -83.39   33.78    22.5    11.6    17.0    16.8    21.0    24.68 C    31.5     7.1    17.5    97.3    25.0    62.8   0.194   0.198   0.183   0.241   0.349    15.5    15.3    14.5    13.4    12.3
63850 20130402  2.422  -83.39   33.78    20.5     7.0    13.7    13.6     0.0    23.09 C    32.2     4.4    14.6    83.2    32.9    48.4   0.164   0.170   0.171   0.230   0.352    14.7    14.8    14.4    13.8    12.8
63850 20130403  2.422  -83.39   33.78    15.4     6.6    11.0    11.3     1.0    12.84 C    23.9     4.5    11.8    80.3    34.5    47.0   0.153   0.159   0.162   0.225   0.352    13.7    14.0    13.9    13.8    13.0
63850 20130404  2.422  -83.39   33.78     8.6     3.6     6.1     5.6    13.7     2.03 C     9.2     5.5     7.3    95.6    78.0    89.4   0.187   0.182   0.174   0.228   0.353    11.9    12.4    12.8    13.3    13.1
63850 20130405  2.422  -83.39   33.78    17.4     2.0     9.7     9.2     0.0    19.17 C    28.7     1.8    11.7    97.0    46.0    75.6   0.180   0.179   0.177   0.234   0.354    12.4    12.6    12.3    12.6    12.9
63850 20130406  2.422  -83.39   33.78    21.2     3.4    12.3    13.7     0.0    25.15 C    33.1     1.7    13.9    96.9    26.4    55.0   0.163   0.165   0.167   0.228   0.354    13.5    13.5    13.1    12.9    12.8
63850 20130407  2.422  -83.39   33.78    23.0     4.6    13.8    15.5     0.0    22.80 C    35.2     2.9    15.1    92.0    40.2    60.1   0.150   0.154   0.158   0.225   0.354    14.3    14.3    13.8    13.3    12.9
63850 20130408  2.422  -83.39   33.78    24.9    11.4    18.1    18.7     0.0    21.01 C    35.0     7.9    17.6    94.0    40.8    63.9   0.137   0.144   0.148   0.222   0.354    15.3    15.2    14.5    13.8    13.1
63850 20130409  2.422  -83.39   33.78    26.8    12.1    19.5    20.1     0.0    20.64 C    37.4     8.4    19.1    95.3    43.0    65.3   0.124   0.134   0.140   0.219   0.352    16.3    16.1    15.3    14.4    13.4
63850 20130410  2.422  -83.39   33.78    27.4    13.3    20.4    20.9     0.0    25.00 C    38.5     9.6    20.3    95.3    40.5    65.6   0.109   0.123   0.134   0.217   0.347    17.1    16.9    16.1    15.0    13.7
63850 20130411  2.422  -83.39   33.78    25.7    15.2    20.4    20.4    18.9    14.86 C    32.3    10.9    20.3    96.4    60.7    80.7   0.098   0.114   0.128   0.215   0.344    17.4    17.2    16.5    15.6    14.1
63850 20130412  2.422  -83.39   33.78    21.8    12.8    17.3    18.2     3.2    25.03 C    31.8     9.3    19.3    94.0    34.4    61.8   0.174   0.174   0.169   0.213   0.344    18.3    18.1    17.3    16.1    14.5
63850 20130413  2.422  -83.39   33.78    24.4     7.6    16.0    16.3     0.0    26.56 C    34.2     6.3    16.6    79.5    23.3    47.9   0.149   0.157   0.159   0.213   0.344    17.3    17.3    16.8    16.2    14.8
63850 20130414  2.422  -83.39   33.78    16.7     7.4    12.0    13.2     2.8     5.78 C    19.2     5.8    13.1    91.6    47.3    76.4   0.142   0.150   0.151   0.213   0.343    15.9    16.2    16.2    16.0    15.0
63850 20130415  2.422  -83.39   33.78    24.2    12.1    18.2    17.5     0.0    21.61 C    36.3    10.5    19.6    95.1    57.8    79.8   0.140   0.147   0.149   0.211   0.339    17.5    17.3    16.6    15.9    15.0
63850 20130416  2.422  -83.39   33.78    26.5    14.3    20.4    20.0     0.0    20.65 C    37.1    11.6    20.9    97.7    51.7    76.4   0.128   0.137   0.142   0.210   0.333    18.5    18.3    17.5    16.5    15.1
63850 20130417  2.422  -83.39   33.78    27.6    15.4    21.5    21.1     0.0    23.35 C    37.5    12.7    22.2    95.2    48.7    74.5   0.113   0.125   0.134   0.208   0.331    19.3    19.1    18.2    17.0    15.4
63850 20130418  2.422  -83.39   33.78    26.8    13.4    20.1    20.4     0.0    20.13 C    36.1    11.1    21.0    97.4    50.0    77.1   0.098   0.113   0.127   0.205   0.330    19.3    19.3    18.5    17.5    15.8
63850 20130419  2.422  -83.39   33.78    21.6     7.6    14.6    15.5    15.5     2.91 C    22.2     8.2    15.7    94.7    82.0    87.8   0.126   0.129   0.132   0.203   0.330    18.2    18.5    18.2    17.7    16.1
63850 20130420  2.422  -83.39   33.78    18.0     2.4    10.2    10.4     0.0    28.58 C    29.4     2.5    13.1    91.4    30.5    59.7   0.151   0.148   0.146   0.202   0.328    16.9    17.1    17.0    17.0    16.2
63850 20130421  2.422  -83.39   33.78    19.6     3.7    11.6    12.2     0.0    27.24 C    30.9     2.1    14.1    89.3    37.1    60.6   0.131   0.137   0.140   0.200   0.326    16.7    16.9    16.7    16.6    16.1
63850 20130422  2.422  -83.39   33.78    19.1     8.7    13.9    13.2     0.0    26.54 C    32.4     7.5    15.7    73.6    43.7    58.6   0.112   0.123   0.132   0.198   0.325    17.0    17.1    16.8    16.6    16.0
63850 20130423  2.422  -83.39   33.78    22.6     4.6    13.6    14.1     0.0    27.80 C    33.3     2.6    15.8    82.6    37.6    60.1   0.094   0.109   0.125   0.196   0.324    17.1    17.2    16.9    16.6    15.9
63850 20130424  2.422  -83.39   33.78    25.1    10.5    17.8    17.0     0.7    17.35 C    35.1     7.2    17.6    97.1    41.1    76.4   0.079   0.095   0.118   0.195   0.323    17.4    17.5    17.0    16.7    16.0
63850 20130425  2.422  -83.39   33.78    24.1    10.6    17.4    16.5     0.0    28.72 C    36.4     6.4    18.5    92.5    14.4    55.5   0.066   0.081   0.111   0.192   0.322    18.1    18.1    17.5    16.9    16.1
63850 20130426  2.422  -83.39   33.78    23.9     6.3    15.1    16.0     0.0    27.71 C    37.0     1.7    17.0    71.1    27.2    45.6   0.053   0.064   0.102   0.188   0.320    17.6    17.7    17.3    17.0    16.1
63850 20130427  2.422  -83.39   33.78    21.4    11.1    16.2    15.8     0.2    16.38 C    33.8    11.5    17.7    88.5    47.9    71.0   0.045   0.054   0.095   0.186   0.319    17.8    17.9    17.4    17.1    16.2
63850 20130428  2.422  -83.39   33.78    18.2    12.6    15.4    14.2    17.0     3.47 C    21.6    13.1    15.5    97.1    80.8    93.1   0.085   0.065   0.091   0.186   0.320    17.1    17.3    17.1    17.1    16.3
63850 20130429  2.422  -83.39   33.78    21.0    13.3    17.2    15.8     0.9    10.93 C    26.2    10.8    16.7    97.9    67.9    90.2   0.150   0.120   0.100   0.187   0.319    17.3    17.4    17.0    16.8    16.3
63850 20130430  2.422  -83.39   33.78    25.5    10.7    18.1    17.4     0.0    23.35 C    33.8    10.4    19.1   100.0    41.9    81.4   0.128   0.112   0.104   0.186   0.318    18.1    18.1    17.4    16.9    16.2
63850 20130501  2.422  -83.39   33.78    21.5    15.1    18.3    17.1     0.0    14.78 C    28.8    13.8    18.0    95.4    56.4    77.0   0.106   0.098   0.102   0.185   0.317    18.4    18.4    17.9    17.4    16.4
63850 20130502  2.422  -83.39   33.78    20.2    14.7    17.4    16.2     0.2     8.18 C    25.0    14.5    17.0    94.1    68.8    86.2   0.094   0.088   0.100   0.185   0.318    17.8    18.0    17.6    17.4    16.5
63850 20130503  2.422  -83.39   33.78    17.9    14.1    16.0    15.6     0.2     6.68 C    19.8    14.4    16.0    92.6    76.0    84.3   0.088   0.083   0.098   0.184   0.317    17.4    17.6    17.4    17.2    16.6
63850 20130504  2.422  -83.39   33.78    14.8     9.9    12.4    12.2    30.7     3.34 C    14.7    10.7    12.7    95.8    83.9    91.9   0.155   0.123   0.115   0.184   0.317    16.2    16.6    16.7    16.9    16.5
63850 20130505  2.422  -83.39   33.78    20.9    10.7    15.8    14.7    33.8    15.67 C    27.9    10.8    16.3    96.0    41.6    85.6   0.208   0.196   0.189   0.232   0.344    16.6    16.7    16.3    16.4    16.4
63850 20130506  2.422  -83.39   33.78    15.9     7.5    11.7    11.4     0.0    12.38 C    22.0     7.7    13.4    96.1    57.6    83.3   0.181   0.175   0.180   0.233   0.352    16.6    16.8    16.6    16.6    16.3
63850 20130507  2.422  -83.39   33.78    20.4     8.6    14.5    14.1     3.7    22.01 C    29.8     7.6    15.9    97.9    51.3    79.3   0.174   0.168   0.176   0.225   0.353    17.2    17.2    16.8    16.6    16.3
63850 20130508  2.422  -83.39   33.78    25.2    11.1    18.1    18.1     0.0    25.92 C    35.5    10.7    19.0    91.5    40.6    68.0   0.157   0.155   0.166   0.221   0.354    18.2    18.2    17.5    16.9    16.3
63850 20130509  2.422  -83.39   33.78    27.9    13.6    20.8    21.0     0.0    25.81 C    47.3    11.1    23.9    90.7    37.2    64.3   0.149   0.148   0.157   0.219   0.354    19.3    19.2    18.4    17.5    16.5
63850 20130510  2.422  -83.39   33.78    26.7    13.6    20.2    20.6     0.0    19.04 C    41.4    10.6    22.4    95.7    47.3    71.3   0.145   0.143   0.149   0.217   0.354    19.5    19.6    18.9    18.0    16.7
63850 20130511  2.422  -83.39   33.78    25.3    14.2    19.7    20.2     1.7    18.68 C    40.0    11.9    22.8    97.5    57.3    78.6   0.142   0.139   0.144   0.215   0.348    19.7    19.7    19.0    18.3    17.0
63850 20130512  2.422  -83.39   33.78    22.2    11.6    16.9    17.1     0.0    29.95 C    43.0     6.1    20.8    95.3    23.9    57.0   0.140   0.137   0.140   0.212   0.342    20.0    20.0    19.3    18.5    17.2
63850 20130513  2.422  -83.39   33.78    21.0     7.2    14.1    14.5     0.0    30.64 C    43.6     3.9    19.1    67.9    24.4    42.0   0.134   0.131   0.136   0.210   0.336    19.1    19.2    18.8    18.5    17.3
63850 20130514  2.422  -83.39   33.78    24.5     5.6    15.1    16.5     0.0    29.31 C    46.5     3.3    21.8    88.3    30.4    55.5   0.126   0.125   0.132   0.208   0.332    19.3    19.4    18.8    18.4    17.4
63850 20130515  2.422  -83.39   33.78    30.1    14.3    22.2    22.4     0.0    28.94 C    49.3    11.1    25.6    82.0    31.0    56.9   0.118   0.118   0.127   0.206   0.329    20.4    20.3    19.5    18.7    17.5
63850 20130516  2.422  -83.39   33.78    27.8    15.6    21.7    21.3     0.0    18.55 C    50.2    13.2    23.2    88.3    47.0    65.2   0.111   0.112   0.122   0.205   0.328    20.5    20.5    19.9    19.1    17.7
63850 20130517  2.422  -83.39   33.78    28.0    13.4    20.7    21.4     0.0    20.58 C    48.0    11.6    24.2    92.4    45.2    66.5   0.104   0.107   0.118   0.203   0.327    20.7    20.7    20.0    19.3    17.9
63850 20130518  2.422  -83.39   33.78    23.9    18.1    21.0    20.8     1.1    16.43 C    42.7    17.6    24.0    96.9    62.8    83.0   0.099   0.102   0.115   0.201   0.327    21.3    21.2    20.4    19.6    18.1
63850 20130519  2.422  -83.39   33.78    22.3    18.4    20.3    20.1     5.3     9.18 C    30.2    17.0    21.7    97.8    82.3    91.7   0.109   0.104   0.113   0.200   0.326    21.2    21.3    20.6    19.9    18.3
63850 20130520  2.422  -83.39   33.78    28.6    17.2    22.9    22.1     0.0    22.13 C    46.9    17.3    26.3    97.7    53.3    83.2   0.114   0.106   0.112   0.198   0.325    22.4    22.1    21.1    20.0    18.5
63850 20130521  2.422  -83.39   33.78    30.4    16.8    23.6    23.5     0.0    24.63 C    51.6    16.3    27.9    97.9    50.7    77.6   0.104   0.100   0.109   0.197   0.324    23.1    22.9    21.9    20.7    18.7
63850 20130522  2.422  -83.39   33.78    29.4    15.5    22.5    21.5    18.7    21.72 C    50.4    14.9    26.1    97.2    58.8    84.1   0.116   0.108   0.110   0.195   0.323    23.0    23.0    22.1    21.1    19.0
63850 20130523  2.422  -83.39   33.78    28.6    17.8    23.2    22.9     1.7    25.79 C    46.1    16.0    26.0    97.0    41.4    68.0   0.170   0.152   0.137   0.193   0.323    23.5    23.4    22.5    21.4    19.3
63850 20130524  2.422  -83.39   33.78    25.0    13.7    19.3    20.0     0.0    31.11 C    43.3     8.6    23.6    77.5    30.5    52.1   0.147   0.137   0.133   0.192   0.321    22.8    22.9    22.3    21.5    19.6
63850 20130525  2.422  -83.39   33.78    24.5     8.2    16.4    17.2     0.0    30.15 C    45.3     5.9    21.4    84.2    34.1    55.6   0.130   0.125   0.127   0.190   0.320    21.9    22.1    21.7    21.2    19.7
63850 20130526  2.422  -83.39   33.78    27.0    10.4    18.7    19.3     0.0    29.91 C    46.0     8.3    23.7    88.5    32.9    60.1   0.114   0.114   0.120   0.189   0.319    22.1    22.2    21.6    21.1    19.8
63850 20130527  2.422  -83.39   33.78    28.8    12.1    20.4    21.4     0.0    27.68 C    47.9    11.0    25.3    93.0    39.4    64.9   0.098   0.103   0.113   0.187   0.318    22.7    22.6    21.9    21.2    19.8
63850 20130528  2.422  -83.39   33.78    29.0    16.6    22.8    23.1     0.0    28.32 C    47.8    13.7    27.1    90.8    45.5    64.6   0.082   0.091   0.107   0.186   0.317    23.3    23.2    22.4    21.5    19.9
63850 20130529  2.422  -83.39   33.78    28.3    13.3    20.8    21.6     0.0    22.75 C    46.8    11.4    24.4    97.5    49.2    73.3   0.069   0.081   0.100   0.185   0.317    23.0    23.1    22.4    21.7    20.1
63850 20130530  2.422  -83.39   33.78    29.0    17.9    23.4    22.8     0.0    21.72 C    48.5    15.0    26.7    96.2    49.0    76.2   0.061   0.072   0.094   0.183   0.316    23.4    23.3    22.5    21.7    20.2
63850 20130531  2.422  -83.39   33.78    29.9    18.8    24.4    24.1     0.0    24.93 C    49.6    14.9    28.1    93.0    44.7    70.8   0.053   0.063   0.089   0.180   0.315    23.9    23.8    22.9    22.0    20.3
63850 20130601  2.422  -83.39   33.78    29.7    18.5    24.1    24.3     0.0    25.79 C    50.2    15.3    28.3    94.8    48.5    69.4   0.046   0.054   0.081   0.178   0.313    24.2    24.1    23.2    22.3    20.5
63850 20130602  2.422  -83.39   33.78    28.2    18.6    23.4    22.3    17.6    14.60 C    48.9    18.2    24.8    97.5    67.1    85.0   0.069   0.065   0.077   0.176   0.313    23.9    23.9    23.2    22.5    20.7
63850 20130603  2.422  -83.39   33.78    28.2    19.1    23.6    23.1     0.0    20.03 C    43.6    19.3    26.1    97.6    63.3    85.2   0.119   0.101   0.084   0.177   0.313    24.2    24.1    23.3    22.5    20.8
63850 20130604  2.422  -83.39   33.78    30.0    18.7    24.3    24.6     0.0    25.06 C    47.4    17.2    28.0    97.0    54.0    75.8   0.101   0.087   0.084   0.176   0.312    24.8    24.7    23.8    22.8    20.9
63850 20130605  2.422  -83.39   33.78    28.1    19.6    23.8    22.2    47.7    15.15 C    44.7    18.0    24.8    96.7    67.6    90.7   0.128   0.120   0.114   0.178   0.312    24.3    24.3    23.8    23.0    21.1
63850 20130606  2.422  -83.39   33.78    23.8    19.7    21.7    21.3    17.8     8.37 C    29.0    20.4    23.1    97.2    83.4    93.3   0.194   0.195   0.184   0.230   0.350    23.8    24.0    23.5    23.0    21.3
63850 20130607  2.422  -83.39   33.78    29.2    19.5    24.3    22.2    22.3    20.10 C    39.3    19.8    24.8    96.7    57.1    87.2   0.192   0.192   0.186   0.240   0.354    24.3    24.3    23.6    23.0    21.4
63850 20130608  2.422  -83.39   33.78    27.5    18.9    23.2    22.8     0.0    24.23 C    39.7    18.9    25.6    96.5    60.8    81.6   0.176   0.176   0.180   0.234   0.355    24.8    24.8    24.0    23.2    21.5
63850 20130609  2.422  -83.39   33.78    29.2    19.7    24.4    23.2     7.7    20.05 C    39.5    19.1    25.8    96.5    60.0    85.7   0.166   0.162   0.170   0.224   0.356    25.1    25.1    24.4    23.5    21.7
63850 20130610  2.422  -83.39   33.78    24.6    19.8    22.2    21.7     8.1     9.68 C    30.4    19.7    22.9    97.1    84.0    92.5   0.191   0.179   0.183   0.230   0.358    24.4    24.6    24.2    23.6    21.8
63850 20130611  2.422  -83.39   33.78    31.3    20.7    26.0    25.8     0.0    23.88 C    39.5    20.5    27.1    96.7    52.9    78.7   0.173   0.165   0.174   0.230   0.358    25.3    25.2    24.3    23.5    21.9
63850 20130612  2.422  -83.39   33.78    33.4    21.4    27.4    27.5     0.0    28.31 C    43.1    20.8    29.2    96.6    52.2    76.1   0.154   0.151   0.160   0.223   0.358    26.5    26.2    25.2    24.0    22.0
63850 20130613  2.422  -83.39   33.78    32.5    20.3    26.4    26.6     8.6    27.75 C    41.0    20.2    28.2    95.2    48.6    75.1   0.146   0.140   0.146   0.219   0.358    26.6    26.6    25.7    24.6    22.3
63850 20130614  2.422  -83.39   33.78    28.7    18.2    23.4    23.4     0.0    30.75 C    38.7    16.9    25.8    95.9    40.5    71.8   0.153   0.142   0.147   0.215   0.357    26.4    26.3    25.6    24.7    22.6
63850 20130615  2.422  -83.39   33.78    28.9    15.1    22.0    22.6     0.0    29.71 C    39.4    14.5    24.5    95.5    38.2    67.3   0.130   0.130   0.138   0.212   0.346    25.8    25.9    25.3    24.7    22.7
63850 20130616  2.422  -83.39   33.78    29.3    17.4    23.3    23.8     0.0    26.31 C    40.6    15.9    25.7    94.6    54.5    75.0   0.110   0.117   0.129   0.209   0.339    25.6    25.7    25.1    24.5    22.8
63850 20130617  2.422  -83.39   33.78    29.8    19.5    24.6    22.9    13.6    19.27 C    38.2    20.0    25.2    96.9    63.5    86.8   0.159   0.130   0.128   0.206   0.335    25.9    25.9    25.3    24.6    22.9
63850 20130618  2.422  -83.39   33.78    29.2    19.5    24.4    22.6    22.2    16.54 C    35.1    19.9    24.1    97.0    64.0    89.4   0.183   0.159   0.151   0.211   0.334    25.4    25.5    25.1    24.6    22.9
63850 20130619  2.422  -83.39   33.78    26.9    20.4    23.6    23.2     0.8    13.85 C    32.7    18.9    24.5    97.2    70.6    87.6   0.185   0.176   0.176   0.227   0.345    25.4    25.5    25.0    24.5    22.9
63850 20130620  2.422  -83.39   33.78    27.9    18.2    23.1    22.8     0.0    25.44 C    34.9    17.6    23.8    96.8    54.6    78.3   0.166   0.159   0.166   0.222   0.345    25.4    25.5    24.9    24.4    22.9
63850 20130621  2.422  -83.39   33.78    28.2    17.1    22.6    22.6     0.0    27.62 C    37.0    15.9    23.8    96.8    52.2    76.4   0.149   0.145   0.153   0.218   0.344    25.4    25.5    24.9    24.4    22.9
63850 20130622  2.422  -83.39   33.78    28.7    16.3    22.5    22.8     0.0    27.09 C    37.9    14.9    24.1    95.8    51.4    75.3   0.131   0.133   0.142   0.214   0.338    25.3    25.4    24.8    24.4    23.0
63850 20130623  2.422  -83.39   33.78    29.5    18.0    23.7    23.1     0.0    21.76 C    37.8    17.3    24.9    97.8    57.7    84.2   0.116   0.122   0.133   0.210   0.333    25.4    25.5    24.9    24.4    23.0
63850 20130624  2.422  -83.39   33.78    30.2    19.3    24.7    24.5     1.3    24.85 C    38.0    18.2    26.1    98.1    56.7    80.7   0.100   0.111   0.126   0.207   0.331    25.8    25.8    25.1    24.5    23.0
63850 20130625  2.422  -83.39   33.78    30.5    19.0    24.7    23.7    28.3    23.00 C    37.1    18.3    25.2    97.6    56.7    84.0   0.119   0.125   0.131   0.209   0.331    25.7    25.8    25.2    24.7    23.2
63850 20130626  2.422  -83.39   33.78    31.3    20.6    25.9    25.2     0.0    21.40 C    37.3    20.1    26.1    97.2    56.0    82.9   0.192   0.190   0.173   0.222   0.345    25.9    25.9    25.3    24.7    23.3
63850 20130627  2.422  -83.39   33.78    31.0    22.5    26.8    26.1     0.4    21.36 C    36.4    21.9    26.6    94.8    59.9    80.2   0.168   0.164   0.164   0.217   0.343    26.3    26.3    25.6    24.9    23.4
63850 20130628  2.422  -83.39   33.78    32.5    21.1    26.8    25.7     0.6    25.31 C    37.6    20.9    26.7    96.6    50.5    77.9   0.149   0.147   0.153   0.211   0.333    26.7    26.6    25.9    25.1    23.5
63850 20130629  2.422  -83.39   33.78    30.3    21.4    25.8    24.2     7.9    21.33 C    36.9    20.8    25.9    96.8    55.2    83.3   0.145   0.137   0.143   0.207   0.329    26.5    26.6    26.0    25.3    23.6
63850 20130630  2.422  -83.39   33.78    26.8    20.6    23.7    23.1     0.3    12.57 C    33.9    20.5    24.4    97.5    69.1    88.7   0.158   0.142   0.146   0.206   0.328    26.1    26.2    25.8    25.2    23.7
63850 20130701  2.422  -83.39   33.78    27.9    21.0    24.5    23.7     0.0    22.36 C    34.9    21.1    25.7    95.9    64.5    82.4   0.142   0.135   0.142   0.203   0.327    26.4    26.5    25.8    25.2    23.7
63850 20130702  2.422  -83.39   33.78    29.1    21.0    25.0    24.3     0.0    23.64 C    36.2    20.0    26.0    95.8    57.0    80.9   0.123   0.124   0.135   0.201   0.326    26.7    26.7    26.0    25.3    23.8
63850 20130703  2.422  -83.39   33.78    26.9    19.8    23.3    22.0    14.2     8.47 C    32.1    19.9    23.2    96.8    72.5    91.9   0.124   0.120   0.129   0.200   0.326    25.9    26.1    25.7    25.4    23.9
63850 20130704  2.422  -83.39   33.78    27.8    20.0    23.9    21.9    37.0    10.43 C    33.1    20.3    23.1    97.2    71.7    93.7   0.213   0.198   0.181   0.222   0.336    25.1    25.3    25.0    25.0    23.8
63850 20130705  2.422  -83.39   33.78    28.5    20.4    24.5    23.0    17.6    18.93 C    35.9    20.7    24.7    97.4    66.2    90.4   0.198   0.189   0.189   0.242   0.355    25.7    25.7    25.2    24.9    23.8
63850 20130706  2.422  -83.39   33.78    29.4    20.3    24.9    24.3    26.0    21.79 C    34.5     0.0    25.5    98.1    58.4    86.4   0.206   0.194   0.194   0.258   0.363    26.3    26.3    25.6    25.1    23.8
63850 20130707  2.422  -83.39   33.78    29.2    20.5    24.8    24.2    15.6    18.17 C    34.9    20.8    25.6    98.4    63.5    88.0   0.207   0.196   0.193   0.254   0.393    26.4    26.5    25.9    25.4    23.9
63850 20130708  2.422  -83.39   33.78    29.7    20.3    25.0    24.5    14.6    20.98 C    36.0    20.3    25.8    97.4    64.2    84.8   0.205   0.192   0.193   0.250   0.393    26.5    26.5    25.9    25.5    24.1
63850 20130709  2.422  -83.39   33.78    30.5    21.9    26.2    24.9     5.5    18.93 C    35.5    22.0    26.2    97.2    64.9    88.1   0.205   0.191   0.194   0.250   0.392    26.7    26.8    26.2    25.6    24.2
63850 20130710  2.422  -83.39   33.78    30.2    21.4    25.8    24.2     8.6    15.36 C    34.9    21.2    25.4    97.8    63.2    90.0   0.204   0.188   0.195   0.248   0.393    26.7    26.8    26.2    25.7    24.3
63850 20130711  2.422  -83.39   33.78    27.2    20.8    24.0    23.4     0.0    12.31 C    31.5    20.2    24.4    97.8    75.0    89.9   0.182   0.169   0.184   0.238   0.393    26.3    26.5    26.1    25.7    24.4
63850 20130712  2.422  -83.39   33.78    29.5    20.2    24.9    23.8     0.0    21.02 C    35.5    17.9    25.4    97.8    63.8    86.1   0.169   0.158   0.172   0.231   0.392    26.7    26.7    26.1    25.6    24.5
63850 20130713  2.422  -83.39   33.78    25.1    20.2    22.7    22.3     1.9     9.25 C    28.2    20.6    23.0    96.5    79.8    91.2   0.162   0.151   0.162   0.226   0.391    25.9    26.2    25.9    25.6    24.5
63850 20130714  2.422  -83.39   33.78    27.8    20.3    24.0    23.4     3.0    12.36 C    33.9    16.2    23.9    96.4    74.9    91.0   0.162   0.149   0.158   0.222   0.390    25.9    26.0    25.6    25.4    24.5
63850 20130715  2.422  -83.39   33.78    29.0    20.1    24.5    23.5     4.6    18.84 C    35.1    19.7    24.4    97.0    67.9    87.9   0.166   0.149   0.156   0.218   0.371    26.2    26.3    25.7    25.4    24.3
63850 20130716  2.422  -83.39   33.78    30.2    20.4    25.3    24.5     0.0    25.39 C    34.6    19.5    25.4    97.9    55.2    83.1   0.164   0.146   0.155   0.215   0.364    26.6    26.6    25.9    25.4    24.3
63850 20130717  2.422  -83.39   33.78    31.9    19.8    25.8    24.5    54.8    21.89 C    36.8    18.7    25.1    96.8    59.5    84.2   0.182   0.160   0.160   0.229   0.367    26.1    26.3    25.9    25.6    24.4
63850 20130718  2.422  -83.39   33.78    30.1    20.0    25.1    24.9     0.0    27.90 C    35.1    19.8    26.0    97.7    60.8    82.7   0.202   0.196   0.186   0.254   0.393    26.2    26.2    25.7    25.5    24.5
63850 20130719  2.422  -83.39   33.78    31.4    21.1    26.3    26.0     0.0    26.62 C    36.0    17.8    26.4    98.3    54.8    81.3   0.172   0.163   0.172   0.231   0.394    26.7    26.8    26.1    25.6    24.5
63850 20130720  2.422  -83.39   33.78    29.7    22.2    26.0    24.4    19.5    16.49 C    34.6    21.7    25.3    96.7    62.5    88.0   0.182   0.164   0.167   0.227   0.393    26.6    26.7    26.2    25.8    24.6
63850 20130721  2.422  -83.39   33.78    29.9    21.8    25.8    24.2     6.6    17.63 C    34.1    21.6    25.2    97.6    66.0    89.0   0.211   0.187   0.185   0.240   0.394    26.5    26.6    26.1    25.8    24.8
63850 20130722  2.422  -83.39   33.78    29.5    21.3    25.4    24.6     0.0    18.69 C    33.9    20.8    25.2    97.6    65.5    85.4   0.192   0.174   0.180   0.238   0.394    26.6    26.7    26.2    25.8    24.8
63850 20130723  2.422  -83.39   33.78    29.6    21.1    25.3    24.8     0.0    24.33 C    33.4    20.4    25.1    95.0    62.5    81.0   0.169   0.156   0.167   0.231   0.394    26.6    26.8    26.2    25.9    24.8
63850 20130724  2.422  -83.39   33.78    30.6    21.5    26.1    25.2     0.0    23.22 C    35.2    20.8    25.6    92.3    62.6    80.1   0.151   0.142   0.154   0.226   0.395    26.8    26.9    26.3    25.9    24.8
63850 20130725  2.422  -83.39   33.78    30.6    20.5    25.6    25.0     0.0    26.34 C    36.5    19.2    25.7    94.7    54.1    78.5   0.134   0.130   0.144   0.221   0.392    26.7    26.9    26.3    26.0    24.8
63850 20130726  2.422  -83.39   33.78    29.8    20.5    25.1    23.7    10.1    18.87 C    35.8    19.6    24.8    96.6    64.8    87.2   0.142   0.127   0.136   0.217   0.372    26.4    26.6    26.2    26.0    24.8
63850 20130727  2.422  -83.39   33.78    27.4    19.7    23.6    23.3     0.0    13.00 C    31.0    19.3    23.5    97.6    70.8    88.7   0.165   0.139   0.140   0.214   0.367    25.9    26.1    25.8    25.8    24.8
63850 20130728  2.422  -83.39   33.78    29.8    19.0    24.4    24.3     0.2    23.91 C    33.6    17.9    24.7    97.6    56.8    82.1   0.141   0.129   0.137   0.211   0.364    25.9    26.0    25.6    25.5    24.8
63850 20130729  2.422  -83.39   33.78    30.5    19.3    24.9    24.5     0.0    24.09 C    33.5    16.3    24.1    96.5    51.6    75.4   0.119   0.116   0.130   0.208   0.362    26.0    26.1    25.8    25.5    24.7
63850 20130730  2.422  -83.39   33.78    30.3    16.3    23.3    23.3     0.0    27.32 C    34.4    14.0    23.4    96.5    45.4    75.1   0.098   0.102   0.122   0.205   0.361    25.4    25.7    25.4    25.4    24.7
63850 20130731  2.422  -83.39   33.78    24.9    20.6    22.8    22.6     0.5     8.11 C    27.7    19.3    22.9    96.1    79.3    91.0   0.087   0.093   0.116   0.202   0.361    25.1    25.4    25.1    25.2    24.6
63850 20130801  2.422  -83.39   33.78    30.2    21.7    25.9    25.2     5.4    21.75 C    34.0    19.8    25.4    96.9    60.4    83.3   0.114   0.096   0.112   0.201   0.360    25.6    25.7    25.2    25.1    24.5
63850 20130802  2.422  -83.39   33.78    30.4    19.7    25.0    24.3     0.0    19.67 C    35.4    18.0    24.8    98.1    56.3    86.1   0.097   0.091   0.110   0.198   0.359    25.6    25.8    25.3    25.2    24.5
63850 20130803  2.422  -83.39   33.78    30.2    19.5    24.9    25.2     0.0    22.95 C    32.9    18.0    24.6    97.9    54.6    78.3   0.079   0.081   0.105   0.196   0.358    25.5    25.6    25.3    25.2    24.5
63850 20130804  2.422  -83.39   33.78    31.8    21.4    26.6    26.2     0.0    22.58 C    36.0    19.5    26.2    94.3    54.8    77.7   0.065   0.068   0.098   0.191   0.357    26.0    26.0    25.5    25.2    24.5
63850 20130805  2.422  -83.39   33.78    30.9    20.9    25.9    25.1     0.0    19.00 C    37.4    19.2    25.7    97.2    56.5    83.4   0.055   0.055   0.091   0.188   0.356    25.9    25.9    25.5    25.3    24.5
63850 20130806  2.422  -83.39   33.78    30.9    22.8    26.8    25.4     0.2    14.46 C    36.8    21.9    25.9    95.7    58.6    85.2   0.049   0.048   0.084   0.184   0.356    26.0    26.1    25.6    25.4    24.5
63850 20130807  2.422  -83.39   33.78    28.1    20.9    24.5    23.4    38.1    10.10 C    32.5    20.5    23.8    98.0    74.0    92.4   0.111   0.095   0.116   0.185   0.363    25.3    25.5    25.3    25.3    24.5
63850 20130808  2.422  -83.39   33.78    29.9    21.8    25.8    24.9     0.0    16.95 C    34.5    21.5    25.4    98.0    64.2    86.9   0.163   0.152   0.162   0.191   0.357    25.4    25.5    25.1    25.0    24.5
63850 20130809  2.422  -83.39   33.78    31.7    20.9    26.3    26.4     0.0    25.33 C    34.9    19.7    26.4    97.9    55.8    80.7   0.143   0.137   0.149   0.188   0.355    25.9    25.9    25.4    25.2    24.5
63850 20130810  2.422  -83.39   33.78    31.0    21.6    26.3    24.8    13.7    15.36 C    36.3    20.1    24.6    97.8    64.3    87.9   0.158   0.148   0.150   0.187   0.354    25.7    25.9    25.6    25.3    24.5
63850 20130811  2.422  -83.39   33.78    32.1    21.0    26.5    26.2     0.0    24.69 C    35.2    20.0    26.0    98.1    52.4    80.1   0.168   0.157   0.161   0.187   0.354    25.8    25.9    25.4    25.3    24.5
63850 20130812  2.422  -83.39   33.78    31.7    20.9    26.3    25.5     3.6    23.72 C    37.2    19.6    25.9    97.3    62.0    83.6   0.151   0.143   0.149   0.186   0.354    26.1    26.2    25.7    25.4    24.5
63850 20130813  2.422  -83.39   33.78    30.7    20.9    25.8    25.3     0.0    21.63 C    33.7    20.1    25.4    96.9    58.1    81.3   0.140   0.135   0.143   0.186   0.353    26.1    26.2    25.8    25.5    24.6
63850 20130814  2.422  -83.39   33.78    26.1    20.3    23.2    23.4     0.0     9.50 C    28.7    19.8    23.6    95.6    72.5    85.8   0.129   0.126   0.135   0.186   0.353    25.7    25.9    25.6    25.5    24.7
63850 20130815  2.422  -83.39   33.78    22.6    18.4    20.5    20.0     5.4     9.94 C    26.0    18.0    20.3    94.1    69.0    83.3   0.141   0.130   0.132   0.186   0.352    24.7    25.0    25.0    25.2    24.7
63850 20130816  2.422  -83.39   33.78    19.0    16.0    17.5    17.3    11.9     4.67 C    20.8    16.3    17.6    96.3    80.7    93.4   0.190   0.163   0.158   0.187   0.352    23.3    23.8    23.9    24.7    24.5
63850 20130817  2.422  -83.39   33.78    19.0    15.7    17.4    17.4    11.3     2.94 C    19.4    15.9    17.7    98.5    94.1    96.1   0.199   0.174   0.178   0.188   0.353    22.6    23.0    23.2    24.0    24.2
63850 20130818  2.422  -83.39   33.78    26.1    18.9    22.5    21.6    15.1    11.61 C    32.1    19.0    22.4    98.6    73.7    92.4   0.196   0.175   0.181   0.214   0.352    23.2    23.4    23.2    23.6    23.9
63850 20130819  2.422  -83.39   33.78    24.7    20.3    22.5    21.8     2.9     7.28 C    27.4    19.8    22.4    98.4    82.9    94.5   0.196   0.180   0.184   0.243   0.392    23.6    23.8    23.5    23.7    23.7
63850 20130820  2.422  -83.39   33.78    27.9    21.0    24.5    23.5     0.0    12.84 C    32.2    20.7    24.2    98.0    72.5    90.1   0.175   0.163   0.173   0.230   0.399    24.0    24.2    23.8    23.8    23.7
63850 20130821  2.422  -83.39   33.78    28.6    19.3    23.9    22.7     8.6    15.35 C    36.0    19.4    24.0    98.5    71.5    89.4   0.188   0.170   0.176   0.229   0.401    24.2    24.4    24.0    24.0    23.7
63850 20130822  2.422  -83.39   33.78    30.6    19.2    24.9    24.1     0.0    24.84 C    34.5    18.8    25.2    98.8    57.1    83.3   0.170   0.158   0.168   0.227   0.401    24.5    24.6    24.2    24.1    23.7
63850 20130823  2.422  -83.39   33.78    31.4    20.2    25.8    25.2     0.0    22.62 C    35.5    20.1    25.7    98.2    49.6    80.6   0.153   0.146   0.156   0.222   0.400    25.0    25.0    24.5    24.3    23.8
63850 20130824  2.422  -83.39   33.78    26.4    18.6    22.5    22.2     0.0    21.81 C    31.4    16.7    22.5    97.7    65.8    84.4   0.139   0.135   0.145   0.217   0.397    24.6    24.9    24.6    24.5    23.8
63850 20130825  2.422  -83.39   33.78    27.2    15.3    21.3    21.2     0.0    23.83 C    32.3    13.5    21.3    97.3    49.2    76.8   0.126   0.126   0.137   0.212   0.368    24.0    24.3    24.1    24.3    23.8
63850 20130826  2.422  -83.39   33.78    27.2    13.5    20.4    20.5     0.0    24.73 C    32.8    11.6    20.6    98.0    48.8    76.8   0.113   0.115   0.130   0.209   0.362    23.2    23.5    23.5    24.0    23.8
63850 20130827  2.422  -83.39   33.78    30.3    16.1    23.2    23.1     0.0    22.61 C    34.8    13.9    22.9    96.0    44.9    74.7   0.100   0.104   0.123   0.204   0.360    23.3    23.6    23.4    23.7    23.7
63850 20130828  2.422  -83.39   33.78    32.6    18.5    25.5    24.8     0.0    22.41 C    36.8    16.4    24.6    97.3    44.8    77.8   0.087   0.092   0.116   0.201   0.360    23.7    23.9    23.5    23.7    23.5
63850 20130829  2.422  -83.39   33.78    33.9    21.6    27.7    26.9     0.0    23.02 C    38.5    20.5    27.2    97.1    48.9    76.5   0.073   0.078   0.109   0.198   0.358    24.5    24.5    24.1    23.9    23.5
63850 20130830  2.422  -83.39   33.78    28.3    21.5    24.9    24.7     0.0    11.60 C    31.0    20.0    24.6    97.8    69.8    87.4   0.066   0.069   0.102   0.196   0.358    24.5    24.7    24.3    24.2    23.6
63850 20130831  2.422  -83.39   33.78    32.0    19.8    25.9    24.9     0.0    20.10 C    38.3    19.0    25.9    98.3    55.7    83.1   0.062   0.062   0.097   0.193   0.357    24.5    24.6    24.2    24.2    23.7
63850 20130901  2.422  -83.39   33.78    32.2    20.6    26.4    24.1     2.3    16.27 C    39.9    19.3    24.8    97.7    57.3    87.1   0.057   0.053   0.091   0.190   0.356    24.5    24.7    24.3    24.3    23.7
63850 20130902  2.422  -83.39   33.78    30.0    21.3    25.6    24.6     0.0    19.80 C    36.9    19.9    25.3    95.3    51.4    79.9   0.057   0.049   0.086   0.188   0.355    24.5    24.7    24.3    24.3    23.8
63850 20130903  2.422  -83.39   33.78    32.7    21.4    27.0    25.7     0.0    20.82 C    39.7    19.3    26.5    96.3    50.7    78.4   0.052   0.044   0.080   0.184   0.355    24.7    24.8    24.4    24.3    23.8
63850 20130904  2.422  -83.39   33.78    32.1    18.8    25.4    24.6     0.0    22.78 C    40.9    16.2    25.5    98.0    41.8    77.9   0.048   0.038   0.073   0.179   0.354    24.4    24.6    24.3    24.3    23.8
63850 20130905  2.422  -83.39   33.78    31.3    19.0    25.1    24.7     0.0    19.66 C    42.0    17.3    25.6    98.0    51.2    81.1   0.045   0.035   0.066   0.174   0.353    24.3    24.5    24.2    24.3    23.8
63850 20130906  2.422  -83.39   33.78    29.7    18.5    24.1    23.4     0.0    22.38 C    40.5    15.7    24.4    98.1    50.7    76.6   0.043   0.033   0.060   0.169   0.352    24.1    24.3    24.1    24.2    23.8
63850 20130907  2.422  -83.39   33.78    30.0    16.7    23.4    22.9     0.0    22.92 C    42.1    14.3    24.1    96.9    47.1    76.6   0.041   0.030   0.055   0.164   0.352    23.7    23.9    23.8    24.0    23.7
63850 20130908  2.422  -83.39   33.78    32.5    17.7    25.1    24.5     0.0    20.52 C    43.0    15.0    25.5    96.8    42.6    76.0   0.039   0.029   0.051   0.160   0.351    23.8    24.0    23.7    23.9    23.7
63850 20130909  2.422  -83.39   33.78    31.6    19.8    25.7    24.8     0.0    22.38 C    44.5    17.9    26.5    97.1    45.8    75.7   0.038   0.028   0.047   0.156   0.350    24.2    24.3    24.0    24.0    23.7
63850 20130910  2.422  -83.39   33.78    31.3    18.2    24.8    24.3     0.0    21.91 C    44.3    16.9    26.1    98.5    47.0    77.8   0.037   0.026   0.043   0.152   0.348    24.1    24.3    24.0    24.0    23.7
63850 20130911  2.422  -83.39   33.78    31.8    17.7    24.8    24.2     0.0    23.31 C    44.6    15.4    25.7    98.2    41.4    72.7   0.036   0.025   0.039   0.149   0.348    24.0    24.2    23.9    24.0    23.7
63850 20130912  2.422  -83.39   33.78    32.3    17.9    25.1    24.2     0.0    18.35 C    45.0    16.0    25.5    93.7    43.9    75.8   0.036   0.025   0.037   0.146   0.347    23.9    24.1    23.8    24.0    23.7
63850 20130913  2.422  -83.39   33.78    31.7    17.8    24.8    24.8     0.0    21.96 C    43.6    13.3    26.1    89.6    31.0    62.9   0.035   0.024   0.035   0.145   0.345    24.2    24.3    24.0    24.0    23.6
63850 20130914  2.422  -83.39   33.78    27.2    14.0    20.6    20.1     0.0    23.07 C    40.6     9.7    21.8    87.5    46.2    66.6   0.034   0.024   0.032   0.143   0.344    23.0    23.5    23.4    23.8    23.6
63850 20130915  2.422  -83.39   33.78    29.0    14.8    21.9    21.6     0.0    15.05 C    41.5    11.9    23.2    95.6    54.3    80.2   0.033   0.022   0.031   0.142   0.343    23.0    23.3    23.2    23.6    23.5
63850 20130916  2.422  -83.39   33.78    31.9    17.9    24.9    23.8     0.0    19.49 C    44.6    15.7    25.2    96.7    41.6    76.5   0.032   0.022   0.029   0.141   0.342    23.6    23.7    23.4    23.6    23.4
63850 20130917  2.422  -83.39   33.78    25.2    17.9    21.6    21.1     0.0    13.69 C    36.1    15.8    22.6    94.4    55.9    73.1   0.032   0.022   0.028   0.141   0.341    23.0    23.3    23.2    23.6    23.3
63850 20130918  2.422  -83.39   33.78    26.5    14.8    20.6    20.1     0.0    17.48 C    40.3    12.6    22.4    94.6    50.5    72.1   0.032   0.021   0.028   0.140   0.339    22.8    23.2    23.1    23.4    23.3
63850 20130919  2.422  -83.39   33.78    28.9    13.8    21.4    20.6     0.0    21.46 C    41.8    11.8    22.8    96.8    46.3    75.3   0.031   0.023   0.025   0.139   0.339    22.5    22.8    22.7    23.2    23.3
63850 20130920  2.422  -83.39   33.78    29.9    14.7    22.3    22.4     0.0    19.91 C    44.9    12.6    24.0    97.9    46.0    74.3   0.031   0.021   0.025   0.138   0.338    22.7    22.9    22.7    23.1    23.1
63850 20130921  2.422  -83.39   33.78    24.6    17.5    21.1    20.4    34.1     5.32 C    29.0    15.2    20.5    96.8    76.9    92.4   0.067   0.054   0.039   0.139   0.337    22.5    22.8    22.7    23.1    23.1
63850 20130922  2.422  -83.39   33.78    26.7    15.1    20.9    20.1     0.0    18.79 C    39.6    12.6    21.2    96.9    48.9    80.6   0.124   0.114   0.088   0.141   0.337    22.4    22.7    22.6    23.0    23.0
63850 20130923  2.422  -83.39   33.78    26.9    14.5    20.7    19.8     0.0    20.87 C    39.4    12.3    21.7    96.9    46.9    74.9   0.110   0.101   0.089   0.143   0.337    22.2    22.5    22.3    22.8    22.9
63850 20130924  2.422  -83.39   33.78    22.4    17.1    19.7    18.7     4.6     7.01 C    26.2    17.1    19.4    96.3    66.9    87.5   0.111   0.096   0.088   0.144   0.337    22.1    22.4    22.3    22.7    22.8
63850 20130925  2.422  -83.39   33.78    18.6    16.3    17.5    17.5    16.5     2.88 C    21.9    16.9    18.4    96.7    92.7    95.6   0.163   0.136   0.111   0.145   0.337    21.6    22.0    22.0    22.6    22.8
63850 20130926  2.422  -83.39   33.78    24.6    14.6    19.6    18.8     0.0    16.65 C    34.0    12.1    20.1    96.8    54.9    83.2   0.164   0.153   0.155   0.146   0.336    21.6    21.9    21.8    22.3    22.6
63850 20130927  2.422  -83.39   33.78    25.2    12.4    18.8    18.1     0.0    21.19 C    35.3     9.9    18.7    96.0    47.1    75.3   0.147   0.140   0.145   0.147   0.336    20.9    21.3    21.4    22.0    22.5
63850 20130928  2.422  -83.39   33.78    23.8    12.0    17.9    16.9     0.0    19.25 C    36.2     9.1    17.6    96.2    47.3    76.3   0.136   0.131   0.135   0.148   0.336    20.5    21.0    21.0    21.7    22.3
63850 20130929  2.422  -83.39   33.78    23.0    12.0    17.5    16.7     0.0    17.28 C    35.1     9.7    18.2    97.6    51.4    77.3   0.126   0.123   0.127   0.149   0.336    20.3    20.7    20.7    21.5    22.1
63850 20130930  2.422  -83.39   33.78    24.6    11.0    17.8    17.4     0.0    17.52 C    35.3     8.7    18.0    97.9    47.1    78.2   0.117   0.116   0.121   0.150   0.336    20.1    20.4    20.5    21.2    22.0
63850 20131001  2.422  -83.39   33.78    26.7    11.8    19.2    18.9     0.0    20.13 C    35.9     9.6    19.4    97.9    41.7    76.6   0.108   0.108   0.115   0.151   0.336    20.1    20.4    20.4    21.1    21.8
63850 20131002  2.422  -83.39   33.78    27.9    12.9    20.4    20.0     0.0    18.78 C    38.6    10.8    20.3    97.2    45.2    76.6   0.098   0.100   0.109   0.151   0.336    20.3    20.6    20.5    21.0    21.7
63850 20131003  2.422  -83.39   33.78    27.6    13.5    20.5    20.5     0.0    17.71 C    37.3    11.9    20.6    98.1    43.5    76.3   0.088   0.091   0.103   0.151   0.336    20.5    20.8    20.6    21.1    21.6
63850 20131004  2.422  -83.39   33.78    28.8    14.3    21.6    21.1     0.0    18.57 C    38.4    12.0    21.0    98.1    42.3    74.8   0.079   0.082   0.097   0.151   0.336    20.5    20.8    20.7    21.1    21.5
63850 20131005  2.422  -83.39   33.78    29.5    15.3    22.4    21.8     0.0    18.12 C    42.6    11.7    22.7    97.2    45.9    76.5   0.070   0.074   0.092   0.151   0.336    20.7    20.9    20.8    21.2    21.4
63850 20131006  2.422  -83.39   33.78    28.7    14.9    21.8    22.0    12.0    17.37 C    42.1    12.1    23.7    98.4    46.8    78.3   0.069   0.070   0.087   0.150   0.336    21.0    21.1    21.0    21.3    21.5
63850 20131007  2.422  -83.39   33.78    24.7    16.5    20.6    20.5     0.6     9.27 C    33.2    13.7    21.3    97.9    64.5    84.4   0.113   0.103   0.091   0.151   0.335    21.5    21.6    21.4    21.5    21.5
63850 20131008  2.422  -83.39   33.78    20.8    14.7    17.8    17.1     0.0     9.98 C    29.2    13.0    18.2    81.5    57.2    70.4   0.103   0.095   0.094   0.152   0.335    20.4    20.8    20.9    21.4    21.7
63850 20131009  2.422  -83.39   33.78    23.0    12.2    17.6    16.9     0.0    19.23 C    35.7     8.1    18.2    86.7    40.7    64.1   0.089   0.085   0.092   0.151   0.335    19.9    20.4    20.4    21.1    21.5
63850 20131010  2.422  -83.39   33.78    26.3     9.9    18.1    17.6     0.0    18.71 C    37.9     5.5    17.4    95.6    42.6    70.7   0.077   0.076   0.090   0.150   0.336    19.3    19.7    19.9    20.7    21.4
63850 20131011  2.422  -83.39   33.78    27.0    11.3    19.1    18.7     0.0    19.08 C    40.0     6.9    19.2    96.4    41.6    72.7   0.068   0.069   0.087   0.150   0.336    19.3    19.7    19.7    20.5    21.2
63850 20131012  2.422  -83.39   33.78    27.0    12.9    19.9    19.4     0.0    17.91 C    41.5     7.1    19.4    94.4    43.7    72.7   0.061   0.061   0.083   0.149   0.335    19.5    19.8    19.8    20.4    21.1
63850 20131013  2.422  -83.39   33.78    26.0    14.6    20.3    19.6     0.0    13.60 C    39.4    10.5    20.8    95.4    56.7    80.5   0.057   0.055   0.079   0.149   0.335    19.8    20.1    19.9    20.4    21.0
63850 20131014  2.422  -83.39   33.78    22.3    16.7    19.5    18.8     0.0     6.68 C    33.9    13.4    19.7    93.1    67.0    83.6   0.054   0.052   0.077   0.148   0.335    20.0    20.3    20.2    20.6    21.0
63850 20131015  2.422  -83.39   33.78    19.9    14.5    17.2    17.0     0.0     5.50 C    25.8    11.6    17.3    96.3    71.9    86.5   0.052   0.051   0.074   0.148   0.335    19.7    20.1    20.1    20.6    21.0
63850 20131016  2.422  -83.39   33.78    23.8    13.3    18.5    18.0     0.0    12.87 C    39.4    10.3    20.0    96.9    48.6    79.6   0.051   0.048   0.071   0.148   0.335    19.6    19.9    19.8    20.4    21.0
63850 20131017  2.422  -83.39   33.78    23.0    16.1    19.5    19.3     2.4     4.23 C    28.2    13.9    19.7    96.6    70.7    88.3   0.050   0.046   0.068   0.148   0.335    19.9    20.2    20.0    20.4    20.9
63850 20131018  2.422  -83.39   33.78    23.9    13.2    18.5    17.3     0.0    16.74 C    34.1    10.6    19.0    95.0    42.4    77.7   0.050   0.046   0.067   0.148   0.335    19.9    20.2    20.1    20.5    20.9
63850 20131019  2.422  -83.39   33.78    17.8    12.3    15.1    14.9     0.5     4.57 C    22.2     8.9    14.8    95.4    65.2    84.5   0.049   0.046   0.067   0.148   0.335    19.1    19.5    19.7    20.4    20.9
63850 20131020  2.422  -83.39   33.78    21.3     7.8    14.6    13.5     0.0    18.39 C    33.2     2.5    13.6    96.6    31.1    71.7   0.048   0.045   0.065   0.147   0.335    18.2    18.7    19.0    19.9    20.7
63850 20131021  2.422  -83.39   33.78    20.6     6.4    13.5    13.4     0.0     9.34 C    33.9     2.8    14.2    96.2    60.1    85.4   0.047   0.043   0.063   0.146   0.335    17.6    18.1    18.4    19.4    20.5
63850 20131022  2.422  -83.39   33.78    20.1    11.9    16.0    15.9     0.0     4.63 C    29.1     7.9    15.7    97.7    69.5    89.4   0.046   0.043   0.061   0.146   0.334    18.3    18.6    18.6    19.3    20.3
63850 20131023  2.422  -83.39   33.78    18.0     3.7    10.9    12.0     0.0    17.86 C    28.8    -1.2    12.0    94.9    35.4    65.9   0.045   0.041   0.059   0.146   0.334    17.4    17.9    18.2    19.2    20.2
63850 20131024  2.422  -83.39   33.78    18.9     2.4    10.6    10.3     0.0    16.95 C    31.5    -0.3    11.2    90.5    31.8    61.7   0.043   0.038   0.056   0.144   0.334    16.3    16.9    17.4    18.6    20.0
63850 20131025  2.422  -83.39   33.78    14.4     1.0     7.7     7.8     0.0    17.88 C    28.2    -4.0     7.8    91.3    28.3    60.7   0.041   0.035   0.053   0.143   0.334    15.6    16.3    16.9    18.2    19.7
63850 20131026  2.422  -83.39   33.78    16.1    -0.6     7.7     7.3     0.0    16.52 C    29.2    -4.5     8.2    93.9    32.2    65.9   0.040   0.034   0.051   0.142   0.334    14.8    15.5    16.2    17.7    19.4
63850 20131027  2.422  -83.39   33.78    21.7     3.8    12.7    13.5     0.0    14.11 C    33.6     0.1    14.4    90.8    47.7    67.1   0.039   0.032   0.048   0.142   0.334    15.5    15.9    16.2    17.3    19.1
63850 20131028  2.422  -83.39   33.78    18.4    10.5    14.4    14.6     0.2     4.38 C    22.8     6.1    13.8    97.6    66.7    86.4   0.039   0.033   0.046   0.142   0.333    16.4    16.7    16.8    17.6    18.9
63850 20131029  2.422  -83.39   33.78    22.6     9.4    16.0    15.8     0.0    10.81 C    37.4     6.0    15.6    97.9    54.9    80.4   0.039   0.032   0.046   0.141   0.333    16.5    16.8    16.9    17.6    18.8
63850 20131030  2.422  -83.39   33.78    25.5    11.8    18.7    18.1     0.0    13.61 C    37.6     7.6    17.9    97.0    41.9    71.2   0.039   0.032   0.044   0.141   0.332    17.0    17.2    17.2    17.8    18.8
63850 20131031  2.422  -83.39   33.78    24.6    12.8    18.7    19.3     0.0     9.23 C    34.0     7.9    18.9    93.2    57.4    73.1   0.038   0.033   0.043   0.140   0.333    17.5    17.6    17.6    18.0    18.8
63850 20131101  2.422  -83.39   33.78    20.9    13.3    17.1    18.0    17.1     5.42 C    25.4    10.1    18.1    96.5    65.9    87.7   0.075   0.080   0.055   0.141   0.332    18.2    18.4    18.1    18.3    18.8
63850 20131102  2.422  -83.39   33.78    21.4     8.9    15.2    13.9     0.0    13.63 C    30.7     3.7    13.0    87.1    33.8    62.4   0.099   0.097   0.068   0.141   0.332    17.2    17.6    17.7    18.4    18.9
63850 20131103  2.422  -83.39   33.78    18.2     4.1    11.2    11.1     0.0    15.94 C    29.4     0.4    10.5    91.8    33.7    61.4   0.091   0.086   0.069   0.142   0.333    16.1    16.6    16.9    17.9    18.9
63850 20131104  2.422  -83.39   33.78    17.1     3.8    10.4     9.4     0.0    15.63 C    25.8     0.4     8.9    90.2    32.8    64.4   0.082   0.076   0.070   0.142   0.332    15.0    15.6    16.1    17.3    18.7
63850 20131105  2.422  -83.39   33.78    17.7     4.4    11.0    10.2     0.0    14.77 C    27.5     2.8    10.9    83.5    34.6    62.3   0.074   0.069   0.068   0.142   0.332    14.7    15.2    15.6    16.8    18.4
63850 20131106  2.422  -83.39   33.78    22.6     9.3    15.9    15.0     0.0    14.39 C    32.6     7.4    15.2    97.7    53.1    76.3   0.069   0.063   0.067   0.142   0.333    15.6    15.9    15.9    16.7    18.1
63850 20131107  2.422  -83.39   33.78    22.5     7.7    15.1    13.9     0.3    11.29 C    31.8     2.8    13.5    97.9    28.5    73.1   0.063   0.058   0.066   0.142   0.332    15.8    16.1    16.2    16.9    18.0
63850 20131108  2.422  -83.39   33.78    16.1     0.8     8.5     8.3     0.0    15.70 C    28.1    -5.4     6.6    92.0    20.7    55.3   0.058   0.054   0.065   0.142   0.332    14.4    15.0    15.5    16.7    18.0
63850 20131109  2.422  -83.39   33.78    15.7     1.2     8.5     8.1     0.0    10.31 C    29.5    -2.2     8.8    90.2    31.0    64.8   0.055   0.051   0.063   0.141   0.332    13.8    14.4    14.8    16.1    17.8
63850 20131110  2.422  -83.39   33.78    23.1     7.0    15.0    13.4     0.0    12.20 C    32.3     1.0    12.3    84.6    28.6    54.5   0.051   0.048   0.060   0.142   0.331    14.4    14.8    15.0    16.0    17.6
63850 20131111  2.422  -83.39   33.78    18.2     4.7    11.4    11.0     0.0    14.93 C    28.5    -1.1     8.4    84.9    26.3    50.0   0.048   0.045   0.058   0.141   0.331    13.9    14.4    14.8    15.9    17.4
63850 20131112  2.422  -83.39   33.78    20.6     0.6    10.6     9.4     0.0    14.24 C    30.0    -3.5     9.3    88.6    31.9    56.8   0.045   0.042   0.056   0.140   0.331    13.6    14.1    14.5    15.6    17.2
63850 20131113  2.422  -83.39   33.78     9.9    -4.8     2.6     2.3     0.0    15.14 C    23.3   -12.7     0.9    76.4    16.5    41.5   0.043   0.041   0.055   0.140   0.331    12.1    12.9    13.7    15.3    17.1
63850 20131114  2.422  -83.39   33.78    14.5    -5.5     4.5     4.3     0.0    14.99 C    27.3   -11.0     2.6    83.1    17.1    46.7   0.042   0.041   0.056   0.140   0.330    11.2    12.0    12.8    14.5    16.8
63850 20131115  2.422  -83.39   33.78    14.3     1.7     8.0     9.1     3.2     3.13 C    19.1     0.0    10.3    96.5    47.0    66.4   0.044   0.041   0.055   0.140   0.330    12.2    12.6    13.0    14.3    16.4
63850 20131116  2.422  -83.39   33.78    18.1     9.5    13.8    13.0     0.0     5.24 C    24.6     9.0    13.8    97.8    72.9    90.7   0.053   0.043   0.055   0.141   0.329    13.5    13.8    13.8    14.5    16.3
63850 20131117  2.422  -83.39   33.78    19.9    14.2    17.1    16.8     1.7     1.93 C    22.7    14.0    17.1    97.0    86.2    92.8   0.052   0.045   0.055   0.141   0.329    14.8    14.9    14.7    15.0    16.2
63850 20131118  2.422  -83.39   33.78    25.3     8.9    17.1    18.4     0.0    13.01 C    31.7     3.6    17.6    96.0    24.2    61.0   0.052   0.045   0.056   0.142   0.329    15.9    16.0    15.7    15.7    16.4
63850 20131119  2.422  -83.39   33.78    15.7     1.5     8.6     9.4     0.0    13.24 C    26.3    -3.3     7.8    90.1    28.5    50.5   0.051   0.045   0.056   0.142   0.330    13.7    14.2    14.7    15.7    16.6
63850 20131120  2.422  -83.39   33.78    13.0     3.1     8.1     8.4     0.0    10.83 C    23.5     0.4     9.0    67.1    36.9    50.1   0.050   0.045   0.056   0.141   0.330    12.9    13.5    13.9    15.1    16.5
63850 20131121  2.422  -83.39   33.78    12.6     8.3    10.4    10.1     0.0     4.30 C    19.9     7.5    11.4    90.9    51.0    70.0   0.050   0.044   0.055   0.141   0.329    13.3    13.7    13.9    14.9    16.3
63850 20131122  2.422  -83.39   33.78    20.0     9.6    14.8    14.3     0.5     6.78 C    31.4     9.5    16.2    94.8    67.8    84.9   0.049   0.044   0.056   0.141   0.329    14.3    14.5    14.4    14.9    16.2
63850 20131123  2.422  -83.39   33.78    19.3     5.9    12.6    13.8     1.0     7.67 C    28.1     1.3    14.2    97.6    47.2    73.5   0.050   0.044   0.057   0.142   0.329    14.9    15.1    15.0    15.4    16.2
63850 20131124  2.422  -83.39   33.78     9.0    -2.9     3.0     3.4     0.0    13.92 C    21.6    -8.2     3.1    67.8    20.4    46.3   0.048   0.044   0.056   0.142   0.330    12.8    13.5    14.1    15.2    16.3
63850 20131125  2.422  -83.39   33.78     8.3    -3.6     2.4     2.8     0.0    10.04 C    22.4    -7.6     4.1    65.0    22.7    42.1   0.047   0.042   0.056   0.141   0.329    11.3    12.0    12.8    14.3    16.1
63850 20131126  2.422  -83.39   33.78     8.5     0.8     4.6     3.9    25.5     0.63 C     8.9     1.5     4.7    97.3    40.8    89.3   0.105   0.100   0.073   0.141   0.329    10.9    11.5    12.2    13.8    15.8
63850 20131127  2.422  -83.39   33.78     8.5    -3.4     2.6     3.5     3.1    12.22 C    13.4    -7.3     3.9    97.6    43.8    72.0   0.150   0.152   0.143   0.142   0.327    10.9    11.4    11.8    13.3    15.4
63850 20131128  2.422  -83.39   33.78     9.0    -6.2     1.4     0.9     0.0    13.25 C    20.7    -9.7     0.4    86.0    32.8    59.8   0.142   0.142   0.147   0.142   0.327     9.7    10.2    10.9    12.7    15.1
63850 20131129  2.422  -83.39   33.78    15.0    -4.9     5.1     5.0     0.0    13.46 C    25.5    -8.8     3.7    90.6    18.3    55.3   0.136   0.136   0.144   0.142   0.327     9.4     9.9    10.4    12.1    14.7
63850 20131130  2.422  -83.39   33.78    11.0     0.4     5.7     5.0     0.0    11.15 C    21.4    -2.1     5.2    74.0    29.5    53.8   0.133   0.133   0.140   0.144   0.327     9.7    10.2    10.5    11.9    14.4
63850 20131201  2.422  -83.39   33.78    13.0     3.3     8.1     7.5     0.0     6.16 C    23.7     1.1     7.8    89.4    45.1    62.9   0.131   0.130   0.137   0.145   0.327    10.2    10.6    10.8    11.9    14.1
63850 20131202  2.422  -83.39   33.78    12.3     3.9     8.1     8.8     2.4     4.61 C    19.4    -0.8     9.2    97.9    77.7    88.1   0.129   0.128   0.134   0.145   0.326    10.8    11.1    11.2    12.1    14.0
63850 20131203  2.422  -83.39   33.78    14.4     9.1    11.7    12.0    15.2     2.33 C    16.4     8.5    12.5    98.0    91.7    96.3   0.147   0.145   0.145   0.147   0.327    11.8    12.0    11.9    12.4    14.0
63850 20131204  2.422  -83.39   33.78    21.9    13.7    17.8    16.3     4.0     5.36 C    27.3    12.6    16.6   100.0    71.0    94.9   0.173   0.167   0.179   0.151   0.327    13.1    13.2    12.9    13.0    14.0
63850 20131205  2.422  -83.39   33.78    22.1    17.0    19.5    19.0     1.6     3.16 C    25.7    16.5    18.9    97.6    84.3    94.7   0.167   0.160   0.176   0.163   0.327    14.4    14.4    13.9    13.7    14.3
63850 20131206  2.422  -83.39   33.78    24.3    17.1    20.7    20.9     3.6     5.60 C    28.1    16.9    20.1    94.5    61.3    81.7   0.161   0.155   0.171   0.175   0.327    15.6    15.5    15.0    14.6    14.6
63850 20131207  2.422  -83.39   33.78    17.2     8.2    12.7    11.8     2.6     3.59 C    17.7     8.9    13.1    96.9    74.4    88.7   0.170   0.163   0.177   0.188   0.327    15.0    15.3    15.1    15.1    15.0
63850 20131208  2.422  -83.39   33.78     9.0     4.2     6.6     6.3     2.2     1.04 C     9.7     5.1     7.2    97.4    88.7    95.5   0.165   0.157   0.174   0.195   0.327    13.4    13.9    14.2    14.8    15.2
63850 20131209  2.422  -83.39   33.78     8.7     3.8     6.2     5.9     5.5     1.58 C    10.6     4.8     7.6    98.9    95.5    97.0   0.175   0.164   0.178   0.201   0.328    12.4    12.9    13.2    14.1    15.1
63850 20131210  2.422  -83.39   33.78    11.9     0.6     6.2     8.1     2.6     8.83 C    16.9    -4.2     7.9    98.2    35.1    76.4   0.174   0.165   0.180   0.214   0.328    12.4    12.8    13.0    13.8    14.9
63850 20131211  2.422  -83.39   33.78    11.7    -2.9     4.4     4.2     0.0    12.64 C    21.8    -6.7     3.8    94.0    36.7    63.8   0.164   0.156   0.174   0.212   0.329    10.7    11.3    11.9    13.3    14.8
63850 20131212  2.422  -83.39   33.78    11.4    -1.2     5.1     4.2     0.0    12.89 C    21.4    -6.5     3.6    72.3    22.4    51.4   0.158   0.150   0.168   0.209   0.330    10.3    10.9    11.3    12.7    14.4
63850 20131213  2.422  -83.39   33.78    13.3    -4.7     4.3     4.5     0.0    12.33 C    24.4    -8.3     4.5    88.6    25.7    54.6   0.154   0.147   0.163   0.206   0.332     9.6    10.1    10.6    12.1    14.1
63850 20131214  2.422  -83.39   33.78    12.7     6.4     9.6     8.2    23.4     0.52 C    12.7     4.7     8.4    98.0    56.3    87.3   0.175   0.167   0.175   0.220   0.351    10.4    10.8    10.9    11.9    13.8
63850 20131215  2.422  -83.39   33.78     9.8     0.2     5.0     5.9     1.5    11.61 C    17.0    -1.6     6.5    98.2    54.9    74.9   0.175   0.166   0.179   0.229   0.387    10.5    10.9    11.1    12.0    13.6
63850 20131216  2.422  -83.39   33.78    14.1    -1.4     6.3     5.3     0.0    12.35 C    23.0    -2.6     4.4    88.6    27.1    60.6   0.165   0.157   0.173   0.221   0.388     9.6    10.1    10.5    11.7    13.4
63850 20131217  2.422  -83.39   33.78    16.6    -1.4     7.6     8.0     0.0    12.31 C    24.2    -4.9     6.1    92.8    30.3    57.5   0.160   0.153   0.168   0.217   0.388     9.4     9.8    10.1    11.4    13.3
63850 20131218  2.422  -83.39   33.78    13.0     1.0     7.0     6.7     0.0    12.69 C    22.6    -4.8     4.5    65.0    17.1    41.4   0.157   0.150   0.164   0.214   0.389     9.4     9.8    10.2    11.3    13.0
63850 20131219  2.422  -83.39   33.78    16.4    -2.3     7.1     7.0     0.0    12.00 C    26.2    -6.3     4.6    87.9    21.1    49.8   0.154   0.148   0.160   0.211   0.390     8.9     9.3     9.7    11.0    12.9
63850 20131220  2.422  -83.39   33.78    13.7     1.9     7.8     8.6     0.0     3.43 C    19.2    -1.8     7.5    92.5    52.9    75.9   0.153   0.146   0.158   0.209   0.390     9.3     9.7     9.9    10.9    12.7
63850 20131221  2.422  -83.39   33.78    22.1     9.9    16.0    16.8     0.0     2.77 C    25.6     8.2    16.2    92.8    70.9    84.6   0.152   0.145   0.156   0.208   0.370    11.2    11.2    10.9    11.2    12.6
63850 20131222  2.422  -83.39   33.78    22.2    15.1    18.6    18.0    80.0     1.84 C    24.8    14.8    17.4    97.9    79.2    91.3   0.199   0.195   0.186   0.240   0.361    13.3    13.2    12.6    12.2    12.7
63850 20131223  2.422  -83.39   33.78    15.9     3.4     9.6    11.1    25.5     3.36 C    15.9     1.8    11.0    97.8    72.3    88.2   0.262   0.257   0.224   0.313   0.378    13.4    13.7    13.5    13.3    13.1
63850 20131224  2.422  -83.39   33.78     7.9    -2.3     2.8     2.6     0.0    12.86 C    17.1    -6.7     2.5    85.5    31.7    61.7   0.184   0.192   0.185   0.242   0.378    10.9    11.5    12.0    12.9    13.4
63850 20131225  2.422  -83.39   33.78     6.7    -3.9     1.4     1.6     0.0    12.36 C    17.4    -6.1     2.7    71.4    34.7    52.5   0.174   0.174   0.179   0.229   0.378     9.3     9.9    10.5    11.9    13.3
63850 20131226  2.422  -83.39   33.78    13.7    -0.4     6.6     6.2     0.0    11.40 C    23.3    -3.8     6.0    74.3    31.9    49.0   0.169   0.167   0.175   0.225   0.379     9.5     9.9    10.2    11.4    13.0
63850 20131227  2.422  -83.39   33.78    11.0    -0.4     5.3     4.7     0.0     9.25 C    21.6    -3.9     3.0    80.5    36.0    58.4   0.166   0.162   0.171   0.221   0.380     9.0     9.5     9.9    11.1    12.7
63850 20131228  2.422  -83.39   33.78     8.6    -1.0     3.8     3.9    28.5     2.76 C    13.2    -4.7     3.6    95.6    43.4    76.6   0.181   0.173   0.175   0.225   0.380     8.5     9.0     9.4    10.7    12.5
63850 20131229  2.422  -83.39   33.78    12.9     4.7     8.8     7.6    22.4     7.96 C    20.0     4.3     8.3    96.6    67.3    87.1   0.247   0.234   0.217   0.303   0.382     8.6     8.9     9.1    10.1    12.1
63850 20131230  2.422  -83.39   33.78    11.1     4.5     7.8     7.8     0.0     5.47 C    17.4     2.0     7.6    92.9    65.3    80.8   0.187   0.187   0.186   0.247   0.382     9.2     9.5     9.6    10.3    11.9
63850 20131231  2.422  -83.39   33.78    10.0     2.2     6.1     5.7     0.0     8.50 C    19.6    -1.5     5.8    86.1    35.9    64.5   0.176   0.171   0.179   0.232   0.382     9.2     9.6     9.7    10.5    11.9
