63829 20130101  2.412  -84.45   31.19    23.6     6.3    15.0    15.6     0.0    10.23 C    28.9     5.7    15.8    96.1    57.2    79.8   0.150   0.143   0.145   0.209   0.334    12.4    12.1    11.8    11.9    13.5
63829 20130102  2.412  -84.45   31.19    19.9    12.8    16.3    15.5     2.2     4.21 C    20.1    12.7    16.2    93.0    65.6    82.1   0.155   0.145   0.146   0.209   0.325    14.9    14.7    14.3    13.6    13.9
63829 20130103  2.412  -84.45   31.19    12.8     2.7     7.7     8.4     7.5     2.06 C    12.7     3.3     9.6    96.7    68.2    85.3   0.167   0.154   0.155   0.226   0.338    12.3    13.0    13.3    13.8    14.4
63829 20130104  2.412  -84.45   31.19    12.6     0.5     6.6     5.5     0.0    10.53 C    18.6     1.7     7.5    96.5    52.4    82.8   0.165   0.154   0.157   0.220   0.358    10.3    11.0    11.5    12.8    14.4
63829 20130105  2.412  -84.45   31.19    12.7     1.3     7.0     7.1     1.0     8.67 C    19.8     2.2     9.0    94.6    37.1    70.1   0.155   0.146   0.149   0.211   0.357    10.4    10.9    11.2    12.2    14.1
63829 20130106  2.412  -84.45   31.19    13.1     6.9    10.0     9.7     0.0     3.90 C    15.7     5.8    10.6    87.8    45.9    71.4   0.152   0.143   0.146   0.209   0.349    11.2    11.6    11.7    12.4    13.9
63829 20130107  2.412  -84.45   31.19    14.5     2.9     8.7     8.9     0.0    12.40 C    22.5     2.9    10.2    92.3    38.2    66.1   0.147   0.139   0.141   0.208   0.326    10.8    11.2    11.5    12.3    13.9
63829 20130108  2.412  -84.45   31.19    21.0     7.8    14.4    13.7     0.0    11.26 C    29.2     7.1    15.0    80.2    55.8    68.3   0.143   0.135   0.138   0.207   0.323    12.7    12.6    12.4    12.5    13.8
63829 20130109  2.412  -84.45   31.19    21.9    14.0    18.0    16.9     0.7     5.66 C    27.8    14.1    17.5    94.1    69.1    84.0   0.140   0.133   0.135   0.207   0.320    14.9    14.6    14.2    13.6    14.0
63829 20130110  2.412  -84.45   31.19    25.9    17.8    21.8    20.5     3.0     7.27 C    31.7    17.1    20.8    93.9    55.2    84.2   0.144   0.134   0.135   0.207   0.321    17.3    16.8    16.1    14.9    14.5
63829 20130111  2.412  -84.45   31.19    25.6    14.6    20.1    19.7     0.0     8.62 C    30.1    13.5    19.4    95.6    51.7    79.7   0.148   0.138   0.139   0.208   0.320    17.4    17.2    16.8    15.9    15.2
63829 20130112  2.412  -84.45   31.19    25.5    12.3    18.9    18.5     0.0    11.32 C    32.7    11.8    18.8    97.5    51.6    81.0   0.143   0.134   0.136   0.208   0.319    17.0    16.9    16.7    16.2    15.7
63829 20130113  2.412  -84.45   31.19    25.8    14.2    20.0    19.6     0.0     9.84 C    30.8    13.7    19.8    97.5    50.6    81.3   0.140   0.131   0.133   0.208   0.318    17.5    17.4    17.1    16.5    16.1
63829 20130114  2.412  -84.45   31.19    25.7    15.3    20.5    20.4     0.0     8.91 C    32.5    13.9    20.8    95.2    55.6    78.0   0.137   0.129   0.131   0.208   0.319    18.5    18.3    17.9    17.1    16.4
63829 20130115  2.412  -84.45   31.19    25.4    13.8    19.6    19.3     0.0     7.92 C    30.7    12.8    19.5    96.0    52.9    79.2   0.133   0.127   0.128   0.207   0.317    17.8    17.9    17.7    17.2    16.7
63829 20130116  2.412  -84.45   31.19    26.2    18.0    22.1    21.1     2.5    10.32 C    31.6    17.0    21.9    92.4    56.7    78.8   0.131   0.124   0.125   0.206   0.316    19.1    18.9    18.5    17.6    17.0
63829 20130117  2.412  -84.45   31.19    18.4     4.4    11.4    10.4     2.2     4.48 C    18.7     6.1    12.0    95.0    58.7    77.0   0.145   0.133   0.133   0.206   0.315    15.8    16.7    17.3    17.7    17.3
63829 20130118  2.412  -84.45   31.19    15.5     2.6     9.1     7.5     0.0    15.66 C    23.4     2.2     9.3    88.4    23.9    63.3   0.138   0.130   0.130   0.206   0.313    12.5    13.3    14.0    15.6    17.0
63829 20130119  2.412  -84.45   31.19    18.6     1.5    10.0     8.8     0.0    13.20 C    27.0     1.9    10.6    90.0    43.1    64.9   0.133   0.126   0.127   0.205   0.310    12.3    12.8    13.2    14.5    16.3
63829 20130120  2.412  -84.45   31.19    19.2     4.3    11.7    11.1     0.0    15.16 C    28.9     3.8    12.9    94.8    34.6    68.6   0.130   0.124   0.124   0.204   0.310    13.5    13.8    13.9    14.4    15.9
63829 20130121  2.412  -84.45   31.19    18.7     1.3    10.0     9.8     0.0    12.86 C    27.4     1.4    11.1    95.9    31.6    66.9   0.127   0.121   0.121   0.204   0.309    12.6    13.0    13.3    14.2    15.7
63829 20130122  2.412  -84.45   31.19    13.7     0.7     7.2     7.1     0.0    14.05 C    22.5     0.6     8.6    83.0    24.0    50.0   0.123   0.119   0.119   0.203   0.307    11.5    12.2    12.7    13.8    15.4
63829 20130123  2.412  -84.45   31.19    16.2    -1.8     7.2     6.9     0.0    14.02 C    25.0    -1.1     9.3    93.0    35.0    64.6   0.121   0.117   0.116   0.203   0.304    11.1    11.6    11.9    13.1    15.1
63829 20130124  2.412  -84.45   31.19    21.9     7.6    14.8    13.5     0.0    13.76 C    29.1     5.9    14.0    91.4    45.6    72.7   0.118   0.115   0.114   0.202   0.303    13.0    13.1    13.0    13.3    14.8
63829 20130125  2.412  -84.45   31.19    20.8     8.2    14.5    14.4     0.0    12.89 C    30.7     7.4    15.4    84.9    40.5    58.6   0.116   0.113   0.113   0.202   0.302    13.8    13.9    13.8    13.9    14.8
63829 20130126  2.412  -84.45   31.19    22.9     9.8    16.3    15.3     0.0    10.90 C    31.0     8.7    16.1    95.9    54.1    78.5   0.113   0.111   0.111   0.201   0.300    14.9    14.9    14.7    14.4    15.0
63829 20130127  2.412  -84.45   31.19    21.4     5.4    13.4    13.5     0.0    14.57 C    29.6     5.5    15.0    84.6    41.2    63.7   0.108   0.110   0.109   0.201   0.299    14.7    14.9    14.8    14.8    15.2
63829 20130128  2.412  -84.45   31.19    24.0    10.1    17.1    16.5     0.0    10.68 C    31.3     9.7    17.4    94.8    52.6    74.4   0.106   0.108   0.107   0.201   0.298    15.8    15.7    15.5    15.2    15.4
63829 20130129  2.412  -84.45   31.19    27.0    12.5    19.7    19.5     0.0    13.59 C    34.7    11.3    20.4    95.7    41.2    75.7   0.104   0.106   0.106   0.200   0.298    17.3    16.9    16.5    15.8    15.6
63829 20130130  2.412  -84.45   31.19    24.8    12.0    18.4    19.0    14.8     3.83 C    25.5    11.7    18.9    91.5    66.1    80.1   0.111   0.111   0.109   0.200   0.298    17.7    17.8    17.5    16.7    16.1
63829 20130131  2.412  -84.45   31.19    13.3     2.1     7.7     7.5     0.0    17.42 C    21.6     1.9     9.5    87.4    23.9    52.4   0.134   0.130   0.128   0.202   0.298    13.3    14.2    14.9    15.9    16.4
63829 20130201  2.412  -84.45   31.19    14.6     0.0     7.3     6.6     0.0    14.13 C    22.9    -0.4     7.7    93.5    20.5    58.6   0.128   0.127   0.127   0.203   0.296    11.5    12.3    13.0    14.4    16.0
63829 20130202  2.412  -84.45   31.19    15.7    -2.7     6.5     5.6     0.0    17.34 C    25.9    -2.5     8.0    82.2    22.2    52.2   0.125   0.125   0.124   0.202   0.296    10.8    11.5    12.0    13.4    15.4
63829 20130203  2.412  -84.45   31.19    18.2     3.1    10.7    10.5     0.3    17.42 C    26.3     2.5    11.6    94.0    22.6    57.6   0.122   0.123   0.122   0.202   0.294    12.2    12.5    12.6    13.3    14.9
63829 20130204  2.412  -84.45   31.19    15.9     0.4     8.1     8.0     0.0    10.03 C    27.0     0.9     9.5    92.2    32.7    67.0   0.119   0.121   0.120   0.201   0.295    11.5    11.9    12.3    13.2    14.7
63829 20130205  2.412  -84.45   31.19    19.1     5.7    12.4    13.1     1.2     6.27 C    24.5     4.9    14.0    95.5    62.3    84.8   0.119   0.120   0.119   0.200   0.294    13.2    13.2    13.1    13.3    14.6
63829 20130206  2.412  -84.45   31.19    22.5    10.1    16.3    14.8     0.0    15.56 C    31.5     9.5    16.6    96.4    48.9    81.8   0.120   0.120   0.119   0.200   0.294    15.4    15.2    14.8    14.3    14.7
63829 20130207  2.412  -84.45   31.19    18.5    10.5    14.5    14.2    39.6     1.32 C    19.0     9.5    14.3    94.2    86.8    91.3   0.176   0.160   0.156   0.223   0.315    14.6    14.8    14.9    14.8    15.0
63829 20130208  2.412  -84.45   31.19    17.8    10.8    14.3    13.0     0.0     6.98 C    25.4     9.8    14.4    92.1    66.8    84.2   0.182   0.179   0.169   0.233   0.357    14.8    14.9    14.9    14.8    15.2
63829 20130209  2.412  -84.45   31.19    18.7     2.2    10.4    10.5     0.0    18.31 C    27.2     2.6    12.3    95.4    33.7    68.9   0.162   0.161   0.158   0.212   0.360    13.7    14.1    14.3    14.7    15.3
63829 20130210  2.412  -84.45   31.19    22.4     8.9    15.6    15.9     8.3    11.42 C    29.7     7.0    16.1    90.3    52.2    60.8   0.153   0.151   0.151   0.209   0.360    14.3    14.3    14.3    14.4    15.2
63829 20130211  2.412  -84.45   31.19    21.0    14.4    17.7    17.2    65.1     2.04 C    23.7    15.0    17.4    94.6    78.0    90.7   0.224   0.197   0.206   0.242   0.379    16.4    16.3    16.0    15.4    15.3
63829 20130212  2.412  -84.45   31.19    21.6    14.0    17.8    15.8    25.6     3.06 C    20.5    14.7    16.4    94.5    86.4    91.9   0.208   0.190   0.188   0.242   0.378    16.2    16.2    16.1    15.8    15.6
63829 20130213  2.412  -84.45   31.19    21.0     9.0    15.0    16.2    31.0     9.16 C    25.6    10.3    17.4    94.8    39.1    76.4   0.205   0.190   0.187   0.243   0.404    17.4    17.3    17.1    16.4    15.9
63829 20130214  2.412  -84.45   31.19     9.5     2.1     5.8     6.8     0.0     5.91 C    14.0     2.5     8.7    96.2    62.5    79.1   0.174   0.168   0.166   0.222   0.379    13.0    13.9    14.6    15.7    16.1
63829 20130215  2.412  -84.45   31.19    17.4    -0.1     8.7     8.0     0.0    18.40 C    26.2     1.0    10.8    97.0    33.5    73.8   0.161   0.157   0.158   0.213   0.379    12.6    12.9    13.2    14.2    15.7
63829 20130216  2.412  -84.45   31.19    12.3     1.1     6.7     6.9     0.9    10.05 C    20.1    -0.1     7.8    92.6    21.6    59.2   0.155   0.150   0.152   0.212   0.366    11.2    12.1    12.7    13.9    15.3
63829 20130217  2.412  -84.45   31.19     9.8    -3.8     3.0     2.5     0.0    19.97 C    21.3    -3.5     5.9    89.9    20.0    55.0   0.148   0.144   0.145   0.211   0.342     9.7    10.4    11.0    12.6    14.8
63829 20130218  2.412  -84.45   31.19    15.5    -2.4     6.6     6.7     0.0    19.32 C    25.0    -1.9     8.9    92.3    18.7    53.3   0.142   0.138   0.140   0.210   0.337    10.3    10.8    11.1    12.1    14.3
63829 20130219  2.412  -84.45   31.19    18.5     3.7    11.1    11.3     1.2     6.25 C    21.6     3.6    10.7    95.1    47.8    75.2   0.141   0.135   0.136   0.208   0.335    11.3    11.6    11.8    12.4    14.0
63829 20130220  2.412  -84.45   31.19    14.8    -1.6     6.6     7.1     0.0    17.90 C    25.3    -1.1     9.4    91.8    22.0    55.4   0.140   0.135   0.135   0.208   0.334    10.9    11.3    11.6    12.3    13.9
63829 20130221  2.412  -84.45   31.19    21.4     0.2    10.8    10.6     0.0    17.80 C    28.6     0.7    12.4    94.4    22.2    58.0   0.135   0.130   0.130   0.207   0.330    12.0    12.1    12.0    12.4    13.8
63829 20130222  2.412  -84.45   31.19    19.9    12.1    16.0    17.1    40.0     1.31 C    21.3    11.6    16.7    95.1    61.5    88.4   0.186   0.165   0.165   0.233   0.345    14.5    14.3    13.9    13.4    13.9
63829 20130223  2.412  -84.45   31.19    21.1    13.4    17.3    17.9    67.8     2.03 C    22.1    14.5    18.1    95.3    85.6    93.4   0.230   0.204   0.199   0.273   0.414    16.5    16.3    15.8    14.8    14.4
63829 20130224  2.412  -84.45   31.19    21.4    10.3    15.8    14.8     0.3    18.46 C    29.3    11.8    17.5    94.9    32.0    70.6   0.188   0.176   0.170   0.249   0.397    17.0    16.7    16.3    15.5    14.9
63829 20130225  2.412  -84.45   31.19    15.7    11.3    13.5    13.1    80.3     1.57 C    15.6    12.1    13.6    94.6    53.8    89.9   0.234   0.217   0.212   0.270   0.433    14.4    14.9    15.2    15.5    15.4
63829 20130226  2.412  -84.45   31.19    20.8    11.5    16.1    16.9    36.9    16.89 C    26.6    11.1    17.7    94.1    37.1    68.4   0.217   0.220   0.201   0.267   0.449    16.4    16.3    16.0    15.3    15.3
63829 20130227  2.412  -84.45   31.19    14.9     7.0    11.0    10.4     0.0    12.40 C    21.7     6.9    11.8    90.0    44.6    64.2   0.171   0.170   0.163   0.220   0.388    13.9    14.4    14.7    15.2    15.5
63829 20130228  2.412  -84.45   31.19    15.5     4.8    10.2    10.4     0.0    19.01 C    24.5     4.3    12.1    95.2    29.8    57.6   0.159   0.155   0.153   0.215   0.376    13.2    13.6    13.8    14.4    15.3
63829 20130301  2.412  -84.45   31.19    11.4     2.1     6.7     7.0     0.0    13.76 C    22.7     1.9     9.4    80.5    40.0    53.1   0.150   0.145   0.147   0.214   0.369    12.0    12.6    13.1    14.0    15.0
63829 20130302  2.412  -84.45   31.19     7.0     1.5     4.3     4.3     0.0     8.48 C    13.9     1.4     6.2    82.9    44.5    59.3   0.145   0.140   0.142   0.212   0.347     9.8    10.7    11.5    13.0    14.7
63829 20130303  2.412  -84.45   31.19     8.3     0.8     4.5     4.2     0.0    13.05 C    19.8     0.0     6.3    68.2    36.7    54.4   0.140   0.135   0.136   0.211   0.337     9.4    10.1    10.6    12.0    14.2
63829 20130304  2.412  -84.45   31.19    16.6    -2.0     7.3     7.6     0.0    20.49 C    27.5    -1.5    10.7    89.8    23.3    53.6   0.136   0.131   0.131   0.210   0.336    10.8    11.0    11.0    11.7    13.7
63829 20130305  2.412  -84.45   31.19    23.6     7.9    15.8    15.0     1.8     9.12 C    28.9     7.0    15.3    86.5    46.0    68.1   0.133   0.128   0.128   0.209   0.333    13.3    13.2    12.9    12.7    13.6
63829 20130306  2.412  -84.45   31.19    11.6     4.1     7.9     7.5     0.0    22.29 C    21.3     3.3     9.6    75.5    34.3    50.1   0.133   0.127   0.126   0.208   0.330    11.8    12.3    12.6    13.1    13.8
63829 20130307  2.412  -84.45   31.19    16.0    -0.9     7.5     7.0     0.0    21.95 C    26.8    -0.5    10.2    89.9    30.2    59.2   0.128   0.124   0.123   0.208   0.326    11.9    12.1    12.2    12.7    13.8
63829 20130308  2.412  -84.45   31.19    19.7     0.0     9.9     9.5     0.0    22.12 C    30.2     0.0    12.2    94.5    18.6    59.1   0.123   0.120   0.120   0.207   0.321    12.8    12.9    12.8    12.9    13.7
63829 20130309  2.412  -84.45   31.19    20.9     3.9    12.4    12.6     0.0    19.23 C    30.4     3.2    14.2    92.1    19.4    52.2   0.118   0.116   0.116   0.206   0.317    14.0    13.9    13.7    13.5    13.8
63829 20130310  2.412  -84.45   31.19    24.3    10.2    17.2    16.4     0.0    21.18 C    33.6     8.9    17.9    82.0    29.9    56.4   0.113   0.113   0.113   0.206   0.315    15.9    15.6    15.1    14.2    14.1
63829 20130311  2.412  -84.45   31.19    22.8    11.4    17.1    16.7    28.8     9.89 C    30.7     9.6    16.9    94.4    52.1    76.5   0.121   0.118   0.115   0.205   0.314    15.8    15.7    15.5    15.0    14.6
63829 20130312  2.412  -84.45   31.19    17.6     6.5    12.0    11.8     2.3    21.42 C    24.9     7.1    14.3    93.3    31.9    63.6   0.192   0.187   0.173   0.234   0.352    15.6    15.7    15.7    15.3    14.9
63829 20130313  2.412  -84.45   31.19    18.7     3.5    11.1    11.7     0.0    23.40 C    27.4     3.5    13.1    87.2    18.8    43.2   0.162   0.161   0.155   0.215   0.362    14.1    14.4    14.6    14.9    15.1
63829 20130314  2.412  -84.45   31.19    15.6     3.6     9.6     8.5     0.0    23.72 C    26.5     2.5    11.1    75.6    17.4    39.6   0.150   0.148   0.146   0.213   0.365    13.0    13.4    13.7    14.3    15.0
63829 20130315  2.412  -84.45   31.19    22.6     1.5    12.1    12.6     0.0    22.90 C    31.1     1.9    14.8    94.4    24.8    53.5   0.141   0.139   0.138   0.212   0.351    14.2    14.1    14.0    14.1    14.8
63829 20130316  2.412  -84.45   31.19    25.0     5.5    15.3    16.3     0.0    22.50 C    32.7     4.9    17.2    95.7    30.6    63.1   0.134   0.132   0.131   0.211   0.335    15.9    15.7    15.3    14.8    14.9
63829 20130317  2.412  -84.45   31.19    21.4     9.2    15.3    15.5     2.3     7.31 C    27.5     8.6    15.9    96.3    58.1    85.3   0.131   0.128   0.126   0.211   0.331    15.7    15.8    15.7    15.4    15.1
63829 20130318  2.412  -84.45   31.19    25.8    15.0    20.4    19.3     7.5    11.14 C    31.4    15.4    20.1    94.3    54.6    80.8   0.138   0.131   0.129   0.209   0.327    17.8    17.5    16.9    15.9    15.4
63829 20130319  2.412  -84.45   31.19    23.3    13.0    18.1    16.9     0.4    17.72 C    32.5    12.3    18.9    94.9    37.7    73.7   0.160   0.151   0.147   0.214   0.343    18.4    18.2    17.8    16.7    15.8
63829 20130320  2.412  -84.45   31.19    18.2     7.8    13.0    14.3     0.0    14.07 C    29.1     5.9    14.7    50.9    25.7    35.4   0.146   0.141   0.139   0.213   0.356    15.9    16.4    16.7    16.7    16.2
63829 20130321  2.412  -84.45   31.19    17.1     3.8    10.5    10.6     0.0    22.19 C    27.5     4.3    12.9    76.1    14.8    39.2   0.137   0.133   0.132   0.211   0.335    14.6    14.9    15.2    15.7    16.2
63829 20130322  2.412  -84.45   31.19    15.9     7.3    11.6    11.3     0.0    13.02 C    28.9     5.9    13.2    69.2    28.6    46.5   0.131   0.128   0.126   0.210   0.323    14.5    14.8    15.0    15.4    15.9
63829 20130323  2.412  -84.45   31.19    15.6    11.6    13.6    13.2    12.1     3.39 C    20.7    10.6    14.0    94.2    60.4    78.3   0.145   0.135   0.131   0.209   0.319    14.6    14.9    15.0    15.2    15.8
63829 20130324  2.412  -84.45   31.19    27.5    12.7    20.1    21.2    12.8    21.76 C    33.7    11.6    22.2    95.4    35.1    67.4   0.185   0.182   0.175   0.239   0.355    18.9    18.1    17.3    15.9    15.7
63829 20130325  2.412  -84.45   31.19    14.8     4.8     9.8     9.4     0.0    25.34 C    24.1     4.8    12.2    63.0    16.5    40.2   0.160   0.159   0.156   0.218   0.367    15.1    15.8    16.2    16.5    16.2
63829 20130326  2.412  -84.45   31.19    11.3     1.3     6.3     6.2     0.0    24.92 C    23.6     1.2     9.5    62.8    30.3    44.2   0.147   0.145   0.144   0.214   0.368    13.2    13.8    14.3    15.2    16.1
63829 20130327  2.412  -84.45   31.19    15.0    -1.7     6.7     6.5     0.0    25.09 C    27.2    -1.4    10.0    88.7    23.9    52.6   0.140   0.137   0.137   0.213   0.349    13.3    13.6    13.8    14.5    15.7
63829 20130328  2.412  -84.45   31.19    19.4     0.6    10.0    10.0     0.0    24.76 C    31.0     1.2    13.2    91.8    21.8    53.7   0.134   0.131   0.130   0.212   0.334    14.5    14.6    14.5    14.5    15.4
63829 20130329  2.412  -84.45   31.19    22.5     2.5    12.5    13.4     0.0    23.82 C    33.8     2.6    16.0    93.6    21.2    52.4   0.127   0.124   0.124   0.211   0.329    15.9    15.8    15.5    15.1    15.4
63829 20130330  2.412  -84.45   31.19    24.2     6.5    15.4    16.5     0.0    22.68 C    34.7     5.9    18.7    95.4    32.8    61.0   0.119   0.119   0.119   0.210   0.326    17.6    17.3    16.8    15.9    15.6
63829 20130331  2.412  -84.45   31.19    26.2    14.0    20.1    18.8     1.3    18.37 C    36.0    12.5    20.5    92.2    45.8    71.4   0.112   0.114   0.114   0.210   0.323    19.0    18.6    18.1    16.9    16.1
63829 20130401  2.412  -84.45   31.19    25.1    13.2    19.1    19.2     0.0    22.31 C    35.0    11.0    21.0    92.8    40.2    70.8   0.108   0.110   0.110   0.208   0.320    20.2    19.8    19.2    17.8    16.6
63829 20130402  2.412  -84.45   31.19    25.4     7.8    16.6    16.8     0.0    21.78 C    34.9     7.3    18.7    95.3    26.0    62.2   0.101   0.106   0.107   0.208   0.317    19.5    19.3    19.1    18.2    17.0
63829 20130403  2.412  -84.45   31.19    18.6    11.0    14.8    14.7     3.0     4.01 C    20.4    10.1    15.0    91.5    57.6    77.7   0.096   0.103   0.104   0.207   0.314    17.1    17.6    17.9    18.0    17.3
63829 20130404  2.412  -84.45   31.19    16.4    10.3    13.3    13.6     2.5     4.50 C    18.3    11.9    15.1    93.5    85.1    90.6   0.111   0.107   0.105   0.206   0.311    16.7    17.0    17.1    17.2    17.3
63829 20130405  2.412  -84.45   31.19    13.8     6.2    10.0    10.3     1.0     9.81 C    22.0     5.8    12.5    95.9    65.6    83.6   0.117   0.110   0.108   0.205   0.308    15.6    16.1    16.3    16.7    17.1
63829 20130406  2.412  -84.45   31.19    23.5     3.8    13.7    13.8     0.0    26.18 C    34.5     3.8    17.0    96.4    28.9    65.6   0.112   0.108   0.108   0.204   0.305    17.2    16.9    16.6    16.3    16.8
63829 20130407  2.412  -84.45   31.19    25.9     7.8    16.8    17.5     0.0    20.83 C    37.9     7.2    19.3    94.9    35.9    65.3   0.104   0.104   0.104   0.204   0.304    18.8    18.5    18.1    17.2    16.9
63829 20130408  2.412  -84.45   31.19    27.3    11.7    19.5    19.9     0.0    19.32 C    36.6    10.8    20.8    92.3    40.9    66.8   0.096   0.099   0.101   0.204   0.303    19.9    19.5    19.1    18.0    17.2
63829 20130409  2.412  -84.45   31.19    29.1    12.4    20.7    20.4     0.0    21.64 C    40.3    11.2    22.1    94.7    37.9    69.2   0.087   0.095   0.098   0.203   0.303    20.9    20.4    19.9    18.7    17.5
63829 20130410  2.412  -84.45   31.19    29.0    14.6    21.8    21.6     0.0    23.18 C    42.8    13.1    23.6    91.6    37.1    63.3   0.077   0.089   0.094   0.203   0.302    21.9    21.4    20.9    19.4    18.0
63829 20130411  2.412  -84.45   31.19    28.3    14.7    21.5    21.7     4.5    15.03 C    35.7    13.9    23.2    91.7    56.1    77.3   0.068   0.084   0.091   0.202   0.302    21.9    21.5    21.2    20.0    18.4
63829 20130412  2.412  -84.45   31.19    25.1    15.9    20.5    20.9     0.0    20.37 C    34.9    13.5    22.8    91.2    33.3    65.6   0.075   0.081   0.089   0.201   0.302    22.5    22.2    21.8    20.5    18.8
63829 20130413  2.412  -84.45   31.19    25.9     7.9    16.9    17.6     0.0    26.83 C    39.2     7.1    21.2    93.4    23.3    54.8   0.072   0.078   0.086   0.200   0.301    21.6    21.3    21.1    20.3    19.1
63829 20130414  2.412  -84.45   31.19    17.6    13.8    15.7    15.8    33.9     2.25 C    18.8    14.2    16.0    95.3    51.0    78.6   0.114   0.109   0.106   0.202   0.309    18.7    19.4    19.9    20.1    19.2
63829 20130415  2.412  -84.45   31.19    26.7    13.3    20.0    19.7     0.0    20.75 C    36.8    13.1    22.5    95.6    55.8    79.3   0.162   0.156   0.151   0.211   0.340    21.1    20.5    20.1    19.2    19.0
63829 20130416  2.412  -84.45   31.19    29.1    17.4    23.2    22.8     0.0    24.58 C    38.8    16.9    25.3    91.3    46.4    71.6   0.145   0.141   0.141   0.211   0.341    23.4    22.7    22.1    20.5    19.1
63829 20130417  2.412  -84.45   31.19    26.3    18.3    22.3    21.7     0.0    16.53 C    34.7    17.6    23.3    89.5    48.1    71.6   0.134   0.132   0.131   0.210   0.323    23.1    22.9    22.6    21.3    19.6
63829 20130418  2.412  -84.45   31.19    28.8    15.5    22.1    22.3     0.0    23.09 C    40.4    14.5    24.2    95.0    45.5    69.3   0.128   0.124   0.123   0.210   0.304    23.3    23.1    22.7    21.5    20.0
63829 20130419  2.412  -84.45   31.19    27.0     8.9    17.9    17.3    29.9     8.23 C    33.3    11.2    18.8    94.3    66.0    86.7   0.161   0.147   0.143   0.219   0.313    21.3    21.8    22.0    21.6    20.3
63829 20130420  2.412  -84.45   31.19    19.5     7.3    13.4    12.5     0.4    27.84 C    31.6     8.6    16.9    92.4    23.9    61.7   0.187   0.180   0.171   0.244   0.353    19.5    19.7    19.9    20.2    20.2
63829 20130421  2.412  -84.45   31.19    23.0     6.7    14.8    15.8     0.0    27.92 C    34.3     6.8    19.3    93.9    29.2    61.0   0.156   0.152   0.149   0.217   0.364    19.9    19.8    19.7    19.7    19.8
63829 20130422  2.412  -84.45   31.19    22.1    14.5    18.3    17.9     0.0    15.37 C    29.2    13.6    20.3    83.7    48.5    64.3   0.143   0.137   0.137   0.214   0.362    20.7    20.6    20.6    20.1    19.7
63829 20130423  2.412  -84.45   31.19    25.0    12.2    18.6    18.1     0.0    25.42 C    37.4    11.6    21.7    92.4    39.5    63.8   0.134   0.128   0.128   0.213   0.340    21.8    21.4    21.1    20.2    19.7
63829 20130424  2.412  -84.45   31.19    27.6    11.4    19.5    20.4     0.0    21.48 C    37.4    11.3    22.9    94.8    45.6    69.6   0.125   0.120   0.120   0.212   0.332    22.6    22.2    21.8    20.8    19.8
63829 20130425  2.412  -84.45   31.19    26.4    15.4    20.9    20.7     0.0    18.33 C    37.1    13.2    22.9    95.2    45.5    70.1   0.118   0.114   0.114   0.212   0.329    23.2    23.0    22.6    21.5    20.2
63829 20130426  2.412  -84.45   31.19    27.8    10.1    18.9    19.5     0.0    28.57 C    40.2     8.6    22.6    73.6    22.2    42.1   0.109   0.108   0.108   0.211   0.325    23.0    22.7    22.4    21.5    20.4
63829 20130427  2.412  -84.45   31.19    28.3    13.5    20.9    21.6     0.0    24.02 C    42.2    13.3    24.7    88.9    39.2    61.8   0.100   0.100   0.103   0.210   0.321    24.3    23.8    23.3    22.0    20.6
63829 20130428  2.412  -84.45   31.19    28.0    14.9    21.4    20.8     0.0    17.33 C    39.9    14.3    23.1    94.1    44.7    72.5   0.091   0.095   0.099   0.209   0.319    24.1    24.0    23.7    22.5    20.9
63829 20130429  2.412  -84.45   31.19    23.8    15.3    19.6    19.1     2.1     8.63 C    29.2    15.2    20.4    95.5    68.4    87.0   0.086   0.092   0.096   0.208   0.315    22.4    22.6    22.7    22.3    21.2
63829 20130430  2.412  -84.45   31.19    28.3    14.8    21.5    20.8     0.0    23.36 C    42.0    14.8    24.5   100.0    42.3    74.7   0.086   0.090   0.094   0.206   0.312    24.3    23.7    23.2    22.0    21.1
63829 20130501  2.412  -84.45   31.19    21.7    17.7    19.7    19.8     0.7     6.83 C    25.8    17.6    20.4    88.1    67.8    77.8   0.083   0.087   0.092   0.205   0.308    22.2    22.5    22.7    22.4    21.3
63829 20130502  2.412  -84.45   31.19    23.7    17.3    20.5    19.9     0.3     8.17 C    29.1    17.2    20.8    85.8    64.4    78.5   0.082   0.086   0.090   0.204   0.307    21.5    21.7    21.7    21.6    21.2
63829 20130503  2.412  -84.45   31.19    21.0    17.9    19.4    18.9     1.0     7.56 C    24.8    18.1    19.7    90.1    66.8    78.6   0.082   0.084   0.088   0.203   0.306    21.0    21.2    21.4    21.3    21.1
63829 20130504  2.412  -84.45   31.19    18.6    10.9    14.7    15.6    12.8     6.17 C    21.5    12.1    17.1    93.3    72.6    87.1   0.113   0.097   0.090   0.202   0.305    19.8    20.2    20.5    20.8    20.9
63829 20130505  2.412  -84.45   31.19    23.2     7.4    15.3    15.5     0.0    26.25 C    35.7     8.8    19.6    93.8    27.8    63.8   0.130   0.115   0.105   0.201   0.303    20.5    20.5    20.4    20.2    20.5
63829 20130506  2.412  -84.45   31.19    20.5     7.3    13.9    14.4     0.3    20.58 C    34.5     7.5    18.1    90.8    41.5    63.8   0.117   0.107   0.102   0.202   0.302    20.0    20.1    20.2    20.3    20.4
63829 20130507  2.412  -84.45   31.19    23.5    11.5    17.5    17.0     0.0    21.56 C    38.9    11.6    20.5    94.2    39.1    69.7   0.110   0.101   0.099   0.201   0.301    21.6    21.4    21.1    20.5    20.3
63829 20130508  2.412  -84.45   31.19    26.7     9.6    18.2    18.6     0.0    26.28 C    41.3     9.5    22.8    95.6    36.7    66.3   0.103   0.095   0.096   0.202   0.300    22.9    22.5    22.0    21.0    20.4
63829 20130509  2.412  -84.45   31.19    29.3    15.0    22.2    22.2     0.0    24.64 C    43.6    14.7    26.0    95.2    35.0    66.9   0.094   0.090   0.092   0.201   0.300    24.8    24.2    23.6    22.0    20.7
63829 20130510  2.412  -84.45   31.19    27.8    14.0    20.9    21.7     0.0    22.09 C    39.4    13.7    24.7    95.0    38.6    64.6   0.085   0.085   0.087   0.200   0.301    24.8    24.4    24.0    22.7    21.1
63829 20130511  2.412  -84.45   31.19    26.8    15.8    21.3    20.9    13.8    14.07 C    37.9    15.0    23.1    94.5    55.5    80.6   0.096   0.082   0.084   0.199   0.301    23.8    23.8    23.7    22.9    21.5
63829 20130512  2.412  -84.45   31.19    26.3    16.6    21.5    21.2     0.0    26.62 C    39.3    15.5    24.6    94.6    32.0    61.9   0.119   0.092   0.084   0.199   0.300    24.5    24.2    23.9    22.8    21.6
63829 20130513  2.412  -84.45   31.19    24.0     9.4    16.7    17.2     0.0    30.52 C    39.0     9.3    21.7    81.7    18.4    43.9   0.106   0.090   0.084   0.198   0.300    23.7    23.5    23.4    22.7    21.8
63829 20130514  2.412  -84.45   31.19    26.6     7.5    17.1    17.8     0.0    29.31 C    41.9     7.8    22.9    93.5    28.5    59.0   0.096   0.085   0.082   0.197   0.300    24.2    23.9    23.5    22.7    21.8
63829 20130515  2.412  -84.45   31.19    29.8    12.0    20.9    21.8     0.0    28.41 C    44.6    11.8    26.2    94.4    29.6    58.0   0.084   0.081   0.079   0.196   0.299    25.8    25.3    24.7    23.3    21.9
63829 20130516  2.412  -84.45   31.19    29.8    14.7    22.2    22.5     0.0    23.89 C    44.5    14.8    26.4    92.9    36.0    63.3   0.074   0.074   0.075   0.196   0.300    26.4    26.0    25.4    24.0    22.2
63829 20130517  2.412  -84.45   31.19    30.4    16.0    23.2    23.2     0.0    25.63 C    46.7    15.9    27.7    94.3    36.1    64.2   0.064   0.068   0.070   0.195   0.298    27.2    26.6    26.0    24.4    22.6
63829 20130518  2.412  -84.45   31.19    28.9    15.4    22.2    21.9     0.0    18.09 C    42.0    15.1    25.5    94.9    47.9    75.3   0.056   0.063   0.065   0.194   0.300    26.4    26.2    25.9    24.8    22.9
63829 20130519  2.412  -84.45   31.19    31.9    17.1    24.5    24.2     0.0    25.67 C    48.3    16.9    29.4    95.0    39.2    68.2   0.051   0.058   0.061   0.193   0.300    28.1    27.4    26.6    24.9    23.1
63829 20130520  2.412  -84.45   31.19    32.3    19.2    25.7    25.6     0.3    21.47 C    50.1    19.7    29.8    89.7    42.3    66.5   0.046   0.051   0.055   0.192   0.299    28.7    28.1    27.4    25.7    23.5
63829 20130521  2.412  -84.45   31.19    32.7    18.4    25.6    26.0     0.0    26.13 C    50.7    17.9    31.3    95.5    37.1    64.4   0.043   0.047   0.051   0.190   0.299    29.4    28.6    27.9    26.1    23.8
63829 20130522  2.412  -84.45   31.19    32.2    17.1    24.6    24.5     5.2    24.59 C    50.2    17.3    30.4    93.3    39.4    69.7   0.041   0.043   0.046   0.188   0.298    29.6    29.0    28.3    26.6    24.2
63829 20130523  2.412  -84.45   31.19    32.4    19.4    25.9    25.4     0.0    27.14 C    45.9    19.5    29.6    95.5    28.5    63.9   0.048   0.040   0.043   0.187   0.298    29.1    28.7    28.2    26.7    24.5
63829 20130524  2.412  -84.45   31.19    30.4    17.9    24.2    24.4     0.0    29.62 C    47.7    16.1    29.2    80.8    22.0    48.4   0.047   0.039   0.042   0.185   0.298    29.1    28.7    28.2    26.7    24.7
63829 20130525  2.412  -84.45   31.19    30.0    14.0    22.0    22.1     0.0    30.27 C    49.1    12.8    28.1    72.9    23.7    45.6   0.042   0.038   0.040   0.183   0.298    28.9    28.4    28.0    26.7    24.8
63829 20130526  2.412  -84.45   31.19    31.5    12.7    22.1    22.7     0.0    28.36 C    50.6    12.8    28.9    88.9    26.0    57.2   0.038   0.035   0.036   0.181   0.298    29.4    28.8    28.3    26.8    25.0
63829 20130527  2.412  -84.45   31.19    31.9    16.3    24.1    24.3     0.0    28.08 C    51.2    16.1    30.4    93.8    27.4    57.4   0.036   0.034   0.033   0.179   0.297    30.2    29.5    28.9    27.2    25.1
63829 20130528  2.412  -84.45   31.19    31.5    16.2    23.9    24.7     0.0    29.11 C    50.2    15.7    30.8    90.7    27.9    55.7   0.034   0.032   0.031   0.176   0.296    30.6    29.9    29.3    27.6    25.3
63829 20130529  2.412  -84.45   31.19    32.7    19.9    26.3    26.2     0.0    26.31 C    51.4    19.6    32.0    88.6    33.6    60.1   0.032   0.031   0.028   0.174   0.295    31.2    30.5    29.7    27.9    25.6
63829 20130530  2.412  -84.45   31.19    31.9    21.9    26.9    26.8     0.0    22.03 C    51.2    21.5    31.6    87.1    39.7    61.3   0.031   0.030   0.026   0.172   0.295    31.2    30.6    30.0    28.2    25.9
63829 20130531  2.412  -84.45   31.19    33.2    20.6    26.9    26.9     0.0    24.85 C    52.7    19.9    32.4    91.7    36.2    60.0   0.030   0.029   0.024   0.168   0.295    31.4    30.7    30.0    28.3    26.1
63829 20130601  2.412  -84.45   31.19    32.4    20.7    26.5    26.8     0.0    21.16 C    51.3    20.1    31.9    86.9    42.6    62.4   0.029   0.029   0.023   0.166   0.295    31.3    30.7    30.2    28.6    26.3
63829 20130602  2.412  -84.45   31.19    33.2    20.9    27.0    26.3     3.9    19.39 C    53.0    20.9    31.6    93.6    44.2    70.6   0.029   0.029   0.022   0.163   0.293    31.3    30.7    30.2    28.6    26.5
63829 20130603  2.412  -84.45   31.19    31.0    20.7    25.9    25.3     0.0    18.32 C    47.0    21.7    29.5    94.8    53.1    77.6   0.033   0.028   0.022   0.162   0.294    29.9    29.8    29.5    28.5    26.6
63829 20130604  2.412  -84.45   31.19    33.5    20.2    26.8    26.3    29.1    18.99 C    52.3    21.3    30.9    95.0    41.3    75.1   0.053   0.031   0.022   0.161   0.294    30.2    29.9    29.5    28.3    26.6
63829 20130605  2.412  -84.45   31.19    29.7    20.2    24.9    23.9    37.1    14.98 C    43.4    20.8    26.9    94.3    56.9    82.9   0.168   0.172   0.162   0.214   0.343    27.5    27.7    27.7    27.6    26.5
63829 20130606  2.412  -84.45   31.19    23.6    21.0    22.3    22.0    12.2     4.97 C    27.4    21.8    23.5    93.4    78.8    88.6   0.157   0.161   0.156   0.217   0.344    25.9    26.4    26.7    26.9    26.3
63829 20130607  2.412  -84.45   31.19    31.6    20.4    26.0    24.4     8.5    23.53 C    43.7    21.0    28.1    94.8    44.3    79.6   0.161   0.165   0.160   0.232   0.344    27.5    27.2    26.9    26.2    25.8
63829 20130608  2.412  -84.45   31.19    31.5    20.1    25.8    24.1    25.9    23.28 C    44.5    20.7    28.2    95.6    51.6    82.6   0.179   0.176   0.172   0.233   0.348    28.0    27.9    27.7    26.8    25.7
63829 20130609  2.412  -84.45   31.19    28.5    21.3    24.9    23.9     7.2    12.14 C    35.6    22.4    26.3    95.0    70.2    86.5   0.178   0.176   0.170   0.239   0.376    27.4    27.5    27.5    27.0    25.9
63829 20130610  2.412  -84.45   31.19    29.4    21.6    25.5    24.0     6.8    13.33 C    36.7    22.8    26.3    95.1    61.4    87.1   0.169   0.168   0.164   0.230   0.379    27.2    27.3    27.2    26.7    25.8
63829 20130611  2.412  -84.45   31.19    32.4    21.1    26.8    26.5     0.0    25.82 C    43.9    21.9    30.2    95.4    43.4    76.7   0.154   0.155   0.154   0.217   0.380    28.9    28.4    27.9    26.8    25.8
63829 20130612  2.412  -84.45   31.19    34.2    22.8    28.5    28.3     0.0    26.33 C    45.9    23.3    32.0    93.7    47.7    73.3   0.136   0.136   0.137   0.214   0.379    30.3    29.8    29.2    27.7    26.0
63829 20130613  2.412  -84.45   31.19    34.3    23.9    29.1    29.2     0.0    27.40 C    39.9    24.1    32.1    92.8    44.3    68.3   0.125   0.124   0.124   0.212   0.349    31.1    30.7    30.1    28.5    26.4
63829 20130614  2.412  -84.45   31.19    32.2    22.9    27.6    27.5     0.3    22.91 C    40.7    23.3    30.6    93.4    43.5    68.9   0.115   0.114   0.113   0.210   0.339    30.8    30.6    30.2    28.9    26.8
63829 20130615  2.412  -84.45   31.19    32.0    22.4    27.2    27.0     0.0    27.17 C    39.4    22.7    30.1    89.3    40.0    61.9   0.105   0.106   0.105   0.210   0.335    30.9    30.6    30.1    28.9    27.0
63829 20130616  2.412  -84.45   31.19    32.7    20.5    26.6    27.0     0.0    25.83 C    48.5    21.0    31.5    88.0    43.5    67.0   0.095   0.099   0.098   0.208   0.330    31.4    31.0    30.5    29.1    27.2
63829 20130617  2.412  -84.45   31.19    33.0    22.7    27.8    27.4     0.0    25.01 C    48.6    23.2    32.3    94.0    44.4    71.1   0.086   0.092   0.093   0.207   0.326    32.1    31.7    31.2    29.6    27.4
63829 20130618  2.412  -84.45   31.19    32.2    23.0    27.6    27.0     0.0    25.28 C    47.9    23.2    31.6    92.4    47.1    70.4   0.078   0.085   0.087   0.206   0.323    32.0    31.7    31.2    29.9    27.7
63829 20130619  2.412  -84.45   31.19    31.8    22.2    27.0    25.8     0.0    24.08 C    48.6    22.9    31.0    90.5    48.5    74.3   0.068   0.080   0.081   0.204   0.319    32.1    31.8    31.3    29.9    27.8
63829 20130620  2.412  -84.45   31.19    31.4    20.1    25.8    25.3     0.0    22.32 C    47.7    20.5    30.1    95.2    49.3    75.9   0.060   0.073   0.076   0.202   0.315    31.5    31.3    30.9    29.9    28.0
63829 20130621  2.412  -84.45   31.19    31.4    20.9    26.1    26.3     0.0    28.96 C    49.0    21.4    31.8    93.8    34.4    63.8   0.053   0.066   0.070   0.200   0.313    32.3    31.9    31.3    30.0    28.1
63829 20130622  2.412  -84.45   31.19    31.0    19.6    25.3    24.4     1.7    21.59 C    48.8    20.4    28.7    94.0    51.7    78.7   0.047   0.060   0.063   0.198   0.312    30.9    31.0    30.8    30.0    28.2
63829 20130623  2.412  -84.45   31.19    31.3    21.3    26.3    24.3    11.9    16.20 C    47.7    22.0    28.0    95.0    52.7    84.9   0.061   0.056   0.059   0.196   0.312    29.8    29.9    29.9    29.5    28.1
63829 20130624  2.412  -84.45   31.19    33.0    20.8    26.9    24.7     1.3    19.58 C    45.6    21.6    28.2    95.3    47.0    82.8   0.082   0.059   0.058   0.194   0.311    29.5    29.5    29.4    28.9    28.0
63829 20130625  2.412  -84.45   31.19    32.8    19.9    26.3    25.4     0.0    27.21 C    45.9    20.9    30.1    95.2    45.7    76.2   0.078   0.062   0.058   0.193   0.309    30.6    30.2    29.8    28.8    27.8
63829 20130626  2.412  -84.45   31.19    33.1    20.4    26.7    26.9     0.0    26.04 C    48.3    21.2    31.7    94.5    48.3    72.4   0.068   0.061   0.056   0.192   0.308    31.7    31.3    30.7    29.4    27.8
63829 20130627  2.412  -84.45   31.19    32.2    22.6    27.4    26.1     0.4    14.81 C    44.6    23.2    28.8    94.1    53.0    81.9   0.059   0.059   0.055   0.191   0.308    30.4    30.5    30.4    29.7    28.0
63829 20130628  2.412  -84.45   31.19    31.6    21.1    26.3    24.7    24.8     9.90 C    44.6    22.2    26.5    94.3    66.6    86.5   0.092   0.080   0.063   0.190   0.307    28.4    28.8    29.1    29.1    28.0
63829 20130629  2.412  -84.45   31.19    29.3    21.1    25.2    24.6     4.0    17.22 C    36.4    21.9    26.9    94.0    69.0    83.7   0.139   0.134   0.123   0.190   0.306    27.8    27.8    27.8    27.8    27.7
63829 20130630  2.412  -84.45   31.19    29.9    20.8    25.3    23.8    48.4    11.49 C    38.4    21.6    25.6    95.2    63.4    89.6   0.184   0.167   0.157   0.214   0.322    27.4    27.7    27.8    27.8    27.4
63829 20130701  2.412  -84.45   31.19    29.7    20.4    25.0    23.8    21.1    16.39 C    37.3    21.2    26.2    95.1    62.4    85.7   0.201   0.188   0.180   0.238   0.368    27.4    27.4    27.4    27.2    27.1
63829 20130702  2.412  -84.45   31.19    29.8    21.3    25.6    25.1     0.3    18.93 C    37.7    21.8    27.4    93.6    61.2    81.6   0.177   0.171   0.164   0.224   0.373    28.1    28.0    27.8    27.4    26.9
63829 20130703  2.412  -84.45   31.19    25.0    21.5    23.2    23.2    32.5     4.59 C    26.8    22.4    24.4    93.8    85.2    90.7   0.186   0.174   0.175   0.227   0.383    26.5    26.9    27.2    27.3    26.9
63829 20130704  2.412  -84.45   31.19    24.1    21.4    22.8    22.5    14.2     3.95 C    24.9    22.1    23.3    94.4    86.7    91.8   0.202   0.189   0.182   0.251   0.382    25.2    25.6    25.9    26.4    26.6
63829 20130705  2.412  -84.45   31.19    29.3    21.5    25.4    23.6    11.2    11.07 C    37.8    22.1    25.3    94.5    73.7    89.7   0.189   0.180   0.174   0.232   0.382    26.6    26.5    26.3    26.1    26.3
63829 20130706  2.412  -84.45   31.19    29.9    21.9    25.9    24.1     3.7    14.22 C    37.9    22.4    25.8    94.0    63.6    87.3   0.178   0.171   0.165   0.224   0.383    27.1    27.1    26.9    26.5    26.2
63829 20130707  2.412  -84.45   31.19    31.3    20.6    25.9    24.3    23.5    17.65 C    40.4    21.2    26.7    95.8    56.0    86.5   0.180   0.170   0.167   0.228   0.384    27.7    27.6    27.4    26.8    26.2
63829 20130708  2.412  -84.45   31.19    31.9    21.4    26.6    25.3     0.0    23.49 C    40.6    22.2    28.4    96.3    55.2    83.2   0.172   0.166   0.162   0.226   0.385    29.0    28.7    28.2    27.2    26.4
63829 20130709  2.412  -84.45   31.19    32.0    21.4    26.7    26.1     0.0    23.18 C    40.6    22.3    29.4   100.0    51.3    80.8   0.152   0.145   0.144   0.218   0.378    29.6    29.4    29.0    27.9    26.6
63829 20130710  2.412  -84.45   31.19    29.7    21.5    25.6    24.6     3.0    11.43 C    37.1    22.2    26.6    95.2    66.3    88.4   0.147   0.137   0.136   0.216   0.354    28.5    28.7    28.7    28.1    26.9
63829 20130711  2.412  -84.45   31.19    30.7    21.3    26.0    25.3     0.0    24.50 C    41.7    22.2    29.1    95.6    60.5    82.8   0.143   0.134   0.133   0.216   0.350    29.3    29.0    28.6    27.8    26.9
63829 20130712  2.412  -84.45   31.19    30.6    20.6    25.6    24.9    25.1    18.37 C    44.3    22.1    28.4    93.3    61.2    82.8   0.156   0.141   0.137   0.223   0.355    29.1    29.2    29.1    28.3    27.1
63829 20130713  2.412  -84.45   31.19    28.5    20.3    24.4    23.7     4.4    15.74 C    39.2    21.7    27.0    94.2    64.5    84.2   0.185   0.170   0.161   0.234   0.376    27.8    28.0    28.0    27.8    27.2
63829 20130714  2.412  -84.45   31.19    30.9    22.4    26.6    25.5     0.0    19.91 C    42.2    23.4    29.1    93.4    55.8    80.1   0.170   0.159   0.154   0.224   0.380    28.8    28.7    28.5    27.8    27.0
63829 20130715  2.412  -84.45   31.19    31.1    22.4    26.7    25.7     0.3    22.42 C    45.6    22.9    29.8    91.0    52.8    78.3   0.152   0.143   0.141   0.219   0.367    29.2    29.1    28.8    28.1    27.1
63829 20130716  2.412  -84.45   31.19    31.1    22.9    27.0    26.0    10.0    22.28 C    45.3    23.8    29.9    94.6    53.6    79.8   0.157   0.143   0.140   0.219   0.359    29.4    29.3    29.0    28.3    27.3
63829 20130717  2.412  -84.45   31.19    32.4    21.5    27.0    26.7     0.0    27.43 C    46.4    22.2    31.7    95.2    44.5    74.9   0.156   0.145   0.143   0.220   0.381    30.2    29.9    29.5    28.5    27.4
63829 20130718  2.412  -84.45   31.19    32.2    22.0    27.1    26.3     0.0    25.01 C    47.1    22.9    31.5    93.4    48.9    74.2   0.139   0.131   0.129   0.218   0.352    30.4    30.2    29.9    28.9    27.5
63829 20130719  2.412  -84.45   31.19    32.4    21.8    27.1    25.8     0.0    20.58 C    48.7    22.7    30.6    94.5    47.3    78.0   0.127   0.121   0.118   0.216   0.346    30.2    30.1    29.9    29.1    27.8
63829 20130720  2.412  -84.45   31.19    28.5    22.6    25.5    24.4    24.4    13.48 C    35.1    23.9    26.9    93.8    68.5    86.5   0.165   0.150   0.144   0.234   0.355    28.7    28.9    29.0    28.8    27.8
63829 20130721  2.412  -84.45   31.19    30.5    22.8    26.7    25.5     4.6    21.46 C    43.6    23.8    29.2    94.2    62.5    82.8   0.178   0.167   0.161   0.231   0.383    29.6    29.4    29.2    28.5    27.7
63829 20130722  2.412  -84.45   31.19    28.4    21.7    25.1    24.4     5.9    13.55 C    41.2    22.7    27.1    94.7    69.2    87.4   0.171   0.161   0.156   0.225   0.389    28.3    28.6    28.7    28.5    27.8
63829 20130723  2.412  -84.45   31.19    31.2    21.5    26.4    24.4     8.9    13.97 C    44.5    22.8    27.3    93.4    65.1    86.9   0.175   0.163   0.161   0.236   0.390    28.0    28.2    28.2    28.0    27.6
63829 20130724  2.412  -84.45   31.19    31.7    21.1    26.4    23.8    25.9    17.23 C    44.1    22.1    27.2    94.6    62.7    87.2   0.203   0.188   0.184   0.264   0.392    27.8    27.9    27.9    27.8    27.4
63829 20130725  2.412  -84.45   31.19    32.1    21.0    26.5    26.1     0.0    25.40 C    43.7    22.0    30.6    95.3    51.9    79.1   0.177   0.167   0.162   0.234   0.391    29.3    29.0    28.6    27.9    27.3
63829 20130726  2.412  -84.45   31.19    32.9    21.9    27.4    26.9     0.0    24.83 C    47.3    22.9    31.7    94.8    47.7    75.2   0.154   0.145   0.144   0.223   0.382    30.1    29.9    29.6    28.6    27.4
63829 20130727  2.412  -84.45   31.19    31.6    20.9    26.3    25.1     0.0    17.28 C    46.4    21.8    29.2    95.3    49.7    81.7   0.141   0.133   0.132   0.220   0.356    29.3    29.4    29.3    28.8    27.7
63829 20130728  2.412  -84.45   31.19    30.7    21.3    26.0    25.8     0.0    20.81 C    47.6    22.3    30.3    94.9    56.0    79.7   0.133   0.125   0.122   0.219   0.349    29.7    29.6    29.4    28.6    27.7
63829 20130729  2.412  -84.45   31.19    33.1    21.9    27.5    26.6     0.2    23.67 C    49.9    22.8    32.0    95.1    52.5    80.0   0.123   0.117   0.114   0.218   0.343    30.7    30.5    30.0    29.0    27.8
63829 20130730  2.412  -84.45   31.19    33.4    22.5    27.9    27.2     0.0    24.10 C    49.9    23.5    32.8   100.0    47.2    77.9   0.113   0.110   0.107   0.216   0.336    31.5    31.1    30.7    29.5    27.9
63829 20130731  2.412  -84.45   31.19    31.0    22.2    26.6    25.0     1.7    12.20 C    47.6    23.4    28.3    94.8    60.8    86.6   0.104   0.104   0.102   0.215   0.333    29.8    30.1    30.1    29.6    28.2
63829 20130801  2.412  -84.45   31.19    31.3    22.1    26.7    26.2     0.7    20.65 C    45.4    23.3    30.5    94.9    57.9    82.9   0.102   0.102   0.099   0.214   0.328    30.2    30.0    29.7    29.0    28.2
63829 20130802  2.412  -84.45   31.19    32.9    22.6    27.7    27.1     0.0    23.10 C    49.5    23.4    32.2    95.5    50.8    79.0   0.095   0.096   0.095   0.213   0.325    31.3    31.0    30.5    29.5    28.2
63829 20130803  2.412  -84.45   31.19    32.0    22.3    27.2    26.9     0.0    19.60 C    47.0    23.3    31.3    95.3    57.5    80.9   0.085   0.090   0.091   0.212   0.322    31.2    31.0    30.8    29.8    28.4
63829 20130804  2.412  -84.45   31.19    33.2    23.1    28.1    26.9     0.0    19.67 C    48.1    23.9    31.4    94.7    54.2    78.6   0.075   0.084   0.086   0.210   0.320    31.3    31.2    30.8    29.9    28.5
63829 20130805  2.412  -84.45   31.19    33.1    21.3    27.2    27.1     0.0    23.84 C    49.6    22.0    32.5    95.5    47.2    73.2   0.064   0.075   0.080   0.208   0.319    31.7    31.4    31.0    30.0    28.5
63829 20130806  2.412  -84.45   31.19    33.4    21.6    27.5    26.9     0.0    20.73 C    48.4    22.7    32.0    94.9    45.9    76.6   0.056   0.066   0.074   0.206   0.317    31.8    31.6    31.2    30.2    28.8
63829 20130807  2.412  -84.45   31.19    33.3    22.3    27.8    27.5     0.0    23.76 C    51.3    23.3    33.2    94.0    48.1    74.7   0.050   0.061   0.067   0.204   0.314    32.5    32.1    31.6    30.4    28.8
63829 20130808  2.412  -84.45   31.19    33.4    23.1    28.3    26.5     0.0    19.45 C    50.6    23.9    31.6    93.4    50.3    80.3   0.046   0.055   0.060   0.202   0.315    32.4    32.2    31.8    30.7    29.1
63829 20130809  2.412  -84.45   31.19    34.3    22.2    28.2    27.4     0.0    23.35 C    51.5    22.9    33.0    95.2    45.0    74.8   0.044   0.050   0.054   0.200   0.314    32.7    32.3    31.8    30.7    29.1
63829 20130810  2.412  -84.45   31.19    33.1    21.9    27.5    26.8     0.0    23.42 C    51.9    22.7    32.6    95.0    45.3    75.2   0.041   0.046   0.049   0.198   0.313    32.8    32.4    32.0    30.9    29.3
63829 20130811  2.412  -84.45   31.19    34.5    21.3    27.9    28.0     0.0    25.60 C    52.8    22.4    34.3    95.3    42.3    70.5   0.040   0.042   0.043   0.196   0.313    33.5    32.9    32.3    31.0    29.4
63829 20130812  2.412  -84.45   31.19    34.8    22.5    28.6    27.9     0.0    24.57 C    53.7    23.5    34.2    94.0    43.4    70.5   0.038   0.038   0.040   0.194   0.312    33.9    33.4    32.9    31.5    29.6
63829 20130813  2.412  -84.45   31.19    33.0    21.5    27.2    25.9     0.0    18.60 C    50.6    22.6    30.9    94.6    51.1    79.5   0.036   0.037   0.038   0.191   0.313    32.6    32.5    32.4    31.5    29.8
63829 20130814  2.412  -84.45   31.19    33.4    22.2    27.8    25.8     4.6    20.35 C    52.1    22.7    31.4    94.7    48.5    80.5   0.035   0.035   0.035   0.188   0.311    32.5    32.3    32.1    31.2    29.8
63829 20130815  2.412  -84.45   31.19    30.8    22.4    26.6    24.5    45.5    14.47 C    40.3    23.4    27.5    95.1    59.7    86.8   0.097   0.075   0.058   0.193   0.317    29.5    30.1    30.5    30.6    29.7
63829 20130816  2.412  -84.45   31.19    29.1    21.9    25.5    23.9    29.8     9.38 C    39.5    23.2    26.3    94.2    69.4    89.8   0.181   0.175   0.170   0.230   0.350    28.1    28.5    28.8    29.4    29.4
63829 20130817  2.412  -84.45   31.19    24.2    20.9    22.5    22.5    43.5     3.36 C    27.0    21.7    23.9    95.1    84.9    92.9   0.210   0.196   0.187   0.258   0.376    26.2    26.8    27.3    28.2    28.8
63829 20130818  2.412  -84.45   31.19    29.2    21.2    25.2    24.1     0.5    11.76 C    40.8    21.7    26.3    95.2    71.1    88.2   0.173   0.169   0.161   0.223   0.385    27.0    27.1    27.1    27.3    28.1
63829 20130819  2.412  -84.45   31.19    32.0    22.3    27.2    25.4    27.4    20.65 C    44.0    23.0    29.4    94.9    56.1    82.9   0.171   0.163   0.159   0.222   0.386    28.7    28.6    28.3    27.8    27.8
63829 20130820  2.412  -84.45   31.19    31.6    22.7    27.1    24.8     2.6    16.39 C    42.5    23.7    27.8    94.9    56.5    86.1   0.179   0.173   0.165   0.233   0.388    28.8    28.8    28.7    28.3    27.8
63829 20130821  2.412  -84.45   31.19    32.3    21.1    26.7    24.9     0.3    18.81 C    43.2    22.2    28.4    96.4    50.6    83.4   0.159   0.155   0.150   0.218   0.386    28.9    28.9    28.8    28.3    27.9
63829 20130822  2.412  -84.45   31.19    30.3    21.5    25.9    24.9     0.0    17.23 C    41.3    22.5    28.0    94.7    62.2    82.5   0.147   0.141   0.139   0.216   0.376    28.5    28.7    28.7    28.4    28.0
63829 20130823  2.412  -84.45   31.19    31.2    20.3    25.7    24.7     0.0    20.50 C    45.2    21.2    28.7    95.4    52.9    81.4   0.137   0.131   0.129   0.215   0.350    28.9    28.9    28.7    28.3    27.9
63829 20130824  2.412  -84.45   31.19    30.7    21.0    25.8    24.9    47.4    17.97 C    43.8    22.0    28.8    95.4    59.5    82.3   0.144   0.135   0.130   0.220   0.348    28.9    29.0    28.9    28.5    27.9
63829 20130825  2.412  -84.45   31.19    29.6    21.7    25.6    24.9     0.0    19.16 C    36.7    21.6    27.1    94.6    51.2    74.8   0.178   0.168   0.159   0.230   0.376    28.1    28.3    28.3    28.2    27.9
63829 20130826  2.412  -84.45   31.19    29.0    17.8    23.4    23.3     0.0    23.53 C    39.2    18.5    26.6    90.8    50.5    72.3   0.153   0.147   0.143   0.219   0.374    27.6    27.8    27.8    27.8    27.8
63829 20130827  2.412  -84.45   31.19    31.1    19.3    25.2    24.8     0.0    22.91 C    43.6    20.2    28.8    92.5    49.7    76.4   0.139   0.134   0.131   0.217   0.352    28.5    28.4    28.2    27.8    27.7
63829 20130828  2.412  -84.45   31.19    31.3    19.5    25.4    24.9     0.0    23.17 C    43.0    20.1    28.9    95.3    41.8    74.8   0.128   0.123   0.120   0.215   0.346    28.8    28.8    28.6    28.1    27.7
63829 20130829  2.412  -84.45   31.19    32.6    19.5    26.0    25.9     0.0    23.04 C    43.0    20.2    29.3    95.0    49.7    76.0   0.117   0.114   0.111   0.214   0.340    29.2    29.1    28.8    28.2    27.7
63829 20130830  2.412  -84.45   31.19    32.9    22.5    27.7    26.1    26.1    19.10 C    41.1    23.7    28.9    94.7    58.1    82.7   0.153   0.141   0.133   0.220   0.342    29.6    29.5    29.3    28.6    27.8
63829 20130831  2.412  -84.45   31.19    30.7    21.8    26.3    25.1     0.0    19.30 C    40.2    23.3    28.4    97.1    61.3    85.9   0.169   0.163   0.158   0.229   0.368    29.4    29.4    29.2    28.7    27.9
63829 20130901  2.412  -84.45   31.19    31.8    22.6    27.2    26.3     0.0    17.65 C    42.0    23.4    29.2    95.4    56.7    83.5   0.151   0.145   0.143   0.220   0.362    29.6    29.5    29.4    28.8    28.0
63829 20130902  2.412  -84.45   31.19    31.8    21.8    26.8    25.4     0.2    16.74 C    42.1    22.7    28.2    94.9    60.5    84.2   0.141   0.134   0.132   0.218   0.342    29.4    29.4    29.4    28.9    28.0
63829 20130903  2.412  -84.45   31.19    30.8    21.4    26.1    25.2     0.0    15.82 C    41.0    22.2    27.9   100.0    63.8    87.2   0.133   0.126   0.123   0.217   0.340    29.1    29.1    29.0    28.7    28.1
63829 20130904  2.412  -84.45   31.19    32.4    20.7    26.5    26.3     0.0    22.04 C    42.7    21.5    29.8    95.6    53.1    78.6   0.125   0.118   0.115   0.216   0.336    29.5    29.4    29.2    28.6    28.1
63829 20130905  2.412  -84.45   31.19    33.0    21.4    27.2    26.6     0.0    22.77 C    44.7    22.2    30.4    95.1    50.6    77.3   0.113   0.110   0.108   0.215   0.332    30.2    30.1    29.8    29.0    28.1
63829 20130906  2.412  -84.45   31.19    32.5    20.7    26.6    25.8     0.0    21.12 C    43.5    21.3    29.4    95.2    47.0    78.0   0.103   0.104   0.101   0.214   0.328    30.0    30.0    29.8    29.1    28.2
63829 20130907  2.412  -84.45   31.19    31.6    20.6    26.1    25.2     0.0    21.27 C    42.1    21.1    28.6    95.0    44.3    75.4   0.094   0.098   0.096   0.213   0.325    29.8    29.9    29.7    29.2    28.3
63829 20130908  2.412  -84.45   31.19    31.8    18.9    25.3    24.9     0.0    23.38 C    44.2    19.5    28.8    95.7    41.6    74.4   0.084   0.091   0.092   0.212   0.322    29.9    29.8    29.6    29.0    28.3
63829 20130909  2.412  -84.45   31.19    32.7    20.0    26.3    25.3     0.0    17.02 C    44.0    20.6    28.4    94.9    47.7    77.5   0.075   0.085   0.087   0.211   0.319    29.8    29.8    29.6    29.1    28.3
63829 20130910  2.412  -84.45   31.19    32.0    19.7    25.8    25.6     0.9    20.92 C    43.9    19.8    28.7    94.4    47.2    73.4   0.067   0.078   0.082   0.209   0.317    29.8    29.8    29.6    29.1    28.3
63829 20130911  2.412  -84.45   31.19    31.8    20.5    26.1    25.6     0.0    20.72 C    41.8    20.8    28.3    94.8    47.4    75.1   0.061   0.072   0.076   0.207   0.317    29.4    29.5    29.4    28.9    28.3
63829 20130912  2.412  -84.45   31.19    32.3    19.7    26.0    24.9     0.0    23.27 C    44.7    20.0    28.9    95.2    38.0    73.5   0.055   0.066   0.069   0.205   0.315    30.0    29.9    29.7    29.0    28.3
63829 20130913  2.412  -84.45   31.19    32.7    18.7    25.7    25.7     0.0    21.93 C    45.1    19.3    29.6    94.8    41.0    70.5   0.050   0.061   0.064   0.203   0.314    30.3    30.1    29.8    29.1    28.3
63829 20130914  2.412  -84.45   31.19    31.3    20.6    25.9    25.1     0.0    22.47 C    45.3    20.7    29.5    89.1    36.5    65.5   0.046   0.056   0.059   0.201   0.313    30.7    30.6    30.3    29.4    28.4
63829 20130915  2.412  -84.45   31.19    33.1    19.7    26.4    26.1     0.0    19.28 C    46.6    20.2    29.9    93.9    46.3    73.4   0.044   0.053   0.055   0.199   0.312    30.6    30.4    30.1    29.5    28.5
63829 20130916  2.412  -84.45   31.19    32.8    21.6    27.2    26.5     0.6    18.30 C    46.1    22.3    30.6    94.1    47.0    75.8   0.042   0.050   0.051   0.197   0.313    31.1    30.8    30.5    29.6    28.5
63829 20130917  2.412  -84.45   31.19    31.7    21.9    26.8    26.2     0.0    20.03 C    43.4    22.5    29.8    94.3    48.9    75.1   0.040   0.047   0.047   0.195   0.311    30.7    30.6    30.4    29.7    28.7
63829 20130918  2.412  -84.45   31.19    29.2    19.8    24.5    24.3     0.0    15.20 C    40.2    20.3    27.3    86.2    51.0    69.6   0.039   0.045   0.045   0.194   0.311    29.6    29.8    29.8    29.5    28.7
63829 20130919  2.412  -84.45   31.19    30.6    17.6    24.1    23.5     0.0    21.42 C    46.5    17.9    27.6    91.4    39.8    67.8   0.038   0.043   0.043   0.191   0.310    29.5    29.4    29.4    29.0    28.6
63829 20130920  2.412  -84.45   31.19    31.4    17.7    24.5    23.6     0.0    20.29 C    45.3    17.8    27.9    94.6    43.5    73.6   0.037   0.041   0.041   0.189   0.310    29.6    29.5    29.4    29.0    28.4
63829 20130921  2.412  -84.45   31.19    29.2    18.9    24.0    23.4     9.3     9.55 C    38.4    18.9    25.8    94.3    62.4    85.8   0.043   0.039   0.039   0.187   0.309    28.0    28.4    28.7    28.8    28.4
63829 20130922  2.412  -84.45   31.19    24.9    20.2    22.5    22.5     2.9     7.32 C    32.2    21.8    24.5    94.1    78.2    90.8   0.077   0.045   0.039   0.186   0.309    26.9    27.2    27.6    28.0    28.1
63829 20130923  2.412  -84.45   31.19    27.0    21.9    24.5    23.4     3.0     6.06 C    31.5    22.6    24.8    93.7    74.3    88.8   0.100   0.067   0.040   0.185   0.308    26.4    26.7    27.0    27.4    27.8
63829 20130924  2.412  -84.45   31.19    27.6    22.0    24.8    23.9     6.0     8.73 C    34.2    22.9    25.9    93.7    71.8    84.9   0.100   0.078   0.043   0.184   0.306    26.7    26.9    27.0    27.1    27.5
63829 20130925  2.412  -84.45   31.19    29.0    21.8    25.4    24.3     5.0    13.92 C    41.2    22.3    26.7    94.1    63.0    84.1   0.128   0.117   0.083   0.184   0.306    27.4    27.3    27.3    27.1    27.3
63829 20130926  2.412  -84.45   31.19    24.1    18.5    21.3    21.7     0.0     8.79 C    30.0    18.7    23.9    94.0    68.4    83.2   0.114   0.106   0.092   0.184   0.306    26.1    26.5    26.8    27.1    27.2
63829 20130927  2.412  -84.45   31.19    27.3    15.9    21.6    20.8     0.0    22.22 C    36.5    16.3    23.7    95.5    39.3    71.9   0.105   0.099   0.089   0.184   0.304    25.5    25.8    25.9    26.4    27.0
63829 20130928  2.412  -84.45   31.19    26.5    14.7    20.6    19.7     0.0    19.47 C    36.3    15.3    22.3    91.7    43.3    69.6   0.095   0.092   0.085   0.184   0.304    24.8    25.1    25.4    26.0    26.7
63829 20130929  2.412  -84.45   31.19    27.3    14.6    20.9    20.3     0.0    18.07 C    39.3    15.0    23.2    90.7    47.2    72.7   0.087   0.087   0.081   0.184   0.303    25.0    25.2    25.3    25.6    26.4
63829 20130930  2.412  -84.45   31.19    24.4    15.8    20.1    19.5     0.0     8.60 C    31.6    16.3    21.1    93.0    64.6    82.4   0.082   0.083   0.078   0.184   0.302    23.9    24.4    24.8    25.4    26.2
63829 20131001  2.412  -84.45   31.19    28.5    16.8    22.7    22.1     0.0    18.03 C    41.6    17.1    24.8    91.4    51.1    72.9   0.078   0.079   0.075   0.183   0.303    25.4    25.4    25.2    25.2    25.9
63829 20131002  2.412  -84.45   31.19    29.0    16.1    22.6    21.9     0.0    18.04 C    40.2    16.3    24.6    94.7    43.0    73.5   0.071   0.074   0.071   0.183   0.302    26.0    26.0    25.9    25.6    25.9
63829 20131003  2.412  -84.45   31.19    29.5    15.7    22.6    22.0     0.0    18.50 C    39.8    15.9    25.0    94.5    48.3    77.2   0.064   0.069   0.067   0.183   0.302    26.3    26.3    26.1    25.8    25.9
63829 20131004  2.412  -84.45   31.19    30.9    17.7    24.3    23.6     0.0    17.18 C    42.1    18.0    26.4    95.5    47.8    77.6   0.058   0.062   0.062   0.183   0.302    27.1    27.0    26.7    26.2    25.9
63829 20131005  2.412  -84.45   31.19    31.0    18.0    24.5    23.6     0.0    17.07 C    42.0    18.2    26.2    94.5    42.9    74.4   0.053   0.058   0.057   0.182   0.302    27.1    27.1    27.0    26.5    26.1
63829 20131006  2.412  -84.45   31.19    30.0    18.5    24.2    22.5     0.0    10.99 C    40.2    18.3    24.7    95.2    54.8    85.2   0.049   0.053   0.052   0.182   0.302    26.5    26.6    26.6    26.5    26.2
63829 20131007  2.412  -84.45   31.19    28.0    20.3    24.1    23.2     1.6    11.85 C    37.4    20.2    25.2    94.6    62.0    82.5   0.048   0.052   0.050   0.181   0.302    26.7    26.8    26.8    26.4    26.2
63829 20131008  2.412  -84.45   31.19    29.1    15.7    22.4    21.8     0.0    15.41 C    40.2    16.3    24.7    83.2    52.1    69.2   0.047   0.051   0.047   0.181   0.302    26.2    26.3    26.4    26.3    26.2
63829 20131009  2.412  -84.45   31.19    22.5    14.5    18.5    17.8     0.0     9.20 C    30.5    14.2    20.2    95.6    63.8    81.1   0.045   0.049   0.044   0.180   0.301    24.6    25.3    25.7    26.0    26.1
63829 20131010  2.412  -84.45   31.19    27.7    12.2    20.0    19.2     0.0    20.34 C    39.4    12.1    22.4    96.1    38.5    72.8   0.043   0.047   0.042   0.177   0.300    24.8    25.0    25.1    25.3    25.9
63829 20131011  2.412  -84.45   31.19    28.9    12.6    20.7    19.9     0.0    18.29 C    40.0    12.6    22.6    95.7    38.6    73.3   0.041   0.044   0.040   0.177   0.300    25.0    25.2    25.3    25.3    25.7
63829 20131012  2.412  -84.45   31.19    29.0    12.1    20.5    19.7     0.0    17.19 C    41.4    12.7    22.2    95.7    37.2    71.7   0.039   0.042   0.039   0.175   0.300    24.9    25.1    25.2    25.3    25.5
63829 20131013  2.412  -84.45   31.19    29.1    13.0    21.0    20.2     0.0    15.95 C    40.6    12.6    22.8    94.8    37.9    71.5   0.038   0.039   0.035   0.174   0.298    24.8    25.0    25.1    25.2    25.4
63829 20131014  2.412  -84.45   31.19    26.3    15.0    20.6    20.1     0.0    14.38 C    38.5    15.0    22.4    94.8    53.2    77.4   0.036   0.038   0.034   0.173   0.298    24.8    25.0    25.1    25.1    25.3
63829 20131015  2.412  -84.45   31.19    26.1    15.2    20.6    21.0     0.0    13.83 C    38.6    15.0    23.8    94.7    52.5    72.3   0.036   0.038   0.033   0.172   0.298    25.2    25.2    25.2    25.1    25.3
63829 20131016  2.412  -84.45   31.19    27.9    14.8    21.4    20.6     0.0    16.09 C    41.1    14.8    23.9    93.4    44.5    72.6   0.035   0.037   0.032   0.170   0.298    25.5    25.6    25.6    25.3    25.3
63829 20131017  2.412  -84.45   31.19    29.7    13.9    21.8    21.9     0.0    15.68 C    42.6    14.1    25.1    95.1    45.3    73.8   0.035   0.036   0.031   0.170   0.297    25.7    25.6    25.6    25.3    25.3
63829 20131018  2.412  -84.45   31.19    22.9    19.6    21.2    21.2     4.6     4.14 C    26.6    20.4    22.6    94.9    79.8    89.7   0.042   0.035   0.031   0.169   0.297    24.8    25.3    25.5    25.5    25.3
63829 20131019  2.412  -84.45   31.19    21.8    16.9    19.4    19.7     4.8     3.70 C    25.2    18.1    21.0    94.0    74.0    86.4   0.062   0.036   0.031   0.168   0.297    23.4    24.0    24.4    24.9    25.3
63829 20131020  2.412  -84.45   31.19    24.6    15.5    20.1    18.9     0.0    17.96 C    33.3    16.2    21.7    91.4    45.3    74.8   0.083   0.042   0.032   0.168   0.297    23.3    23.6    23.9    24.3    25.1
63829 20131021  2.412  -84.45   31.19    22.1    15.5    18.8    18.8     0.0     4.53 C    25.7    16.4    19.9    93.6    75.6    85.7   0.075   0.046   0.033   0.167   0.296    22.0    22.5    23.0    23.9    24.9
63829 20131022  2.412  -84.45   31.19    21.4    17.1    19.2    19.0     0.6     2.99 C    24.0    16.7    20.0    95.6    80.2    91.3   0.073   0.048   0.034   0.167   0.296    21.9    22.3    22.7    23.4    24.5
63829 20131023  2.412  -84.45   31.19    23.0    11.0    17.0    16.8     0.0    19.14 C    31.4     9.8    18.3    93.7    24.6    58.4   0.071   0.049   0.034   0.166   0.294    20.8    21.5    22.0    22.9    24.3
63829 20131024  2.412  -84.45   31.19    23.3     5.0    14.1    13.1     0.0    18.51 C    33.3     5.5    16.1    93.6    24.2    62.2   0.065   0.048   0.034   0.166   0.295    19.6    20.2    20.9    22.1    23.8
63829 20131025  2.412  -84.45   31.19    18.8     4.6    11.7    11.4     0.0    18.47 C    29.6     4.4    14.1    95.6    19.8    61.9   0.059   0.047   0.034   0.165   0.293    19.2    19.8    20.5    21.7    23.4
63829 20131026  2.412  -84.45   31.19    20.2     1.7    11.0    10.2     0.0    18.47 C    31.8     2.4    13.5    90.7    24.4    60.9   0.054   0.046   0.034   0.165   0.293    18.3    18.9    19.7    21.0    22.9
63829 20131027  2.412  -84.45   31.19    23.8     3.5    13.7    13.2     0.0    16.40 C    34.0     4.3    16.4    94.8    32.9    68.0   0.051   0.044   0.034   0.164   0.292    19.1    19.4    19.8    20.7    22.5
63829 20131028  2.412  -84.45   31.19    26.1     8.8    17.5    16.8     0.0    17.11 C    36.6     9.2    19.7    94.8    34.4    68.9   0.047   0.043   0.033   0.164   0.291    20.8    20.9    21.0    21.1    22.3
63829 20131029  2.412  -84.45   31.19    27.1     9.5    18.3    17.6     0.0    16.36 C    36.9     9.3    19.9    94.7    34.7    70.4   0.044   0.040   0.032   0.164   0.292    21.2    21.3    21.4    21.5    22.4
63829 20131030  2.412  -84.45   31.19    28.0    10.9    19.4    19.1     0.0    16.06 C    37.4    10.8    21.1    94.2    28.4    64.6   0.042   0.040   0.031   0.162   0.291    21.8    21.9    21.9    21.8    22.5
63829 20131031  2.412  -84.45   31.19    28.1    15.3    21.7    21.5     0.0    12.04 C    37.4    14.3    22.7    88.9    42.2    71.5   0.040   0.038   0.029   0.162   0.291    22.3    22.4    22.3    22.1    22.6
63829 20131101  2.412  -84.45   31.19    25.7    18.5    22.1    21.9    15.7     2.23 C    29.0    18.7    22.3    93.4    76.1    89.1   0.068   0.051   0.030   0.162   0.290    22.5    22.7    22.7    22.6    22.8
63829 20131102  2.412  -84.45   31.19    24.0    10.9    17.4    17.3     0.0    14.29 C    30.0    11.5    18.5    95.5    31.1    65.8   0.107   0.090   0.032   0.161   0.291    20.5    21.1    21.5    22.1    22.8
63829 20131103  2.412  -84.45   31.19    20.1     7.0    13.5    12.8     0.0    17.67 C    28.2     7.2    14.7    90.9    29.8    60.9   0.096   0.085   0.040   0.160   0.290    18.0    18.7    19.5    21.0    22.6
63829 20131104  2.412  -84.45   31.19    22.0     6.1    14.1    14.3     0.0    15.80 C    30.0     5.8    15.7    90.9    44.4    63.4   0.088   0.082   0.048   0.160   0.289    17.4    18.0    18.5    20.0    22.0
63829 20131105  2.412  -84.45   31.19    21.5    12.3    16.9    16.1     0.0    12.81 C    26.8    12.2    17.9    64.4    42.1    52.2   0.083   0.077   0.051   0.160   0.288    18.3    18.6    19.0    19.9    21.6
63829 20131106  2.412  -84.45   31.19    23.9    14.9    19.4    18.5     0.0    12.90 C    33.5    15.0    20.7    94.2    59.2    75.1   0.079   0.074   0.052   0.160   0.287    20.3    20.2    20.2    20.2    21.4
63829 20131107  2.412  -84.45   31.19    23.9    10.0    16.9    17.3     0.0     7.83 C    32.3     9.0    18.6    95.5    55.5    77.6   0.075   0.071   0.053   0.161   0.288    20.0    20.3    20.5    20.8    21.5
63829 20131108  2.412  -84.45   31.19    18.6     4.4    11.5    10.4     0.0    17.03 C    26.9     3.8    12.2    91.9    29.7    60.1   0.071   0.069   0.052   0.160   0.287    17.1    17.9    18.6    19.9    21.4
63829 20131109  2.412  -84.45   31.19    22.5     4.8    13.6    13.7     0.0    14.60 C    32.6     4.7    15.9    88.5    46.3    65.6   0.068   0.067   0.051   0.160   0.287    17.6    18.0    18.3    19.2    21.1
63829 20131110  2.412  -84.45   31.19    23.8     9.9    16.8    15.3     0.0    13.50 C    32.3     9.6    17.4    93.3    38.6    74.6   0.065   0.064   0.049   0.160   0.287    18.8    19.1    19.2    19.5    20.9
63829 20131111  2.412  -84.45   31.19    24.6     7.7    16.1    14.8     0.0    15.82 C    33.7     7.3    16.8    93.4    28.4    66.0   0.062   0.061   0.049   0.160   0.286    18.6    18.9    19.1    19.6    20.8
63829 20131112  2.412  -84.45   31.19    24.0     5.9    14.9    13.8     0.0    13.55 C    31.3     6.0    15.5    95.4    20.6    61.0   0.058   0.057   0.048   0.160   0.286    18.0    18.4    18.8    19.5    20.8
63829 20131113  2.412  -84.45   31.19    12.0    -1.5     5.3     5.1     0.0    16.35 C    20.8    -1.3     7.4    77.6    17.9    41.7   0.055   0.055   0.045   0.160   0.286    15.1    16.2    17.1    18.8    20.6
63829 20131114  2.412  -84.45   31.19    19.0    -2.5     8.2     7.9     0.0    15.62 C    27.6    -2.5    10.1    83.0    40.6    63.1   0.053   0.053   0.044   0.159   0.286    14.5    15.1    15.8    17.5    20.1
63829 20131115  2.412  -84.45   31.19    19.2     9.9    14.6    14.6     0.0     3.51 C    22.1    10.0    15.1    94.2    66.6    79.9   0.051   0.053   0.043   0.159   0.285    16.1    16.5    16.8    17.7    19.6
63829 20131116  2.412  -84.45   31.19    24.4    10.5    17.4    18.0     0.0    10.71 C    33.4    10.2    20.0   100.0    53.3    79.8   0.051   0.051   0.043   0.159   0.285    18.5    18.3    18.1    18.1    19.5
63829 20131117  2.412  -84.45   31.19    25.3    18.5    21.9    21.5     1.8     5.18 C    29.5    18.6    22.4    94.2    68.6    82.5   0.050   0.051   0.043   0.160   0.284    20.5    20.3    20.0    19.4    19.8
63829 20131118  2.412  -84.45   31.19    24.4    15.3    19.8    21.7    35.7     4.45 C    28.0    13.7    21.9    94.7    45.2    85.8   0.115   0.101   0.082   0.167   0.313    21.4    21.3    21.1    20.3    20.2
63829 20131119  2.412  -84.45   31.19    19.0     7.5    13.3    12.7     0.0    15.35 C    25.3     7.8    13.9    80.6    33.0    54.8   0.137   0.132   0.122   0.169   0.337    16.9    17.8    18.5    19.7    20.5
63829 20131120  2.412  -84.45   31.19    17.8     9.9    13.8    13.3     0.0     8.61 C    22.7     9.9    14.7    67.4    55.1    61.1   0.128   0.125   0.118   0.166   0.338    15.9    16.4    17.0    18.3    20.2
63829 20131121  2.412  -84.45   31.19    22.3    11.7    17.0    16.1     0.5     7.03 C    28.2    12.5    17.0    83.1    59.2    73.1   0.125   0.121   0.114   0.167   0.336    16.9    17.1    17.3    18.0    19.7
63829 20131122  2.412  -84.45   31.19    23.4    14.9    19.1    17.6     0.0     7.79 C    30.4    15.3    19.1    95.3    67.5    86.5   0.122   0.118   0.112   0.168   0.300    18.5    18.5    18.4    18.5    19.6
63829 20131123  2.412  -84.45   31.19    19.3    13.2    16.2    16.8     1.7     2.46 C    20.8    13.3    17.5    95.5    43.1    84.8   0.125   0.119   0.112   0.168   0.289    18.3    18.6    18.7    19.0    19.7
63829 20131124  2.412  -84.45   31.19    13.2     4.4     8.8     8.9     0.0    14.38 C    20.0     4.1    10.6    54.1    27.7    41.9   0.120   0.116   0.110   0.168   0.288    14.5    15.5    16.4    18.1    19.7
63829 20131125  2.412  -84.45   31.19    14.4     3.5     8.9     9.0     0.0     8.79 C    22.2     3.8    10.9    79.0    43.5    53.8   0.114   0.112   0.107   0.167   0.286    13.0    13.7    14.4    16.4    19.1
63829 20131126  2.412  -84.45   31.19    21.2     9.4    15.3    15.9    54.1     0.42 C    20.7    10.9    16.1    94.3    79.1    90.9   0.181   0.166   0.159   0.197   0.305    15.8    16.0    16.0    16.5    18.5
63829 20131127  2.412  -84.45   31.19     9.9     1.0     5.5     6.1     0.6     7.26 C    13.1     1.4     7.6    93.8    45.4    71.8   0.179   0.180   0.171   0.222   0.324    12.7    13.9    14.9    16.5    18.4
63829 20131128  2.412  -84.45   31.19     9.2    -3.7     2.7     1.8     0.0    14.48 C    17.0    -2.1     4.8    93.8    39.7    70.0   0.157   0.160   0.157   0.205   0.326    10.0    11.0    12.0    14.5    17.8
63829 20131129  2.412  -84.45   31.19    15.2    -1.6     6.8     5.4     0.0    14.87 C    20.7    -0.7     7.2    94.2    28.2    69.9   0.149   0.149   0.150   0.203   0.327    10.3    11.0    11.7    13.6    17.0
63829 20131130  2.412  -84.45   31.19    15.2     1.9     8.5     8.3     0.0    10.01 C    21.0     2.5     9.4    89.6    52.3    69.6   0.143   0.142   0.145   0.203   0.327    10.8    11.4    11.8    13.3    16.4
63829 20131201  2.412  -84.45   31.19    16.1     5.6    10.9    10.1     0.0     7.95 C    22.0     6.2    11.8    94.5    66.3    78.3   0.139   0.138   0.139   0.203   0.308    12.2    12.5    12.7    13.6    16.1
63829 20131202  2.412  -84.45   31.19    20.5     8.5    14.5    13.0     0.0    13.19 C    27.9     8.5    14.8    95.2    40.8    77.9   0.138   0.134   0.135   0.203   0.301    14.2    14.3    14.2    14.4    16.1
63829 20131203  2.412  -84.45   31.19    22.5     9.8    16.2    16.4     1.6     8.12 C    28.6     9.7    17.1    95.6    61.4    86.3   0.137   0.133   0.132   0.203   0.301    15.4    15.3    15.1    15.1    16.3
63829 20131204  2.412  -84.45   31.19    24.8    17.5    21.1    19.5     0.4     5.71 C    28.5    17.3    19.9    95.9    66.8    89.3   0.139   0.135   0.134   0.204   0.302    17.8    17.6    17.1    16.4    16.7
63829 20131205  2.412  -84.45   31.19    26.9    18.6    22.7    21.7     0.0     6.88 C    30.4    17.3    21.7    94.8    62.5    83.8   0.138   0.134   0.132   0.205   0.303    19.2    18.9    18.5    17.5    17.3
63829 20131206  2.412  -84.45   31.19    26.6    15.5    21.0    21.3     0.0     9.70 C    30.9    15.0    21.6    95.2    58.8    79.9   0.135   0.131   0.130   0.205   0.304    19.3    19.2    18.9    18.2    17.9
63829 20131207  2.412  -84.45   31.19    21.8    13.3    17.6    18.0    12.5     3.16 C    23.6    14.6    19.0    94.4    78.2    88.6   0.167   0.160   0.157   0.232   0.329    19.3    19.4    19.3    18.8    18.3
63829 20131208  2.412  -84.45   31.19    25.9    13.3    19.6    18.3     0.0     7.96 C    30.1    14.5    19.3    94.5    58.0    84.6   0.156   0.155   0.154   0.215   0.345    18.8    18.9    18.8    18.6    18.7
63829 20131209  2.412  -84.45   31.19    26.7    18.5    22.6    21.4     0.7     5.63 C    30.7    18.6    21.9    94.9    59.8    86.5   0.151   0.148   0.148   0.211   0.354    20.1    19.9    19.6    19.0    18.8
63829 20131210  2.412  -84.45   31.19    21.3     5.7    13.5    14.9     3.7     5.95 C    21.3     6.0    15.8    92.9    61.5    79.3   0.161   0.156   0.155   0.216   0.358    18.5    19.1    19.4    19.4    19.1
63829 20131211  2.412  -84.45   31.19    17.1     2.8     9.9     9.1     0.0    13.53 C    23.3     3.6    10.9    88.6    46.8    68.0   0.151   0.146   0.148   0.211   0.359    14.2    15.1    15.9    17.5    19.0
63829 20131212  2.412  -84.45   31.19    14.9     0.5     7.7     7.7     0.0    14.29 C    21.4     0.8     9.1    91.0    20.3    59.4   0.144   0.140   0.142   0.210   0.335    12.9    13.9    14.7    16.3    18.4
63829 20131213  2.412  -84.45   31.19    16.7    -0.4     8.2     7.8     0.0    11.21 C    23.4    -0.1     9.2    86.5    44.9    66.5   0.140   0.135   0.136   0.209   0.326    11.7    12.4    13.1    14.9    17.7
63829 20131214  2.412  -84.45   31.19    20.3    10.8    15.5    16.3     6.3     2.93 C    21.8    10.3    16.2    95.2    75.4    86.3   0.147   0.139   0.138   0.208   0.324    14.7    14.7    14.7    15.1    17.1
63829 20131215  2.412  -84.45   31.19    16.6     2.4     9.5     9.4     1.7     4.85 C    16.3     2.7    10.5    94.6    59.2    79.1   0.161   0.156   0.156   0.214   0.348    13.8    14.6    15.1    15.8    17.1
63829 20131216  2.412  -84.45   31.19    15.1    -1.3     6.9     5.1     0.0    13.79 C    21.2    -0.5     7.2    96.1    36.1    76.9   0.151   0.147   0.148   0.213   0.356    11.1    11.9    12.6    14.4    16.9
63829 20131217  2.412  -84.45   31.19    18.5    -1.0     8.7     7.7     0.0    13.88 C    23.3    -0.2     8.7    96.7    24.9    68.7   0.146   0.141   0.142   0.211   0.358    10.9    11.6    12.2    13.6    16.3
63829 20131218  2.412  -84.45   31.19    15.5     1.0     8.2     7.4     0.0    13.97 C    22.0     1.2     8.4    93.5    28.7    65.3   0.142   0.136   0.137   0.210   0.342    10.7    11.4    11.9    13.3    15.8
63829 20131219  2.412  -84.45   31.19    19.4    -1.3     9.0     7.3     0.0    13.66 C    24.6    -1.1     8.4    95.7    25.0    69.4   0.138   0.133   0.132   0.209   0.325    10.4    11.0    11.5    12.8    15.5
63829 20131220  2.412  -84.45   31.19    23.8     2.7    13.3    12.8     0.0    10.96 C    29.0     2.6    13.3    94.8    53.5    80.4   0.135   0.130   0.129   0.208   0.321    12.2    12.3    12.3    12.9    15.1
63829 20131221  2.412  -84.45   31.19    24.1    13.1    18.6    20.2     0.2     5.29 C    25.8    12.9    19.8    94.8    70.2    82.8   0.134   0.129   0.127   0.208   0.319    15.9    15.5    15.0    14.3    15.3
63829 20131222  2.412  -84.45   31.19    25.7    20.5    23.1    22.7     0.0     4.20 C    29.1    19.3    22.2    90.3    70.4    82.4   0.135   0.129   0.127   0.208   0.319    18.6    18.2    17.5    16.1    15.8
63829 20131223  2.412  -84.45   31.19    22.2     8.8    15.5    14.4    33.5     1.17 C    21.6     9.8    15.2    93.6    76.5    88.8   0.201   0.184   0.180   0.235   0.347    16.8    17.2    17.3    17.0    16.7
63829 20131224  2.412  -84.45   31.19    12.2    -0.3     6.0     5.9     0.0    14.22 C    17.7    -0.1     7.7    86.6    32.7    64.2   0.174   0.171   0.163   0.224   0.360    12.4    13.4    14.3    15.7    16.8
63829 20131225  2.412  -84.45   31.19    11.6    -2.1     4.7     4.8     0.0    10.09 C    16.2    -1.3     6.4    90.8    55.6    71.8   0.160   0.156   0.153   0.215   0.360    10.2    11.1    11.9    13.8    16.3
63829 20131226  2.412  -84.45   31.19    10.5     6.2     8.4     8.0     0.0     3.03 C    13.1     7.1     9.4    85.7    66.2    74.1   0.153   0.147   0.147   0.213   0.354    11.1    11.6    12.0    13.3    15.6
63829 20131227  2.412  -84.45   31.19    14.9     7.0    10.9    10.7     0.0     6.28 C    19.4     6.9    11.6    84.1    38.8    59.8   0.148   0.142   0.142   0.211   0.336    11.9    12.2    12.5    13.3    15.3
63829 20131228  2.412  -84.45   31.19    13.9     9.4    11.7    11.1     3.5     2.15 C    14.4     9.8    11.7    94.9    48.9    69.1   0.145   0.138   0.138   0.211   0.330    11.9    12.2    12.5    13.3    15.1
63829 20131229  2.412  -84.45   31.19    16.0     5.7    10.8    12.0    26.0     6.98 C    22.9     6.1    13.5    95.1    69.3    85.7   0.202   0.185   0.178   0.243   0.357    13.8    13.9    13.8    13.8    15.1
63829 20131230  2.412  -84.45   31.19    14.5     3.4     8.9     8.9     0.0     6.43 C    19.9     3.7    10.1    96.6    56.8    84.6   0.170   0.164   0.159   0.221   0.359    12.0    12.5    12.9    13.7    15.1
63829 20131231  2.412  -84.45   31.19    10.4     7.8     9.1     9.4     0.0     2.56 C    12.8     8.6    10.2    90.6    71.2    80.6   0.160   0.154   0.152   0.217   0.360    11.9    12.4    12.8    13.6    15.0
