63850 20180101  2.422  -83.39   33.78     0.4    -7.0    -3.3    -2.4     0.0     7.25 C    12.4    -9.9    -1.3    65.9    35.4    50.8   0.163   0.153   0.164   0.232   0.248     6.8     7.4     8.1     9.7    11.9
63850 20180102  2.422  -83.39   33.78     1.4   -10.2    -4.4    -4.6     0.0    11.56 C    13.7   -12.3    -3.6    66.8    22.8    43.9   0.161   0.151   0.161   0.231   0.236     5.0     5.8     6.7     8.9    11.5
63850 20180103  2.422  -83.39   33.78     4.2    -4.9    -0.3    -1.3     0.0     8.14 C    17.0    -5.7    -0.3    53.6    18.2    37.1   0.160   0.150   0.160   0.230   0.229     5.2     5.8     6.4     8.3    11.0
63850 20180104  2.422  -83.39   33.78     2.2    -5.9    -1.9    -2.2     0.0    11.50 C    11.9    -8.0    -1.7    56.1    28.0    42.2   0.159   0.149   0.158   0.229   0.226     4.7     5.3     6.0     7.9    10.6
63850 20180105  2.422  -83.39   33.78     3.6    -8.4    -2.4    -3.0     0.0    11.39 C    14.1    -9.3    -2.1    59.5    21.4    41.0   0.157   0.147   0.156   0.228   0.222     4.2     4.8     5.5     7.5    10.3
63850 20180106  2.422  -83.39   33.78     5.2    -6.1    -0.5    -1.3     0.0    11.56 C    16.4   -10.1    -1.2    58.5    17.3    37.5   0.156   0.145   0.154   0.227   0.219     4.3     4.8     5.4     7.2     9.9
63850 20180107  2.422  -83.39   33.78     2.6    -7.7    -2.6    -3.0     0.0    10.34 C    14.1   -10.4    -1.9    62.2    26.9    42.6   0.155   0.144   0.153   0.225   0.218     4.0     4.5     5.1     6.9     9.6
63850 20180108  2.422  -83.39   33.78     4.9    -3.4     0.7     1.1     2.0     3.72 C     9.8    -5.3     2.2    95.9    36.5    58.1   0.155   0.143   0.152   0.225   0.217     4.8     5.1     5.4     6.9     9.4
63850 20180109  2.422  -83.39   33.78 -9999.0 -9999.0 -9999.0 -9999.0     0.0     8.90 C    26.8     1.2    10.5    98.8    49.6    75.5   0.159   0.145   0.153   0.224   0.215     7.2     7.1     6.8     7.4     9.3
63850 20180110  2.422  -83.39   33.78 -9999.0 -9999.0 -9999.0 -9999.0     0.3     6.23 C    26.8     9.9    14.0    93.3    50.0    71.7   0.157   0.145   0.153   0.223   0.215     9.6     9.3     8.8     8.6     9.6
63850 20180111  2.422  -83.39   33.78    14.4     9.6    12.0    12.1    22.7     2.98 C    15.5     9.4    12.3   100.0    93.8    98.1   0.185   0.166   0.167   0.226   0.216    10.6    10.4     9.9     9.7    10.2
63850 20180112  2.422  -83.39   33.78    17.0    -0.5     8.3    12.9    15.5     2.13 C    17.3    -0.1    12.5   100.0    74.4    93.5   0.211   0.208   0.207   0.262   0.300    11.9    11.7    11.2    10.6    10.7
63850 20180113  2.422  -83.39   33.78     5.8    -2.8     1.5     0.6     0.0    12.05 C    15.0    -4.5     1.7    75.0    50.2    64.1   0.191   0.189   0.197   0.250   0.312     8.5     9.1     9.6    10.6    11.2
63850 20180114  2.422  -83.39   33.78     4.3    -6.2    -1.0    -1.1     0.0    12.28 C    17.1    -7.6     0.3    82.7    37.1    57.3   0.182   0.177   0.190   0.244   0.317     6.8     7.4     8.0     9.5    11.0
63850 20180115  2.422  -83.39   33.78     7.0    -5.3     0.8     0.3     0.0    11.92 C    18.2    -6.4     1.3    80.0    37.4    58.1   0.178   0.171   0.186   0.241   0.320     6.3     6.8     7.3     8.8    10.6
63850 20180116  2.422  -83.39   33.78    10.8    -4.3     3.3     3.5     0.0    10.34 C    21.4    -5.9     3.9    90.3    41.0    62.2   0.175   0.167   0.182   0.239   0.322     6.5     6.8     7.1     8.4    10.3
63850 20180117  2.422  -83.39   33.78     1.4    -7.1    -2.8    -3.6     2.4    12.01 C     4.2    -8.7    -2.9    92.9    40.9    65.6   0.175   0.167   0.180   0.237   0.322     6.2     6.7     7.2     8.4    10.1
63850 20180118  2.422  -83.39   33.78     7.3    -8.8    -0.7    -1.6     0.0    12.54 C    17.3    -9.1    -0.2    70.1    27.6    48.0   0.175   0.166   0.179   0.237   0.316     4.7     5.3     5.9     7.7     9.9
63850 20180119  2.422  -83.39   33.78    13.3    -2.3     5.5     4.7     0.0    12.90 C    21.6    -5.0     2.9    55.9    12.9    31.1   0.173   0.164   0.176   0.235   0.298     5.3     5.7     6.0     7.4     9.5
63850 20180120  2.422  -83.39   33.78    17.4     0.2     8.8     8.4     0.0    12.17 C    25.1    -4.5     6.5    74.1    28.8    45.6   0.170   0.161   0.172   0.235   0.276     6.2     6.3     6.4     7.4     9.3
63850 20180121  2.422  -83.39   33.78    20.4     3.2    11.8    12.2     0.0    12.13 C    28.5    -0.3    10.0    91.4    41.6    62.7   0.167   0.158   0.169   0.234   0.257     7.9     7.9     7.7     8.0     9.3
63850 20180122  2.422  -83.39   33.78    17.3     4.7    11.0    12.2    15.5     3.92 C    20.2     2.8    10.7   100.0    69.9    86.3   0.174   0.162   0.170   0.233   0.247     8.9     8.8     8.5     8.7     9.6
63850 20180123  2.422  -83.39   33.78    16.5     5.9    11.2    12.0     0.8    12.69 C    20.4     2.0    11.1    98.9    36.8    61.5   0.200   0.191   0.197   0.251   0.273    10.6    10.5    10.0     9.6    10.0
63850 20180124  2.422  -83.39   33.78    12.6     0.1     6.4     6.0     0.0    13.11 C    20.7    -2.6     5.1    82.4    24.2    53.4   0.184   0.176   0.188   0.245   0.309     8.5     8.8     9.1     9.7    10.4
63850 20180125  2.422  -83.39   33.78    14.0    -0.4     6.8     6.4     0.0    13.39 C    24.1    -3.9     5.2    73.4    20.4    45.9   0.178   0.169   0.183   0.241   0.313     8.0     8.2     8.5     9.3    10.4
63850 20180126  2.422  -83.39   33.78    14.3    -1.6     6.4     7.0     0.0    10.85 C    22.4    -3.5     5.8    84.3    21.6    47.2   0.173   0.164   0.177   0.239   0.314     7.7     8.0     8.2     9.0    10.2
63850 20180127  2.422  -83.39   33.78    16.0     7.9    12.0    11.5     5.4     4.94 C    18.1     5.5    11.1    99.6    45.9    73.1   0.172   0.162   0.173   0.238   0.308     9.2     9.1     8.9     9.2    10.2
63850 20180128  2.422  -83.39   33.78    12.4    10.6    11.5    11.6    50.2     1.25 C    12.9    10.5    11.5   100.0    97.1    99.4   0.235   0.232   0.221   0.273   0.312    10.5    10.4    10.0     9.9    10.4
63850 20180129  2.422  -83.39   33.78    15.7     6.1    10.9    11.4     0.0    11.36 C    25.1     1.0    10.9    98.2    27.2    67.5   0.201   0.216   0.206   0.271   0.322    11.0    11.0    10.7    10.5    10.7
63850 20180130  2.422  -83.39   33.78     8.1    -1.5     3.3     3.8     0.0    14.13 C    19.5    -4.2     4.3    74.4    29.0    48.6   0.188   0.189   0.195   0.256   0.325     8.9     9.3     9.6    10.3    10.9
63850 20180131  2.422  -83.39   33.78    12.1    -3.7     4.2     3.9     0.0    13.84 C    20.9    -5.7     3.5    76.5    24.5    49.4   0.182   0.178   0.188   0.250   0.329     7.9     8.2     8.6     9.6    10.8
63850 20180201  2.422  -83.39   33.78    16.1    -1.0     7.5     8.8     0.0     7.20 C    21.5    -3.8     8.0    84.1    49.0    66.7   0.178   0.172   0.183   0.245   0.329     8.3     8.4     8.5     9.3    10.6
63850 20180202  2.422  -83.39   33.78    13.7    -0.9     6.4     5.0     0.6    12.24 C    17.9    -3.7     5.2    90.7    21.2    52.4   0.175   0.168   0.178   0.242   0.330     8.8     9.0     9.1     9.6    10.5
63850 20180203  2.422  -83.39   33.78     8.4    -1.3     3.5     2.8     0.0    11.77 C    20.3    -2.6     4.7    53.4    27.2    40.8   0.172   0.164   0.174   0.240   0.327     7.6     8.0     8.2     9.2    10.5
63850 20180204  2.422  -83.39   33.78     8.2     0.5     4.3     4.5    38.9     3.60 C    12.8     0.9     5.2    98.4    41.0    84.8   0.230   0.216   0.210   0.270   0.329     7.0     7.3     7.6     8.8    10.2
63850 20180205  2.422  -83.39   33.78    11.9     1.9     6.9     6.3     0.0    14.88 C    23.1    -1.3     6.6    93.7    37.9    68.2   0.204   0.199   0.200   0.262   0.334     7.9     8.0     8.0     8.6    10.0
63850 20180206  2.422  -83.39   33.78    18.7     0.2     9.5     9.5     0.0    10.92 C    26.5    -1.6     9.6    91.9    44.3    67.0   0.190   0.183   0.191   0.253   0.336     8.6     8.6     8.5     8.9    10.0
63850 20180207  2.422  -83.39   33.78    16.0     7.7    11.8    13.8    29.0     1.59 C    17.2     6.9    12.8    98.7    73.5    91.6   0.221   0.210   0.207   0.273   0.338    10.8    10.5    10.0     9.6    10.1
63850 20180208  2.422  -83.39   33.78    15.0     2.3     8.6     8.0     0.0    14.26 C    24.9     0.0     8.7    85.0    28.4    61.8   0.204   0.198   0.200   0.264   0.339    10.4    10.5    10.3    10.2    10.5
63850 20180209  2.422  -83.39   33.78    15.9     0.4     8.1     9.0     0.3    12.62 C    26.0    -1.4     9.1    93.0    36.6    67.3   0.190   0.181   0.191   0.254   0.339     9.7     9.8     9.8    10.2    10.7
63850 20180210  2.422  -83.39   33.78    17.8     9.9    13.8    13.0     1.6     2.35 C    16.7    10.0    13.2   100.0    87.7    99.4   0.189   0.178   0.187   0.250   0.339    11.1    11.0    10.6    10.5    10.8
63850 20180211  2.422  -83.39   33.78    19.4    16.2    17.8    18.0     4.9     2.43 C    19.2    15.1    16.9    99.9    86.0    93.7   0.202   0.187   0.193   0.255   0.339    13.2    12.9    12.1    11.2    11.1
63850 20180212  2.422  -83.39   33.78    20.0    14.2    17.1    16.6     0.7     6.95 C    26.0    11.1    16.3    99.3    73.1    89.0   0.196   0.184   0.192   0.255   0.340    14.0    13.7    13.0    12.1    11.5
63850 20180213  2.422  -83.39   33.78    14.8     7.4    11.1    10.5     0.0     6.60 C    17.3     6.9    11.3    95.7    58.3    72.7   0.188   0.176   0.186   0.250   0.341    12.8    12.9    12.8    12.5    12.0
63850 20180214  2.422  -83.39   33.78    16.0     7.5    11.7    11.5     0.0     6.45 C    23.3     6.9    13.1    94.5    74.7    85.9   0.182   0.170   0.182   0.247   0.340    12.7    12.6    12.3    12.3    12.2
63850 20180215  2.422  -83.39   33.78    21.7    13.7    17.7    17.5     0.0     7.21 C    25.3    12.3    16.9    97.4    69.9    85.4   0.178   0.166   0.177   0.245   0.339    14.0    13.7    13.1    12.5    12.3
63850 20180216  2.422  -83.39   33.78    24.6    16.0    20.3    19.6     0.0     9.76 C    28.2    14.7    18.6    96.4    54.5    77.5   0.175   0.162   0.173   0.244   0.336    15.1    14.8    14.0    13.2    12.6
63850 20180217  2.422  -83.39   33.78    18.5    12.3    15.4    14.6     0.0     6.74 C    28.7     9.5    15.1    94.3    71.3    82.6   0.170   0.158   0.168   0.242   0.329    14.8    14.6    14.2    13.7    13.0
63850 20180218  2.422  -83.39   33.78    19.8    10.8    15.3    15.3     0.7    13.01 C    30.5     7.6    16.6    95.9    58.0    79.8   0.166   0.154   0.164   0.241   0.308    14.9    14.7    14.2    13.8    13.3
63850 20180219  2.422  -83.39   33.78    18.4    13.7    16.1    14.9     1.0     5.50 C    22.8    12.6    15.5   100.0    84.0    96.1   0.165   0.152   0.161   0.239   0.282    15.0    14.9    14.5    14.0    13.5
63850 20180220  2.422  -83.39   33.78    23.8    13.7    18.7    18.0     0.2     7.33 C    30.3    13.4    17.9   100.0    64.1    88.7   0.165   0.152   0.161   0.238   0.262    15.6    15.4    14.8    14.2    13.6
63850 20180221  2.422  -83.39   33.78    24.8    18.6    21.7    20.9     0.0     8.88 C    32.1    13.7    19.8    92.5    66.5    84.4   0.162   0.149   0.159   0.237   0.249    16.8    16.5    15.7    14.7    13.9
63850 20180222  2.422  -83.39   33.78    25.6    17.4    21.5    20.3     0.0     8.66 C    33.9    12.4    19.0    95.9    59.8    84.0   0.159   0.146   0.156   0.236   0.240    17.0    16.7    16.0    15.2    14.3
63850 20180223  2.422  -83.39   33.78    24.1    12.8    18.5    18.2     0.2     9.21 C    33.5    10.0    16.9   100.0    57.1    84.6   0.156   0.142   0.153   0.234   0.235    16.5    16.4    15.9    15.4    14.6
63850 20180224  2.422  -83.39   33.78    26.1    14.9    20.5    19.9     0.0    11.67 C    31.2    11.4    18.5    99.9    47.1    74.6   0.151   0.139   0.150   0.233   0.232    16.6    16.5    16.0    15.5    14.8
63850 20180225  2.422  -83.39   33.78    20.5    15.5    18.0    17.6     7.9     5.05 C    23.4    13.5    16.7    96.2    68.5    83.6   0.165   0.145   0.151   0.232   0.229    16.5    16.4    16.0    15.6    14.9
63850 20180226  2.422  -83.39   33.78    19.0    10.3    14.7    14.7    12.7     7.44 C    26.0     7.4    14.7    99.5    64.8    85.2   0.202   0.179   0.184   0.234   0.227    16.0    16.0    15.7    15.5    15.1
63850 20180227  2.422  -83.39   33.78    17.3     5.6    11.4    11.3     0.0    18.28 C    27.6     4.6    12.6    91.7    43.0    67.0   0.188   0.175   0.188   0.241   0.224    14.9    15.0    15.0    15.2    15.1
63850 20180228  2.422  -83.39   33.78    12.6     8.8    10.7    10.5     2.9     2.37 C    15.7     8.5    11.6    99.0    55.3    88.8   0.182   0.169   0.181   0.238   0.224    14.2    14.4    14.4    14.8    14.9
63850 20180301  2.422  -83.39   33.78    22.9    11.0    16.9    14.7     8.7     5.83 C    24.3     9.7    14.7   100.0    66.6    91.5   0.202   0.182   0.191   0.243   0.224    14.8    14.8    14.5    14.5    14.8
63850 20180302  2.422  -83.39   33.78    16.0     6.0    11.0    11.0     0.0    19.29 C    25.6     3.9    11.3    83.2    23.8    50.9   0.193   0.179   0.191   0.252   0.257    14.0    14.1    14.1    14.5    14.7
63850 20180303  2.422  -83.39   33.78    18.6     2.7    10.7    10.4     0.0    19.33 C    28.2    -0.7    10.2    61.4    17.7    38.9   0.180   0.167   0.181   0.245   0.267    13.1    13.3    13.4    14.0    14.6
63850 20180304  2.422  -83.39   33.78    17.1    -0.2     8.5     9.6     0.0    19.45 C    28.2    -1.6     9.3    84.6    17.6    40.4   0.170   0.159   0.172   0.242   0.254    12.8    13.0    13.1    13.7    14.3
63850 20180305  2.422  -83.39   33.78    16.8     1.4     9.1     9.6     0.0    10.12 C    22.6    -0.2     9.7    89.4    37.6    58.1   0.164   0.154   0.166   0.241   0.243    12.5    12.7    12.8    13.5    14.1
63850 20180306  2.422  -83.39   33.78    14.7     7.4    11.0    10.1    13.3     2.23 C    14.6     4.6     9.9   100.0    59.4    91.2   0.188   0.169   0.176   0.239   0.238    12.7    12.9    12.9    13.4    14.0
63850 20180307  2.422  -83.39   33.78    10.9     1.8     6.4     6.3     0.0    19.78 C    21.8    -0.9     7.5    97.5    37.2    57.5   0.194   0.178   0.191   0.249   0.234    11.7    12.0    12.2    13.0    13.8
63850 20180308  2.422  -83.39   33.78     8.9    -0.6     4.1     3.9     0.0    17.47 C    22.7    -2.5     5.6    80.3    38.3    55.4   0.183   0.169   0.183   0.244   0.233    10.8    11.1    11.5    12.5    13.6
63850 20180309  2.422  -83.39   33.78    14.7    -3.3     5.7     5.7     0.0    19.36 C    24.7    -5.1     6.6    79.7    29.0    51.7   0.175   0.162   0.176   0.242   0.234    10.6    10.8    11.1    12.0    13.3
63850 20180310  2.422  -83.39   33.78    18.8     0.1     9.4    10.3     0.0    14.64 C    29.9    -1.9    10.7    96.2    51.0    70.7   0.169   0.157   0.170   0.240   0.233    11.4    11.4    11.4    11.9    13.1
63850 20180311  2.422  -83.39   33.78    13.5     7.7    10.6    11.1    12.3     2.85 C    15.8     8.7    11.4    99.5    74.1    94.3   0.191   0.168   0.178   0.239   0.232    12.3    12.3    12.2    12.4    13.0
63850 20180312  2.422  -83.39   33.78    11.3     3.4     7.4     7.2     5.6    12.16 C    18.8     1.2     8.2    99.1    37.4    73.8   0.208   0.186   0.198   0.255   0.247    11.7    11.9    11.9    12.5    13.1
63850 20180313  2.422  -83.39   33.78    11.8    -0.3     5.8     6.0     0.0    20.45 C    23.3    -1.7     7.6    77.0    33.7    54.5   0.190   0.174   0.189   0.252   0.298    11.0    11.2    11.3    12.1    13.0
63850 20180314  2.422  -83.39   33.78    10.2     0.8     5.5     5.2     0.0    21.08 C    23.7    -2.4     6.4    63.1    24.3    41.5   0.179   0.165   0.180   0.246   0.308    10.7    10.9    11.1    11.9    12.9
63850 20180315  2.422  -83.39   33.78    18.9    -0.5     9.2     9.7     0.0    20.84 C    26.5    -3.5     9.4    66.5    21.4    40.5   0.171   0.159   0.172   0.244   0.302    10.7    10.8    10.9    11.6    12.7
63850 20180316  2.422  -83.39   33.78    21.9     5.0    13.4    14.1     0.0    17.62 C    30.4     1.5    12.5    70.1    28.0    44.3   0.162   0.151   0.165   0.242   0.287    11.9    11.8    11.6    11.8    12.6
63850 20180317  2.422  -83.39   33.78    23.3    10.0    16.6    15.9     0.0    11.69 C    29.5     6.8    15.3    94.4    52.6    76.4   0.155   0.146   0.160   0.240   0.267    13.0    12.9    12.5    12.4    12.8
63850 20180318  2.422  -83.39   33.78    24.3    13.8    19.0    18.5     0.5    18.54 C    34.3    10.3    18.0    91.3    23.8    55.4   0.147   0.139   0.154   0.239   0.254    14.5    14.2    13.6    13.0    13.0
63850 20180319  2.422  -83.39   33.78    17.3    12.7    15.0    14.9    26.1     4.11 C    20.6    12.5    15.3    99.7    73.0    93.6   0.171   0.151   0.157   0.240 -99.000    14.6    14.5    14.0    13.6    13.4
63850 20180320  2.422  -83.39   33.78    21.7     9.4    15.5    15.4     3.1    14.72 C    26.7     8.5    15.6   100.0    42.9    76.8   0.215 -99.000   0.201   0.258 -99.000    15.3 -9999.0    14.6    14.1 -9999.0
63850 20180321  2.422  -83.39   33.78     9.4     2.7     6.1     5.9     0.0    10.04 C    16.6     1.8     6.5    83.3    42.8    59.0   0.191   0.180   0.193   0.253   0.361    12.8    13.1    13.5    13.9    13.9
63850 20180322  2.422  -83.39   33.78    13.6     0.7     7.1     7.2     0.0    21.98 C    24.6    -1.0     8.7    68.3    30.7    48.0   0.179   0.170   0.184   0.247   0.368    12.1    12.3    12.4    13.1    13.8
63850 20180323  2.422  -83.39   33.78    17.2     1.0     9.1     9.9     0.0    18.67 C    27.5    -0.6    10.8    79.3    33.0    51.9 -99.000 -99.000 -99.000 -99.000 -99.000 -9999.0 -9999.0 -9999.0 -9999.0 -9999.0
63850 20180324  2.422  -83.39   33.78    21.3     9.0    15.1    14.1     0.0    11.90 C    26.7     7.2    14.2    84.6    36.1    58.6   0.161   0.154   0.168   0.243 -99.000    13.7    13.6    13.1    13.1 -9999.0
63850 20180325  2.422  -83.39   33.78    10.4     4.7     7.5     6.9     3.5     4.66 C    13.3     5.9     8.2    96.0    61.8    85.7   0.165   0.154   0.164   0.241   0.287    12.5    12.8    12.9    13.3    13.6
63850 20180326  2.422  -83.39   33.78     9.3     6.0     7.6     7.9     0.0     6.67 C    15.1     5.6     8.3    77.7    45.4    57.8   0.162   0.152   0.163   0.240   0.262    11.6    11.9    12.1    12.8    13.6
63850 20180327  2.422  -83.39   33.78    12.9     7.5    10.2     9.6     0.0     7.18 C    19.8     7.2    10.5    89.9    56.5    75.6   0.159   0.148   0.160   0.238   0.248    11.9    12.0    12.0    12.5    13.3
63850 20180328  2.422  -83.39   33.78    24.5     6.1    15.3    16.0     0.0    18.15 C    29.0     4.9    15.5    99.2    48.6    74.3   0.153   0.143   0.157   0.236   0.239    13.6    13.3    12.8    12.7    13.2
63850 20180329  2.422  -83.39   33.78    23.8    12.6    18.2    18.3    16.1    12.42 C    27.3     9.7    16.8    97.6    49.1    73.1   0.149   0.138   0.152   0.235   0.234    14.6    14.4    13.9    13.5    13.5
63850 20180330  2.422  -83.39   33.78    18.5     9.7    14.1    15.6     0.0    17.58 C    25.3     6.4    15.6    98.6    45.3    71.3   0.193   0.174   0.180   0.234   0.230    15.5    15.3    14.7    14.1    13.8
63850 20180331  2.422  -83.39   33.78    19.3     3.6    11.5    12.2     0.0    23.49 C    28.7     0.6    11.8    89.8    25.9    51.4   0.175   0.163   0.173   0.232   0.227    14.5    14.6    14.3    14.2    14.1
63850 20180401  2.422  -83.39   33.78    23.8     4.0    13.9    15.5     0.0    21.60 C    30.7     2.7    14.6    94.2    33.4    56.7   0.160   0.152   0.165   0.232   0.225    14.8    14.7    14.4    14.3    14.2
63850 20180402  2.422  -83.39   33.78    26.5    10.2    18.4    18.9     0.0    21.50 C    31.4     6.9    16.8    87.1    27.6    50.6   0.143   0.140   0.157   0.231   0.224    15.7    15.5    15.0    14.6    14.3
63850 20180403  2.422  -83.39   33.78    26.3    11.2    18.8    19.8     0.0    18.40 C    31.8     8.4    18.3    95.9    48.7    66.5   0.124   0.127   0.149   0.229   0.222    16.2    16.0    15.5    15.0    14.6
63850 20180404  2.422  -83.39   33.78    19.9     6.4    13.2    15.0     0.9    16.26 C    22.4     1.2    14.3    94.6    31.0    58.5   0.110   0.116   0.142   0.228   0.221    16.2    16.2    15.8    15.4    14.8
63850 20180405  2.422  -83.39   33.78    18.8     0.0     9.4    10.5     0.0    22.38 C    29.8    -1.9    11.0    91.6    22.0    48.7   0.099   0.105   0.136   0.227   0.219    14.9    14.9    14.9    15.0    15.0
63850 20180406  2.422  -83.39   33.78    22.5     6.2    14.4    14.5     0.4    19.10 C    29.4     2.3    14.4    91.9    34.0    65.3   0.088   0.093   0.130   0.224   0.218    15.2    15.1    14.8    14.9    14.9
63850 20180407  2.422  -83.39   33.78    17.4     7.0    12.2    13.2     4.2     6.81 C    21.7     8.3    13.9    96.8    68.6    85.4   0.084   0.089   0.125   0.223   0.218    15.5    15.5    15.2    15.1    14.9
63850 20180408  2.422  -83.39   33.78    10.7     4.7     7.7     7.3     0.9     9.01 C    18.6     6.4     9.4    99.0    60.9    84.2   0.093   0.091   0.123   0.223   0.217    14.2    14.4    14.5    14.9    15.0
63850 20180409  2.422  -83.39   33.78    11.1     7.4     9.2     9.3     1.7     4.00 C    14.5     5.1    10.6    99.5    79.6    93.1   0.104   0.093   0.122   0.222   0.216    13.8    14.0    14.0    14.5    14.9
63850 20180410  2.422  -83.39   33.78    19.4     7.8    13.6    12.8     0.0    19.94 C    30.5     4.5    14.0    99.9    45.2    72.8   0.105   0.093   0.121   0.221   0.215    14.9    14.8    14.3    14.3    14.8
63850 20180411  2.422  -83.39   33.78    20.4     4.6    12.5    13.1     0.0    23.36 C    32.0     2.1    13.7    82.1    26.5    52.2   0.091   0.086   0.118   0.219   0.214    15.1    15.0    14.7    14.6    14.8
63850 20180412  2.422  -83.39   33.78    23.8     6.1    15.0    15.7     0.0    23.75 C    32.2     3.0    15.2    89.3    29.7    55.7   0.078   0.074   0.113   0.216   0.212    15.5    15.4    15.0    14.8    14.8
63850 20180413  2.422  -83.39   33.78    25.5     9.6    17.6    18.3     0.0    19.84 C    33.0     6.5    17.4    93.1    44.9    66.6   0.070   0.063   0.107   0.213   0.211    16.2    15.9    15.4    15.2    15.0
63850 20180414  2.422  -83.39   33.78    27.1    13.3    20.2    20.6     0.0    17.70 C    34.3     9.9    20.3    95.2    43.7    68.1   0.065   0.054   0.101   0.210   0.210    17.2    16.9    16.2    15.6    15.2
63850 20180415  2.422  -83.39   33.78    20.4     7.7    14.0    15.5    60.9     2.04 C    19.0     7.4    15.1    98.6    66.7    87.8   0.160   0.160   0.158   0.231   0.249    16.8    16.8    16.5    16.1    15.6
63850 20180416  2.422  -83.39   33.78    10.8     3.2     7.0     6.4     0.0    14.11 C    18.0    -0.1     7.4    79.8    46.5    66.9   0.197   0.203   0.200   0.253   0.317    14.4    14.8    15.0    15.6    15.7
63850 20180417  2.422  -83.39   33.78    22.6     0.8    11.7    12.1     0.0    24.93 C    28.1    -0.2    13.0    92.1    37.6    60.1   0.181   0.181   0.189   0.246   0.324    14.5    14.5    14.3    14.8    15.4
63850 20180418  2.422  -83.39   33.78    27.1     9.1    18.1    18.9     0.0    25.28 C    30.0     5.6    17.7    83.3    27.5    51.7   0.165   0.163   0.176   0.241   0.322    16.0    15.8    15.3    15.1    15.3
63850 20180419  2.422  -83.39   33.78    19.6     7.9    13.7    15.9     0.0    25.33 C    29.9     2.8    16.6    86.0    38.0    58.0   0.149   0.146   0.162   0.238   0.297    16.8    16.6    16.1    15.7    15.5
63850 20180420  2.422  -83.39   33.78    18.8     4.3    11.6    11.5     0.0    26.22 C    30.5     1.6    12.3    81.2    29.1    50.7   0.135   0.133   0.152   0.236   0.261    16.0    16.0    15.8    15.8    15.7
63850 20180421  2.422  -83.39   33.78    21.1     2.9    12.0    13.6     0.0    24.66 C    30.7    -0.3    13.9    93.3    33.6    58.5   0.119   0.120   0.144   0.234   0.242    15.9    15.9    15.7    15.7    15.7
63850 20180422  2.422  -83.39   33.78    16.6    11.1    13.9    14.5     8.3     4.97 C    18.0     8.6    14.4    96.7    60.2    88.5   0.122   0.114   0.138   0.233   0.234    16.1    16.1    15.9    15.9    15.7
63850 20180423  2.422  -83.39   33.78    19.1    13.7    16.4    16.0    38.0     5.94 C    21.9    13.4    16.1    98.3    88.4    95.0   0.220   0.206   0.195   0.257   0.277    16.1    16.1    15.8    15.8    15.8
63850 20180424  2.422  -83.39   33.78    21.2    13.9    17.5    17.5     0.2    13.90 C    29.9    12.4    17.9    99.2    64.5    84.7   0.199   0.199   0.201   0.262   0.310    17.4    17.1    16.5    16.0    15.9
63850 20180425  2.622  -83.39   33.78 -9999.0 -9999.0 -9999.0 -9999.0 -9999.0 -9999.00 U -9999.0 -9999.0 -9999.0 -9999.0 -9999.0 -9999.0 -99.000 -99.000 -99.000 -99.000 -99.000 -9999.0 -9999.0 -9999.0 -9999.0 -9999.0
63850 20180426  2.622  -83.39   33.78    19.3     9.5    14.4    13.9     7.5    11.21 C    28.7     6.3    14.5   100.0    62.6    87.3   0.185   0.174   0.183   0.248   0.318    16.9    17.0    16.8    16.6    16.2
63850 20180427  2.622  -83.39   33.78    22.3    11.7    17.0    16.1     0.0    25.30 C    34.7     7.8    18.2    99.8    42.4    71.7   0.188   0.178   0.187   0.251   0.318    17.8    17.6    17.0    16.6    16.3
63850 20180428  2.622  -83.39   33.78    24.2    10.5    17.3    17.5     0.0    27.15 C    35.9     7.7    18.2    87.7    31.4    57.6   0.173   0.163   0.175   0.246   0.315    18.0    17.9    17.4    16.9    16.5
63850 20180429  2.622  -83.39   33.78    21.0     8.1    14.6    15.0     0.0    28.05 C    35.2     2.8    16.3    84.9    30.2    54.6   0.159   0.150   0.163   0.243   0.303    17.9    17.9    17.4    17.1    16.6
63850 20180430  2.622  -83.39   33.78    23.1     5.1    14.1    14.7     0.0    28.19 C    36.6     0.9    16.0    92.9    29.0    56.7   0.145   0.139   0.154   0.240   0.266    17.5    17.6    17.2    17.0    16.8
63850 20180501  2.622  -83.39   33.78    26.4     6.6    16.5    17.5     0.0    27.68 C    38.6     1.8    17.8    97.6    34.5    63.6   0.126   0.127   0.147   0.237   0.191    17.9    17.8    17.3    17.0    16.9
63850 20180502  2.622  -83.39   33.78    27.0    10.8    18.9    19.9     0.0    26.44 C    40.0     5.7    19.9    95.4    36.5    62.8   0.104   0.115   0.139   0.234   0.173    18.7    18.5    17.9    17.3    16.9
63850 20180503  2.622  -83.39   33.78    27.3    12.1    19.7    20.0     0.0    27.43 C    40.5     6.5    20.4    96.9    34.9    65.1   0.089   0.101   0.131   0.230   0.162    19.1    19.0    18.2    17.7    17.1
63850 20180504  2.622  -83.39   33.78    28.4    12.2    20.3    21.0     0.0    26.69 C    41.1     8.2    21.9    99.0    44.5    69.1   0.079   0.086   0.122   0.226   0.155    19.7    19.4    18.7    18.0    17.3
63850 20180505  2.622  -83.39   33.78    26.5    15.9    21.2    21.0     0.0    14.90 C    37.5    11.9    21.4    96.4    51.7    76.9   0.075   0.075   0.114   0.222   0.151    19.9    19.7    19.0    18.4    17.6
63850 20180506  2.622  -83.39   33.78    26.6    15.4    21.0    20.7     0.0    27.63 C    38.2    10.2    21.6    98.2    33.7    63.0   0.072   0.067   0.107   0.218   0.146    20.1    19.9    19.2    18.6    17.8
63850 20180507  2.622  -83.39   33.78    27.0    12.8    19.9    20.2     0.0    25.77 C    41.8     7.9    21.3    89.8    36.4    61.5 -99.000 -99.000 -99.000 -99.000 -99.000 -9999.0 -9999.0 -9999.0 -9999.0 -9999.0
63850 20180508  2.622  -83.39   33.78    25.6    13.4    19.5    19.5     0.0    25.50 C    42.0    10.0    21.7    92.2    47.4    71.2   0.071 -99.000 -99.000 -99.000 -99.000 -9999.0 -9999.0 -9999.0 -9999.0 -9999.0
63850 20180509  2.622  -83.39   33.78    28.8    12.2    20.5    20.6     0.0    25.41 C    44.1     8.4    22.1    97.5    38.3    68.1   0.064 -99.000 -99.000 -99.000 -99.000 -9999.0 -9999.0 -9999.0 -9999.0 -9999.0
63850 20180510  2.622  -83.39   33.78    31.6    14.0    22.8    22.4     0.0    23.68 C    44.9     9.5    23.0    98.2    34.6    66.7   0.061   0.043   0.081   0.195   0.130    20.8    20.5    19.8    19.1    18.4
63850 20180511  2.622  -83.39   33.78    32.2    14.7    23.5    23.7     0.0    26.48 C    53.1    10.6    27.3    95.6    33.4    64.7   0.060   0.041   0.077   0.192   0.129    22.0    21.5    20.4    19.5    18.6
63850 20180512  2.622  -83.39   33.78    32.8    16.1    24.4    25.0     0.0    25.71 C    55.7    13.3    29.0    96.8    35.2    63.0   0.061   0.041   0.075 -99.000 -99.000 -9999.0 -9999.0 -9999.0 -9999.0 -9999.0
63850 20180513  2.622  -83.39   33.78    33.3    16.2    24.8    25.5     0.0    27.05 C    54.7    13.3    29.3    98.4    26.1    57.5   0.061   0.042   0.074   0.190   0.128    23.3    22.8    21.7    20.6    19.2
63850 20180514  2.622  -83.39   33.78    32.2    18.0    25.1    24.8     0.0    22.56 C    55.4    14.2    29.3    87.8    32.4    64.7   0.061   0.042   0.074   0.189   0.127    23.8    23.2    22.1    21.0    19.6
63850 20180515  2.622  -83.39   33.78    24.9    18.7    21.8    21.6     1.6    13.10 C    40.6    16.9    23.8    98.3    72.6    89.7   0.061 -99.000   0.070   0.189 -99.000 -9999.0 -9999.0 -9999.0 -9999.0 -9999.0
63850 20180516  2.622  -83.39   33.78    24.5    19.7    22.1    21.0    16.8     8.81 C    37.0    19.4    22.8    99.8    80.5    96.3   0.116 -99.000 -99.000 -99.000 -99.000 -9999.0 -9999.0 -9999.0 -9999.0 -9999.0
63850 20180517  2.622  -83.39   33.78    27.1    19.6    23.3    22.0     0.2    14.68 C    47.7    19.7    25.5   100.0    62.2    90.5 -99.000 -99.000 -99.000 -99.000 -99.000 -9999.0 -9999.0 -9999.0 -9999.0 -9999.0
63850 20180518  2.622  -83.39   33.78    27.2    18.0    22.6    21.3    11.4    13.05 C    48.3    16.8    24.2    99.5    65.8    91.8 -99.000 -99.000 -99.000 -99.000 -99.000 -9999.0 -9999.0 -9999.0 -9999.0 -9999.0
63850 20180519  2.622  -83.39   33.78    27.9    18.6    23.2    22.9     3.5    16.59 C    45.8    18.3    26.0    99.4    68.1    88.7   0.176 -99.000 -99.000 -99.000 -99.000 -9999.0 -9999.0 -9999.0 -9999.0 -9999.0
63850 20180520  2.622  -83.39   33.78    28.4    19.0    23.7    22.8     0.0    17.84 C    49.9    18.1    26.9   100.0    66.2    88.5 -99.000 -99.000 -99.000 -99.000 -99.000 -9999.0 -9999.0 -9999.0 -9999.0 -9999.0
63850 20180521  2.622  -83.39   33.78    27.9    17.6    22.7    22.7     0.0    21.01 C    50.4    16.0    27.2   100.0    59.7    81.7   0.151 -99.000 -99.000 -99.000 -99.000 -9999.0 -9999.0 -9999.0 -9999.0 -9999.0
63850 20180522  2.622  -83.39   33.78    28.1    18.9    23.5    22.0    15.3    15.33 C    48.3    17.6    24.8    99.6    62.8    90.7   0.166 -99.000 -99.000 -99.000 -99.000 -9999.0 -9999.0 -9999.0 -9999.0 -9999.0
63850 20180523  2.622  -83.39   33.78    26.0    19.3    22.6    21.5     4.6     9.06 C    38.6    19.4    23.5   100.0    77.9    96.4 -99.000 -99.000 -99.000 -99.000 -99.000 -9999.0 -9999.0 -9999.0 -9999.0 -9999.0
63850 20180524  2.622  -83.39   33.78    29.3    19.5    24.4    23.0    10.2    20.11 C    45.5    19.6    27.1   100.0    61.7    89.6   0.188   0.167   0.179   0.199   0.122    24.9 -9999.0 -9999.0 -9999.0 -9999.0
63850 20180525  2.622  -83.39   33.78    25.9    20.6    23.2    21.9    25.2    11.21 C    34.3    20.9    24.2    99.8    77.2    94.5   0.207   0.189   0.202   0.238   0.191    24.5    24.4    23.7    23.0    21.7
63850 20180526  2.622  -83.39   33.78    28.1    20.3    24.2    23.4     0.0    18.31 C    41.0    19.8    26.2   100.0    67.1    88.6   0.195   0.183   0.200   0.254   0.261    25.1    24.8    23.9    23.1    21.8
63850 20180527  2.622  -83.39   33.78    27.3    20.0    23.6    23.0     2.3    13.88 C    38.8    19.5    25.4   100.0    63.8    88.6   0.180   0.169   0.188   0.243   0.268    25.0    24.8    24.1    23.4    22.0
63850 20180528  2.622  -83.39   33.78    28.7    20.6    24.6    22.6    35.4    14.62 C    38.2    20.7    24.7    99.4    76.7    95.5   0.214   0.195   0.203   0.258   0.268    24.9    24.8    24.1    23.4    22.2
63850 20180529  2.622  -83.39   33.78    26.1    20.8    23.4    23.3     5.7    10.27 C    33.1    21.3    24.3    99.3    82.0    93.8   0.213   0.209   0.210   0.266   0.274    24.7    24.6    24.0    23.5    22.4
63850 20180530  2.622  -83.39   33.78    29.0    21.5    25.3    23.9    23.1    17.28 C    37.8    21.3    25.4    99.3    64.9    88.3   0.209   0.197   0.205   0.262   0.275    25.1    25.0    24.3    23.6    22.5
63850 20180531  2.622  -83.39   33.78    30.0    19.4    24.7    23.7    44.6    19.75 C    38.6    19.4    25.7   100.0    65.6    88.9   0.226   0.206   0.213   0.272   0.277    25.2    25.1    24.5    23.8    22.7
63850 20180601  2.622  -83.39   33.78    30.7    19.1    24.9    22.4    14.2    19.05 C    39.2    19.3    24.3    99.5    63.5    88.6   0.229   0.215   0.221   0.276   0.276    25.2    25.0    24.5    24.0    22.9
63850 20180602  2.622  -83.39   33.78    30.7    19.2    25.0    24.7     0.7    25.16 C    38.1    19.4    26.3    99.8    56.9    83.3   0.194   0.182   0.198   0.269   0.275    26.0    25.6    24.8    24.1    23.0
63850 20180603  2.622  -83.39   33.78    32.2    20.4    26.3    26.2     0.0    27.06 C    39.3    19.2    27.2    98.0    53.1    76.1   0.177   0.165   0.182   0.257   0.274    26.8    26.5    25.5    24.5    23.2
63850 20180604  2.622  -83.39   33.78    28.7    18.5    23.6    23.8     0.0    29.46 C    38.8    15.5    25.1    92.1    39.0    63.3   0.162   0.152   0.168   0.249   0.273    26.5    26.3    25.7    24.9    23.5
63850 20180605  2.622  -83.39   33.78    26.5    17.0    21.8    21.6     0.0    20.27 C    37.5    15.0    22.4    97.8    46.9    69.9   0.149   0.140   0.157   0.246   0.272    25.3    25.3    25.0    24.7    23.6
63850 20180606  2.622  -83.39   33.78    31.0    16.4    23.7    23.8     0.0    28.69 C    39.2    15.4    25.1    98.1    36.0    69.9   0.135   0.129   0.148   0.243   0.259    25.5    25.3    24.7    24.3    23.6
63850 20180607  2.622  -83.39   33.78    30.7    18.7    24.7    24.5     0.0    28.61 C    40.5    16.5    26.2    95.6    48.0    73.3   0.116   0.113   0.139   0.235   0.217    25.9    25.7    25.0    24.4    23.6
63850 20180608  2.622  -83.39   33.78    30.7    19.9    25.3    24.5     0.0    23.59 C    41.1    18.7    26.3    98.5    53.4    81.4   0.098   0.097   0.130   0.229   0.179    26.2    26.0    25.3    24.7    23.7
63850 20180609  2.622  -83.39   33.78    31.3    18.7    25.0    25.2     0.0    25.00 C    40.3    17.4    26.5    99.9    48.5    76.8   0.083   0.080   0.121   0.224   0.160    26.3    26.1    25.4    24.8    23.8
63850 20180610  2.622  -83.39   33.78    31.8    19.6    25.7    25.4     0.0    23.61 C    40.4    18.2    26.5    99.2    50.9    77.1   0.073   0.065   0.111   0.218   0.151    26.4    26.2    25.5    24.9    23.9
63850 20180611  2.622  -83.39   33.78    30.7    19.7    25.2    23.1     3.2    17.46 C    40.6    18.3    24.5    99.3    58.5    88.2   0.071   0.057   0.103   0.214   0.146    26.0    25.9    25.4    24.9    24.1
63850 20180612  2.622  -83.39   33.78    26.6    20.3    23.4    22.2     0.0    12.71 C    33.9    19.9    23.7   100.0    70.7    91.4   0.084   0.058   0.100   0.213   0.145    25.2    25.2    24.9    24.7 -9999.0
63850 20180613  2.622  -83.39   33.78    28.7    20.2    24.4    23.3     1.0    15.99 C    35.9    20.1    24.8    98.7    66.9    88.7   0.076   0.059   0.097   0.212   0.143    25.5    25.3    24.8    24.5    23.9
63850 20180614  2.622  -83.39   33.78    30.4    20.3    25.4    24.9     0.0    21.32 C    38.0    19.3    25.8   100.0    55.3    83.2   0.071   0.055   0.094   0.208   0.139    25.9    25.7    25.0    24.5 -9999.0
63850 20180615  2.622  -83.39   33.78    32.2    20.2    26.2    26.1     0.0    24.74 C    42.3    18.7    27.6   100.0    56.7    82.1   0.066   0.050   0.087   0.202   0.134    26.5    26.1    25.3    24.7    23.9
63850 20180616  2.622  -83.39   33.78    32.4    21.0    26.7    25.9     0.0    24.84 C    43.1    19.0    27.7   100.0    55.6    80.6   0.062   0.047   0.079   0.194   0.130    26.8    26.5    25.7    25.0    24.0
63850 20180617  2.622  -83.39   33.78    31.6    20.7    26.2    25.8     0.0    25.99 C    44.0    20.5    28.3    96.3    54.1    77.4   0.059   0.043   0.072   0.187   0.126    27.0    26.7    25.9    25.1    24.3
63850 20180618  2.622  -83.39   33.78    33.5    20.3    26.9    27.1     0.0    27.17 C    46.1    18.5    29.3   100.0    45.3    75.7   0.056   0.041   0.065   0.180   0.123    27.3    27.0    26.1    25.4    24.4
63850 20180619  2.622  -83.39   33.78    34.7    22.0    28.4    28.3     0.0    24.39 C    46.6    20.0    29.8    97.0    41.1    71.2   0.054   0.040   0.058   0.175   0.119    27.6    27.2    26.3    25.6    24.5
63850 20180620  2.622  -83.39   33.78    35.0    22.6    28.8    28.6     0.0    27.77 C    48.6    20.5    30.9    93.2    36.5    64.6   0.052   0.038   0.053   0.169   0.116    28.0    27.6    26.6    25.8    24.7
63850 20180621  2.622  -83.39   33.78    33.2    21.8    27.5    26.0    31.4    16.96 C    45.6    20.4    27.3    99.3    51.9    78.5   0.060   0.061 -99.000   0.179 -99.000 -9999.0 -9999.0 -9999.0 -9999.0 -9999.0
63850 20180622  2.622  -83.39   33.78    32.3    21.1    26.7    24.9    13.2    22.96 C    39.6    21.2    26.5   100.0    51.2    84.4   0.117 -99.000 -99.000 -99.000 -99.000 -9999.0 -9999.0 -9999.0 -9999.0 -9999.0
63850 20180623  2.622  -83.39   33.78    30.5    21.0    25.8    25.0     0.4    21.50 C    36.8    21.1    25.9    99.5    57.6    83.1   0.143   0.138   0.131   0.185 -99.000    27.4 -9999.0 -9999.0 -9999.0 -9999.0
63850 20180624  2.622  -83.39   33.78    32.9    21.0    26.9    26.6     0.0    23.56 C    41.1    20.2    27.9    99.3    57.3    80.6   0.118   0.116   0.112   0.185   0.113    27.7    27.4    26.7    26.0    24.9
63850 20180625  2.622  -83.39   33.78    33.5    20.9    27.2    25.5     0.0    22.49 C    42.3    19.6    27.0    98.5    52.8    79.2   0.094   0.094   0.100   0.187   0.112    27.9    27.7    27.0    26.3    25.1
63850 20180626  2.622  -83.39   33.78    32.4    19.5    26.0    25.9     9.8    26.81 C    42.7    18.5    28.0    99.1    53.9    77.5   0.074   0.076   0.090   0.187   0.111    27.8    27.5    26.8 -9999.0 -9999.0
63850 20180627  2.622  -83.39   33.78    31.9    20.7    26.3    24.3    22.1    22.67 C    39.1    20.6    26.6   100.0    61.4    88.3   0.141   0.144   0.118   0.186   0.112    27.6 -9999.0 -9999.0 -9999.0 -9999.0
63850 20180628  2.622  -83.39   33.78    25.5    20.1    22.8    21.9     8.6     8.00 C    29.5    19.9    22.5   100.0    76.8    93.0   0.182   0.164   0.180   0.188   0.111    26.1    26.2 -9999.0 -9999.0 -9999.0
63850 20180629  2.622  -83.39   33.78    31.5    18.8    25.2    25.1     0.0    24.03 C    40.0    18.5    27.0    99.9    60.1    84.8   0.171 -99.000 -99.000 -99.000 -99.000 -9999.0 -9999.0 -9999.0 -9999.0 -9999.0
63850 20180630  2.622  -83.39   33.78    31.9    21.4    26.6    26.2     0.0    25.39 C    41.3    20.5    28.1   100.0    57.3    82.6 -99.000 -99.000 -99.000 -99.000 -99.000 -9999.0 -9999.0 -9999.0 -9999.0 -9999.0
63850 20180701  2.622  -83.39   33.78    30.6    21.7    26.2    25.3     2.2    21.69 C    39.7    21.2    27.7    99.3    61.7    86.1   0.141 -99.000 -99.000 -99.000 -99.000 -9999.0 -9999.0 -9999.0 -9999.0 -9999.0
63850 20180702  2.622  -83.39   33.78    31.1    22.4    26.7    26.1     0.0    21.03 C    38.5    22.0    27.7   100.0    61.4    84.0   0.134 -99.000 -99.000 -99.000 -99.000 -9999.0 -9999.0 -9999.0 -9999.0 -9999.0
63850 20180703  2.622  -83.39   33.78    32.6    20.9    26.8    25.7     0.2    24.82 C    41.4    20.5    27.9    99.4    54.3    82.5   0.114   0.113   0.125 -99.000 -99.000 -9999.0 -9999.0 -9999.0 -9999.0 -9999.0
63850 20180704  2.622  -83.39   33.78    31.5    20.7    26.1    25.5     1.9    22.51 C    39.8    20.5    27.4    99.4    57.7    85.0   0.094   0.099   0.115   0.194 -99.000 -9999.0 -9999.0 -9999.0 -9999.0 -9999.0
63850 20180705  2.622  -83.39   33.78    31.6    21.4    26.5    26.1     0.0    21.86 C    38.9    20.5    27.4   100.0    56.9    83.1   0.092   0.087   0.108   0.194 -99.000 -9999.0 -9999.0 -9999.0 -9999.0 -9999.0
63850 20180706  2.622  -83.39   33.78    31.8    21.2    26.5    25.6    13.8    22.38 C    41.7    20.3    27.0   100.0    56.5    83.4   0.079   0.078   0.101   0.194 -99.000 -9999.0 -9999.0 -9999.0 -9999.0 -9999.0
63850 20180707  2.622  -83.39   33.78    29.5    21.3    25.4    24.0     0.0    20.86 C    36.8    20.8    26.2   100.0    65.7    88.0   0.134 -99.000 -99.000 -99.000 -99.000 -9999.0 -9999.0 -9999.0 -9999.0 -9999.0
63850 20180708  2.622  -83.39   33.78    28.0    18.5    23.2    23.1     0.3    25.01 C    36.4    17.2    25.4    95.1    50.9    75.7   0.111   0.107   0.105   0.194 -99.000 -9999.0 -9999.0 -9999.0 -9999.0 -9999.0
63850 20180709  2.622  -83.39   33.78    30.3    17.7    24.0    24.0     0.0    28.65 C    38.3    16.2    25.6    96.2    48.5    71.9   0.086   0.086   0.099   0.193 -99.000 -9999.0 -9999.0 -9999.0 -9999.0 -9999.0
63850 20180710  2.622  -83.39   33.78    32.7    20.0    26.3    26.5     0.0    27.75 C    41.5    18.7    27.9    97.1    41.5    71.7   0.070   0.067   0.090   0.192 -99.000 -9999.0 -9999.0 -9999.0 -9999.0 -9999.0
63850 20180711  2.622  -83.39   33.78    34.0    21.2    27.6    27.9     0.0    26.22 C    44.6    19.5    29.3    96.9    47.5    72.5   0.059   0.050   0.080   0.190 -99.000 -9999.0 -9999.0 -9999.0 -9999.0 -9999.0
63850 20180712  2.622  -83.39   33.78    34.6    22.1    28.4    27.2     0.0    25.57 C    44.6    21.0    29.5    99.3    49.1    79.4   0.053   0.042   0.070   0.189 -99.000 -9999.0 -9999.0 -9999.0 -9999.0 -9999.0
63850 20180713  2.622  -83.39   33.78    31.4    22.0    26.7    25.3     0.0    15.47 C    43.3    21.2    27.6   100.0    63.4    87.4   0.051   0.036   0.065   0.186 -99.000 -9999.0 -9999.0 -9999.0 -9999.0 -9999.0
63850 20180714  2.622  -83.39   33.78    29.1    23.1    26.1    24.7    26.3     9.42 C    43.4    22.5    26.2    99.4    67.8    93.7   0.058 -99.000   0.063 -99.000 -99.000 -9999.0 -9999.0 -9999.0 -9999.0 -9999.0
63850 20180715  2.622  -83.39   33.78    29.2    22.8    26.0    25.2     2.7    17.22 C    36.8    22.3    26.8   100.0    70.1    90.2   0.083   0.112   0.072   0.186 -99.000 -9999.0 -9999.0 -9999.0 -9999.0 -9999.0
63850 20180716  2.622  -83.39   33.78    29.5    22.1    25.8    24.4     2.6    11.62 C    36.9    21.7    25.6   100.0    71.7    94.5   0.091   0.101   0.077   0.188 -99.000 -9999.0 -9999.0 -9999.0 -9999.0 -9999.0
63850 20180717  2.622  -83.39   33.78    32.1    21.8    27.0    26.2     0.0    24.26 C    38.7    22.1    27.7   100.0    56.7    83.9   0.092 -99.000 -99.000 -99.000 -99.000 -9999.0 -9999.0 -9999.0 -9999.0 -9999.0
63850 20180718  2.622  -83.39   33.78    31.6    21.7    26.6    26.5     0.0    22.26 C    41.0    20.9    27.9    99.6    59.4    82.2   0.078   0.073   0.076   0.189   0.099 -9999.0 -9999.0 -9999.0 -9999.0 -9999.0
63850 20180719  2.622  -83.39   33.78    30.9    21.8    26.4    24.7     1.0    14.66 C    40.8    21.0    26.1    99.8    65.8    90.3   0.069   0.061   0.074   0.189   0.099 -9999.0 -9999.0 -9999.0 -9999.0 -9999.0
63850 20180720  2.622  -83.39   33.78    29.9    20.9    25.4    24.7     0.7    20.69 C    51.3    19.0    29.2    98.9    53.7    82.8   0.067 -99.000 -99.000 -99.000 -99.000 -9999.0 -9999.0 -9999.0 -9999.0 -9999.0
63850 20180721  2.622  -83.39   33.78    30.0    19.4    24.7    24.0    23.0    23.68 C    50.6    18.4    29.2   100.0    65.6    86.3   0.106   0.124   0.109 -99.000 -99.000 -9999.0 -9999.0 -9999.0 -9999.0 -9999.0
63850 20180722  2.622  -83.39   33.78    30.1    19.5    24.8    24.1    12.5    26.26 C    53.5    19.5    30.7    99.1    50.4    79.9   0.131 -99.000 -99.000 -99.000 -99.000 -9999.0 -9999.0 -9999.0 -9999.0 -9999.0
63850 20180723  2.622  -83.39   33.78    28.5    19.1    23.8    23.0     0.0    22.54 C    56.0    19.2    29.1    99.8    59.4    85.7   0.149 -99.000 -99.000 -99.000 -99.000 -9999.0 -9999.0 -9999.0 -9999.0 -9999.0
63850 20180724  2.622  -83.39   33.78    28.6    20.5    24.6    23.5     5.8    17.00 C    56.1    20.9    28.4    99.2    65.6    90.3 -99.000 -99.000 -99.000 -99.000 -99.000 -9999.0 -9999.0 -9999.0 -9999.0 -9999.0
63850 20180725  2.622  -83.39   33.78    30.5    19.6    25.0    24.4     0.0    24.97 C    55.4    19.8    30.8   100.0    57.7    83.9   0.158 -99.000 -99.000 -99.000 -99.000 -9999.0 -9999.0 -9999.0 -9999.0 -9999.0
63850 20180726  2.622  -83.39   33.78    31.8    19.9    25.9    25.2     0.0    26.72 C    57.8    19.2    31.7   100.0    45.4    78.2 -99.000 -99.000 -99.000 -99.000 -99.000 -9999.0 -9999.0 -9999.0 -9999.0 -9999.0
63850 20180727  2.622  -83.39   33.78    31.8    18.0    24.9    25.2     0.0    26.01 C    54.0    17.4    31.1    99.5    49.0    75.1   0.137 -99.000 -99.000 -99.000 -99.000 -9999.0 -9999.0 -9999.0 -9999.0 -9999.0
63850 20180728  2.622  -83.39   33.78    31.8    20.8    26.3    25.6     0.0    24.82 C    56.0    18.8    31.4    96.8    42.9    72.2   0.124   0.125   0.137   0.197 -99.000 -9999.0 -9999.0 -9999.0 -9999.0 -9999.0
63850 20180729  2.622  -83.39   33.78    32.4    19.1    25.7    25.0     0.8    24.19 C    57.3    17.6    31.1    98.9    42.0    76.5   0.109   0.116   0.128   0.197   0.099    28.4    28.3    27.6    27.3 -9999.0
63850 20180730  2.622  -83.39   33.78    29.9    21.0    25.4    24.9     0.0    17.62 C    49.6    21.1    29.4   100.0    64.1    85.5   0.099   0.107   0.122   0.197   0.098    28.4 -9999.0    27.8 -9999.0 -9999.0
63850 20180731  2.622  -83.39   33.78    26.9    21.0    23.9    23.3    48.5    11.68 C    40.1    20.5    25.7   100.0    76.9    94.4   0.109 -99.000 -99.000 -99.000 -99.000 -9999.0 -9999.0 -9999.0 -9999.0 -9999.0
63850 20180801  2.622  -83.39   33.78    26.3    21.0    23.7    22.9    14.2     8.61 C    33.1    21.9    24.7   100.0    79.8    95.8   0.177 -99.000 -99.000 -99.000 -99.000 -9999.0 -9999.0 -9999.0 -9999.0 -9999.0
63850 20180802  2.622  -83.39   33.78    23.4    21.5    22.4    22.3    35.0     4.97 C    27.5    22.0    23.5   100.0    93.1    98.3 -99.000 -99.000 -99.000 -99.000 -99.000 -9999.0 -9999.0 -9999.0 -9999.0 -9999.0
63850 20180803  2.622  -83.39   33.78    28.8    21.5    25.1    24.4     3.9    21.26 C    44.1    21.6    27.5   100.0    65.0    88.5   0.184 -99.000 -99.000 -99.000 -99.000 -9999.0 -9999.0 -9999.0 -9999.0 -9999.0
63850 20180804  2.622  -83.39   33.78    30.8    20.3    25.6    25.4     0.0    24.22 C    46.5    20.1    29.3   100.0    58.1    84.8   0.168   0.158   0.190   0.255 -99.000 -9999.0 -9999.0 -9999.0 -9999.0 -9999.0
63850 20180805  2.622  -83.39   33.78    32.4    21.1    26.8    26.7     0.0    25.14 C    47.6    21.0    30.5   100.0    53.5    81.4   0.158 -99.000   0.173 -99.000 -99.000 -9999.0 -9999.0 -9999.0 -9999.0 -9999.0
63850 20180806  2.622  -83.39   33.78    33.5    21.7    27.6    27.5     0.0    25.78 C    48.1    21.1    30.8    99.9    49.5    78.0   0.146 -99.000 -99.000 -99.000 -99.000 -9999.0 -9999.0 -9999.0 -9999.0 -9999.0
63850 20180807  2.622  -83.39   33.78    33.2    21.3    27.3    24.8    15.6    16.59 C    49.1    20.6    27.1   100.0    51.0    87.8   0.147 -99.000 -99.000 -99.000 -99.000 -9999.0 -9999.0 -9999.0 -9999.0 -9999.0
63850 20180808  2.622  -83.39   33.78    32.2    21.5    26.9    25.8     0.0    24.80 C    41.7    21.7    28.3    98.9    54.9    80.1 -99.000 -99.000 -99.000 -99.000 -99.000 -9999.0 -9999.0 -9999.0 -9999.0 -9999.0
63850 20180809  2.622  -83.39   33.78    31.9    21.3    26.6    24.6     1.7    20.56 C    44.0    21.2    26.8    99.1    60.5    85.8   0.144 -99.000 -99.000 -99.000 -99.000 -9999.0 -9999.0 -9999.0 -9999.0 -9999.0
63850 20180810  2.622  -83.39   33.78    30.4    21.0    25.7    24.6     1.9    21.41 C    42.2    20.8    27.0    99.5    61.0    86.8   0.137   0.133   0.151   0.248 -99.000    27.8 -9999.0 -9999.0 -9999.0 -9999.0
63850 20180811  2.622  -83.39   33.78    30.3    21.9    26.1    25.6     0.0    21.75 C    39.6    21.4    27.5    99.7    56.7    82.7   0.126   0.126   0.145   0.247   0.157    27.9    27.8    27.3    27.0    26.6
63850 20180812  2.622  -83.39   33.78    32.2    20.6    26.4    25.5     0.0    23.12 C    43.3    19.5    27.8    99.9    54.4    81.6   0.108   0.116   0.138   0.245 -99.000 -9999.0 -9999.0 -9999.0 -9999.0 -9999.0
63850 20180813  2.622  -83.39   33.78    31.3    19.8    25.5    25.2     0.0    22.86 C    41.4    17.7    26.7    98.4    44.6    77.2   0.088   0.105   0.131   0.244 -99.000    27.9 -9999.0 -9999.0 -9999.0 -9999.0
63850 20180814  2.622  -83.39   33.78    31.4    17.3    24.3    24.6     0.0    24.68 C    41.5    15.3    26.1   100.0    43.3    75.3   0.070   0.093   0.124   0.241   0.144 -9999.0 -9999.0 -9999.0 -9999.0 -9999.0
63850 20180815  2.622  -83.39   33.78    31.5    17.6    24.6    24.7     0.0    23.73 C    42.9    15.6    26.5    99.9    40.1    75.2   0.059   0.080   0.117   0.238 -99.000 -9999.0 -9999.0 -9999.0 -9999.0 -9999.0
63850 20180816  2.622  -83.39   33.78    32.4    19.0    25.7    25.7     0.0    22.58 C    44.3    17.3    27.7    99.9    48.7    79.0   0.053   0.068   0.109   0.234 -99.000 -9999.0 -9999.0 -9999.0 -9999.0 -9999.0
63850 20180817  2.622  -83.39   33.78    31.3    20.9    26.1    24.3    26.6    17.11 C    42.9    18.6    26.2   100.0    56.5    89.0   0.052   0.074   0.109   0.230   0.135 -9999.0    27.3 -9999.0    26.9 -9999.0
63850 20180818  2.622  -83.39   33.78    30.3    21.7    26.0    24.2    10.9    14.33 C    35.8    21.5    25.2    99.8    66.5    90.9   0.127 -99.000 -99.000 -99.000 -99.000 -9999.0 -9999.0 -9999.0 -9999.0 -9999.0
63850 20180819  2.622  -83.39   33.78    29.3    22.2    25.7    24.7     0.0    15.25 C    36.5    21.9    25.7    99.5    68.7    89.9 -99.000 -99.000 -99.000 -99.000 -99.000 -9999.0 -9999.0 -9999.0 -9999.0 -9999.0
63850 20180820  2.622  -83.39   33.78    29.2    21.7    25.5    24.4     0.0    12.18 C    36.0    21.3    25.3   100.0    68.3    89.4   0.136   0.145   0.164   0.225 -99.000 -9999.0 -9999.0 -9999.0 -9999.0 -9999.0
63850 20180821  2.622  -83.39   33.78    30.2    21.9    26.0    24.8    10.6    15.58 C    36.6    21.6    26.1    98.4    66.1    88.8   0.138   0.146   0.161   0.226 -99.000 -9999.0 -9999.0 -9999.0 -9999.0 -9999.0
63850 20180822  2.622  -83.39   33.78    29.9    21.1    25.5    24.7     0.0    23.29 C    36.8    19.5    25.6    99.2    54.5    79.6   0.147 -99.000 -99.000 -99.000 -99.000 -9999.0 -9999.0 -9999.0 -9999.0 -9999.0
63850 20180823  2.622  -83.39   33.78    28.2    17.4    22.8    22.8     0.0    24.53 C    36.9    15.3    24.1    93.0    49.7    73.1   0.134   0.140   0.159   0.226 -99.000 -9999.0    26.7 -9999.0 -9999.0 -9999.0
63850 20180824  2.622  -83.39   33.78    27.3    16.2    21.8    21.1     0.0    23.65 C    36.5    15.2    22.4    89.2    51.6    71.3   0.119   0.127   0.146   0.225   0.124    25.7    25.9    25.7    26.1    26.2
63850 20180825  2.622  -83.39   33.78    29.5    15.8    22.6    22.3     0.0    23.61 C    38.5    15.0    23.7    94.9    48.8    74.8   0.102   0.115   0.137   0.225   0.123    25.7    25.8    25.5    25.8    26.0
63850 20180826  2.622  -83.39   33.78    31.1    17.4    24.2    24.1     0.0    22.37 C    38.7    16.3    25.1    98.6    50.9    78.2   0.084   0.104   0.129   0.224   0.122    26.0    26.0    25.6    25.8    25.8
63850 20180827  2.622  -83.39   33.78    32.1    19.2    25.7    25.5     0.0    23.37 C    39.6    17.7    26.3    99.8    47.5    77.7   0.070   0.092   0.122   0.223   0.121    26.5    26.4    25.9    25.9    25.7
63850 20180828  2.622  -83.39   33.78    32.4    19.4    25.9    26.0     0.0    22.38 C    40.9    18.1    26.7   100.0    47.0    77.8   0.060   0.080   0.114   0.220 -99.000 -9999.0 -9999.0 -9999.0 -9999.0 -9999.0
63850 20180829  2.622  -83.39   33.78    32.4    21.4    26.9    25.9     1.1    20.64 C    41.0    19.8    27.2    99.2    51.2    81.0   0.055   0.069   0.106   0.217   0.119    27.0    27.0    26.5    26.3    26.0
63850 20180830  2.622  -83.39   33.78    32.1    20.1    26.1    25.6     0.0    21.74 C    39.5    18.1    26.4    99.5    47.3    76.3   0.051   0.059   0.099   0.214   0.117    27.0    27.0    26.5    26.4    26.1
63850 20180831  2.622  -83.39   33.78    30.9    19.9    25.4    24.8     0.0    18.66 C    43.8    18.4    25.9    99.6    50.7    79.5   0.052   0.051   0.091   0.209   0.116    26.8    26.8    26.4    26.4    26.1
63850 20180901  2.622  -83.39   33.78    32.6    19.4    26.0    25.9     0.0    22.72 C    42.7    18.2    27.2   100.0    43.7    76.4   0.045   0.045   0.082   0.205   0.115    27.0    26.9    26.4    26.3    26.1
63850 20180902  2.622  -83.39   33.78    32.8    20.0    26.4    25.6     0.0    19.61 C    41.6    18.4    27.1   100.0    46.9    79.7   0.041   0.040   0.075   0.199   0.114    27.1    27.0    26.5    26.4    26.2
63850 20180903  2.622  -83.39   33.78    32.6    20.3    26.4    25.9     0.0    20.62 C    43.0    18.4    27.0    99.4    45.3    75.8   0.039   0.035   0.070   0.195   0.112    27.1    27.0    26.5    26.5    26.2
63850 20180904  2.622  -83.39   33.78    31.5    20.9    26.2    25.5     0.0    15.82 C    39.2    19.6    26.5    97.4    50.0    79.8   0.036   0.032   0.065   0.192   0.111    27.0    26.9    26.5    26.5    26.2
63850 20180905  2.622  -83.39   33.78    32.4    20.6    26.5    25.7     0.0    19.07 C    44.9    19.1    27.6   100.0    49.5    79.9   0.035   0.032   0.061   0.189   0.109    27.1    27.0    26.5    26.4    26.2
63850 20180906  2.622  -83.39   33.78    32.5    21.5    27.0    25.8     0.0    18.94 C    44.0    20.6    27.6    99.5    47.5    78.7   0.033   0.031   0.057   0.186   0.108    27.4    27.3    26.7    26.6    26.2
63850 20180907  2.622  -83.39   33.78    33.4    19.7    26.6    25.7     0.0    18.14 C    52.5    18.6    28.8   100.0    44.1    78.5   0.031   0.029   0.056   0.184   0.106    27.3    27.2    26.6    26.6    26.3
63850 20180908  2.622  -83.39   33.78    32.9    19.9    26.4    25.7     0.0    21.25 C    54.9    17.8    30.5   100.0    47.9    78.4   0.030   0.029   0.055   0.183   0.106    27.6    27.4    26.7    26.6    26.3
63850 20180909  2.622  -83.39   33.78    33.5    19.9    26.7    25.7     0.0    19.85 C    54.4    18.1    29.8    99.9    43.9    78.9   0.028   0.030   0.054   0.181   0.104    27.7    27.5    26.9    26.7    26.4
63850 20180910  2.622  -83.39   33.78    33.2    20.5    26.8    25.6     0.0    18.25 C    54.2    18.4    29.6   100.0    49.3    80.9   0.026   0.029   0.052   0.180   0.103    27.7    27.5    27.0    26.8    26.4
63850 20180911  2.622  -83.39   33.78    31.3    21.2    26.2    24.9     0.0    12.78 C    55.2    19.9    28.4   100.0    55.6    84.5   0.025   0.028   0.050   0.179   0.103    27.4    27.4    26.8    26.8    26.4
63850 20180912  2.622  -83.39   33.78    32.2    20.1    26.1    25.1     0.0    14.63 C    54.4    18.6    28.2   100.0    54.5    85.4   0.024   0.028   0.049   0.179   0.102    27.2    27.1    26.7    26.7    26.4
63850 20180913  2.622  -83.39   33.78    32.2    22.2    27.2    26.1     5.9    16.87 C    47.2    20.9    29.1   100.0    53.5    82.5   0.030   0.084   0.052   0.178   0.102    27.5    27.4    26.8    26.7    26.4
63850 20180914  2.622  -83.39   33.78    34.4    21.8    28.1    27.4     0.0    21.32 C    54.0    19.4    31.4    96.5    43.1    72.5   0.032   0.055   0.052   0.178   0.101    27.7    27.5    26.9    26.8    26.4
63850 20180915  2.622  -83.39   33.78    32.0    23.3    27.6    26.7     0.6    15.62 C    48.1    20.7    28.2    89.0    50.0    67.7   0.029   0.042   0.050   0.177   0.100    27.2    27.2    26.8    26.8    26.5
63850 20180916  2.622  -83.39   33.78    25.7    21.0    23.4    22.5    11.3     5.32 C    27.0    20.8    23.2    99.7    66.9    93.4   0.036   0.061   0.049   0.177   0.099    26.0    26.3    26.1    26.5    26.5
63850 20180917  2.622  -83.39   33.78    32.6    19.3    26.0    25.4     0.0    21.01 C    46.9    18.4    28.3   100.0    51.3    79.6   0.059   0.098   0.053   0.177   0.100    26.5    26.4    25.9    26.1    26.3
63850 20180918  2.622  -83.39   33.78    32.9    19.5    26.2    25.5     0.0    21.73 C    52.1    18.1    29.7   100.0    45.6    76.5   0.049   0.075   0.058   0.178   0.099    26.9    26.8    26.3    26.3    26.2
63850 20180919  2.622  -83.39   33.78    33.5    19.8    26.6    25.9     0.0    21.54 C    52.3    18.2    29.6    99.2    37.6    70.0   0.041   0.059   0.058   0.177   0.098    27.1    27.0    26.5    26.4    26.3
63850 20180920  2.622  -83.39   33.78    33.7    19.1    26.4    25.8     0.0    20.64 C    52.2    17.9    28.9    98.8    35.9    67.9   0.035   0.048   0.056   0.177   0.098    27.0    27.0    26.5    26.5    26.3
63850 20180921  2.622  -83.39   33.78    31.2    17.6    24.4    24.4     0.0    18.25 C    52.7    15.6    27.7   100.0    47.0    76.2   0.032   0.039   0.053   0.176   0.097    26.7    26.7    26.3    26.4    26.3
63850 20180922  2.622  -83.39   33.78    32.3    18.6    25.4    25.0     0.0    19.87 C    54.0    16.7    28.5    99.8    39.9    72.4   0.028   0.035   0.050   0.175   0.096    26.9    26.8    26.3    26.4    26.2
63850 20180923  2.622  -83.39   33.78    31.4    17.8    24.6    24.1     0.0    16.94 C    51.9    15.6    26.9    99.9    41.5    72.5   0.025   0.032   0.047   0.174   0.095    26.4    26.5    26.1    26.4    26.2
63850 20180924  2.622  -83.39   33.78    28.4    18.6    23.5    22.7    12.6    10.98 C    45.2    17.1    25.0    99.2    63.5    88.3   0.023 -99.000 -99.000 -99.000 -99.000 -9999.0 -9999.0 -9999.0 -9999.0 -9999.0
63850 20180925  2.622  -83.39   33.78    29.2    21.1    25.1    24.0     0.0    12.98 C    42.3    20.2    26.1    99.4    62.4    86.2 -99.000 -99.000 -99.000 -99.000 -99.000 -9999.0 -9999.0 -9999.0 -9999.0 -9999.0
63850 20180926  2.622  -83.39   33.78    31.3    20.3    25.8    23.7     1.5    13.76 C    45.5    19.8    26.3   100.0    55.2    87.9   0.024 -99.000 -99.000 -99.000 -99.000 -9999.0 -9999.0 -9999.0 -9999.0 -9999.0
63850 20180927  2.622  -83.39   33.78    31.1    20.0    25.6    22.8     5.6    12.66 C    43.7    19.0    25.1   100.0    55.2    91.5   0.023   0.068   0.059   0.175   0.094    25.8    25.9    25.6    25.9    26.0
63850 20180928  2.622  -83.39   33.78    27.8    20.8    24.3    23.5     0.0    10.24 C    35.3    20.5    25.0   100.0    66.9    90.4   0.025   0.089   0.059   0.175   0.094    25.7    25.7    25.5 -9999.0 -9999.0
63850 20180929  2.622  -83.39   33.78    30.8    20.3    25.5    24.5     0.0    17.60 C    45.2    18.8    27.0   100.0    54.1    83.7   0.028   0.070   0.059   0.175   0.094    26.2 -9999.0    25.8 -9999.0 -9999.0
63850 20180930  2.622  -83.39   33.78    28.0    19.8    23.9    23.0     0.6     9.43 C    37.0    17.9    24.2   100.0    66.5    91.2   0.028   0.060   0.058   0.173   0.094    25.7    25.7    25.5    25.8 -9999.0
63850 20181001  2.622  -83.39   33.78    29.0    17.2    23.1    22.3     0.0    17.58 C    42.4    14.9    24.0    99.4    39.5    76.9   0.028   0.059   0.055   0.165   0.094    25.2    25.4    25.2    25.5    25.7
63850 20181002  2.622  -83.39   33.78    29.5    15.7    22.6    22.0     0.0    17.57 C    44.6    13.7    23.9    99.7    43.4    75.5   0.027   0.052   0.050   0.165   0.093    24.8    24.9    24.7    25.3    25.6
63850 20181003  2.622  -83.39   33.78    30.8    16.9    23.8    23.4     0.0    17.80 C    43.3    15.4    24.9    98.3    45.9    75.7   0.025   0.048   0.045   0.164   0.092    25.1    25.1    24.8    25.1    25.5
63850 20181004  2.622  -83.39   33.78    32.2    17.8    25.0    24.4     0.0    18.31 C    50.0    15.6    26.6    99.7    43.7    74.9   0.024   0.043   0.040   0.164   0.091    25.4    25.4    25.0    25.2    25.4
63850 20181005  2.622  -83.39   33.78    33.0    18.7    25.9    25.2     0.0    17.29 C    48.7    16.5    27.3    99.0    41.2    74.3   0.022   0.041   0.036   0.162   0.090    25.7    25.6    25.2    25.3    25.4
63850 20181006  2.622  -83.39   33.78    33.7    18.7    26.2    25.9     0.0    17.77 C    51.1    17.0    28.5   100.0    35.7    69.5 -99.000   0.039   0.033   0.161   0.088    26.2    26.0    25.5    25.4    25.4
63850 20181007  2.622  -83.39   33.78    32.1    19.0    25.5    24.9     0.0    17.01 C    49.7    17.0    27.2    98.7    40.1    73.5 -99.000   0.039   0.031   0.160   0.087    26.1    26.0    25.6    25.6    25.4
63850 20181008  2.622  -83.39   33.78    29.8    20.6    25.2    23.6     0.3     9.20 C    40.1    19.3    24.9    99.1    55.2    84.7 -99.000   0.037   0.029   0.160   0.086    25.6    25.6    25.4    25.6    25.5
63850 20181009  2.622  -83.39   33.78    27.4    20.9    24.1    22.8     0.8     7.27 C    36.0    20.3    23.3    94.9    68.3    87.6 -99.000   0.037   0.029   0.159   0.086    25.0    25.2    25.0    25.4    25.5
63850 20181010  2.622  -83.39   33.78    30.0    22.0    26.0    24.4    37.0     8.64 C    40.8    21.9    25.3    99.3    61.8    90.9 -99.000   0.066   0.045   0.159   0.086    25.3    25.3    24.9    25.2    25.4
63850 20181011  2.622  -83.39   33.78    28.6    15.4    22.0    23.2    38.4    15.62 C    37.4    13.5    23.5    97.9    47.4    74.6 -99.000 -99.000 -99.000 -99.000 -99.000 -9999.0 -9999.0 -9999.0 -9999.0 -9999.0
63850 20181012  2.622  -83.39   33.78    24.2    10.8    17.5    17.0     0.0    19.39 C    37.3    10.3    19.1    93.3    32.6    63.3 -99.000 -99.000 -99.000 -99.000 -99.000 -9999.0 -9999.0 -9999.0 -9999.0 -9999.0
63850 20181013  2.622  -83.39   33.78    24.5    11.3    17.9    17.0     0.0    18.76 C    37.6    10.3    19.1    90.9    43.6    65.8 -99.000 -99.000 -99.000 -99.000 -99.000 -9999.0 -9999.0 -9999.0 -9999.0 -9999.0
63850 20181014  2.622  -83.39   33.78    26.2    12.8    19.5    18.5     0.0    15.37 C    37.3    11.6    20.8    95.2    50.9    78.4 -99.000 -99.000 -99.000 -99.000 -99.000 -9999.0 -9999.0 -9999.0 -9999.0 -9999.0
63850 20181015  2.622  -83.39   33.78    28.1    14.2    21.1    20.3     0.6    12.55 C    39.5    13.9    22.2   100.0    63.2    88.7 -99.000   0.142   0.155   0.221   0.113    23.0    23.1    22.9    23.5    24.3
63850 20181016  2.622  -83.39   33.78    29.4    18.7    24.0    23.0     0.0    13.41 C    39.1    17.0    24.1   100.0    59.5    84.8 -99.000   0.137   0.148   0.219   0.112    23.8    23.8    23.4    23.7    24.1
63850 20181017  2.622  -83.39   33.78    26.2    15.3    20.7    20.5     0.0    10.93 C    35.5    13.2    21.1    98.5    50.7    75.1 -99.000   0.132   0.142   0.216   0.111    23.5    23.6    23.5    23.8    24.3
63850 20181018  2.622  -83.39   33.78    21.7    11.0    16.4    15.8     0.0    17.35 C    34.0     9.3    17.5    84.8    43.2    64.1 -99.000   0.125   0.136   0.214   0.111    22.2    22.5    22.6    23.5    24.2
63850 20181019  2.622  -83.39   33.78    19.3     8.5    13.9    14.5     0.0     9.63 C    29.6     6.8    15.9    97.0    50.4    76.7 -99.000   0.120   0.131   0.211   0.111    21.1    21.5    21.7    22.8    23.9
63850 20181020  2.622  -83.39   33.78    21.0    13.3    17.1    17.1     1.0     5.42 C    23.8    10.7    16.8    95.8    66.1    84.2 -99.000   0.117   0.127   0.210   0.110    21.1    21.4    21.5    22.5    23.6
63850 20181021  2.622  -83.39   33.78    17.3     4.0    10.6    11.2     0.0    18.47 C    30.3     1.0    12.1    96.1    27.2    57.7 -99.000   0.114   0.124   0.208   0.110    19.6    20.2    20.6    21.9    23.3
63850 20181022  2.622  -83.39   33.78    19.0     2.0    10.5    10.1     0.0    17.71 C    30.9     0.3    11.4    98.5    27.7    69.4   0.114   0.108   0.120   0.206   0.109    18.7    19.1    19.5    21.1    22.9
63850 20181023  2.622  -83.39   33.78    20.9     7.0    13.9    13.4     0.0    12.87 C    32.6     5.6    14.2    93.2    51.9    74.6   0.111   0.103   0.116   0.204   0.109    19.0    19.3    19.5    20.7    22.4
63850 20181024  2.622  -83.39   33.78    21.4     6.5    14.0    13.4     0.0    17.07 C    32.7     1.8    13.2    94.8    37.6    70.5   0.108   0.098   0.113   0.203   0.108    18.7    19.0    19.3    20.5    22.1
63850 20181025  2.622  -83.39   33.78    14.1     7.4    10.8    10.9     2.5     6.66 C    22.1     4.6    11.6    96.1    53.8    75.2   0.105   0.094   0.108   0.201   0.108    18.0    18.5    18.9    20.3    21.8
63850 20181026  2.622  -83.39   33.78     9.9     7.6     8.8     8.9    30.4     2.95 C    13.0     8.6    10.4    99.0    96.3    97.8   0.168   0.173   0.191   0.215   0.170    16.3    16.9    17.5    19.4    21.5
63850 20181027  2.622  -83.39   33.78    15.3     9.3    12.3    12.1     0.0     6.81 C    22.3     7.5    12.4    98.8    64.0    85.0   0.160   0.167   0.197   0.231   0.224    16.7    17.0    17.3    18.8    20.9
63850 20181028  2.622  -83.39   33.78    21.7     6.0    13.9    14.0     0.0    16.03 C    28.3     4.4    14.4    98.6    46.3    76.8   0.153   0.159   0.186   0.227   0.134    16.9    17.1    17.3    18.6    20.6
63850 20181029  2.622  -83.39   33.78    21.5     8.6    15.1    14.9     0.0    16.84 C    30.1     4.6    14.2    90.5    23.0    56.3   0.148   0.153   0.175   0.225   0.120    17.3    17.6    17.7    18.7    20.4
63850 20181030  2.622  -83.39   33.78    20.5     6.8    13.7    12.6     0.0    16.14 C    30.5     3.4    12.3    95.8    39.8    65.9   0.143   0.148   0.165   0.223   0.119    16.8    17.2    17.4    18.6    20.2
63850 20181031  2.622  -83.39   33.78    24.0     6.6    15.3    15.3     0.0    15.03 C    31.3     5.3    15.1    99.7    45.7    78.2   0.140   0.143   0.157   0.221   0.136    17.3    17.4    17.5    18.5    20.1
63850 20181101  2.622  -83.39   33.78    23.5    14.7    19.1    17.6    12.3     7.90 C    28.5    11.3    17.3    99.6    64.5    88.9   0.150   0.151   0.163   0.219   0.201    18.0    18.1    18.0    18.7    20.0
63850 20181102  2.622  -83.39   33.78    17.0     6.6    11.8    14.2     6.2     2.91 C    19.4     5.5    14.1    99.3    67.9    88.5   0.173   0.174   0.197   0.228   0.216    17.9    18.2    18.2    18.9    20.1
63850 20181103  2.622  -83.39   33.78    17.4     4.5    10.9    10.0     0.0    15.70 C    26.0     3.0    10.7    97.3    42.6    75.9   0.162   0.165   0.191   0.233   0.241    16.4    16.8    17.2    18.5    20.0
63850 20181104  2.622  -83.39   33.78    18.8     4.3    11.5    11.9     0.0    14.72 C    26.8     2.0    12.9    97.1    56.4    77.0   0.154   0.157   0.180   0.230   0.245    16.0    16.3    16.6    18.0    19.7
63850 20181105  2.622  -83.39   33.78    16.9    12.6    14.7    14.8     0.0     3.25 C    20.3    13.4    16.0   100.0    80.7    94.8   0.151   0.154   0.173   0.228   0.232    17.1    17.2    17.2    18.0    19.4
63850 20181106  2.622  -83.39   33.78    22.9    12.4    17.6    18.7    11.3     8.55 C    28.9     9.1    18.4   100.0    56.9    88.2   0.175   0.173   0.195   0.234   0.224    18.4    18.4    18.1    18.4    19.4
63850 20181107  2.622  -83.39   33.78    23.2     8.4    15.8    15.3    22.7    10.14 C    30.0     5.6    15.5    99.6    51.4    86.6   0.176   0.178   0.201   0.244   0.261    17.6    17.8    17.8    18.6    19.6
63850 20181108  2.622  -83.39   33.78    16.9    12.9    14.9    14.5     1.1     3.72 C    19.9    12.9    15.4    98.7    77.1    91.9   0.173   0.176   0.204   0.247   0.324    17.6    17.8    17.8    18.5    19.5
63850 20181109  2.622  -83.39   33.78    13.0     8.8    10.9    12.2    13.3     1.70 C    15.8     8.3    13.4    99.1    88.1    97.3   0.188   0.186   0.212   0.255   0.329    16.7    17.0    17.3    18.3    19.4
63850 20181110  2.622  -83.39   33.78    12.7     2.3     7.5     6.9     0.0    15.28 C    21.3     0.5     8.0    92.8    37.3    70.8   0.170   0.170   0.199   0.247   0.332    15.2    15.7    16.3    17.7    19.2
63850 20181111  2.622  -83.39   33.78    12.6     0.5     6.5     6.5     0.0    14.14 C    21.1     0.1     8.3    86.3    38.4    61.9   0.161   0.162   0.186   0.242   0.332    13.9    14.4    15.1    16.9    18.8
63850 20181112  2.622  -83.39   33.78     8.3     4.8     6.5     5.9    55.1     0.49 C     8.5     5.4     6.8    99.2    59.8    90.3   0.195   0.210   0.215   0.272   0.332    12.5    13.2    14.0    16.0    18.3
63850 20181113  2.622  -83.39   33.78    12.4     6.2     9.3     9.1     4.3     2.78 C    15.1     7.0    10.4   100.0    93.0    97.3   0.190   0.215   0.221   0.285   0.334    12.6    12.9    13.2    14.8    17.6
63850 20181114  2.622  -83.39   33.78    11.0     5.8     8.4     8.4    17.9     1.39 C    11.2     6.2     9.1    99.3    93.6    96.4   0.188   0.196   0.214   0.261   0.334    12.9    13.3    13.7    15.0    17.2
63850 20181115  2.622  -83.39   33.78     7.4     1.5     4.5     4.7    17.1     3.36 C    14.4     2.0     6.3    99.3    78.1    90.9   0.209   0.228   0.231   0.293   0.336    11.4    11.9    12.5    14.3    16.9
63850 20181116  2.622  -83.39   33.78    14.5    -0.3     7.1     6.0     0.0    14.00 C    20.2    -0.8     6.5    86.6    40.6    67.8   0.175   0.185   0.205   0.259   0.334    11.1    11.6    12.1    13.8    16.4
63850 20181117  2.622  -83.39   33.78    17.3     1.9     9.6     9.2     0.0    13.61 C    24.7    -0.6     8.4    97.8    41.0    73.2   0.159   0.170   0.192   0.249   0.334    11.7    12.0    12.3    13.7    16.0
63850 20181118  2.622  -83.39   33.78    17.7     2.3    10.0     9.6     0.0    13.79 C    25.2     0.6     9.3    99.9    48.4    82.6   0.151   0.163   0.183   0.245   0.334    12.1    12.4    12.6    13.8    15.8
63850 20181119  2.622  -83.39   33.78    18.8     7.2    13.0    11.7     0.0     9.22 C    24.8     4.2    12.1   100.0    48.4    85.4   0.148   0.159   0.176   0.242   0.333    13.1    13.2    13.3    14.1    15.8
63850 20181120  2.622  -83.39   33.78    15.7     4.5    10.1    11.4     0.3    10.63 C    21.8     0.8    11.1    95.2    45.0    72.9   0.145   0.155   0.171   0.240   0.332    13.5    13.7    13.8    14.5    15.9
63850 20181121  2.622  -83.39   33.78    15.3     0.9     8.1     7.3     0.0    13.87 C    23.0    -1.9     6.9    96.3    40.7    71.1   0.142   0.152   0.166   0.238   0.328    12.3    12.7    13.1    14.3    15.9
63850 20181122  2.622  -83.39   33.78    14.3     0.8     7.5     7.2     0.0    10.60 C    23.1    -1.6     5.8    96.2    42.7    75.2   0.139   0.149   0.161   0.236   0.314    11.6    12.1    12.6    13.9    15.7
63850 20181123  2.622  -83.39   33.78     8.3     2.9     5.6     5.1     4.5     6.07 C    12.2     1.7     5.6    97.8    60.1    82.2   0.138   0.147   0.158   0.235   0.290    11.1    11.6    12.1    13.6    15.5
63850 20181124  2.622  -83.39   33.78     9.2     2.1     5.6     5.2     8.9     3.93 C    13.0     3.2     6.5   100.0    91.3    97.4   0.168   0.182   0.194   0.239   0.269    10.7    11.1    11.5    13.1    15.2
63850 20181125  2.622  -83.39   33.78     8.5     5.8     7.1     7.1     1.5     3.30 C    12.3     7.1     8.9   100.0    96.7    99.6   0.162   0.177   0.195   0.245   0.282    11.3    11.6    11.8    13.0    15.0
63850 20181126  2.622  -83.39   33.78    11.5     1.6     6.6     7.2     0.3    11.37 C    18.0    -0.9     8.0   100.0    58.5    78.4   0.162   0.175   0.193   0.244   0.285    11.7    12.0    12.2    13.2    14.9
63850 20181127  2.622  -83.39   33.78     7.0    -0.7     3.2     2.5     0.0    13.47 C    14.9    -3.0     2.8    76.9    36.4    58.0   0.155   0.168   0.186   0.242   0.289     9.9    10.5    11.2    12.8    14.8
63850 20181128  2.622  -83.39   33.78     7.9    -3.2     2.4     1.8     0.0    13.10 C    16.0    -5.3     2.1    66.5    31.0    49.7   0.151   0.163   0.180   0.240   0.280     8.8     9.4    10.1    12.1    14.4
63850 20181129  2.622  -83.39   33.78    14.7    -0.8     6.9     7.4     0.0     9.58 C    24.6    -3.5     7.0    79.2    44.8    59.1   0.148   0.159   0.175   0.238   0.260     9.4     9.7    10.1    11.6    14.0
63850 20181130  2.622  -83.39   33.78    17.0     8.5    12.7    12.2     0.0     3.77 C    18.1     4.4    11.4    89.5    61.2    76.1   0.146   0.156   0.171   0.237   0.248    11.2    11.3    11.2    12.0    13.8
63850 20181201  2.622  -83.39   33.78    14.2     9.4    11.8    12.4    58.6     0.24 C    13.9     6.1    11.4   100.0    62.7    90.2   0.208   0.220   0.215   0.268   0.279    11.8    11.9    11.8    12.4    13.9
63850 20181202  2.622  -83.39   33.78    23.0    12.5    17.7    18.3     0.2     7.22 C    25.4     7.0    16.3   100.0    42.1    79.5   0.194   0.220   0.223   0.281   0.315    13.9    13.8    13.2    13.1    14.0
63850 20181203  2.622  -83.39   33.78    19.3     8.0    13.6    12.8     0.0     9.85 C    23.7     4.2    10.7    94.1    25.5    59.8   0.169   0.185   0.205   0.255   0.320    12.8    13.1    13.1    13.6    14.4
63850 20181204  2.622  -83.39   33.78    11.0     1.1     6.1     6.0     0.0    12.48 C    20.0    -1.5     6.1    84.8    46.3    63.0   0.161   0.172   0.194   0.248   0.325    11.5    11.9    12.3    13.4    14.5
63850 20181205  2.622  -83.39   33.78     7.7    -1.7     3.0     2.2     0.0    12.84 C    16.0    -4.2     2.5    76.3    41.9    61.3   0.155   0.166   0.186   0.245   0.327     9.9    10.5    11.1    12.7    14.3
63850 20181206  2.622  -83.39   33.78     9.2    -4.3     2.4     2.2     0.0    12.06 C    19.1    -6.9     2.3    91.4    36.9    64.8   0.152   0.162   0.179   0.243   0.327     9.0     9.5    10.1    11.8    13.9
63850 20181207  2.622  -83.39   33.78     9.0     1.6     5.3     5.4     0.0     3.53 C    13.9    -0.6     6.0    93.7    56.8    71.1   0.150   0.159   0.175   0.241   0.324     9.4     9.7    10.1    11.5    13.6
63850 20181208  2.622  -83.39   33.78     6.0     3.2     4.6     4.5    42.1     0.99 C     6.5     3.3     5.1    97.6    79.8    94.2   0.186   0.192   0.198   0.253   0.318     9.2     9.6    10.0    11.4    13.3
63850 20181209  2.622  -83.39   33.78     3.2     1.2     2.2     2.0    31.1     1.79 C     4.3     1.8     2.8    97.6    91.5    94.9   0.290   0.273   0.249   0.297   0.333     7.0     7.6     8.3    10.4    13.0
63850 20181210  2.622  -83.39   33.78     5.9     2.5     4.2     3.9     5.1     3.52 C    10.4     2.9     5.3    99.2    91.2    96.5   0.211   0.223   0.225   0.281   0.334     7.9     8.2     8.4     9.9    12.4
63850 20181211  2.622  -83.39   33.78    12.4     0.4     6.4     5.3     0.0    12.81 C    18.5    -2.2     4.9   100.0    33.0    71.8   0.190   0.200   0.215   0.264   0.336     8.2     8.5     8.8    10.0    12.2
63850 20181212  2.622  -83.39   33.78    11.5    -1.9     4.8     4.3     0.0     8.30 C    16.1    -3.6     3.0    91.1    33.7    64.7   0.174   0.182   0.204   0.254   0.337     7.6     8.0     8.4     9.9    12.0
63850 20181213  2.622  -83.39   33.78    11.9    -0.3     5.8     6.3     0.0     5.69 C    15.2    -1.1     6.0    96.8    50.8    71.9   0.168   0.174   0.196   0.249   0.338     8.0     8.3     8.5     9.8    11.8
63850 20181214  2.622  -83.39   33.78     9.5     6.8     8.2     8.1    21.8     0.42 C     9.5     6.8     8.1    99.7    65.7    96.2   0.196   0.193   0.206   0.256   0.338     9.0     9.1     9.2    10.0    11.8
63850 20181215  2.622  -83.39   33.78    13.2     7.7    10.5     9.5     3.6     4.73 C    18.4     4.3     9.4   100.0    63.9    89.1   0.198   0.201   0.214   0.274   0.340     9.7     9.8     9.7    10.3    11.8
63850 20181216  2.622  -83.39   33.78    13.1     7.7    10.4     9.6     0.3     8.54 C    18.3     4.5     9.1    98.9    64.1    83.3   0.178   0.183   0.203   0.256   0.339    10.0    10.2    10.1    10.7    11.9
63850 20181217  2.622  -83.39   33.78    17.9     6.4    12.1    11.1     0.0    12.38 C    22.8     1.8     9.5    92.0    31.6    63.0   0.169   0.174   0.195   0.251   0.339    10.0    10.2    10.2    10.8    12.0
63850 20181218  2.622  -83.39   33.78    16.6     3.0     9.8     9.3     0.0    12.37 C    22.9    -1.1     7.2    80.3    31.9    56.7   0.162   0.167   0.188   0.248   0.339     9.6     9.9    10.0    10.9    12.1
63850 20181219  2.622  -83.39   33.78    14.0     3.1     8.6     8.5     0.0     7.44 C    22.1     1.8     8.2    92.0    55.3    73.1   0.158   0.164   0.182   0.245   0.338     9.6     9.8     9.9    10.8    12.1
63850 20181220  2.622  -83.39   33.78    12.4     7.6    10.0     9.9    26.6     0.71 C    12.4     7.1     9.7   100.0    75.9    94.8   0.194   0.195   0.203   0.263   0.338    10.0    10.2    10.2    10.9    12.1
63850 20181221  2.622  -83.39   33.78    11.1     5.6     8.3     8.5    23.2     2.76 C    11.6     5.1     8.5   100.0    78.5    90.1   0.218   0.233   0.229   0.289   0.341    10.3    10.5    10.5    11.0    12.1
63850 20181222  2.622  -83.39   33.78    11.1     2.7     6.9     6.2     0.0    12.25 C    16.8    -0.9     5.8    83.9    40.6    66.9   0.182   0.195   0.209   0.262   0.341     9.3     9.6     9.9    10.9    12.1
63850 20181223  2.622  -83.39   33.78    17.4    -1.0     8.2     8.2     0.9     9.10 C    22.6    -2.6     7.3    98.4    61.2    80.2   0.171   0.178   0.198   0.253   0.341     8.9     9.1     9.3    10.4    12.0
63850 20181224  2.622  -83.39   33.78    12.3     0.8     6.5     6.5     0.0    12.40 C    19.9    -1.8     5.9    93.1    43.1    73.2   0.167   0.172   0.191   0.250   0.341     9.2     9.5     9.7    10.5    11.8
63850 20181225  2.622  -83.39   33.78    13.3    -1.4     5.9     6.1     0.0    11.74 C    22.0    -3.1     6.1    98.6    49.1    76.5   0.162   0.167   0.185   0.247   0.341     8.6     8.9     9.2    10.2    11.7
63850 20181226  2.622  -83.39   33.78    13.7     1.7     7.7     7.5     0.0    11.18 C    20.6    -0.3     6.9    97.3    49.2    73.5   0.158   0.163   0.180   0.245   0.340     8.9     9.1     9.3    10.2    11.6
63850 20181227  2.622  -83.39   33.78    11.2     7.0     9.1     8.6     9.1     3.58 C    14.6     5.4     8.7    99.9    57.8    73.3   0.161   0.163   0.177   0.244   0.334     9.2     9.4     9.5    10.3    11.6
63850 20181228  2.622  -83.39   33.78    16.1     8.5    12.3    12.7    39.8     0.61 C    15.6     8.6    12.2   100.0    98.0    99.7   0.231   0.232   0.227   0.282   0.341    10.7    10.6    10.4    10.5    11.6
63850 20181229  2.622  -83.39   33.78    17.1     9.3    13.2    12.8     0.0     7.56 C    20.3     7.6    12.9   100.0    60.1    89.0   0.194   0.210   0.217   0.269   0.346    11.8    11.7    11.4    11.3    11.8
63850 20181230  2.622  -83.39   33.78    12.5    10.7    11.6    11.6     6.2     1.72 C    14.5    10.8    12.1   100.0    82.1    98.4   0.191   0.197   0.212   0.262   0.347    11.9    11.9    11.7    11.7    12.1
63850 20181231  2.622  -83.39   33.78    19.7    11.9    15.8    15.4     0.7     2.05 C    19.9    11.9    15.0   100.0    89.4    98.0   0.186   0.191   0.209   0.260   0.348    12.7    12.6    12.2    12.0    12.4
