04125 20180101  2.422 -119.65   44.56     0.3    -6.9    -3.3    -2.7     0.0     4.83 C     6.3    -8.5    -2.6    90.6    73.7    84.1   0.116   0.077   0.073   0.085   0.065     0.8     1.9     2.5     3.1     3.3
04125 20180102  2.422 -119.65   44.56    -0.6    -2.2    -1.4    -1.6     0.0     1.79 C     2.6    -1.8    -0.7    82.0    75.1    79.6   0.115   0.080   0.072   0.084   0.064     0.8     1.7     2.2     2.8     3.0
04125 20180103  2.422 -119.65   44.56     1.7    -3.4    -0.9    -1.5     0.0     4.50 C     7.8    -5.5    -0.9    85.6    66.9    78.9   0.114   0.082   0.072   0.084   0.065     1.1     1.8     2.1     2.7     3.0
04125 20180104  2.422 -119.65   44.56     2.5    -2.1     0.2    -0.1     0.2     2.89 C     9.3    -1.9     0.3    86.9    71.2    81.4   0.114   0.084   0.072   0.084   0.065     1.2     1.9     2.1     2.7     3.0
04125 20180105  2.422 -119.65   44.56     4.4    -0.6     1.9     1.9     2.4     1.68 C     4.5    -1.7     1.5    93.4    75.7    85.3   0.141   0.085   0.073   0.085   0.065     1.9     2.3     2.3     2.9     3.2
04125 20180106  2.422 -119.65   44.56     7.6    -0.8     3.4     2.7     0.0     5.55 C    11.9    -2.1     3.1    94.4    68.8    89.0   0.163   0.090   0.073   0.084   0.067     3.1     3.2     2.9     3.4     3.7
04125 20180107  2.422 -119.65   44.56     7.7    -0.5     3.6     2.4     0.0     3.35 C    10.4    -2.4     1.7    91.8    56.8    79.9   0.163   0.097   0.074   0.085   0.068     3.2     3.5     3.4     3.8     4.1
04125 20180108  2.422 -119.65   44.56    11.1    -2.2     4.5     4.6     0.0     2.98 C     8.9    -3.9     3.1    92.6    50.4    75.0   0.161   0.102   0.075   0.085   0.068     3.1     3.4     3.5     3.9     4.1
04125 20180109  2.422 -119.65   44.56    12.0     1.5     6.7     8.6     1.7     2.05 C    13.4    -0.3     6.6    87.9    54.9    69.1   0.164   0.107   0.076   0.087   0.071     5.7     5.2     4.5     4.8     5.0
04125 20180110  2.422 -119.65   44.56     7.6    -0.6     3.5     3.9     0.0     3.83 C    11.4    -2.2     3.0    89.2    47.3    67.1   0.165   0.112   0.076   0.087   0.072     4.5     4.9     4.9     5.1     5.4
04125 20180111  2.422 -119.65   44.56    14.1     3.3     8.7     8.1     0.8     2.48 C    14.9     0.7     5.3    88.8    44.7    61.4   0.165   0.116   0.077   0.088   0.072     5.3     5.3     5.0     5.3     5.5
04125 20180112  2.422 -119.65   44.56    11.3     0.4     5.8     6.3     0.0     4.80 C    16.4    -2.4     3.4    85.6    39.3    62.9   0.166   0.119   0.077   0.087   0.074     5.2     5.4     5.2     5.5     5.7
04125 20180113  2.422 -119.65   44.56    11.1     1.3     6.2     4.8     0.0     6.51 C    13.5    -2.4     2.5    76.2    41.7    64.6   0.162   0.121   0.077   0.088   0.073     4.5     4.9     4.9     5.3     5.6
04125 20180114  2.422 -119.65   44.56    10.7    -1.7     4.5     3.7     0.0     6.82 C    13.0    -4.4     1.7    90.1    52.1    76.2   0.159   0.121   0.077   0.088   0.073     3.7     4.2     4.2     4.8     5.1
04125 20180115  2.422 -119.65   44.56     5.1     0.7     2.9     2.4     0.0     4.37 C    11.4    -1.8     2.9    93.1    75.4    86.4   0.158   0.121   0.077   0.088   0.073     4.1     4.4     4.2     4.8     5.0
04125 20180116  2.422 -119.65   44.56    13.1     2.1     7.6     6.4     1.2     6.40 C    14.8     0.6     4.9    92.7    42.5    73.1   0.160   0.122   0.079   0.089   0.073     4.9     4.8     4.5     5.0     5.2
04125 20180117  2.422 -119.65   44.56    15.6     3.9     9.7    10.8     0.0     3.03 C    14.4     0.1     7.0    70.8    41.8    51.2   0.161   0.123   0.080   0.090   0.074     5.5     5.3     4.9     5.3     5.6
04125 20180118  2.422 -119.65   44.56    15.2     3.0     9.1     8.6     1.4     1.17 C    10.0     0.6     6.3    87.8    42.5    64.8   0.161   0.125   0.083   0.092   0.077     6.7     6.5     5.8     6.1     6.4
04125 20180119  2.422 -119.65   44.56     7.1    -1.7     2.7     2.4     0.0     5.16 C    10.3    -4.4     1.0    91.5    44.0    74.0   0.163   0.125   0.084   0.092   0.077     4.7     5.3     5.4     5.7     6.0
04125 20180120  2.422 -119.65   44.56     7.3    -2.3     2.5     2.0     0.0     6.49 C    13.4    -4.6     0.7    83.9    41.5    64.6   0.161   0.124   0.085   0.093   0.075     3.6     4.3     4.6     5.0     5.3
04125 20180121  2.422 -119.65   44.56     6.8    -1.0     2.9     4.1     0.0     1.64 C     4.6    -4.9     1.5    73.8    40.4    58.6   0.158   0.124   0.086   0.094   0.073     2.7     3.5     3.9     4.4     4.7
04125 20180122  2.422 -119.65   44.56     8.8    -1.1     3.9     3.5     0.7     5.65 C    13.4    -3.8     1.8    93.5    38.3    70.9   0.160   0.125   0.088   0.095   0.073     3.9     4.1     4.0     4.4     4.7
04125 20180123  2.422 -119.65   44.56     8.8     0.7     4.7     5.4     0.0     1.68 C     5.8    -3.2     2.8    69.5    42.6    53.0   0.159   0.125   0.090   0.096   0.073     3.2     3.7     3.9     4.3     4.5
04125 20180124  2.422 -119.65   44.56    13.4     1.0     7.2     8.7     0.0     3.73 C    14.5    -2.4     6.0    87.4    26.7    48.9   0.159   0.126   0.094   0.098   0.075     5.1     4.8     4.4     4.8     5.0
04125 20180125  2.422 -119.65   44.56     7.9    -3.9     2.0     2.8     0.0     5.09 C    14.1    -6.5     0.1    90.8    32.5    56.6   0.156   0.126   0.097   0.100   0.076     3.8     4.5     4.5     4.9     5.1
04125 20180126  2.422 -119.65   44.56     7.0    -0.8     3.1     4.2     0.0     6.06 C    12.2    -4.3     2.6    77.4    33.5    50.4   0.154   0.124   0.098   0.101   0.075     3.5     3.9     4.0     4.4     4.7
04125 20180127  2.422 -119.65   44.56    11.9     2.0     7.0     7.2     1.2     4.09 C    13.7     0.1     5.7    80.1    45.1    59.5   0.154   0.124   0.102   0.102   0.075     4.8     4.7     4.4     4.7     4.9
04125 20180128  2.422 -119.65   44.56    16.0     5.9    11.0    10.8     0.0     6.30 C    17.8     2.3     8.4    79.9    36.6    57.5   0.155   0.126   0.106   0.104   0.077     6.7     6.1     5.5     5.7     5.9
04125 20180129  2.422 -119.65   44.56    18.3     5.9    12.1    12.4     0.0     2.94 C    14.4     2.1     7.8    70.7    17.1    40.9   0.153   0.126   0.109   0.106   0.080     7.0     6.7     6.2     6.4     6.6
04125 20180130  2.422 -119.65   44.56    14.8     0.2     7.5     6.8     0.0     2.46 C    12.5    -3.6     4.3    74.0    23.6    53.3   0.150   0.125   0.112   0.107   0.079     6.6     6.7     6.3     6.6     6.8
04125 20180131  2.422 -119.65   44.56     5.3    -2.1     1.6     1.9     0.0     3.05 C     7.8    -5.5     1.0    79.8    49.5    64.8   0.145   0.122   0.112   0.107   0.079     4.2     5.1     5.4     5.7     6.0
04125 20180201  2.422 -119.65   44.56    11.6     2.3     6.9     6.2     0.0     4.65 C    14.0     0.5     5.7    82.2    38.8    57.5   0.144   0.122   0.113   0.107   0.079     5.3     5.2     5.2     5.5     5.7
04125 20180202  2.422 -119.65   44.56    17.4     5.6    11.5    11.7     0.0     5.25 C    20.2     0.9     8.9    79.2    33.2    57.9   0.145   0.123   0.116   0.108   0.080     7.7     6.9     6.3     6.4     6.6
04125 20180203  2.422 -119.65   44.56    18.3     5.5    11.9    12.6     0.0     6.39 C    20.2     1.3     9.8    76.4    31.5    49.0   0.143   0.122   0.119   0.110   0.081     8.3     7.7     7.0     7.1     7.4
04125 20180204  2.422 -119.65   44.56    17.9     8.6    13.3    12.7     0.0     5.14 C    18.7     2.6     9.2    70.3    37.2    54.1   0.141   0.122   0.122   0.111   0.082     9.0     8.5     7.8     7.8     8.1
04125 20180205  2.422 -119.65   44.56    14.6     2.1     8.4     8.5     0.0     8.89 C    20.0    -3.4     5.6    71.3    24.4    50.6   0.138   0.120   0.122   0.112   0.081     7.8     8.0     7.6     7.8     8.1
04125 20180206  2.422 -119.65   44.56    14.0    -0.6     6.7     6.5     0.0     9.34 C    20.1    -4.2     5.1    76.1    34.0    54.8   0.133   0.117   0.122   0.111   0.081     6.8     7.1     6.8     7.2     7.5
04125 20180207  2.422 -119.65   44.56    16.2     2.4     9.3     8.3     0.0     8.40 C    20.7     0.3     6.6    68.8    34.1    54.1   0.131   0.115   0.121   0.111   0.081     6.9     6.9     6.6     7.0     7.3
04125 20180208  2.422 -119.65   44.56    20.9     4.9    12.9    11.5     0.0     9.12 C    25.0    -1.1     9.1    71.9    18.4    47.5   0.128   0.114   0.122   0.111   0.081     7.9     7.5     6.9     7.2     7.6
04125 20180209  2.422 -119.65   44.56    10.7    -1.4     4.7     4.9     0.0     7.60 C    19.0    -3.8     3.3    84.3    27.4    55.0   0.123   0.110   0.123   0.111   0.082     6.5     7.1     6.9     7.2     7.6
04125 20180210  2.422 -119.65   44.56     7.6    -2.9     2.4     2.4     0.0    11.08 C    16.7    -7.7     2.1    71.2    26.5    48.8   0.120   0.108   0.121   0.110   0.081     5.6     6.2     6.0     6.6     6.9
04125 20180211  2.422 -119.65   44.56     5.1    -2.2     1.5     0.8     0.5     3.50 C    13.2    -6.0     0.8    88.0    41.0    58.9   0.116   0.105   0.120   0.109   0.080     3.8     4.9     5.1     5.7     6.0
04125 20180212  2.422 -119.65   44.56     1.5    -9.6    -4.1    -2.6     0.0    11.75 C    12.3   -13.7    -2.7    72.9    35.1    52.5   0.114   0.103   0.120   0.108   0.080     3.3     4.4     4.6     5.2     5.5
04125 20180213  2.422 -119.65   44.56    10.8   -10.1     0.4     0.5     0.0    11.71 C    18.4   -13.6     0.1    74.6    20.0    43.6 -99.000   0.100   0.118   0.107   0.077     1.8     3.0     3.5     4.2     4.5
04125 20180214  2.422 -119.65   44.56     6.3    -1.3     2.5     2.8     3.4     4.76 C    15.8    -3.9     2.7    92.6    32.5    71.1   0.121   0.100   0.118   0.107   0.076     3.6     3.9     3.6     4.3     4.6
04125 20180215  2.422 -119.65   44.56     6.4    -1.9     2.2     1.9     0.2     7.23 C    16.8    -6.2     1.3    81.7    40.1    61.7   0.129   0.100   0.119   0.107   0.077     3.6     4.1     4.0     4.6     4.8
04125 20180216  2.422 -119.65   44.56     6.6    -2.1     2.3     2.0     0.0     5.30 C    11.3    -4.7     1.8    73.5    49.3    61.7   0.129   0.100   0.120   0.107   0.076     3.4     4.0     4.1     4.5     4.8
04125 20180217  2.422 -119.65   44.56    14.1     2.8     8.4     7.9     0.5     4.61 C    21.1     0.0     5.3    65.6    37.1    51.4   0.128   0.101   0.120   0.107   0.078     4.8     4.7     4.5     4.9     5.1
04125 20180218  2.422 -119.65   44.56     5.9    -3.2     1.4     2.1     0.0     9.32 C    17.2    -5.8     1.1    79.4    27.6    49.9   0.126   0.100   0.121   0.107   0.079     4.5     4.9     4.8     5.1     5.4
04125 20180219  2.422 -119.65   44.56    -2.8   -12.0    -7.4    -6.0     0.0     8.73 C     8.7   -14.6    -4.2    72.2    36.5    48.3   0.122   0.098   0.120   0.107   0.078     2.4     3.7     4.1     4.6     4.8
04125 20180220  2.422 -119.65   44.56     1.9   -10.2    -4.2    -3.8     0.0     9.38 C    14.9   -11.7    -1.0    78.1    29.9    49.4 -99.000   0.096   0.117   0.106   0.075     0.9     2.3     2.9     3.5     3.8
04125 20180221  2.422 -119.65   44.56    -1.0    -9.5    -5.3    -3.7     1.9    10.39 C    10.1   -16.0    -2.4    85.8    57.3    72.1   0.120   0.097   0.117   0.106   0.075     2.2     2.8     2.8     3.4     3.7
04125 20180222  2.422 -119.65   44.56    -0.6   -10.0    -5.3    -4.4     0.7     8.67 C    13.3   -11.0    -2.9    87.6    50.5    70.0   0.122   0.097   0.118   0.105   0.076     2.2     2.9     3.0     3.5     3.8
04125 20180223  2.422 -119.65   44.56     0.9   -15.0    -7.0    -6.2     0.0    11.23 C    10.6   -15.8    -4.0    81.0    34.4    60.6 -99.000   0.096   0.117   0.105   0.075     0.6     2.0     2.5     3.1     3.3
04125 20180224  2.422 -119.65   44.56     5.2    -2.0     1.6     1.1     2.0     8.97 C    14.4    -5.8     0.0    90.7    38.6    55.8   0.122   0.096   0.117   0.104   0.074     1.7     2.2     2.3     2.8     3.1
04125 20180225  2.422 -119.65   44.56     7.9    -2.4     2.8     3.2     0.4     6.41 C    16.6    -4.8     2.9    87.7    41.4    57.0   0.138   0.097   0.117   0.105   0.074     2.7     2.8     2.6     3.1     3.3
04125 20180226  2.422 -119.65   44.56     3.4    -7.0    -1.8    -1.0     0.0     9.94 C    15.3    -9.7    -0.2    89.0    37.4    65.4   0.138   0.099   0.118   0.106   0.076     3.2     3.5     3.3     3.7     3.9
04125 20180227  2.422 -119.65   44.56     4.7    -9.5    -2.4    -2.2     0.0    11.08 C    13.9    -9.6    -0.5    71.3    34.6    53.5   0.139   0.097   0.117   0.106   0.075     1.5     2.5     2.9     3.3     3.6
04125 20180228  2.422 -119.65   44.56     7.3    -1.0     3.1     3.1     0.7     5.58 C    11.3    -4.0     2.9    81.7    32.8    57.5   0.135   0.098   0.117   0.106   0.076     2.9     3.0     2.9     3.3     3.5
04125 20180301  2.422 -119.65   44.56    12.0    -0.4     5.8     3.7     8.2     5.77 C    21.1    -0.6     3.3    94.2    38.0    75.1   0.150   0.103   0.119   0.106   0.078     4.0     4.0     3.7     3.9     4.2
04125 20180302  2.422 -119.65   44.56     6.6    -2.5     2.1     2.1     0.4    10.19 C    11.0    -7.3     0.9    88.2    31.1    56.0   0.186   0.113   0.120   0.106   0.078     3.9     4.0     4.0     4.2     4.4
04125 20180303  2.422 -119.65   44.56     7.3    -4.5     1.4     0.1     0.9    11.92 C    20.9    -6.9     1.9    90.7    32.8    66.2   0.183   0.123   0.120   0.106   0.078     3.5     3.8     3.8     4.1     4.3
04125 20180304  2.422 -119.65   44.56     7.1    -3.1     2.0     1.8     0.0    11.32 C    20.7    -4.7     2.7    81.5    34.6    62.4   0.179   0.130   0.121   0.107   0.081     4.5     4.4     4.1     4.3     4.6
04125 20180305  2.422 -119.65   44.56     9.7    -2.9     3.4     2.3     0.0    15.83 C    20.9    -6.5     2.8    74.7    28.3    53.3   0.173   0.132   0.125   0.108   0.082     4.6     4.7     4.3     4.6     4.9
04125 20180306  2.422 -119.65   44.56    13.4    -4.1     4.6     3.2     0.0    15.98 C    22.8    -7.2     3.3    69.5    22.6    50.0   0.167   0.132   0.127   0.109   0.084     4.6     4.6     4.2     4.6     5.0
04125 20180307  2.422 -119.65   44.56    16.1    -2.8     6.6     7.6     0.0     8.38 C    22.3    -6.4     5.3    77.3    18.2    41.2   0.161   0.131   0.130   0.110   0.084     5.0     4.9     4.4     4.8     5.1
04125 20180308  2.422 -119.65   44.56    15.3     8.3    11.8    12.0     0.0     6.17 C    19.1     3.0     8.5    54.8    28.7    37.6   0.159   0.131   0.133   0.112   0.087     6.8     6.1     5.4     5.6     5.9
04125 20180309  2.422 -119.65   44.56    15.7     1.6     8.7     9.6     0.0    13.80 C    28.1    -2.4     8.1    72.9    23.1    42.6   0.154   0.130   0.135   0.114   0.088     7.6     6.9     6.0     6.3     6.6
04125 20180310  2.422 -119.65   44.56    15.7    -3.5     6.1     6.5     0.0    14.22 C    28.7    -6.7     6.7    88.6    29.1    57.8   0.148   0.127   0.136   0.114   0.089     7.2     6.9     6.2     6.5     6.8
04125 20180311  2.422 -119.65   44.56    17.5     4.1    10.8     9.8     0.0    16.65 C    30.5    -1.5    10.5    79.7    24.8    54.1   0.145   0.126   0.137   0.115   0.090     9.1     8.2     7.0     7.3     7.6
04125 20180312  2.422 -119.65   44.56    20.7     1.3    11.0    11.0     0.0    16.32 C    30.6    -1.4    10.7    73.9    20.6    45.1   0.139   0.123   0.138   0.116   0.091     9.0     8.5     7.5     7.8     8.1
04125 20180313  2.422 -119.65   44.56    20.7     6.1    13.4    12.9     8.0     7.16 C    27.1     2.3    11.2    88.2    25.3    50.7   0.138   0.121   0.138   0.116   0.093     9.9     9.2     8.2     8.4     8.7
04125 20180314  2.422 -119.65   44.56     8.0     2.7     5.3     4.9     8.3     5.61 C    14.6     1.3     6.7    89.4    64.2    82.2   0.208   0.137   0.141   0.118   0.094     8.8     8.9     8.4     8.5     8.7
04125 20180315  2.422 -119.65   44.56    10.0    -2.8     3.6     4.0     0.0    11.87 C    22.1    -4.4     4.8    91.3    35.8    66.3   0.203   0.162   0.157   0.123   0.101     7.6     7.8     7.8     7.9     8.1
04125 20180316  2.422 -119.65   44.56     8.5     0.2     4.4     3.8     0.6     9.47 C    20.3    -1.9     5.4    90.3    48.4    73.3   0.193   0.160   0.166   0.126   0.112     7.4     7.6     7.5     7.6     7.8
04125 20180317  2.422 -119.65   44.56     8.5    -0.6     4.0     4.0     0.3     6.76 C    16.4    -3.0     5.2    88.3    45.4    72.7   0.186   0.157   0.174   0.128   0.116     7.0     7.3     7.3     7.4     7.7
04125 20180318  2.422 -119.65   44.56    10.7    -2.1     4.3     4.3     0.0    16.56 C    24.0    -3.8     6.1    88.4    26.5    57.0   0.181   0.155   0.178   0.129   0.117     7.4     7.3     7.0     7.2     7.5
04125 20180319  2.422 -119.65   44.56    12.5     0.3     6.4     6.3     0.0    15.74 C    26.2    -2.2     7.7    81.6    27.0    53.0   0.175   0.152   0.180   0.130   0.118     8.4     8.1     7.5     7.7     8.0
04125 20180320  2.422 -119.65   44.56    14.8     1.3     8.0     8.9     0.0    17.14 C    28.5    -1.0    10.7    77.4    25.6    49.2   0.169   0.149   0.180   0.132   0.118     9.7     9.0     8.2     8.3     8.6
04125 20180321  2.422 -119.65   44.56    14.9     7.8    11.3    10.8     2.2     8.22 C    23.1     5.9    10.7    85.4    43.3    58.2   0.164   0.146   0.180   0.133   0.117    10.1     9.6     9.0     9.0     9.3
04125 20180322  2.422 -119.65   44.56    14.2     0.3     7.3     8.4     2.5     4.26 C    16.2    -2.5     7.2    90.0    36.7    62.2   0.175   0.145   0.181   0.134   0.118     9.5     9.6     9.2     9.3     9.4
04125 20180323  2.422 -119.65   44.56    11.7    -1.0     5.4     5.7     0.0    10.42 C    18.3    -4.0     5.0    78.4    27.4    47.3   0.175   0.145   0.180   0.133   0.117     7.5     8.0     8.2     8.4     8.6
04125 20180324  2.422 -119.65   44.56    10.1    -1.5     4.3     4.6     2.9    16.16 C    20.9    -4.1     5.5    86.4    20.4    46.0   0.183   0.147   0.179   0.133   0.117     8.0     8.1     8.0     8.1     8.3
04125 20180325  2.422 -119.65   44.56     9.5    -3.1     3.2     2.6     1.0    12.55 C    21.1    -5.0     3.8    89.6    31.5    62.1   0.179   0.147   0.180   0.133   0.118     6.9     7.4     7.6     7.7     8.0
04125 20180326  2.422 -119.65   44.56     9.8    -2.7     3.6     4.7     0.0    13.78 C    24.7    -5.2     6.2    86.3    35.1    60.7   0.175   0.146   0.179   0.134   0.118     7.7     7.6     7.4     7.6     7.8
04125 20180327  2.422 -119.65   44.56    15.6     0.8     8.2     8.9     0.0    11.16 C    25.9    -1.9     8.8    84.2    39.2    57.8   0.170   0.146   0.180   0.135   0.118     9.1     8.6     8.1     8.2     8.4
04125 20180328  2.422 -119.65   44.56    16.4     2.3     9.3     9.9     0.0    19.31 C    28.0    -1.9     9.9    80.5    17.9    43.7   0.164   0.143   0.180   0.136   0.118    10.3     9.6     8.8     8.9     9.2
04125 20180329  2.422 -119.65   44.56    17.6    -1.0     8.3     9.0     0.0    18.43 C    29.3    -4.1     9.5    81.9    27.3    50.6   0.156   0.139   0.178   0.135   0.118    10.3     9.8     9.1     9.3     9.5
04125 20180330  2.422 -119.65   44.56    17.1     3.1    10.1    10.2     0.0     9.50 C    22.7     1.4     9.3    70.6    22.4    48.0   0.150   0.134   0.176   0.135   0.117    10.1     9.9     9.4     9.5     9.8
04125 20180331  2.422 -119.65   44.56    15.0     2.1     8.5     8.9     0.0    13.72 C    30.3    -1.7     9.8    80.1    24.5    54.0   0.144   0.130   0.174   0.134   0.115    10.5    10.1     9.6     9.6     9.9
04125 20180401  2.422 -119.65   44.56    15.4     1.8     8.6     8.2     0.6    11.00 C    28.3    -1.6     9.0    77.8    29.1    56.5   0.138   0.125   0.171   0.132   0.113     9.9     9.8     9.6     9.6     9.9
04125 20180402  2.422 -119.65   44.56     9.6    -2.5     3.5     3.5     0.4    21.17 C    27.2    -6.7     5.7    84.0    21.8    46.6   0.133   0.121   0.169   0.132   0.112     9.5     9.7     9.4     9.5     9.8
04125 20180403  2.422 -119.65   44.56    15.8    -4.4     5.7     7.5     0.0    15.36 C    30.8    -7.4     8.7    70.7    15.6    36.9   0.129   0.117   0.165   0.129   0.109     9.0     9.0     8.9     9.0     9.3
04125 20180404  2.422 -119.65   44.56    16.9     6.7    11.8    11.4     0.0    10.80 C    35.5     5.2    13.1    66.8    38.6    50.8   0.126   0.113   0.161   0.128   0.106    11.2    10.4     9.7     9.7     9.9
04125 20180405  2.422 -119.65   44.56    15.4     8.6    12.0    11.5     1.8     5.22 C    20.2     7.0    11.6    92.1    50.6    71.7   0.123   0.111   0.159   0.127   0.105    11.5    11.0    10.4    10.3    10.6
04125 20180406  2.422 -119.65   44.56    17.8     8.5    13.1    13.7     0.4    12.82 C    33.6     5.9    14.8    86.3    42.3    58.4   0.124   0.111   0.159   0.127   0.106    12.7    11.7    10.9    10.8    11.0
04125 20180407  2.422 -119.65   44.56    18.2    10.2    14.2    14.0     5.4    11.45 C    30.2     8.3    13.2    80.5    19.0    44.3   0.140   0.110   0.157   0.127   0.105    13.0    12.4    11.7    11.5    11.7
04125 20180408  2.422 -119.65   44.56    16.3     3.5     9.9    11.0     0.0    12.87 C    28.2    -0.1    11.5    71.8    25.3    42.6   0.152   0.110   0.153   0.126   0.104    12.0    11.9    11.6    11.4    11.7
04125 20180409  2.422 -119.65   44.56    20.9     0.0    10.5    11.4     0.0    19.33 C    33.5    -2.7    12.8    85.2    20.4    47.1   0.145   0.108   0.150   0.125   0.103    12.1    11.6    11.2    11.2    11.5
04125 20180410  2.422 -119.65   44.56    19.3     8.6    13.9    14.9     0.0     6.85 C    24.5     6.3    13.4    70.2    25.3    42.2   0.137   0.106   0.147   0.124   0.101    12.7    12.3    11.7    11.7    12.0
04125 20180411  2.422 -119.65   44.56    14.7     2.4     8.5     9.2     0.0    11.25 C    34.5    -0.6    10.0    87.4    31.6    60.4   0.131   0.104   0.144   0.123   0.100    11.7    11.7    11.4    11.4    11.6
04125 20180412  2.422 -119.65   44.56    11.9     1.8     6.9     6.7     0.0    16.60 C    31.7    -2.7     9.0    67.0    28.9    44.9   0.126   0.103   0.141   0.121   0.098    11.4    11.4    11.3    11.2    11.5
04125 20180413  2.422 -119.65   44.56    13.4    -1.8     5.8     6.9     0.0    10.37 C    24.7    -4.8     8.5    77.4    43.5    57.7   0.119   0.099   0.138   0.119   0.097    10.2    10.6    10.7    10.7    10.9
04125 20180414  2.422 -119.65   44.56    17.9     6.4    12.1    12.1     0.0    12.79 C    31.7     4.6    14.1    77.2    15.0    42.0   0.116   0.097   0.134   0.117   0.095    11.9    11.3    11.0    10.9    11.1
04125 20180415  2.422 -119.65   44.56    16.2     6.6    11.4    10.4     1.9     9.34 C    35.4     4.7    11.7    78.1    35.1    60.1   0.113   0.096   0.132   0.115   0.094    12.4    12.0    11.7    11.5    11.7
04125 20180416  2.422 -119.65   44.56    10.0     1.2     5.6     6.0     1.1    11.10 C    27.1    -2.1     6.5    68.7    31.2    49.2   0.110   0.094   0.129   0.114   0.093    10.4    11.0    11.2    11.1    11.4
04125 20180417  2.422 -119.65   44.56    13.2    -2.4     5.4     6.0     0.0    22.64 C    35.7    -4.9     9.5    83.5    20.7    47.0   0.109   0.092   0.127   0.114   0.091    10.4    10.4    10.4    10.4    10.7
04125 20180418  2.422 -119.65   44.56    13.6     0.9     7.3     6.2     4.8    12.38 C    33.7    -1.0     9.8    88.3    28.1    63.1   0.108   0.091   0.126   0.113   0.091    10.8    10.8    10.7    10.7    11.0
04125 20180419  2.422 -119.65   44.56    16.4     3.3     9.8     9.6     0.0    24.35 C    33.5    -0.5    13.4    90.7    25.4    57.2   0.120   0.092   0.125   0.113   0.092    12.6    11.8    11.3    11.1    11.4
04125 20180420  2.422 -119.65   44.56    20.3    -0.6     9.8    10.9     0.0    24.56 C    37.9    -3.3    14.9    88.3    20.0    49.1   0.122   0.092   0.125   0.113   0.091    13.2    12.4    11.8    11.7    12.0
04125 20180421  2.422 -119.65   44.56    16.7     3.1     9.9    11.8     0.0    19.28 C    40.1    -0.9    14.8    63.6    21.5    38.8   0.117   0.092   0.123   0.112   0.092    14.2    13.5    12.7    12.5    12.9
04125 20180422  2.422 -119.65   44.56    16.1    -0.7     7.7     8.1     0.0    24.86 C    39.4    -3.9    13.3    81.9    20.0    45.4   0.110   0.090   0.120   0.111   0.091    13.3    13.0    12.6    12.5    12.8
04125 20180423  2.422 -119.65   44.56    18.9    -2.4     8.3     9.3     0.0    25.58 C    42.3    -5.5    14.8    80.2    16.4    40.6   0.105   0.088   0.118   0.109   0.089    13.7    13.1    12.6    12.5    12.9
04125 20180424  2.422 -119.65   44.56    24.7     1.8    13.3    14.1     0.0    25.27 C    48.3    -2.7    19.3    65.4    13.7    34.1   0.101   0.086   0.115   0.108   0.089    15.2    14.1    13.3    13.1    13.4
04125 20180425  2.422 -119.65   44.56    28.4     7.9    18.1    18.1     0.0    24.83 C    51.1     4.3    23.1    53.4    11.5    30.7   0.099   0.086   0.113   0.107   0.088    17.5    15.8    14.6    14.2    14.5
04125 20180426  2.422 -119.65   44.56    30.8     9.1    19.9    19.4     0.0    24.80 C    52.3     4.5    24.3    64.0    12.6    36.0   0.096   0.085   0.112   0.106   0.088    18.9    17.1    15.8    15.3    15.7
04125 20180427  2.422 -119.65   44.56    28.5     7.4    17.9    15.8     2.7    16.35 C    53.2     4.0    19.4    76.4    15.3    45.2   0.092   0.083   0.110   0.105   0.087    18.6    17.6    16.5    16.1    16.4
04125 20180428  2.422 -119.65   44.56    14.5     1.8     8.2     8.1     2.0    14.92 C    39.8     0.1    11.3    89.3    40.2    68.5   0.088   0.081   0.109   0.105   0.087    15.3    15.7    15.7    15.4    15.7
04125 20180429  2.422 -119.65   44.56    17.3     6.1    11.7    10.6     0.0    17.67 C    39.4     2.8    15.0    87.5    25.2    56.2   0.088   0.080   0.107   0.104   0.086    15.0    14.8    14.8    14.6    14.8
04125 20180430  2.422 -119.65   44.56    14.9     2.9     8.9     9.4     0.0    14.63 C    39.5    -1.2    12.8    80.0    29.3    52.4   0.088   0.080   0.108   0.104   0.087    14.5    14.6    14.5    14.4    14.7
04125 20180501  2.422 -119.65   44.56    16.3     1.0     8.6     8.4     0.0    16.21 C    42.3    -2.1    12.5    82.1    30.7    55.4   0.087   0.078   0.106   0.102   0.085    13.4    13.7    13.8    13.7    14.0
04125 20180502  2.422 -119.65   44.56    22.0     0.2    11.1    12.2     0.0    26.21 C    46.3    -2.8    18.1    87.0    20.8    47.6   0.089   0.079   0.107   0.103   0.085    15.5    14.5    14.0    13.9    14.1
04125 20180503  2.422 -119.65   44.56    27.5     6.8    17.1    17.0     0.0    24.85 C    52.6     2.8    22.9    63.3    16.9    36.4   0.090   0.080   0.108   0.103   0.086    18.0    16.3    15.3    15.0    15.3
04125 20180504  2.422 -119.65   44.56    28.3     9.7    19.0    18.8     0.0    18.95 C    46.3     7.1    22.7    61.8    17.5    36.3   0.089   0.081   0.108   0.104   0.087    19.2    17.7    16.7    16.2    16.5
04125 20180505  2.422 -119.65   44.56    26.8    10.2    18.5    19.0     0.0    16.37 C    45.1     8.7    22.9    65.3    12.8    36.1   0.087   0.081   0.108   0.104   0.087    19.6    18.2    17.3    16.8    17.1
04125 20180506  2.422 -119.65   44.56    23.5     8.5    16.0    14.6     0.8    11.53 C    46.8     5.2    16.3    85.6    26.1    55.7   0.082   0.080   0.107   0.104   0.087    18.0    17.7    17.3    16.9    17.1
04125 20180507  2.422 -119.65   44.56    27.2     7.3    17.2    17.3     0.0    26.66 C    52.0     3.9    23.1    88.8    17.8    48.4   0.082   0.079   0.107   0.103   0.086    19.2    17.7    17.1    16.6    16.9
04125 20180508  2.422 -119.65   44.56    32.3    10.6    21.4    19.0     8.2    20.45 C    56.1     8.4    24.8    88.8    13.4    49.6   0.082   0.081   0.114   0.104   0.087    21.0    19.2    18.2    17.6    18.0
04125 20180509  2.422 -119.65   44.56    22.1    11.5    16.8    15.8     0.0    16.37 C    39.4     9.9    19.1    90.1    28.0    61.7   0.080   0.080   0.141   0.105   0.088    19.2    18.8    18.4    17.9    18.3
04125 20180510  2.422 -119.65   44.56    17.9     8.6    13.2    12.2     0.8    13.66 C    38.2     5.5    15.4    81.7    28.9    54.4   0.081   0.080   0.141   0.104   0.087    17.2    17.4    17.4    17.2    17.5
04125 20180511  2.422 -119.65   44.56    16.6     6.5    11.6    11.0     2.3    11.34 C    33.4     7.1    13.6    80.3    42.1    57.6   0.081   0.078   0.140   0.103   0.086    15.3    15.9    16.2    16.1    16.4
04125 20180512  2.422 -119.65   44.56    22.2    11.5    16.9    17.0     0.0    22.75 C    42.7     7.5    20.4    61.9    19.4    40.8   0.086   0.079   0.137   0.103   0.086    17.0    16.3    16.0    15.9    16.2
04125 20180513  2.422 -119.65   44.56    27.3     5.6    16.4    17.9     0.0    27.78 C    51.7     2.7    23.5    82.5    15.3    40.6   0.090   0.081   0.136   0.104   0.087    19.0    17.6    16.8    16.5    16.9
04125 20180514  2.422 -119.65   44.56    29.1    10.6    19.8    20.3     0.0    28.50 C    54.5     6.5    27.4    60.4    14.7    33.9   0.093   0.084   0.133   0.106   0.088    21.4    19.5    18.3    17.8    18.2
04125 20180515  2.422 -119.65   44.56    31.0    12.8    21.9    21.5     0.6    24.18 C    59.0    11.1    28.5    76.0     9.9    34.8   0.094   0.086   0.132   0.107   0.090    23.0    21.1    19.9    19.2    19.6
04125 20180516  2.422 -119.65   44.56    20.7    13.2    16.9    16.2    11.5    10.04 C    34.0    12.6    18.6    87.9    48.2    76.0   0.093   0.086   0.131   0.108   0.091    20.5    20.4    20.1    19.5    19.8
04125 20180517  2.422 -119.65   44.56    25.6     8.9    17.2    17.1     0.0    21.49 C    45.9     6.1    21.5    90.6    21.5    55.5   0.140   0.098   0.130   0.107   0.090    20.2    19.5    19.3    18.8    19.2
04125 20180518  2.422 -119.65   44.56    24.4     5.1    14.8    15.9     0.0    26.52 C    49.2     2.9    22.6    79.4    21.7    45.7   0.146   0.100   0.131   0.107   0.091    20.2    19.5    19.1    18.8    19.2
04125 20180519  2.422 -119.65   44.56    25.3     9.1    17.2    17.5     0.6    22.29 C    51.2     7.4    23.8    86.7    29.2    56.0   0.144   0.101   0.133   0.108   0.092    21.1    20.2    19.6    19.1    19.5
04125 20180520  2.422 -119.65   44.56    17.1    13.3    15.2    15.1     5.1     6.41 C    24.2    12.6    16.7    86.1    65.0    76.3   0.145   0.102   0.133   0.109   0.092    19.0    19.3    19.3    18.9    19.3
04125 20180521  2.422 -119.65   44.56    25.8    12.8    19.3    18.3     1.6    26.38 C    46.2    11.3    24.5    89.6    30.1    58.3   0.169   0.108   0.134   0.108   0.093    20.8    19.7    19.1    18.7    19.1
04125 20180522  2.422 -119.65   44.56    29.0    10.0    19.5    20.1     0.0    28.48 C    52.1     8.5    27.2    88.2    25.4    53.7   0.166   0.116   0.135   0.109   0.095    22.2    20.9    20.1    19.7    20.1
04125 20180523  2.422 -119.65   44.56    28.5    14.6    21.5    20.3     0.9    22.69 C    58.2    12.7    26.8    83.8    17.9    54.6   0.161   0.118   0.135   0.111   0.099    23.1    22.0    21.2    20.6    21.0
04125 20180524  2.422 -119.65   44.56    29.2    14.9    22.1    21.1     0.2    20.32 C    54.1    13.6    26.2    79.9    26.5    53.1   0.157   0.118   0.135   0.112   0.100    23.0    22.0    21.5    20.9    21.2
04125 20180525  2.422 -119.65   44.56    27.5    13.1    20.3    18.6    15.3    21.16 C    56.9    13.7    25.3    88.2    31.0    63.4   0.171   0.125   0.135   0.113   0.102    23.0    22.3    21.8    21.2    21.6
04125 20180526  2.422 -119.65   44.56    21.6    11.0    16.3    16.1     0.0    26.37 C    47.9     8.7    22.7    83.9    28.2    46.9   0.208   0.163   0.142   0.113   0.109    21.6    21.3    21.2    20.8    21.2
04125 20180527  2.422 -119.65   44.56    26.0     6.8    16.4    17.3     0.0    28.68 C    49.5     5.4    24.3    80.0    19.8    43.8   0.191   0.162   0.153   0.117   0.114    21.3    20.8    20.7    20.3    20.7
04125 20180528  2.422 -119.65   44.56    29.3     9.5    19.4    20.2     0.0    29.03 C    53.5     8.3    27.2    83.0    14.5    39.6   0.184   0.161   0.157   0.124   0.117    22.7    21.6    21.1    20.7    21.1
04125 20180529  2.422 -119.65   44.56    26.0     8.1    17.0    17.3     0.0    27.64 C    55.2     6.6    25.5    79.9    17.3    37.3   0.178   0.158   0.159   0.130   0.120    22.7    22.0    21.6    21.2    21.6
04125 20180530  2.422 -119.65   44.56    21.2     6.2    13.7    14.5     0.0    22.49 C    49.2     4.9    21.9    61.0    16.5    33.6   0.172   0.156   0.159   0.133   0.121    21.5    21.4    21.5    21.0    21.3
04125 20180531  2.422 -119.65   44.56    15.6     8.7    12.1    13.1     0.0    10.86 C    34.7     5.0    16.8    62.3    32.9    45.5   0.167   0.152   0.159   0.135   0.122    19.6    20.2    20.7    20.3    20.5
04125 20180601  2.422 -119.65   44.56    23.9     6.1    15.0    15.2     0.0    28.89 C    51.8     3.8    24.2    70.9    20.0    39.0   0.165   0.150   0.158   0.136   0.123    20.6    20.0    20.0    19.6    19.8
04125 20180602  2.422 -119.65   44.56    30.7     6.3    18.5    19.8     0.0    26.85 C    57.3     4.4    27.5    76.0    15.6    36.6   0.162   0.149   0.158   0.138   0.127    22.6    21.4    21.2    20.5    20.8
04125 20180603  2.422 -119.65   44.56    33.6    10.9    22.3    22.1     0.0    23.07 C    60.0     8.9    28.1    69.0    11.7    35.7   0.159   0.148   0.159   0.140   0.129    24.2    23.0    22.5    21.7    22.1
04125 20180604  2.422 -119.65   44.56    23.5     9.4    16.5    17.3     0.0    27.41 C    53.7     7.6    25.7    71.1    21.7    38.1   0.155   0.145   0.157   0.141   0.130    23.9    23.2    22.9    22.2    22.6
04125 20180605  2.422 -119.65   44.56    26.5     6.9    16.7    17.7     0.0    28.47 C    54.3     4.9    26.7    66.9    15.6    32.2   0.151   0.142   0.154   0.141   0.130    23.6    22.9    22.8    22.1    22.5
04125 20180606  2.422 -119.65   44.56    28.2     9.7    18.9    19.5     0.0    23.02 C    51.3     8.5    26.3    60.7    18.0    32.9   0.148   0.139   0.150   0.141   0.131    23.9    23.2    23.1    22.4    22.8
04125 20180607  2.422 -119.65   44.56    29.1     9.1    19.1    19.4     1.1    23.33 C    56.2     7.3    25.7    74.9    19.5    42.0   0.144   0.136   0.147   0.140   0.131    24.0    23.3    23.2    22.5    22.9
04125 20180608  2.422 -119.65   44.56    30.6     7.4    19.0    19.9     0.0    25.86 C    56.0     5.7    26.9    76.3    13.4    36.6   0.140   0.134   0.143   0.140   0.131    24.0    23.3    23.3    22.6    23.0
04125 20180609  2.422 -119.65   44.56    14.8     5.8    10.3    10.7    10.4     7.26 C    27.8     3.1    13.4    85.7    50.1    69.4   0.151   0.132   0.140   0.139   0.129    20.3    21.6    22.6    22.0    22.3
04125 20180610  2.422 -119.65   44.56    16.2     2.9     9.5    11.5     0.0    18.08 C    41.3     2.3    16.7    85.5    26.5    46.8   0.177   0.133   0.136   0.137   0.127    18.2    18.9    19.9    19.7    19.9
04125 20180611  2.422 -119.65   44.56    21.4     8.4    14.9    14.2     0.2    26.14 C    48.1     6.0    22.0    81.5    17.3    46.8   0.171   0.133   0.136   0.137   0.127    19.8    19.5    19.7    19.5    19.8
04125 20180612  2.422 -119.65   44.56    30.2     6.9    18.5    18.8     0.0    29.08 C    54.9     6.0    26.5    61.0     9.2    32.9   0.165   0.133   0.136   0.138   0.128    21.5    20.6    20.4    20.0    20.3
04125 20180613  2.422 -119.65   44.56    29.0     8.6    18.8    18.9     0.0    26.42 C    57.4     6.5    26.3    73.6    20.0    39.4   0.160   0.133   0.135   0.139   0.128    22.8    21.9    21.7    21.1    21.4
04125 20180614  2.422 -119.65   44.56    22.7    11.2    17.0    17.1     0.0    25.43 C    52.6     7.6    25.9    54.0    20.0    35.9   0.154   0.131   0.134   0.139   0.129    23.0    22.2    22.1    21.5    21.9
04125 20180615  2.422 -119.65   44.56    24.9     8.2    16.5    17.4     0.0    29.02 C    54.1     5.2    25.8    69.1    15.4    36.9   0.150   0.129   0.132   0.139   0.127    23.0    22.3    22.3    21.7    22.0
04125 20180616  2.422 -119.65   44.56    24.0     9.6    16.8    16.7     2.7    21.01 C    53.5     6.6    23.5    69.4    24.6    46.3   0.145   0.127   0.130   0.139   0.127    22.4    22.2    22.4    21.8    22.1
04125 20180617  2.422 -119.65   44.56    24.3    12.6    18.4    18.7     0.2    22.14 C    50.3     9.9    24.3    77.3    26.9    47.0   0.143   0.125   0.128   0.138   0.125    22.0    21.7    22.0    21.4    21.9
04125 20180618  2.422 -119.65   44.56    18.7    13.1    15.9    15.8     6.0     6.24 C    24.0    12.8    17.6    89.2    56.4    74.3   0.163   0.125   0.127   0.137   0.123    20.4    20.9    21.3    21.0    21.3
04125 20180619  2.422 -119.65   44.56    26.4    13.6    20.0    20.2     0.0    19.51 C    52.8    13.9    24.8    88.3    31.3    55.8   0.169   0.127   0.127   0.137   0.122    21.9    21.0    20.9    20.6    21.0
04125 20180620  2.422 -119.65   44.56    30.8    13.8    22.3    21.0     0.0    21.13 C    60.2    12.3    26.5    77.9    24.1    52.2   0.160   0.127   0.128   0.138   0.121    23.2    22.1    21.8    21.3    21.8
04125 20180621  2.422 -119.65   44.56    30.0    15.0    22.5    21.8     8.4    25.93 C    50.1    14.9    27.1    90.0    22.6    54.8   0.195   0.135   0.129   0.139   0.121    23.8    22.7    22.5    21.9    22.3
04125 20180622  2.422 -119.65   44.56    29.6    13.0    21.3    21.9     0.0    28.71 C    52.7    11.6    27.9    77.3    16.4    38.4   0.183   0.137   0.129   0.139   0.123    24.5    23.5    23.1    22.5    23.0
04125 20180623  2.422 -119.65   44.56    25.2    10.7    17.9    18.9     0.0    26.11 C    50.2     9.3    25.3    74.8    23.8    41.9   0.166   0.133   0.130   0.139   0.123    23.6    23.0    23.0    22.5    22.9
04125 20180624  2.422 -119.65   44.56    33.4    10.9    22.1    23.3     0.0    29.82 C    55.2     8.2    29.5    68.3    14.2    33.8   0.155   0.129   0.129   0.138   0.122    24.8    23.5    23.2    22.6    23.0
04125 20180625  2.422 -119.65   44.56    27.0    13.4    20.2    21.7     0.0    28.57 C    52.0    10.5    28.0    58.4    16.9    33.2   0.146   0.124   0.131   0.137   0.122    25.5    24.5    24.2    23.4    23.8
04125 20180626  2.422 -119.65   44.56    27.4     8.6    18.0    18.8     0.0    29.70 C    51.9     6.8    26.9    74.8    11.8    36.3   0.137   0.117   0.129   0.135   0.121    24.9    24.1    24.0    23.4    23.8
04125 20180627  2.422 -119.65   44.56    30.8     9.2    20.0    21.2     0.0    29.47 C    54.8     7.0    28.7    56.6    13.5    27.4   0.128   0.112   0.126   0.132   0.120    25.5    24.4    24.2    23.5    24.0
04125 20180628  2.422 -119.65   44.56    25.8    13.5    19.7    19.5     0.0    28.93 C    51.9    11.9    28.0    51.4    18.9    30.3   0.117   0.096   0.127   0.130   0.119    25.9    24.7    24.8    23.9    24.4
04125 20180629  2.422 -119.65   44.56    26.9     9.8    18.3    19.4     0.0    24.83 C    52.5     8.1    27.0    70.9    17.9    38.6   0.109   0.092   0.126   0.129   0.118    25.6    24.5    24.7    24.0    24.4
04125 20180630  2.422 -119.65   44.56    30.6    10.8    20.7    21.9     0.0    29.47 C    54.5     9.5    30.0    70.3    11.4    35.5   0.104   0.088   0.127   0.128   0.116    26.9    25.2    25.1    24.3    24.8
04125 20180701  2.422 -119.65   44.56    30.1    15.1    22.6    22.6     0.0    28.02 C    54.7    13.0    30.3    64.0    10.5    32.4   0.097   0.086   0.127   0.127   0.115    27.5    25.9    25.7    25.0    25.4
04125 20180702  2.422 -119.65   44.56    24.1     8.9    16.5    17.4     0.0    29.99 C    51.0     8.0    26.4    70.5    12.6    33.1   0.090   0.083   0.125   0.126   0.113    26.7    25.6    25.8    25.0    25.4
04125 20180703  2.422 -119.65   44.56    25.3     6.7    16.0    17.2     0.0    29.90 C    50.9     4.6    26.1    66.1    14.2    31.4   0.085   0.081   0.125   0.125   0.110    26.1    25.0    25.3    24.6    25.0
04125 20180704  2.422 -119.65   44.56    34.6    12.0    23.3    23.2     0.0    26.61 C    58.1    10.2    30.0    50.0     8.5    24.6   0.081   0.080   0.125   0.124   0.109    27.4    25.6    25.6    24.9    25.2
04125 20180705  2.422 -119.65   44.56    36.8    12.3    24.6    25.8     0.0    28.85 C    59.2    10.4    31.8    57.6     3.9    23.3   0.077   0.080   0.125   0.124   0.108    28.7    26.5    26.3    25.5    25.9
04125 20180706  2.422 -119.65   44.56    31.7    12.9    22.3    24.3     0.0    17.97 C    51.4    10.2    27.9    58.0    11.3    28.8   0.072   0.079   0.123   0.123   0.107    27.8    26.6    26.6    25.8    26.2
04125 20180707  2.422 -119.65   44.56    31.5    11.9    21.7    22.9     0.0    28.48 C    55.9    11.0    30.5    69.6    15.2    32.2   0.070   0.078   0.121   0.123   0.106    28.3    26.6    26.3    25.6    26.1
04125 20180708  2.422 -119.65   44.56    35.7    10.1    22.9    23.9     0.0    28.71 C    58.7     8.0    31.1    54.7     9.1    24.4   0.067   0.077   0.120   0.122   0.106    28.8    27.0    26.6    25.9    26.4
04125 20180709  2.422 -119.65   44.56    37.3    13.4    25.3    25.9     0.0    28.26 C    59.8    12.9    33.6    56.9     6.9    24.7   0.065   0.077   0.120   0.123   0.106    30.1    27.9    27.3    26.5    27.0
04125 20180710  2.422 -119.65   44.56    29.1    13.0    21.0    21.8     0.0    28.98 C    55.4    10.7    30.6    48.8    19.5    31.6   0.062   0.077   0.119   0.123   0.106    29.8    28.1    27.7    27.0    27.4
04125 20180711  2.422 -119.65   44.56    31.6    11.2    21.4    23.0     0.0    28.98 C    58.2    10.2    31.7    67.5    12.4    32.4   0.060   0.075   0.117   0.122   0.106    29.7    28.0    27.7    27.0    27.4
04125 20180712  2.422 -119.65   44.56    35.4    11.5    23.4    25.2     0.0    29.07 C    60.4    10.2    32.9    63.8     9.9    27.5   0.059   0.075   0.118   0.122   0.106    30.4    28.4    27.9    27.2    27.7
04125 20180713  2.422 -119.65   44.56    38.5    16.8    27.7    28.3     0.0    25.86 C    64.0    13.4    34.3    44.7     8.1    21.3   0.057   0.075   0.118   0.121   0.106    31.3    29.0    28.4    27.7    28.1
04125 20180714  2.422 -119.65   44.56    36.1    12.8    24.4    26.7     0.0    28.95 C    63.1    10.4    34.4    45.8     9.4    20.1   0.056   0.074   0.117   0.121   0.106    31.6    29.4    28.7    28.0    28.4
04125 20180715  2.422 -119.65   44.56    37.5    14.4    26.0    28.0     0.0    23.52 C    58.9    13.2    34.5    52.4     9.7    22.6   0.054   0.073   0.117   0.121   0.106    31.7    29.7    29.0    28.3    28.7
04125 20180716  2.422 -119.65   44.56    37.9    22.6    30.2    29.0     0.0    22.96 C    65.9    22.1    35.8    46.3    11.9    26.6   0.054   0.073   0.117   0.121   0.107    32.9    30.5    29.5    28.8    29.2
04125 20180717  2.422 -119.65   44.56    39.3    17.8    28.6    28.7     0.0    27.86 C    63.7    16.8    36.0    48.9     6.5    24.1   0.052   0.072   0.117   0.121   0.107    32.8    30.4    29.7    29.0    29.4
04125 20180718  2.422 -119.65   44.56    35.0    14.2    24.6    26.2     0.0    28.65 C    61.5    11.5    33.9    50.2     9.7    23.3   0.050   0.071   0.117   0.121   0.107    32.6    30.5    29.9    29.2    29.6
04125 20180719  2.422 -119.65   44.56    35.0    12.9    23.9    25.2     0.0    28.62 C    61.6    10.5    33.0    56.9     9.3    23.9   0.049   0.070   0.116   0.120   0.106    32.2    30.3    29.8    29.1    29.5
04125 20180720  2.422 -119.65   44.56    32.0     9.1    20.6    22.1     0.0    29.16 C    59.2     7.1    30.0    38.4     3.4    14.4   0.047   0.067   0.115   0.119   0.106    30.9    29.7    29.5    28.8    29.3
04125 20180721  2.422 -119.65   44.56    32.1     8.8    20.5    22.1     0.0    28.85 C    58.8     7.8    30.0    47.4     5.1    17.5   0.046   0.066   0.114   0.118   0.105    30.3    29.0    28.9    28.4    28.8
04125 20180722  2.422 -119.65   44.56    34.5     9.9    22.2    23.6     0.0    27.19 C    60.3     7.7    31.0    50.7     4.7    20.0   0.045   0.064   0.113   0.119   0.104    30.5    29.0    28.7    28.2    28.6
04125 20180723  2.422 -119.65   44.56    38.2    14.5    26.3    27.0     0.0    25.47 C    61.8    12.0    33.9    40.2    10.3    19.8   0.045   0.064   0.113   0.118   0.105    31.7    29.7    29.0    28.5    28.9
04125 20180724  2.422 -119.65   44.56    38.7    15.7    27.2    28.5     0.0    25.55 C    62.6    13.3    35.2    44.7     6.5    18.2   0.045   0.063   0.114   0.119   0.105    32.7    30.4    29.6    29.0    29.4
04125 20180725  2.422 -119.65   44.56    38.8    15.4    27.1    28.2     0.0    27.44 C    63.1    13.0    34.7    43.0     6.1    14.9   0.044   0.062   0.114   0.119   0.104    33.1    30.9    30.0    29.4    29.7
04125 20180726  2.422 -119.65   44.56    38.0    13.8    25.9    27.6     0.0    27.61 C    63.1    10.9    34.1    32.5     5.6    14.6   0.044   0.061   0.114   0.118   0.105    32.8    30.8    30.0    29.5    29.8
04125 20180727  2.422 -119.65   44.56    37.2    14.1    25.6    27.3     0.0    26.54 C    62.0    11.6    33.7    45.1     6.6    18.1   0.043   0.059   0.114   0.118   0.105    32.7    30.9    30.1    29.6    29.9
04125 20180728  2.422 -119.65   44.56    36.4    14.2    25.3    27.4     0.0    27.01 C    61.2    12.1    34.1    47.5     8.8    20.1   0.042   0.058   0.114   0.118   0.104    33.0    31.0    30.2    29.7    30.0
04125 20180729  2.422 -119.65   44.56    38.0    15.8    26.9    28.4     0.0    26.96 C    63.0    12.6    35.2    41.5     6.4    20.5   0.042   0.057   0.113   0.118   0.104    33.5    31.3    30.4    29.8    30.2
04125 20180730  2.422 -119.65   44.56    42.0    19.9    30.9    29.6     0.0    22.40 C    64.1    15.9    34.8    35.9     6.3    19.1   0.041   0.056   0.114   0.119   0.105    33.6    31.6    30.7    30.1    30.4
04125 20180731  2.422 -119.65   44.56    36.6    19.0    27.8    28.4     0.0    16.24 C    56.0    17.8    32.1    43.2    14.7    21.7   0.041   0.054   0.113   0.118   0.104    32.5    31.2    30.6    30.1    30.4
04125 20180801  2.422 -119.65   44.56    36.5    13.4    25.0    26.9     0.0    26.08 C    60.4    12.0    33.2    54.9     6.7    18.2   0.040   0.073   0.111   0.118   0.104    32.5    30.8    30.2    29.8    30.1
04125 20180802  2.422 -119.65   44.56    33.6    12.4    23.0    24.2     0.0    25.99 C    58.6    10.5    31.4    48.0     8.3    21.9   0.040   0.071   0.110   0.117   0.103    32.1    30.7    30.1    29.7    30.0
04125 20180803  2.422 -119.65   44.56    30.1    10.2    20.1    21.5     0.0    26.56 C    56.4     9.4    29.4    62.7    12.5    29.2   0.039   0.070   0.110   0.117   0.103    31.1    30.1    29.8    29.4    29.7
04125 20180804  2.422 -119.65   44.56    30.5    11.5    21.0    21.8     0.0    25.75 C    56.7     9.4    29.8    57.8    14.4    31.1   0.038   0.069   0.109   0.116   0.103    30.9    29.8    29.5    29.1    29.4
04125 20180805  2.422 -119.65   44.56    32.7    10.6    21.7    23.3     0.0    25.83 C    57.8     8.9    30.6    57.6     9.3    27.6   0.038   0.069   0.108   0.115   0.102    31.1    29.8    29.3    29.0    29.3
04125 20180806  2.422 -119.65   44.56    36.2    14.8    25.5    26.1     0.0    24.28 C    59.0    12.4    32.2    52.0     8.1    22.5   0.038   0.067   0.107   0.115   0.101    31.7    30.2    29.5    29.1    29.5
04125 20180807  2.422 -119.65   44.56    39.0    15.6    27.3    27.8     0.0    23.75 C    59.6    12.5    33.2    38.3     6.7    18.1   0.038   0.067   0.106   0.115   0.100    32.3    30.5    29.7    29.3    29.7
04125 20180808  2.422 -119.65   44.56    42.5    18.6    30.5    29.8     0.0    23.32 C    62.1    14.4    34.6    34.5     4.3    18.1   0.038   0.066   0.106   0.115   0.100    33.1    31.1    30.1    29.6    30.0
04125 20180809  2.422 -119.65   44.56    43.3    16.7    30.0    30.7     0.0    23.29 C    62.9    14.1    35.4    46.3     5.7    19.0   0.038   0.065   0.106   0.115   0.100    33.7    31.6    30.5    30.0    30.4
04125 20180810  2.422 -119.65   44.56    39.5    21.0    30.3    30.2     0.0    21.60 C    60.0    17.5    35.2    38.3    12.7    22.4   0.038   0.066   0.105   0.115   0.099    34.0    32.1    30.9    30.3    30.7
04125 20180811  2.422 -119.65   44.56    32.6    17.3    25.0    24.8     0.0    23.37 C    56.7    14.4    31.5    46.3    14.6    28.8   0.037   0.064   0.103   0.115   0.099    33.0    31.9    30.8    30.3    30.7
04125 20180812  2.422 -119.65   44.56    30.3    10.0    20.2    21.3     0.0    25.45 C    54.8     8.8    28.9    70.4    10.3    34.1   0.035   0.063   0.102   0.113   0.098    31.1    30.1    30.1    29.8    30.1
04125 20180813  2.422 -119.65   44.56    33.0    11.9    22.5    22.9     0.0    24.48 C    56.1     9.3    29.4    54.6    10.3    28.5   0.036   0.061   0.101   0.113   0.096    30.8    30.0    29.7    29.4    29.6
04125 20180814  2.422 -119.65   44.56    35.4    11.2    23.3    24.1     0.0    22.19 C    53.9     9.6    29.2    56.2     6.5    25.4   0.035   0.060   0.099   0.112   0.095    30.5    29.8    29.4    29.1    29.4
04125 20180815  2.422 -119.65   44.56    33.3    14.3    23.8    24.8     0.0    11.52 C    49.0    11.4    27.0    43.2    12.5    23.1   0.034   0.059   0.099   0.111   0.093    29.0    29.0    28.9    28.7    29.0
04125 20180816  2.422 -119.65   44.56    38.1    19.7    28.9    29.1     0.0    17.49 C    59.0    16.6    33.0    39.8    10.2    23.1   0.036   0.058   0.098   0.111   0.093    31.3    29.7    28.9    28.6    29.0
04125 20180817  2.422 -119.65   44.56    33.2    15.8    24.5    25.0     0.0    21.27 C    54.8    12.9    29.8    59.1     8.4    26.0   0.036   0.059   0.097   0.111   0.093    31.2    30.0    29.3    29.0    29.3
04125 20180818  2.422 -119.65   44.56    34.9    12.1    23.5    23.7     0.0    24.27 C    56.9     8.5    29.1    38.2     5.4    19.4   0.035   0.057   0.096   0.110   0.092    30.2    29.3    28.9    28.7    29.0
04125 20180819  2.422 -119.65   44.56    35.1    12.6    23.9    24.5     0.0    22.00 C    56.7     9.4    29.7    39.0     9.0    21.7   0.035   0.058   0.096   0.110   0.092    30.3    29.3    28.8    28.5    28.9
04125 20180820  2.422 -119.65   44.56    29.0    16.4    22.7    23.5     0.3    13.02 C    41.2    13.6    25.3    64.5    14.4    31.2   0.034   0.056   0.095   0.109   0.092    29.0    29.0    28.7    28.5    28.8
04125 20180821  2.422 -119.65   44.56    28.4    12.2    20.3    20.9     0.0    20.46 C    50.9    10.9    25.9    62.4    21.5    37.1   0.034   0.055   0.093   0.107   0.090    28.1    27.3    27.8    27.7    28.0
04125 20180822  2.422 -119.65   44.56    32.6    11.8    22.2    22.1     0.0    22.17 C    53.9     9.1    27.3    57.5     8.5    30.9   0.034   0.054   0.092   0.107   0.091    28.7    27.9    27.6    27.5    27.8
04125 20180823  2.422 -119.65   44.56    31.4    15.3    23.3    23.1     0.0    18.22 C    50.3    11.4    26.7    35.7    13.2    24.0   0.034   0.054   0.091   0.106   0.091    28.5    28.2    27.7    27.5    27.8
04125 20180824  2.422 -119.65   44.56    26.1    10.1    18.1    19.4     0.0    22.23 C    50.7     8.8    25.4    67.2    14.1    34.6   0.034   0.054   0.091   0.106   0.090    28.3    27.9    27.5    27.4    27.7
04125 20180825  2.422 -119.65   44.56    26.2     6.6    16.4    17.9     0.0    16.96 C    51.5     4.6    23.0    67.2    13.4    33.9   0.032   0.053   0.090   0.104   0.089    26.6    27.0    27.0    26.8    27.1
04125 20180826  2.422 -119.65   44.56    23.3    16.0    19.6    18.6     0.0    10.47 C    44.2    15.6    23.4    54.8    27.9    42.0   0.033   0.052   0.089   0.104   0.089    26.1    26.1    26.5    26.5    26.7
04125 20180827  2.422 -119.65   44.56    21.8     9.0    15.4    16.4     0.9    12.01 C    41.4     5.9    19.7    87.3    28.5    52.3   0.032   0.051   0.087   0.103   0.088    24.9    25.8    26.0    26.0    26.2
04125 20180828  2.422 -119.65   44.56    28.1     7.0    17.6    17.2     0.0    22.60 C    49.6     5.1    23.0    73.6    12.9    38.9   0.033   0.050   0.086   0.102   0.087    24.7    25.0    25.2    25.1    25.4
04125 20180829  2.422 -119.65   44.56    33.4    10.9    22.2    21.8     0.0    21.14 C    55.3     9.1    26.2    48.0     8.8    26.3   0.035   0.051   0.087   0.102   0.087    26.4    25.9    25.4    25.4    25.7
04125 20180830  2.422 -119.65   44.56    26.6     9.7    18.1    19.5     0.0    12.89 C    43.5     7.1    22.5    59.4    16.8    34.2   0.034   0.051   0.085   0.102   0.087    25.6    25.9    25.7    25.6    25.9
04125 20180831  2.422 -119.65   44.56    25.5    10.3    17.9    18.1     0.0    20.91 C    48.7     8.8    23.9    64.6    18.2    37.9   0.034   0.050   0.084   0.101   0.086    25.9    25.7    25.4    25.4    25.7
04125 20180901  2.422 -119.65   44.56    28.7     7.9    18.3    18.6     0.0    22.12 C    50.6     4.9    23.5    62.7    10.3    30.8   0.033   0.049   0.084   0.100   0.085    25.7    25.6    25.3    25.2    25.5
04125 20180902  2.422 -119.65   44.56    30.6     6.7    18.7    19.1     0.0    22.03 C    51.2     4.1    23.4    53.6     7.2    25.0   0.033   0.049   0.084   0.100   0.084    25.7    25.6    25.2    25.2    25.5
04125 20180903  2.422 -119.65   44.56    30.0    10.3    20.1    20.4     0.0    21.37 C    51.8     7.0    24.9    42.2    15.4    25.4   0.033   0.050   0.083   0.100   0.082    26.3    25.9    25.3    25.2    25.5
04125 20180904  2.422 -119.65   44.56    30.1     8.2    19.2    19.9     0.0    21.31 C    50.8     5.6    24.5    61.6    10.7    29.6   0.033   0.049   0.084   0.099   0.081    26.3    26.1    25.4    25.3    25.6
04125 20180905  2.422 -119.65   44.56    33.0     8.9    20.9    21.1     0.0    19.51 C    51.2     6.1    24.8    48.3    11.3    25.4   0.033   0.048   0.083   0.099   0.082    26.4    26.1    25.4    25.3    25.6
04125 20180906  2.422 -119.65   44.56    31.9     9.6    20.8    21.1     0.0    16.39 C    48.0     7.4    23.5    49.0    11.6    25.5   0.033   0.049   0.083   0.099   0.085    26.1    26.1    25.4    25.3    25.7
04125 20180907  2.422 -119.65   44.56    33.4    10.2    21.8    22.3     0.0    17.32 C    51.9     7.0    24.9    47.3     7.4    24.3   0.032   0.048   0.082   0.098   0.085    26.1    25.9    25.3    25.2    25.5
04125 20180908  2.422 -119.65   44.56    27.4     9.2    18.3    19.5     0.0    19.54 C    48.6     7.0    24.0    63.0    19.9    35.0   0.032   0.048   0.082   0.099   0.084    26.5    26.2    25.4    25.3    25.6
04125 20180909  2.422 -119.65   44.56    29.8     7.6    18.7    19.0     0.0    20.20 C    49.5     5.6    23.4    68.7    11.7    34.9   0.032   0.046   0.082   0.098   0.084    26.0    25.9    25.3    25.2    25.5
04125 20180910  2.422 -119.65   44.56    25.4     7.6    16.5    17.0     0.0    17.83 C    47.4     5.4    21.1    63.7    21.7    36.5   0.032   0.046   0.081   0.097   0.083    25.0    25.4    25.0    25.0    25.2
04125 20180911  2.422 -119.65   44.56    20.8     6.9    13.8    14.3     0.0    12.70 C    38.9     4.8    18.0    70.0    24.9    44.2   0.031   0.045   0.080   0.097   0.082    23.0    24.2    24.4    24.4    24.6
04125 20180912  2.422 -119.65   44.56    21.7     6.4    14.1    14.1     0.0    15.37 C    46.8     3.9    18.9    71.8    24.7    44.9   0.030   0.044   0.078   0.095   0.082    22.8    23.5    23.7    23.7    24.0
04125 20180913  2.422 -119.65   44.56    22.2     8.6    15.4    14.9     0.0    18.33 C    47.6     5.8    19.8    74.5    21.3    42.9   0.030   0.043   0.078   0.094   0.082    23.2    23.6    23.5    23.5    23.8
04125 20180914  2.422 -119.65   44.56    24.4     4.6    14.5    14.7     0.0    17.72 C    43.9     2.4    18.7    68.7    16.8    39.6   0.031   0.043   0.077   0.094   0.082    22.4    23.2    23.1    23.2    23.5
04125 20180915  2.422 -119.65   44.56    22.9     4.3    13.6    13.7     0.0    11.11 C    42.0     2.2    16.1    72.2    21.3    45.1   0.029   0.043   0.077   0.093   0.080    21.2    22.5    22.7    22.8    23.0
04125 20180916  2.422 -119.65   44.56    24.1     6.3    15.2    14.9     0.0    17.45 C    47.9     3.5    18.5    69.0    16.3    41.3   0.030   0.042   0.076   0.092   0.080    21.6    22.2    22.2    22.3    22.6
04125 20180917  2.422 -119.65   44.56    24.2     3.4    13.8    14.0     0.0    18.91 C    43.4     1.5    18.7    77.0    22.3    46.3   0.030   0.041   0.075   0.092   0.079    21.9    22.4    22.2    22.3    22.5
04125 20180918  2.422 -119.65   44.56    23.3     6.8    15.0    15.0     0.0    18.44 C    42.3     3.2    18.8    68.1    15.8    37.2   0.030   0.042   0.076   0.092   0.078    22.1    22.6    22.2    22.4    22.6
04125 20180919  2.422 -119.65   44.56    23.0     1.5    12.2    13.4     0.0    18.36 C    41.3    -0.5    16.7    67.4    17.1    34.4   0.029   0.041   0.075   0.091   0.079    20.9    22.0    21.8    22.0    22.3
04125 20180920  2.422 -119.65   44.56    23.6     3.9    13.7    14.1     0.0    18.22 C    42.1     1.1    17.4    62.3    17.6    35.6   0.029   0.040   0.075   0.091   0.078    21.2    21.9    21.6    21.7    22.0
04125 20180921  2.422 -119.65   44.56    30.4     7.7    19.0    18.7     0.0    16.52 C    46.9     6.5    21.5    45.0     6.9    24.9   0.030   0.041   0.075   0.091   0.078    22.0    22.2    21.6    21.8    22.0
04125 20180922  2.622 -119.65   44.56 -9999.0 -9999.0 -9999.0 -9999.0 -9999.0 -9999.00 U -9999.0 -9999.0 -9999.0 -9999.0 -9999.0 -9999.0 -99.000 -99.000 -99.000 -99.000 -99.000 -9999.0 -9999.0 -9999.0 -9999.0 -9999.0
04125 20180923  2.622 -119.65   44.56    19.7     5.7    12.7    13.2     0.0    18.61 C    40.8     1.8    16.3    74.0    13.4    40.2   0.029   0.039   0.074   0.090   0.077    20.1    21.0    21.1    21.3    21.5
04125 20180924  2.622 -119.65   44.56    21.0     0.2    10.6    11.1     0.0    18.40 C    42.2    -3.1    15.1    76.6    18.7    43.7   0.029   0.039   0.073   0.089   0.076    19.0    20.3    20.5    20.7    20.9
04125 20180925  2.622 -119.65   44.56    24.5     2.9    13.7    12.9     0.0    18.13 C    43.2     0.5    15.5    63.4     7.5    34.2   0.029   0.039   0.072   0.088   0.075    19.1    20.1    20.1    20.4    20.5
04125 20180926  2.622 -119.65   44.56    27.7     5.8    16.8    15.6     0.0    17.62 C    45.8     1.8    17.4    43.1     7.3    24.2   0.029   0.040   0.072   0.088   0.075    19.8    20.3    20.1    20.3    20.5
04125 20180927  2.622 -119.65   44.56    31.1     8.8    20.0    18.6     0.0    17.68 C    47.3     5.1    20.1    34.2     9.3    20.6   0.030   0.040   0.072   0.088   0.075    21.0    21.0    20.4    20.6    20.8
04125 20180928  2.622 -119.65   44.56    28.6     5.4    17.0    16.8     0.0    17.32 C    45.1     1.2    18.3    54.1    14.4    30.0   0.029   0.040   0.073   0.088   0.075    21.0    21.3    20.7    20.8    21.1
04125 20180929  2.622 -119.65   44.56    25.7     6.5    16.1    15.4     0.0    14.43 C    44.4     2.5    17.5    57.7    19.8    36.6   0.029   0.040   0.073   0.088   0.075    20.5    21.1    20.6    20.8    21.1
04125 20180930  2.622 -119.65   44.56    20.6     6.8    13.7    13.5     0.0    12.15 C    42.2     2.8    15.9    60.4    26.0    40.3   0.028   0.040   0.072   0.088   0.075    19.8    20.7    20.5    20.6    20.9
04125 20181001  2.622 -119.65   44.56    21.8     6.6    14.2    14.8     0.0     7.97 C    32.2     3.4    16.1    61.0    25.8    41.8   0.027   0.039   0.071   0.087   0.074    18.7    19.8    19.9    20.2    20.4
04125 20181002  2.622 -119.65   44.56    24.5    12.8    18.6    18.4     0.0     6.71 C    44.9     9.2    18.6    57.6    26.8    40.2   0.029   0.040   0.072   0.088   0.074    20.3    20.5    20.1    20.3    20.5
04125 20181003  2.622 -119.65   44.56    20.3     4.3    12.3    12.9     0.4    14.86 C    40.0    -0.5    16.2    69.6    26.5    41.9   0.028   0.039   0.071   0.087   0.074    19.4    20.0    19.9    20.2    20.4
04125 20181004  2.622 -119.65   44.56    16.3     3.4     9.8    10.6     0.7     7.28 C    28.3    -1.2    10.9    84.5    34.3    59.6   0.028   0.038   0.070   0.086   0.073    17.8    19.4    19.6    19.9    20.1
04125 20181005  2.622 -119.65   44.56    12.7     0.3     6.5     7.4     1.9     6.15 C    22.2    -3.9     7.5    82.5    43.7    65.1   0.026   0.035   0.069   0.085   0.072    14.0    16.8    18.1    18.5    18.6
04125 20181006  2.622 -119.65   44.56    12.1     5.4     8.8     9.4     2.3     5.24 C    22.0     2.4    10.1    90.6    50.9    71.2   0.028   0.034   0.068   0.084   0.071    14.3    16.2    17.2    17.7    17.8
04125 20181007  2.622 -119.65   44.56    15.6     0.2     7.9     7.7     0.0    12.03 C    28.6    -2.0     9.1    91.9    32.6    66.9   0.030   0.034   0.068   0.082   0.070    13.6    15.4    16.5    16.9    17.1
04125 20181008  2.622 -119.65   44.56    13.2     4.9     9.1     9.6     3.2     5.87 C    23.7     4.3    12.0    92.9    56.8    72.0   0.032   0.034   0.067   0.082   0.069    13.8    15.3    16.2    16.6    16.8
04125 20181009  2.622 -119.65   44.56    13.8     5.5     9.7    10.3     2.2     4.34 C    15.8     3.4     9.6    92.5    56.5    70.7   0.041   0.035   0.067   0.082   0.068    13.5    15.1    16.1    16.5    16.7
04125 20181010  2.622 -119.65   44.56    13.5     2.0     7.8     9.4     0.0     6.20 C    24.3    -1.6     9.5    85.0    40.0    61.0   0.056   0.034   0.066   0.081   0.068    13.1    14.5    15.5    15.9    16.1
04125 20181011  2.622 -119.65   44.56    15.7    -2.0     6.9     6.4     0.0    15.12 C    30.2    -4.6     7.6    91.1    22.7    61.7   0.062   0.033   0.066   0.081   0.065    11.8    13.5    14.7    15.2    15.4
04125 20181012  2.622 -119.65   44.56    22.1     1.9    12.0    10.0     0.0    14.79 C    32.8    -0.1    10.5    76.3    12.9    50.2   0.066   0.033   0.066   0.080   0.064    12.6    13.7    14.4    14.9    15.1
04125 20181013  2.622 -119.65   44.56    15.4     0.3     7.8     8.0     0.0    15.07 C    30.1    -4.4     7.8    83.6    19.8    45.7   0.068   0.034   0.066   0.080   0.064    12.2    13.6    14.3    14.8    15.0
04125 20181014  2.622 -119.65   44.56    15.3    -2.5     6.4     5.5     0.0    14.90 C    31.3    -6.8     6.2    76.9    16.5    45.7   0.066   0.034   0.065   0.079   0.063    10.8    12.5    13.5    14.1    14.3
04125 20181015  2.622 -119.65   44.56    18.2    -0.5     8.8     7.5     0.0    14.36 C    31.8    -3.0     8.2    58.9    12.1    39.2   0.067   0.034   0.064   0.079   0.062    10.9    12.3    13.1    13.7    13.8
04125 20181016  2.622 -119.65   44.56    20.6     1.9    11.2     9.7     0.0    14.09 C    33.4    -1.8     9.9    66.4    18.6    43.9   0.068   0.035   0.064   0.079   0.063    11.9    12.8    13.2    13.7    13.9
04125 20181017  2.622 -119.65   44.56    20.8     2.9    11.8    10.3     0.0    13.82 C    33.6    -1.1    10.4    65.8    19.1    44.2   0.068   0.036   0.065   0.079   0.063    12.3    13.2    13.4    13.9    14.1
04125 20181018  2.622 -119.65   44.56    20.5     3.7    12.1    10.7     0.0    11.47 C    33.9     0.1     9.9    63.5    21.9    44.1   0.068   0.037   0.064   0.079   0.063    12.3    13.3    13.5    14.0    14.1
04125 20181019  2.622 -119.65   44.56    21.5     3.6    12.5    11.3     0.0    12.47 C    33.3     1.0    10.8    64.1    21.1    42.7   0.068   0.038   0.065   0.079   0.064    12.4    13.3    13.5    14.0    14.1
04125 20181020  2.622 -119.65   44.56    23.4     4.4    13.9    12.1     0.0    12.60 C    34.1     0.5    11.4    60.4    17.5    38.4   0.068   0.039   0.065   0.079   0.064    12.8    13.6    13.6    14.1    14.3
04125 20181021  2.622 -119.65   44.56    22.2     4.3    13.2    11.8     0.0    12.41 C    34.5    -0.8    11.1    58.7    15.5    36.4   0.067   0.039   0.065   0.079   0.064    12.9    13.8    13.7    14.2    14.3
04125 20181022  2.622 -119.65   44.56    20.0     3.7    11.8    10.5     0.0    11.58 C    31.0    -1.7    10.1    64.2    23.6    45.0   0.067   0.039   0.065   0.079   0.064    12.4    13.5    13.6    14.1    14.2
04125 20181023  2.622 -119.65   44.56    24.0     2.9    13.5    13.0     0.0    10.18 C    37.1    -0.9    11.9    73.2    10.4    41.7   0.066   0.040   0.065   0.079   0.063    12.9    13.7    13.6    14.0    14.2
04125 20181024  2.622 -119.65   44.56    16.6     3.8    10.2    10.5     0.0     6.30 C    27.3    -0.3    10.0    68.6    25.6    45.7   0.066   0.041   0.066   0.079   0.064    12.6    13.7    13.8    14.2    14.4
04125 20181025  2.622 -119.65   44.56    19.8     5.7    12.7    12.3     0.0     6.92 C    28.8     3.0    12.3    59.9    22.6    41.5   0.065   0.042   0.066   0.080   0.064    13.0    13.6    13.7    14.1    14.3
04125 20181026  2.622 -119.65   44.56    19.1     5.1    12.1    13.4     3.5     3.36 C    22.0     1.6    11.9    91.7    35.4    59.2   0.064   0.041   0.066   0.079   0.064    13.2    13.9    13.9    14.2    14.4
04125 20181027  2.622 -119.65   44.56    18.0     9.9    14.0    13.6     0.0     7.21 C    28.0     9.7    14.1    91.1    54.7    73.3   0.065   0.042   0.066   0.080   0.065    14.6    14.7    14.4    14.7    14.9
04125 20181028  2.622 -119.65   44.56    18.3     4.7    11.5    11.8     1.4     3.34 C    21.7     2.0    10.3    88.0    39.5    66.4   0.064   0.044   0.067   0.081   0.067    13.5    14.5    14.6    14.9    15.1
04125 20181029  2.622 -119.65   44.56    13.3     1.8     7.6     7.5     2.1     7.60 C    23.0    -0.1     8.0    91.0    42.3    72.3   0.063   0.040   0.066   0.080   0.064    11.2    12.7    13.6    14.0    14.1
04125 20181030  2.622 -119.65   44.56    13.5     4.8     9.1     8.4     0.0     9.24 C    23.4     3.0     8.9    84.8    33.8    60.2   0.065   0.041   0.066   0.080   0.062    11.5    12.6    13.2    13.5    13.7
04125 20181031  2.622 -119.65   44.56    10.7     6.0     8.3     8.7     1.6     1.84 C    11.8     5.2     8.2    89.4    53.7    71.9   0.066   0.042   0.065   0.079   0.062    10.4    11.8    12.7    13.1    13.3
04125 20181101  2.622 -119.65   44.56    19.5     7.9    13.7    12.4     0.0     5.84 C    21.8     3.8    11.1    88.8    46.0    73.3   0.070   0.041   0.065   0.079   0.062    12.2    12.5    12.8    13.1    13.3
04125 20181102  2.622 -119.65   44.56    19.3     5.9    12.6    11.7     0.0     9.15 C    24.3     2.7     9.3    85.7    23.1    56.6   0.071   0.042   0.066   0.079   0.062    11.6    12.5    12.9    13.3    13.5
04125 20181103  2.622 -119.65   44.56    14.8     5.2    10.0    10.7     0.0     6.00 C    24.2     1.6    10.0    70.9    39.3    52.6   0.072   0.042   0.065   0.078   0.062    11.1    12.1    12.5    12.9    13.1
04125 20181104  2.622 -119.65   44.56    17.9     4.1    11.0    12.4     0.0     7.93 C    24.6    -0.8     9.8    65.0    20.0    40.3   0.074   0.043   0.066   0.079   0.062    11.8    12.5    12.8    13.1    13.3
04125 20181105  2.622 -119.65   44.56    14.0     0.3     7.1     7.0     0.4     7.78 C    29.7    -3.4     6.6    83.9    33.5    62.0   0.072   0.040   0.064   0.078   0.061     9.6    11.2    11.9    12.4    12.6
04125 20181106  2.622 -119.65   44.56    11.8    -0.3     5.8     5.7     0.0     7.29 C    21.4    -4.1     4.4    86.1    35.4    64.7   0.072   0.039   0.065   0.078   0.060     9.1    10.7    11.5    12.0    12.2
04125 20181107  2.622 -119.65   44.56    10.5    -2.8     3.9     2.9     0.0    10.02 C    24.0    -7.4     2.9    82.0    32.9    62.5   0.070   0.038   0.063   0.077   0.058     7.7     9.5    10.6    11.2    11.4
04125 20181108  2.622 -119.65   44.56     9.9    -4.8     2.5     1.3     0.0    10.16 C    18.9    -8.6     0.2    84.2    27.3    58.7   0.068   0.036   0.062   0.076   0.056     5.8     8.2     9.6    10.2    10.4
04125 20181109  2.622 -119.65   44.56    12.1    -5.0     3.5     2.7     0.0     7.77 C    20.5    -9.8     2.2    71.7    22.2    49.2   0.068   0.035   0.062   0.075   0.054     5.7     7.5     8.7     9.4     9.6
04125 20181110  2.622 -119.65   44.56    10.7    -4.5     3.1     2.2     0.0     9.70 C    20.9    -9.4     1.5    86.7    33.4    62.5   0.069   0.035   0.062   0.075   0.053     6.1     7.7     8.6     9.2     9.4
04125 20181111  2.622 -119.65   44.56     8.0    -6.4     0.8    -0.7     0.0     9.72 C    18.2   -11.4    -2.1    84.5    31.9    61.6   0.067   0.033   0.060   0.074   0.053     4.4     6.7     7.9     8.7     8.8
04125 20181112  2.622 -119.65   44.56    10.0    -6.8     1.6     0.4     0.0     8.95 C    21.0   -11.1    -0.8    81.0    29.2    55.9   0.067   0.032   0.060   0.074   0.050     3.8     5.9     7.1     7.9     8.1
04125 20181113  2.622 -119.65   44.56    12.0    -3.2     4.4     4.3     0.0     6.83 C    22.0    -7.7     2.3    68.4    21.6    43.7   0.067   0.031   0.060   0.073   0.049     4.6     6.2     6.9     7.7     7.9
04125 20181114  2.622 -119.65   44.56    13.8     0.2     7.0     6.0     0.0     7.23 C    22.9    -3.6     5.1    54.2    18.7    37.6   0.069   0.032   0.061   0.073   0.050     6.1     7.0     7.3     8.0     8.2
04125 20181115  2.622 -119.65   44.56    14.1     1.1     7.6     5.9     0.0     8.44 C    22.3    -4.2     4.5    74.8    32.3    53.1   0.069   0.033   0.062   0.074   0.053     6.9     7.8     7.9     8.5     8.7
04125 20181116  2.622 -119.65   44.56     9.6     1.5     5.5     5.5     0.0     3.90 C    17.0    -3.8     5.4    88.8    50.7    66.6   0.069   0.033   0.061   0.074   0.053     6.8     7.8     8.0     8.6     8.8
04125 20181117  2.622 -119.65   44.56     9.0    -5.5     1.7     1.3     0.0     8.71 C    19.3   -10.1    -0.7    91.1    36.8    69.1   0.067   0.032   0.061   0.074   0.053     5.6     7.3     8.0     8.6     8.7
04125 20181118  2.622 -119.65   44.56    10.4    -5.6     2.4     0.6     0.0     8.48 C    18.9   -11.2    -1.5    82.2    30.4    60.1   0.065   0.030   0.060   0.073   0.050     3.8     5.9     6.9     7.6     7.8
04125 20181119  2.622 -119.65   44.56    11.0    -4.1     3.4     1.3     0.0     8.30 C    19.8    -9.6    -0.7    77.5    33.0    59.9   0.065   0.029   0.060   0.073   0.048     3.7     5.5     6.3     7.1     7.3
04125 20181120  2.622 -119.65   44.56     9.5    -4.1     2.7     0.7     0.0     7.24 C    18.0    -9.7    -1.3    75.6    33.2    59.2   0.064   0.028   0.058   0.072   0.047     3.1     5.1     5.9     6.7     6.9
04125 20181121  2.622 -119.65   44.56    15.4    -3.2     6.1     7.6     0.0     2.53 C    18.7    -7.4     4.5    69.0    20.8    39.9   0.065   0.028   0.058   0.072   0.047     4.1     5.3     5.7     6.5     6.7
04125 20181122  2.622 -119.65   44.56    13.2     5.3     9.2     9.7     0.9     2.96 C    20.1     0.0     7.0    79.2    28.9    50.7   0.068   0.031   0.061   0.073   0.050     7.4     7.6     7.1     7.7     7.9
04125 20181123  2.622 -119.65   44.56     9.0     3.7     6.4     6.7     4.0     1.76 C     8.6    -0.4     4.2    87.4    48.2    64.0   0.067   0.031   0.061   0.073   0.053     6.2     7.2     7.5     8.0     8.2
04125 20181124  2.622 -119.65   44.56     8.6    -0.3     4.1     3.9     0.0     5.16 C    14.4    -2.9     2.0    83.1    43.1    65.3   0.066   0.031   0.061   0.074   0.052     5.6     6.8     7.4     7.9     8.0
04125 20181125  2.622 -119.65   44.56    10.8    -3.1     3.8     3.7     0.0     7.54 C    13.7    -6.5     0.9    79.7    31.4    56.9   0.066   0.031   0.060   0.073   0.049     4.2     5.8     6.6     7.2     7.4
04125 20181126  2.622 -119.65   44.56    11.4     1.6     6.5     7.7     0.0     2.26 C    11.6    -2.4     5.3    61.0    32.2    41.9   0.068   0.034   0.060   0.072   0.048     5.2     6.1     6.3     7.0     7.2
04125 20181127  2.622 -119.65   44.56    13.1     4.6     8.9     9.5     6.4     0.65 C     9.8     2.1     6.7    89.6    33.8    63.2   0.075   0.045   0.061   0.073   0.050     7.1     7.4     7.2     7.7     7.9
04125 20181128  2.622 -119.65   44.56     9.9    -0.1     4.9     5.4     0.0     3.94 C    14.1    -3.0     3.2    86.6    49.2    72.3   0.103   0.056   0.061   0.074   0.052     6.2     7.2     7.4     7.9     8.1
04125 20181129  2.622 -119.65   44.56     4.3    -2.1     1.1     1.1     0.0     3.76 C    10.0    -3.3     0.9    94.0    71.8    85.0   0.113   0.053   0.060   0.073   0.050     4.1     5.7     6.6     7.2     7.3
04125 20181130  2.622 -119.65   44.56     9.1     0.5     4.8     4.4     5.0     6.61 C    15.4    -1.0     4.2    92.6    39.8    72.2   0.142   0.059   0.060   0.073   0.048     5.2     5.9     6.3     6.9     7.1
04125 20181201  2.622 -119.65   44.56     2.8     0.1     1.5     1.1     4.2     1.57 C     6.7    -0.9     1.2    92.9    71.0    87.7   0.160   0.079   0.061   0.073   0.049     4.3     5.6     6.3     6.8     7.0
04125 20181202  2.622 -119.65   44.56     4.3    -1.7     1.3     1.1     0.2     3.16 C     7.9    -3.2     1.3    92.9    62.6    85.2   0.169   0.110   0.060   0.072   0.052     4.0     5.1     5.8     6.3     6.4
04125 20181203  2.622 -119.65   44.56     3.0    -5.1    -1.0    -1.2     0.0     5.29 C     8.8    -6.3    -1.1    88.7    56.8    74.0   0.162   0.111   0.060   0.072   0.055     3.1     4.5     5.3     5.8     5.9
04125 20181204  2.622 -119.65   44.56     2.1    -7.6    -2.8    -3.0     0.0     7.24 C     6.6    -8.1    -3.9    80.5    48.2    66.3   0.154   0.107   0.058   0.071   0.056     1.3     3.1     4.3     5.0     5.0
04125 20181205  2.622 -119.65   44.56     0.6    -9.9    -4.6    -4.7     0.0     7.07 C     5.8   -10.3    -4.9    84.4    43.8    65.8 -99.000   0.103   0.057   0.071   0.054     0.4     2.1     3.2     4.0     4.1
04125 20181206  2.622 -119.65   44.56     1.0    -8.7    -3.8    -5.1     0.0     7.11 C     5.8   -10.8    -4.6    80.0    37.4    63.5 -99.000   0.099   0.056   0.070   0.053    -0.1     1.5     2.5     3.3     3.4
04125 20181207  2.622 -119.65   44.56     4.1    -8.9    -2.4    -1.5     0.0     6.26 C     8.7   -11.0    -2.5    78.3    48.9    61.0 -99.000   0.064   0.055   0.070   0.054    -0.6     1.0     1.9     2.7     2.9
04125 20181208  2.622 -119.65   44.56     6.7    -5.1     0.8    -0.5     0.0     5.41 C    10.8    -7.0    -1.4    88.2    47.3    68.3   0.110   0.062   0.055   0.070   0.055     0.3     1.3     1.8     2.6     2.8
04125 20181209  2.622 -119.65   44.56     8.1    -6.7     0.7     1.9     0.4     4.54 C     9.5    -7.6     0.0    89.6    43.4    63.4 -99.000   0.060   0.055   0.071   0.055     0.2     1.4     1.8     2.6     2.8
04125 20181210  2.622 -119.65   44.56     6.2    -0.2     3.0     2.7     1.2     4.19 C    10.0    -2.2     1.6    89.2    68.3    80.8   0.123   0.087   0.056   0.071   0.056     1.3     2.2     1.9     2.9     3.0
04125 20181211  2.622 -119.65   44.56    10.6     1.4     6.0     6.0     1.3     1.40 C     6.4    -1.1     3.1    79.0    45.8    57.4   0.153   0.095   0.057   0.073   0.056     2.3     2.9     2.5     3.3     3.4
04125 20181212  2.622 -119.65   44.56     7.6     0.7     4.2     5.1     2.4     4.69 C    12.1    -2.0     2.3    79.8    37.7    52.8   0.171   0.105   0.057   0.074   0.058     3.7     4.1     3.6     4.2     4.3
04125 20181213  2.622 -119.65   44.56    10.8     1.7     6.2     6.0     0.0     5.05 C    12.2    -2.7     2.5    65.6    25.0    41.3   0.167   0.110   0.058   0.075   0.058     3.4     3.9     3.8     4.3     4.5
04125 20181214  2.622 -119.65   44.56    12.5     5.6     9.1     8.1     0.7     2.04 C    12.1    -0.1     4.1    72.7    23.4    40.1   0.163   0.110   0.058   0.076   0.062     3.8     4.2     4.0     4.5     4.9
04125 20181215  2.622 -119.65   44.56    11.0    -0.3     5.4     6.3     0.0     3.30 C    10.1    -2.1     3.0    81.2    34.9    53.6   0.159   0.109   0.059   0.076   0.065     3.8     4.3     4.2     4.7     5.1
04125 20181216  2.622 -119.65   44.56    14.4     9.5    12.0    11.7     0.0     0.70 C     9.7     5.6     7.8    56.1    25.7    38.1   0.158   0.110   0.060   0.078   0.066     5.7     5.4     4.9     5.3     5.6
04125 20181217  2.622 -119.65   44.56    12.3     5.5     8.9     9.1     0.6     6.28 C    15.6     2.5     7.1    78.6    37.4    55.4   0.157   0.109   0.061   0.079   0.071     6.6     6.4     5.8     6.2     6.4
04125 20181218  2.622 -119.65   44.56    12.1     0.9     6.5     8.6     0.4     1.73 C    12.9    -1.6     5.4    85.2    46.8    58.8   0.154   0.109   0.062   0.080   0.073     6.5     6.7     6.3     6.6     6.9
04125 20181219  2.622 -119.65   44.56    10.8    -0.3     5.3     6.4     0.0     3.12 C    11.7    -2.9     4.0    86.6    41.8    60.9   0.151   0.107   0.062   0.080   0.072     5.0     5.7     5.8     6.1     6.5
04125 20181220  2.622 -119.65   44.56    14.7     2.6     8.6     9.4     0.4     3.06 C    14.3    -1.1     6.1    78.1    27.5    48.3   0.151   0.106   0.062   0.081   0.073     6.3     6.3     6.0     6.3     6.6
04125 20181221  2.622 -119.65   44.56     5.1    -4.9     0.1     0.4     0.0     3.65 C     8.7    -7.1    -1.4    84.0    39.5    65.2   0.146   0.104   0.062   0.082   0.073     4.0     5.2     5.6     6.0     6.3
04125 20181222  2.622 -119.65   44.56     6.8    -4.6     1.1     0.8     0.0     2.62 C     3.6    -6.4    -1.3    75.6    34.6    56.4   0.142   0.101   0.060   0.081   0.067     1.6     3.1     4.1     4.6     5.0
04125 20181223  2.622 -119.65   44.56     6.7     1.7     4.2     3.9     1.1     1.79 C     8.0    -1.2     2.2    88.1    52.4    69.8   0.143   0.101   0.060   0.082   0.065     3.0     3.6     3.7     4.2     4.6
04125 20181224  2.622 -119.65   44.56     5.2     2.3     3.8     3.6     3.2     1.64 C     7.7     1.9     3.7    92.6    79.8    89.4   0.151   0.102   0.061   0.082   0.066     4.0     4.3     4.3     4.7     5.0
04125 20181225  2.622 -119.65   44.56     3.6    -1.5     1.0     1.7     0.2     2.94 C     8.4    -3.3     2.2    87.0    61.5    74.7   0.161   0.107   0.062   0.083   0.069     4.1     4.5     4.7     5.0     5.3
04125 20181226  2.622 -119.65   44.56     3.0    -2.0     0.5     0.1     5.6     2.03 C     4.6    -5.3    -1.0    92.1    51.9    76.0   0.159   0.109   0.062   0.083   0.068     2.3     3.5     4.2     4.6     4.9
04125 20181227  2.622 -119.65   44.56     3.0    -1.5     0.7    -0.2     2.6     4.59 C     0.3    -3.9    -1.6    92.7    71.1    88.4   0.165   0.113   0.062   0.084   0.065     2.3     3.1     3.6     4.0     4.4
04125 20181228  2.622 -119.65   44.56     2.5    -2.7    -0.1    -0.2     1.2     3.65 C     0.3    -3.9    -1.4    91.0    57.2    78.8   0.179   0.123   0.064   0.084   0.068     2.0     2.8     3.3     3.8     4.1
04125 20181229  2.622 -119.65   44.56     7.6    -0.1     3.7     2.3     1.1     4.86 C     3.0    -2.6    -0.1    88.2    54.7    74.6   0.187   0.127   0.062   0.084   0.070     2.1     2.8     3.2     3.6     3.9
04125 20181230  2.622 -119.65   44.56     9.3    -2.1     3.6     3.2     3.8     2.95 C     8.2    -5.6     1.5    91.8    46.8    70.5   0.204   0.142   0.074   0.086   0.074     2.9     3.3     3.4     3.8     4.1
04125 20181231  2.622 -119.65   44.56     0.3   -10.1    -4.9    -5.3     0.0     5.89 C    -1.0   -13.3    -7.9    90.7    63.4    78.4   0.191   0.142   0.109   0.092   0.090     1.6     2.6     3.2     3.6     3.9
