54810 20180101  2.422  -86.92   46.33   -10.8   -18.9   -14.9   -15.8     2.6     3.66 C   -12.0   -27.7   -18.7    83.5    58.5    73.4   0.141   0.212   0.198   0.159   0.174     0.5     0.9     1.1     2.8     3.5
54810 20180102  2.422  -86.92   46.33    -9.3   -20.8   -15.0   -13.6     0.7     4.34 C   -11.3   -28.4   -17.7    81.6    37.4    62.9   0.142   0.212   0.198   0.158   0.173     0.5     0.9     1.1     2.8     3.4
54810 20180103  2.422  -86.92   46.33    -9.5   -13.8   -11.7   -11.7     6.5     2.78 C   -10.3   -18.7   -12.4    84.7    59.2    76.0   0.141   0.212   0.198   0.158   0.173     0.5     1.0     1.1     2.8     3.4
54810 20180104  2.422  -86.92   46.33   -13.2   -15.0   -14.1   -14.1     5.0     3.39 C   -13.2   -18.7   -15.1    82.0    57.6    72.7   0.141   0.212   0.198   0.158   0.173     0.5     1.0     1.1     2.7     3.4
54810 20180105  2.422  -86.92   46.33   -13.6   -15.8   -14.7   -14.6    11.3     3.63 C   -13.5   -18.7   -15.4    82.6    57.0    74.6   0.141   0.212   0.198   0.157   0.172     0.6     1.0     1.1     2.7     3.4
54810 20180106  2.422  -86.92   46.33   -12.1   -16.9   -14.5   -14.5     1.5     5.00 C   -12.9   -26.2   -17.8    81.6    57.8    71.4   0.142   0.212   0.198   0.157   0.172     0.6     1.1     1.2     2.7     3.3
54810 20180107  2.422  -86.92   46.33    -5.6   -14.8   -10.2    -9.5     1.2     2.68 C    -6.6   -17.4   -10.0    87.4    54.5    66.7   0.168   0.213   0.200   0.157   0.172     0.7     1.2     1.2     2.7     3.3
54810 20180108  2.422  -86.92   46.33    -0.8    -6.4    -3.6    -3.4     1.9     1.60 C    -2.8   -11.1    -5.2    89.6    55.8    74.6   0.195   0.214   0.200   0.156   0.172     0.7     1.2     1.2     2.7     3.3
54810 20180109  2.422  -86.92   46.33    -2.0    -8.1    -5.0    -4.9     0.0     6.44 C    -3.7   -13.9    -7.8    82.7    57.3    69.5   0.195   0.215   0.200   0.156   0.172     0.8     1.2     1.3     2.7     3.3
54810 20180110  2.422  -86.92   46.33     1.7    -2.0    -0.1     1.0     0.0     1.20 C     0.2    -5.0    -0.3    97.2    82.8    92.2   0.195   0.215   0.200   0.156   0.171     0.9     1.3     1.3     2.8     3.3
54810 20180111  2.422  -86.92   46.33     2.7    -9.3    -3.3    -1.3    10.6     0.36 C     0.4    -9.1    -1.9   100.0    78.8    95.1   0.197   0.215   0.201   0.157   0.172     1.0     1.4     1.4     2.8     3.3
54810 20180112  2.422  -86.92   46.33    -9.2   -15.3   -12.3   -12.2     5.0     4.16 C    -9.1   -17.8   -12.9    83.5    62.9    76.0   0.218   0.217   0.201   0.160   0.175     1.1     1.5     1.5     2.8     3.3
54810 20180113  2.422  -86.92   46.33   -12.5   -21.9   -17.2   -15.3     2.3     5.29 C   -12.7   -32.3   -18.8    85.4    62.2    76.5   0.224   0.219   0.203   0.162   0.177     1.1     1.5     1.5     2.9     3.3
54810 20180114  2.422  -86.92   46.33   -12.5   -27.0   -19.8   -17.7     0.4     7.51 C   -12.9   -36.7   -23.5    85.0    45.4    69.1   0.225   0.221   0.204   0.163   0.177     1.2     1.6     1.6     2.9     3.3
54810 20180115  2.422  -86.92   46.33    -7.7   -15.2   -11.5    -9.7     3.9     3.46 C    -7.8   -23.9   -11.7    90.4    75.8    84.0   0.227   0.221   0.205   0.163   0.178     1.3     1.6     1.6     2.9     3.3
54810 20180116  2.422  -86.92   46.33    -6.5   -19.7   -13.1   -12.0     2.9     2.48 C    -5.6   -27.9   -15.7    91.2    69.7    83.4   0.226   0.221   0.205   0.163   0.177     1.3     1.6     1.6     2.9     3.3
54810 20180117  2.422  -86.92   46.33    -3.3   -17.9   -10.6   -10.0     0.0     5.46 C    -5.7   -27.7   -15.4    88.3    47.3    68.6   0.225   0.221   0.204   0.163   0.178     1.3     1.6     1.6     2.9     3.3
54810 20180118  2.422  -86.92   46.33    -0.7   -18.7    -9.7    -8.3     0.0     2.37 C    -2.6   -24.7   -11.2    87.4    70.8    79.6   0.225   0.221   0.204   0.163   0.178     1.3     1.6     1.6     2.9     3.3
54810 20180119  2.422  -86.92   46.33     0.4    -5.4    -2.5    -2.2     0.0     2.14 C    -1.7   -12.4    -5.1    85.9    72.4    79.5   0.225   0.221   0.204   0.163   0.177     1.3     1.6     1.6     2.9     3.3
54810 20180120  2.422  -86.92   46.33     4.4    -7.0    -1.3    -0.1     0.0     3.86 C     0.7   -15.3    -4.7    94.9    64.4    81.1   0.226   0.220   0.204   0.163   0.177     1.3     1.6     1.6     2.9     3.3
54810 20180121  2.422  -86.92   46.33     3.2    -5.7    -1.3    -1.4     0.0     3.81 C     0.4   -12.2    -3.7    97.4    72.6    90.9   0.226   0.221   0.204   0.163   0.177     1.3     1.6     1.6     2.8     3.3
54810 20180122  2.422  -86.92   46.33    -0.2    -4.0    -2.1    -1.8     8.7     1.22 C    -0.2    -4.4    -2.0    97.7    85.7    91.2   0.227   0.222   0.204   0.163   0.177     1.2     1.6     1.6     2.8     3.3
54810 20180123  2.422  -86.92   46.33    -4.0    -7.4    -5.7    -5.9     3.0     1.92 C    -4.4    -8.4    -6.4    89.4    70.3    82.1   0.228   0.223   0.205   0.163   0.177     1.2     1.5     1.6     2.8     3.3
54810 20180124  2.422  -86.92   46.33    -5.5   -15.0   -10.3    -8.0     0.0     6.19 C    -6.0   -22.4   -11.0    91.4    53.1    74.3   0.230   0.224   0.206   0.164   0.178     1.2     1.5     1.6     2.8     3.2
54810 20180125  2.422  -86.92   46.33    -3.3   -17.1   -10.2    -8.4     0.0     6.67 C    -3.7   -23.2   -10.2    92.4    64.3    82.6   0.231   0.225   0.207   0.164   0.178     1.2     1.5     1.5     2.8     3.2
54810 20180126  2.422  -86.92   46.33     5.1    -3.3     0.9     1.1     0.0     4.80 C     0.9    -5.4    -1.0    92.5    64.7    83.4   0.231   0.225   0.206   0.165   0.178     1.2     1.5     1.5     2.8     3.2
54810 20180127  2.422  -86.92   46.33     4.2    -4.1     0.0     1.1     0.0     5.55 C     0.8    -8.0    -1.9    85.5    40.7    66.3   0.232   0.225   0.207   0.165   0.179     1.2     1.5     1.5     2.8     3.2
54810 20180128  2.422  -86.92   46.33    -4.1    -8.5    -6.3    -6.7     1.8     2.92 C    -5.2    -9.7    -7.6    84.4    62.1    73.3   0.232   0.226   0.207   0.167   0.180     1.2     1.5     1.5     2.7     3.2
54810 20180129  2.422  -86.92   46.33    -8.5   -11.7   -10.1   -10.2     0.9     4.37 C    -8.7   -16.5   -10.9    83.7    62.1    73.3   0.232   0.227   0.207   0.164   0.181     1.2     1.5     1.5     2.8     3.2
54810 20180130  2.422  -86.92   46.33    -4.2   -12.2    -8.2   -10.0     2.7     6.12 C    -4.8   -14.0   -11.1    88.9    52.5    70.6   0.234   0.227   0.208   0.157   0.181     1.2     1.5     1.5     2.8     3.1
54810 20180131  2.422  -86.92   46.33     1.3    -7.1    -2.9    -3.2     6.5     6.42 C    -1.8   -16.0    -5.7    91.0    54.5    73.8   0.233   0.227   0.207   0.158   0.181     1.1     1.5     1.5     2.8     3.1
54810 20180201  2.422  -86.92   46.33    -6.9   -16.5   -11.7   -14.1     4.7     4.28 C    -9.0   -20.4   -15.1    83.6    55.9    70.8   0.233   0.227   0.207   0.158   0.181     1.1     1.5     1.5     2.8     3.1
54810 20180202  2.422  -86.92   46.33   -12.7   -15.5   -14.1   -14.4     1.5     7.80 C   -13.8   -22.9   -16.8    83.8    48.4    62.8   0.234   0.227   0.207   0.157   0.181     1.1     1.5     1.5     2.8     3.1
54810 20180203  2.422  -86.92   46.33    -9.8   -16.3   -13.1   -13.4     6.5     3.42 C   -10.1   -21.0   -14.2    87.9    71.5    79.0   0.234   0.226   0.207   0.158   0.181     1.1     1.5     1.5     2.8     3.1
54810 20180204  2.422  -86.92   46.33    -9.9   -28.5   -19.2   -16.6     3.1     8.87 C   -10.8   -37.5   -20.5    84.5    57.7    73.6   0.233   0.226   0.207   0.157   0.180     1.1     1.4     1.5     2.8     3.1
54810 20180205  2.422  -86.92   46.33   -11.1   -28.6   -19.8   -17.5     0.0     7.85 C   -12.7   -36.3   -22.3    79.5    43.9    62.3   0.232   0.225   0.207   0.157   0.180     1.1     1.4     1.5     2.7     3.1
54810 20180206  2.422  -86.92   46.33   -11.7   -24.0   -17.9   -16.2     0.4    10.82 C   -15.1   -32.1   -23.0    82.5    38.7    62.7   0.231   0.225   0.206   0.157   0.180     1.1     1.4     1.5     2.7     3.0
54810 20180207  2.422  -86.92   46.33    -9.7   -26.4   -18.0   -19.3     0.0     9.62 C   -11.4   -34.2   -24.9    85.4    53.7    73.4   0.230   0.224   0.206   0.157   0.180     1.1     1.4     1.5     2.7     3.0
54810 20180208  2.422  -86.92   46.33   -10.1   -27.9   -19.0   -18.7     0.0    10.41 C    -9.8   -35.0   -26.0    85.3    42.8    70.1   0.230   0.223   0.206   0.156   0.180     1.1     1.4     1.4     2.7     3.0
54810 20180209  2.422  -86.92   46.33   -12.7   -28.1   -20.4   -17.6     0.0    10.76 C   -11.5   -35.2   -22.2    84.0    54.4    71.6   0.228   0.222   0.206   0.155   0.180     1.0     1.4     1.4     2.7     3.0
54810 20180210  2.422  -86.92   46.33    -9.8   -29.5   -19.7   -20.2     0.0    10.82 C   -11.5   -35.3   -25.8    85.5    47.2    71.9   0.228   0.222   0.205   0.155   0.179     1.0     1.4     1.4     2.7     3.0
54810 20180211  2.422  -86.92   46.33    -3.3   -23.0   -13.2   -11.9     0.0     8.96 C    -6.6   -28.3   -16.1    81.4    26.1    57.6   0.227   0.221   0.204   0.155   0.179     1.0     1.4     1.4     2.7     3.0
54810 20180212  2.422  -86.92   46.33    -9.4   -25.2   -17.3   -14.4     0.0    11.94 C   -10.4   -31.8   -20.2    84.1    45.0    63.9   0.226   0.220   0.204   0.154   0.178     1.0     1.3     1.4     2.7     3.0
54810 20180213  2.422  -86.92   46.33    -3.6   -26.2   -14.9   -12.5     0.0     5.36 C    -4.8   -32.2   -16.0    80.6    43.2    64.4   0.225   0.220   0.204   0.153   0.177     1.0     1.3     1.4     2.7     3.0
54810 20180214  2.422  -86.92   46.33     3.4    -9.5    -3.1    -2.9     0.0    11.77 C     0.4   -17.0    -8.5    89.5    44.2    69.1   0.225   0.220   0.203   0.153   0.177     1.0     1.3     1.3     2.7     2.9
54810 20180215  2.422  -86.92   46.33     2.8    -6.3    -1.8    -3.3     0.0     2.35 C     0.4   -12.4    -6.0    96.1    71.7    87.7   0.224   0.219   0.203   0.152   0.176     1.0     1.3     1.3     2.6     2.9
54810 20180216  2.422  -86.92   46.33    -5.2   -12.2    -8.7    -8.3     0.7    12.94 C    -6.5   -24.2   -13.3    82.7    25.2    52.0   0.225   0.219   0.203   0.152   0.176     1.0     1.3     1.3     2.6     2.9
54810 20180217  2.422  -86.92   46.33    -2.0   -12.7    -7.3    -7.4     0.2     7.41 C    -5.3   -19.6   -11.4    90.7    42.4    57.5   0.224   0.219   0.202   0.152   0.176     1.0     1.3     1.4     2.6     2.9
54810 20180218  2.422  -86.92   46.33     0.0   -18.6    -9.3    -7.3     0.3     3.60 C    -1.9   -25.8   -11.5    88.5    57.2    77.5   0.225   0.220   0.203   0.152   0.175     1.0     1.3     1.4     2.6     2.9
54810 20180219  2.422  -86.92   46.33     0.2    -5.5    -2.7    -3.3     2.4     1.98 C    -1.8    -5.7    -3.9    92.8    78.3    87.0   0.225   0.220   0.203   0.152   0.176     1.0     1.3     1.4     2.6     2.9
54810 20180220  2.422  -86.92   46.33    -0.7    -6.3    -3.5    -4.0     2.3     2.99 C    -0.7    -6.1    -3.4    96.4    79.1    91.6   0.226   0.220   0.203   0.151   0.176     1.0     1.3     1.3     2.6     2.9
54810 20180221  2.422  -86.92   46.33    -4.0   -17.3   -10.7    -8.8     0.0    11.48 C    -1.7   -23.6   -10.7    89.1    49.5    73.5   0.227   0.220   0.203   0.152   0.176     1.0     1.2     1.3     2.6     2.9
54810 20180222  2.422  -86.92   46.33    -0.7   -21.0   -10.9    -9.6     0.0     9.99 C    -0.3   -25.7   -12.4    90.0    46.0    69.6   0.228   0.221   0.204   0.152   0.176     1.0     1.2     1.3     2.5     2.9
54810 20180223  2.422  -86.92   46.33     2.0    -4.1    -1.1    -1.4     6.1     5.21 C     1.0    -4.9    -2.3    93.5    64.7    79.3   0.229   0.222   0.204   0.151   0.176     1.0     1.2     1.3     2.5     2.9
54810 20180224  2.422  -86.92   46.33     2.4    -4.7    -1.2    -0.8     0.0    12.59 C     0.9    -8.8    -3.0    83.2    46.1    64.9   0.229   0.222   0.204   0.152   0.175     1.0     1.2     1.3     2.5     2.8
54810 20180225  2.422  -86.92   46.33     0.4    -3.7    -1.7    -1.3     9.9     7.31 C     0.0   -10.6    -2.8    94.1    60.6    74.4   0.229   0.222   0.204   0.151   0.176     1.0     1.2     1.3     2.5     2.8
54810 20180226  2.422  -86.92   46.33     5.6   -13.5    -3.9    -1.7     0.0    13.97 C     0.5   -21.1    -7.7    91.7    35.9    66.7   0.230   0.223   0.205   0.152   0.177     0.9     1.2     1.3     2.5     2.8
54810 20180227  2.422  -86.92   46.33     6.6    -2.1     2.3     1.2     0.0    12.72 C     1.4    -9.2    -2.9    83.0    43.8    68.0   0.232   0.224   0.206   0.153   0.177     0.9     1.2     1.2     2.4     2.8
54810 20180228  2.422  -86.92   46.33     0.8    -4.4    -1.8    -1.1     1.9    10.56 C     1.0    -9.0    -2.0    96.4    58.4    84.5   0.232   0.225   0.206   0.154   0.178     0.9     1.2     1.2     2.4     2.8
54810 20180301  2.422  -86.92   46.33    -1.7    -8.2    -5.0    -3.2     0.0     9.05 C     0.1   -12.5    -4.6    92.8    68.1    77.4   0.233   0.226   0.206   0.155   0.179     0.9     1.2     1.2     2.4     2.8
54810 20180302  2.422  -86.92   46.33    -0.4   -12.0    -6.2    -4.5     0.0    11.70 C     1.0   -17.1    -7.4    93.9    60.8    82.6   0.234   0.226   0.207   0.155   0.179     0.8     1.2     1.2     2.4     2.8
54810 20180303  2.422  -86.92   46.33     4.0   -17.3    -6.6    -6.1     0.0    15.49 C     0.8   -21.4   -10.9    90.7    31.1    63.8   0.235   0.226   0.207   0.156   0.179     0.8     1.2     1.2     2.4     2.7
54810 20180304  2.422  -86.92   46.33     2.5    -7.0    -2.3    -1.4     0.0     7.47 C     0.6   -11.3    -3.7    76.1    40.3    55.4   0.234   0.226   0.207   0.156   0.180     0.9     1.2     1.2     2.4     2.7
54810 20180305  2.422  -86.92   46.33     1.1    -6.9    -2.9    -2.6     0.0    15.02 C     0.2   -13.1    -6.9    64.5    20.1    43.2   0.233   0.226   0.206   0.157   0.181     0.9     1.2     1.2     2.4     2.7
54810 20180306  2.422  -86.92   46.33    -2.5    -5.8    -4.1    -4.5     5.5     5.68 C    -2.4   -12.7    -6.8    91.4    63.9    75.6   0.233   0.226   0.206   0.156   0.180     0.9     1.2     1.2     2.4     2.7
54810 20180307  2.422  -86.92   46.33    -5.2    -7.8    -6.5    -6.4     3.2     8.34 C    -4.2   -12.6    -7.1    89.2    68.9    82.4   0.233   0.226   0.206   0.156   0.180     0.9     1.2     1.2     2.3     2.7
54810 20180308  2.422  -86.92   46.33    -2.6    -6.4    -4.5    -3.7     0.8     4.94 C    -2.6   -11.6    -4.7    90.6    68.3    77.6   0.233   0.225   0.206   0.156   0.180     0.8     1.1     1.2     2.3     2.7
54810 20180309  2.422  -86.92   46.33    -2.2    -6.7    -4.4    -4.1     2.6     7.10 C    -1.3   -11.8    -5.8    90.8    49.6    75.2   0.233   0.226   0.206   0.156   0.180     0.8     1.1     1.2     2.3     2.7
54810 20180310  2.422  -86.92   46.33    -2.5   -17.1    -9.8    -5.8     0.4     7.58 C    -2.4   -24.5    -9.3    89.6    56.0    70.8   0.234   0.226   0.206   0.156   0.180     0.8     1.1     1.2     2.3     2.7
54810 20180311  2.422  -86.92   46.33     2.0   -21.5    -9.7    -8.0     0.6    17.22 C    -0.1   -26.8   -12.0    91.3    36.2    66.7   0.235   0.226   0.206   0.156   0.180     0.8     1.1     1.1     2.3     2.7
54810 20180312  2.422  -86.92   46.33    -1.0    -3.1    -2.0    -2.1     1.5     7.32 C    -0.7    -9.2    -3.6    92.4    65.2    82.1   0.235   0.226   0.206   0.157   0.180     0.8     1.1     1.1     2.3     2.6
54810 20180313  2.422  -86.92   46.33    -2.9   -10.5    -6.7    -6.3     1.9     4.75 C    -3.9   -16.5    -7.4    89.1    69.0    76.4   0.235   0.227   0.206   0.157   0.180     0.8     1.1     1.1     2.3     2.7
54810 20180314  2.422  -86.92   46.33     2.4   -18.6    -8.1    -6.1     0.0    16.09 C     1.1   -25.3    -9.3    87.4    32.4    66.1   0.235   0.226   0.207   0.156   0.181     0.8     1.1     1.1     2.3     2.6
54810 20180315  2.422  -86.92   46.33    -1.1    -7.7    -4.4    -5.9     2.4     6.98 C    -2.3    -8.4    -6.7    86.4    60.5    73.7   0.235   0.226   0.206   0.156   0.181     0.8     1.1     1.1     2.3     2.6
54810 20180316  2.422  -86.92   46.33     2.8   -12.6    -4.9    -4.9     0.0    18.83 C    -1.5   -21.0    -9.9    76.6    22.2    55.9   0.235   0.227   0.207   0.156   0.181     0.8     1.1     1.1     2.3     2.6
54810 20180317  2.422  -86.92   46.33     6.0   -16.5    -5.3    -3.7     0.0    18.21 C     1.2   -23.9    -9.9    86.9    17.8    54.2   0.236   0.227   0.207   0.156   0.181     0.8     1.1     1.1     2.3     2.6
54810 20180318  2.422  -86.92   46.33     1.9    -7.2    -2.7    -1.8     0.0    15.26 C     1.1   -15.4    -5.9    75.3    44.8    66.3   0.235   0.227   0.207   0.156   0.181     0.8     1.1     1.1     2.3     2.6
54810 20180319  2.422  -86.92   46.33    -4.2   -12.7    -8.5    -6.6     0.0    19.62 C    -2.2   -18.9    -9.4    89.2    31.4    55.3   0.236   0.227   0.207   0.157   0.182     0.8     1.0     1.1     2.2     2.6
54810 20180320  2.422  -86.92   46.33    -4.7   -17.5   -11.1   -10.1     0.0    16.21 C    -2.8   -22.9   -13.5    89.6    45.8    72.8   0.236   0.227   0.207   0.157   0.182     0.8     1.0     1.1     2.2     2.6
54810 20180321  2.422  -86.92   46.33    -2.7   -15.4    -9.1    -8.8     0.0    16.79 C    -2.3   -20.8   -12.8    89.0    31.0    65.4   0.235   0.227   0.207   0.157   0.182     0.8     1.0     1.1     2.2     2.6
54810 20180322  2.422  -86.92   46.33    -0.4   -14.9    -7.7    -6.2     0.0    20.04 C     0.0   -21.9   -11.8    89.8    31.4    62.9   0.233   0.226   0.207   0.157   0.181     0.8     1.0     1.1     2.2     2.6
54810 20180323  2.422  -86.92   46.33    -3.0   -12.7    -7.8    -7.1     0.0    20.53 C    -1.0   -20.0   -12.2    90.9    54.5    72.0   0.232   0.225   0.206   0.156   0.181     0.8     1.0     1.1     2.2     2.5
54810 20180324  2.422  -86.92   46.33    -1.4   -17.3    -9.4    -8.8     0.0    20.80 C    -0.1   -23.7   -13.5    88.9    19.3    60.4   0.232   0.225   0.206   0.156   0.181     0.8     1.0     1.1     2.2     2.5
54810 20180325  2.422  -86.92   46.33     2.4   -18.3    -7.9    -6.0     0.0    19.63 C     1.0   -24.8   -11.1    85.8    30.2    59.2   0.231   0.224   0.205   0.156   0.180     0.8     1.0     1.1     2.2     2.5
54810 20180326  2.422  -86.92   46.33     4.9    -4.9     0.0     0.9     0.0    16.63 C     0.9   -12.3    -3.8    76.2    39.4    58.7   0.230   0.224   0.205   0.156   0.180     0.8     1.0     1.1     2.2     2.5
54810 20180327  2.422  -86.92   46.33     3.9    -3.0     0.4     1.7     6.1     6.86 C     1.1    -5.3    -0.2    97.0    69.6    88.2   0.233   0.227   0.206   0.156   0.180     0.8     1.0     1.1     2.2     2.5
54810 20180328  2.422  -86.92   46.33     6.9    -5.3     0.8     1.6     0.0    18.88 C     1.2    -8.9    -1.8    97.3    54.7    80.0   0.245   0.234   0.210   0.159   0.184     0.7     1.0     1.1     2.2     2.5
54810 20180329  2.422  -86.92   46.33     3.0    -8.1    -2.6    -2.1     0.0    11.44 C     0.4   -11.9    -3.0    91.2    62.0    75.3   0.248   0.238   0.214   0.164   0.190     0.7     1.0     1.0     2.1     2.5
54810 20180330  2.422  -86.92   46.33    -1.6    -9.2    -5.4    -5.5     3.5    15.65 C     1.3   -14.6    -7.1    92.4    49.1    72.9   0.245   0.235   0.212   0.164   0.190     0.7     1.0     1.0     2.1     2.4
54810 20180331  2.422  -86.92   46.33    -3.7   -10.1    -6.9    -6.1    16.1     6.40 C    -3.2   -19.1    -8.0    91.8    51.9    80.4   0.244   0.234   0.212   0.163   0.189     0.7     1.0     1.0     2.1     2.4
54810 20180401  2.422  -86.92   46.33    -2.1   -12.9    -7.5    -7.5     0.0    20.43 C    -1.4   -23.3   -12.5    80.2    34.9    55.3   0.244   0.234   0.211   0.162   0.188     0.7     1.0     1.0     2.1     2.4
54810 20180402  2.422  -86.92   46.33     1.8   -15.9    -7.1    -5.0     0.3    17.58 C     1.1   -23.4    -9.5    87.0    23.8    57.4   0.244   0.235   0.211   0.161   0.187     0.7     1.0     1.0     2.1     2.4
54810 20180403  2.422  -86.92   46.33    -1.4    -6.2    -3.8    -3.8     0.7     9.87 C    -1.3    -9.9    -5.1    92.7    48.8    73.1   0.245   0.234   0.211   0.161   0.186     0.7     1.0     1.0     2.1     2.4
54810 20180404  2.422  -86.92   46.33    -4.2   -17.0   -10.6    -6.6     2.8    20.37 C    -3.0   -24.7    -9.6    89.3    38.5    60.4   0.245   0.234   0.211   0.160   0.186     0.7     1.0     1.0     2.1     2.4
54810 20180405  2.422  -86.92   46.33     1.4   -17.0    -7.8    -4.6     2.3    15.89 C     1.5   -22.4    -7.3    92.9    36.0    63.2   0.245   0.234   0.211   0.159   0.185     0.7     1.0     1.0     2.1     2.4
54810 20180406  2.422  -86.92   46.33    -3.7    -7.5    -5.6    -5.4     1.8    18.72 C    -3.1   -14.0    -7.8    92.9    41.8    66.0   0.246   0.234   0.211   0.159   0.185     0.6     1.0     1.0     2.1     2.4
54810 20180407  2.422  -86.92   46.33    -2.3   -14.1    -8.2    -6.3     0.0    15.65 C    -1.7   -23.0    -9.5    72.0    38.3    56.2   0.247   0.234   0.211   0.159   0.184     0.6     1.0     1.0     2.1     2.4
54810 20180408  2.422  -86.92   46.33    -1.1   -14.6    -7.9    -6.2     0.0    23.45 C     0.9   -23.5   -10.0    79.6    39.7    56.0   0.247   0.234   0.211   0.159   0.184     0.6     1.0     1.0     2.1     2.4
54810 20180409  2.422  -86.92   46.33     2.1   -13.2    -5.6    -5.5     0.0    19.30 C     1.6   -18.1    -9.1    88.7    36.1    63.3   0.247   0.233   0.211   0.160   0.195     0.6     1.0     1.0     2.1     2.3
54810 20180410  2.422  -86.92   46.33     3.8   -14.5    -5.3    -3.8     0.0    23.23 C     1.1   -21.1    -8.4    88.7    21.6    53.8   0.247   0.233   0.210   0.159   0.204     0.7     1.0     1.0     2.1     2.3
54810 20180411  2.422  -86.92   46.33     6.1    -4.6     0.7     1.0     0.0    23.60 C     1.2    -7.9    -2.5    88.6    30.6    60.7   0.246   0.232   0.210   0.159   0.204     0.7     1.0     1.0     2.1     2.3
54810 20180412  2.422  -86.92   46.33     1.4    -2.2    -0.4    -0.3     8.5     6.31 C     0.9    -7.6    -1.0    99.2    63.7    89.2   0.247   0.232   0.210   0.160   0.206     0.6     1.0     1.0     2.1     2.3
54810 20180413  2.422  -86.92   46.33    -0.1    -2.4    -1.2    -1.1     0.0     8.94 C     0.3    -2.8    -1.4    97.8    62.1    85.3   0.247   0.232   0.210   0.160   0.207     0.6     1.0     1.0     2.1     2.3
54810 20180414  2.422  -86.92   46.33     0.0    -5.6    -2.8    -3.9     0.0     9.83 C    -2.0    -6.5    -5.2    62.6    35.7    50.1   0.247   0.232   0.210   0.160   0.206     0.6     1.0     1.0     2.0     2.2
54810 20180415  2.422  -86.92   46.33    -3.6    -7.1    -5.4    -5.0    23.0     2.96 C    -3.9    -7.1    -5.6    90.3    39.1    76.1   0.247   0.232   0.210   0.160   0.206     0.6     1.0     1.0     2.0     2.2
54810 20180416  2.422  -86.92   46.33    -3.2    -5.3    -4.2    -4.0    10.9     7.88 C    -3.0    -6.6    -4.4    90.4    78.6    85.9   0.247   0.232   0.210   0.160   0.206     0.6     0.9     1.0     2.0     2.2
54810 20180417  2.422  -86.92   46.33    -0.9    -4.7    -2.8    -2.5     1.8     5.40 C    -2.3    -5.9    -3.4    87.0    75.2    79.5   0.246   0.232   0.209   0.160   0.205     0.6     0.9     1.0     2.0     2.2
54810 20180418  2.422  -86.92   46.33     1.3    -1.5    -0.1    -0.2     0.0    17.12 C     0.4    -4.8    -2.1    86.8    53.0    72.7   0.245   0.234   0.209   0.159   0.204     0.6     1.0     1.0     2.0     2.2
54810 20180419  2.422  -86.92   46.33     6.1    -4.2     0.9     1.4     0.0    26.26 C     0.6    -9.2    -3.3    81.9    24.2    55.2   0.245   0.238   0.209   0.158   0.204     0.6     1.0     1.0     2.0     2.2
54810 20180420  2.422  -86.92   46.33    12.3    -9.1     1.6     2.8     0.0    25.96 C     2.4   -14.0    -4.2    82.1    15.8    45.7   0.248   0.240   0.212   0.158   0.204     0.6     1.0     0.9     2.0     2.2
54810 20180421  2.422  -86.92   46.33    12.6    -5.2     3.7     3.9     0.0    26.28 C     2.1    -9.1    -2.3    82.4    18.4    50.9   0.242   0.247   0.218   0.162   0.209     0.5     1.0     0.9     1.9     2.2
54810 20180422  2.422  -86.92   46.33    14.3    -6.5     3.9     5.1     0.0    25.84 C     1.6    -9.1    -2.4    87.7    20.8    49.4   0.237   0.251   0.223   0.166   0.214     0.5     0.9     0.9     1.9     2.2
54810 20180423  2.422  -86.92   46.33    17.3    -1.7     7.8     8.2     0.0    25.29 C     2.3    -6.1    -1.3    75.4    14.6    38.1   0.246   0.257   0.232   0.172   0.223     0.5     0.8     0.8     1.9     2.2
54810 20180424  2.422  -86.92   46.33     9.5    -2.2     3.6     4.4     0.0    20.17 C     1.3    -4.9    -0.9    85.9    47.6    62.3   0.260   0.273   0.246   0.185   0.242     0.5     0.8     0.7     1.8     2.1
54810 20180425  2.422  -86.92   46.33     5.3    -3.5     0.9     1.5     0.0    26.51 C     0.8    -5.3    -1.3    87.3    45.8    68.3   0.262   0.275   0.248   0.195   0.257     0.5     0.7     0.7     1.8     2.1
54810 20180426  2.422  -86.92   46.33    16.1    -4.0     6.0     5.2     1.0    20.61 C     2.0    -6.7    -1.5    89.5    20.7    61.1   0.267   0.278   0.254   0.201   0.268     0.5     0.7     0.7     1.7     2.0
54810 20180427  2.422  -86.92   46.33     2.7    -1.9     0.4     0.1     0.0    17.64 C     0.8    -5.4    -1.7    94.4    62.8    81.7   0.265   0.276   0.249   0.207   0.279     0.4     0.6     0.6     1.7     2.0
54810 20180428  2.422  -86.92   46.33     1.2    -6.2    -2.5    -0.7     0.0    27.47 C     0.4   -10.3    -3.3    82.5    38.8    60.3   0.258   0.270   0.243   0.206   0.277     0.5     0.7     0.7     1.7     2.0
54810 20180429  2.422  -86.92   46.33    13.9    -8.2     2.8     3.4     0.0    27.40 C     1.8   -12.3    -3.4    88.6    16.0    49.4   0.266   0.276   0.253   0.208   0.284     0.5     0.7     0.7     1.7     2.0
54810 20180430  2.422  -86.92   46.33    19.5    -0.2     9.7     9.9     0.5    21.09 C    15.6    -5.1     3.1    75.1    26.3    48.4   0.277   0.287   0.263   0.225   0.340     0.5     0.7     0.6     1.7     1.9
54810 20180501  2.422  -86.92   46.33    27.7     7.1    17.4    17.4     0.0    19.68 C    41.7     2.7    16.6    79.5    28.2    47.1   0.279   0.279   0.254   0.233   0.344     3.8     2.5     2.5     1.6     1.8
54810 20180502  2.422  -86.92   46.33     7.7     0.4     4.1     4.3     0.3     8.03 C    22.9    -3.5     6.6    92.3    66.7    80.1   0.258   0.254   0.232   0.221   0.302     6.0     5.4     5.2     2.9     2.6
54810 20180503  2.422  -86.92   46.33    19.2    -0.3     9.4     9.6     0.0    25.88 C    38.5    -3.2    14.9    94.4    32.7    61.0   0.251   0.248   0.228   0.218   0.295     7.1     6.0     5.8     3.8     3.4
54810 20180504  2.422  -86.92   46.33    18.6     6.1    12.4    11.3     5.2    19.27 C    33.5     2.7    13.1    95.2    33.6    69.7   0.252   0.248   0.228   0.216   0.292     9.1     8.0     7.9     4.9     4.2
54810 20180505  2.422  -86.92   46.33    16.2     5.1    10.6    10.9     0.0    26.49 C    32.6    -0.3    13.1    85.0    27.5    48.6   0.247   0.245   0.226   0.214   0.287     9.2     8.4     8.3     5.7     5.0
54810 20180506  2.422  -86.92   46.33    13.5    -0.3     6.6     7.7     0.4    24.36 C    30.7    -3.1    11.5    90.5    42.8    63.3   0.240   0.240   0.223   0.211   0.280     9.7     8.9     8.9     6.4     5.6
54810 20180507  2.422  -86.92   46.33    19.8    -1.3     9.2    11.0     0.0    27.14 C    33.1    -3.9    13.0    93.0    26.8    52.7   0.235   0.237   0.221   0.208   0.275     9.4     8.8     8.7     6.8     6.0
54810 20180508  2.422  -86.92   46.33    20.6     4.1    12.4     8.9     0.0    11.81 C    31.1    -0.1     9.6    87.9    31.3    68.3   0.230   0.234   0.219   0.205   0.269     9.5     9.0     9.1     7.1     6.4
54810 20180509  2.422  -86.92   46.33    14.5     5.3     9.9    10.4     2.7     4.39 C    17.2     4.9    10.5    95.9    61.5    81.0   0.230   0.234   0.218   0.202   0.264     9.0     8.6     8.6     7.3     6.6
54810 20180510  2.422  -86.92   46.33    11.0    -1.7     4.6     5.5     0.0    27.63 C    20.6    -5.0     8.5    92.7    38.5    65.9   0.232   0.234   0.218   0.199   0.259     9.2     8.8     8.8     7.3     6.7
54810 20180511  2.422  -86.92   46.33    12.5    -4.5     4.0     4.5     0.0    24.17 C    29.3    -7.9     7.3    90.3    28.3    57.0   0.229   0.232   0.216   0.195   0.253     8.0     7.8     7.9     7.3     6.8
54810 20180512  2.422  -86.92   46.33    14.5    -3.4     5.5     6.7     0.0    25.81 C    31.0    -6.4     9.7    91.8    27.7    55.3   0.224   0.228   0.214   0.191   0.247     8.6     8.1     8.2     7.2     6.8
54810 20180513  2.422  -86.92   46.33    22.7    -0.9    10.9    12.0     0.0    27.69 C    37.3    -3.5    13.7    91.6    19.3    49.3   0.215   0.222   0.211   0.186   0.241     9.8     9.0     9.1     7.4     6.9
54810 20180514  2.422  -86.92   46.33    24.9     5.1    15.0    15.8     0.0    23.82 C    37.5     1.9    17.1    88.3    33.9    59.0   0.204   0.216   0.208   0.181   0.234    11.6    10.4    10.5     7.9     7.2
54810 20180515  2.422  -86.92   46.33    14.2     4.6     9.4     9.1     0.0    28.22 C    25.9     1.4    12.7    84.9    38.3    59.8   0.196   0.212   0.206   0.175   0.227    11.9    11.1    11.2     8.6     7.8
54810 20180516  2.422  -86.92   46.33    27.5     5.9    16.7    14.2     0.0    20.64 C    40.9     1.8    14.6    72.9    29.1    51.6   0.188   0.207   0.203   0.170   0.221    11.8    11.0    11.0     8.8     8.0
54810 20180517  2.422  -86.92   46.33     9.2     1.1     5.2     5.1     0.0    26.26 C    25.6    -1.1     9.2    85.4    32.9    64.1   0.181   0.203   0.201   0.165   0.214    10.9    10.7    10.7     9.1     8.3
54810 20180518  2.422  -86.92   46.33    20.3     0.0    10.1    12.1     0.0    27.10 C    30.9    -1.8    13.3    89.7    23.4    45.6   0.174   0.198   0.199   0.160   0.209    10.7    10.2    10.3     8.9     8.3
54810 20180519  2.422  -86.92   46.33    17.6     3.9    10.7     8.9     0.0     8.37 C    31.0     3.7     9.8    89.9    50.1    70.9   0.170   0.195   0.197   0.157   0.206    10.8    10.5    10.6     9.0     8.4
54810 20180520  2.422  -86.92   46.33    16.9     1.5     9.2     8.5     0.0    29.39 C    30.5    -0.9    12.3    92.6    24.1    58.0   0.168   0.192   0.195   0.155   0.202    10.6    10.2    10.2     8.9     8.4
54810 20180521  2.422  -86.92   46.33    22.8     0.7    11.8    13.5     0.0    25.81 C    34.8    -2.1    14.2    92.1    13.9    49.6   0.160   0.185   0.193   0.151   0.200    11.6    10.7    10.8     9.0     8.4
54810 20180522  2.422  -86.92   46.33    23.6     6.1    14.9    15.5     0.0    29.00 C    35.9     1.3    17.8    88.7    24.4    55.7   0.151   0.178   0.189   0.149   0.196    13.3    12.1    12.1     9.4     8.6
54810 20180523  2.422  -86.92   46.33    28.6     4.1    16.4    17.3     0.0    28.61 C    39.0     0.1    17.4    96.1    17.8    55.0   0.143   0.170   0.186   0.146   0.194    13.6    12.6    12.6     9.9     9.0
54810 20180524  2.622  -86.92   46.33    25.4    11.8    18.6    18.4     1.7    10.28 C    29.9     7.6    17.0    92.8    55.7    77.8   0.139   0.169   0.184   0.148   0.180    14.5    13.6    13.4    10.3     9.3
54810 20180525  2.622  -86.92   46.33    27.7    15.6    21.7    21.3     5.6    17.78 C    37.0    13.0    21.4    96.3    51.7    78.1   0.146   0.173   0.186   0.149   0.168    16.3    15.0    14.6    10.8     9.5
54810 20180526  2.622  -86.92   46.33    27.4    15.8    21.6    19.9     3.6    13.79 C    34.8    13.6    19.7    92.5    54.5    82.0   0.146   0.175   0.186   0.148   0.167    17.1    15.9    15.6    11.6    10.1
54810 20180527  2.622  -86.92   46.33    25.4    12.5    18.9    19.4     0.0    26.64 C    32.6     9.4    20.2    96.8    52.8    77.0   0.147   0.175   0.186   0.147   0.166    17.4    16.3    15.9    12.0    10.5
54810 20180528  2.622  -86.92   46.33    25.9    12.6    19.2    18.5     0.0    21.53 C    32.2     9.6    19.4    96.5    55.5    80.2   0.145   0.174   0.185   0.146   0.165    17.8    16.8    16.4    12.5    10.9
54810 20180529  2.622  -86.92   46.33    27.9    11.5    19.7    20.2     0.0    25.08 C    34.4     8.9    20.6    96.3    43.0    69.0   0.143   0.170   0.182   0.144   0.163    17.8    16.8    16.4    12.8    11.3
54810 20180530  2.622  -86.92   46.33    26.0    15.7    20.9    20.4     2.3    14.11 C    30.6    12.8    20.3    94.1    59.0    76.2   0.140   0.167   0.179   0.142   0.161    18.0    17.1    16.7    13.1    11.5
54810 20180531  2.622  -86.92   46.33    25.5     7.1    16.3    18.3     8.2    14.00 C    30.5     8.3    19.4    95.9    61.7    85.6   0.157   0.172   0.180   0.140   0.159    18.3    17.3    16.9    13.3    11.8
54810 20180601  2.622  -86.92   46.33     9.0     4.4     6.7     6.5     0.0    25.76 C    20.7     3.5    10.6    92.6    69.6    80.8   0.164   0.177   0.181   0.139   0.159    16.2    16.0    15.8    13.4    11.9
54810 20180602  2.622  -86.92   46.33    21.6     3.7    12.6    12.9     0.0    28.98 C    27.2     2.0    14.7    92.8    28.5    60.3   0.157   0.174   0.179   0.138   0.157    15.2    14.8    14.6    12.8    11.8
54810 20180603  2.622  -86.92   46.33    15.4     9.4    12.4    11.7    18.0     6.16 C    19.1     9.8    12.6    96.1    46.2    89.1   0.185   0.194   0.189   0.136   0.156    14.8    14.6    14.4    12.6    11.6
54810 20180604  2.622  -86.92   46.33    17.1     5.5    11.3    11.6     0.0    26.35 C    23.6     4.0    12.7    92.2    51.8    70.9   0.222   0.218   0.203   0.140   0.156    14.6    14.2    13.9    12.3    11.4
54810 20180605  2.622  -86.92   46.33    12.0     3.2     7.6     8.4     0.0    28.22 C    21.6     0.4    11.1    95.3    59.0    76.8   0.203   0.204   0.195   0.141   0.157    14.4    14.1    13.9    12.1    11.3
54810 20180606  2.622  -86.92   46.33    17.0     1.4     9.2    10.7     0.0    14.78 C    21.5    -0.5    10.5    96.8    55.0    78.3   0.191   0.196   0.190   0.140   0.157    13.2    13.2    13.0    12.0    11.2
54810 20180607  2.622  -86.92   46.33    16.1     5.5    10.8    11.8     0.0    25.78 C    23.7     2.3    13.2    96.9    58.6    79.5   0.183   0.190   0.186   0.139   0.156    14.0    13.4    13.2    11.7    11.0
54810 20180608  2.622  -86.92   46.33    24.1     3.5    13.8    14.9     0.0    28.01 C    28.6     1.0    14.6    97.3    34.0    68.8   0.171   0.183   0.182   0.137   0.155    14.3    13.7    13.5    11.7    11.0
54810 20180609  2.622  -86.92   46.33    24.9     9.5    17.2    16.8     0.0    19.61 C    28.8     4.9    15.6    94.4    29.5    66.6   0.160   0.176   0.178   0.135   0.154    15.0    14.4    14.1    11.9    11.0
54810 20180610  2.622  -86.92   46.33    24.9     7.0    16.0    16.9     0.0    29.56 C    29.6     2.4    15.3    95.7    26.9    58.1   0.146   0.168   0.173   0.133   0.152    15.2    14.5    14.3    12.1    11.2
54810 20180611  2.622  -86.92   46.33    25.3     4.2    14.8    16.5     0.0    29.80 C    29.9    -0.6    14.8    94.9    25.7    56.2   0.130   0.157   0.165   0.130   0.150    15.0    14.5    14.3    12.2    11.3
54810 20180612  2.622  -86.92   46.33    24.2     8.6    16.4    17.8     0.3    14.64 C    29.0     4.6    16.9    94.6    60.3    75.6   0.120   0.150   0.160   0.128   0.147    15.2    14.6    14.4    12.3    11.3
54810 20180613  2.622  -86.92   46.33    24.2    10.0    17.1    18.3    10.1    27.84 C    26.2     5.7    17.2    95.6    28.9    64.1   0.119   0.155   0.158   0.126   0.145    16.5    15.6    15.3    12.5    11.5
54810 20180614  2.622  -86.92   46.33    24.6     6.4    15.5    16.4     0.0    29.40 C    28.2     3.2    15.5    93.7    32.4    63.9   0.117   0.153   0.155   0.124   0.143    16.0    15.4    15.1    12.7    11.6
54810 20180615  2.622  -86.92   46.33    18.4     8.4    13.4    14.3     5.4     8.12 C    23.1     4.9    13.1    94.5    62.0    83.5   0.114   0.150   0.153   0.123   0.142    14.9    14.7    14.5    12.8    11.7
54810 20180616  2.622  -86.92   46.33    23.4    12.9    18.2    18.1     7.2    11.48 C    26.6    10.8    17.7    95.7    65.2    85.7   0.145   0.177   0.158   0.122   0.140    15.5    14.9    14.6    12.6    11.7
54810 20180617  2.622  -86.92   46.33    30.7    16.2    23.5    21.1    68.5    15.14 C    32.5    15.3    20.9    95.5    58.3    84.7   0.197   0.211   0.193   0.137   0.146    17.3    16.4    16.1    12.9    11.8
54810 20180618  2.622  -86.92   46.33    20.8    10.4    15.6    17.0     1.1    17.11 C    26.2     6.5    17.1    96.3    63.9    86.2   0.233   0.236   0.224   0.193   0.199    18.5    17.9    17.5    14.2    12.7
54810 20180619  2.622  -86.92   46.33    22.8     8.7    15.7    15.4     0.0    27.36 C    27.4     6.2    15.4    94.0    52.5    74.4   0.214   0.219   0.210   0.182   0.195    17.2    16.7    16.5    14.2    13.0
54810 20180620  2.622  -86.92   46.33    23.0     8.2    15.6    15.2     0.0    25.42 C    28.3     5.6    15.3    95.7    43.3    73.7   0.199   0.210   0.203   0.175   0.190    16.7    16.3    16.1    14.0    12.9
54810 20180621  2.622  -86.92   46.33    20.9     6.5    13.7    13.9     0.0    29.53 C    26.0     2.9    14.2    95.6    52.2    75.5   0.188   0.203   0.198   0.170   0.186    16.3    15.9    15.7    13.8    12.8
54810 20180622  2.622  -86.92   46.33    24.5     3.4    13.9    14.8     0.0    28.92 C    27.7     0.0    13.6    97.3    33.7    67.0   0.175   0.197   0.194   0.166   0.182    15.7    15.4    15.2    13.6    12.7
54810 20180623  2.622  -86.92   46.33    22.8     5.3    14.1    14.5     0.0    29.35 C    25.9     1.6    13.9    95.9    38.3    67.3   0.162   0.191   0.191   0.161   0.179    15.6    15.2    15.0    13.4    12.6
54810 20180624  2.622  -86.92   46.33    14.4     5.1     9.7     9.9     0.0    21.82 C    19.1     0.9    10.6    92.8    49.1    76.3   0.153   0.186   0.188   0.158   0.175    15.0    14.9    14.7    13.3    12.5
54810 20180625  2.622  -86.92   46.33    23.8     2.7    13.3    14.2     0.0    28.95 C    27.5    -1.1    12.8    96.5    37.5    66.2   0.144   0.181   0.185   0.154   0.172    14.4    14.2    14.0    12.9    12.3
54810 20180626  2.622  -86.92   46.33    24.8     7.2    16.0    16.8     0.0    26.68 C    27.7     3.0    15.7    93.6    37.1    64.4   0.132   0.174   0.180   0.150   0.169    15.1    14.6    14.3    12.8    12.1
54810 20180627  2.622  -86.92   46.33    24.0    10.7    17.4    17.8     0.0    28.60 C    28.1     8.2    17.8    92.5    48.3    69.2   0.119   0.166   0.175   0.146   0.165    16.0    15.3    15.0    12.9    12.2
54810 20180628  2.622  -86.92   46.33    28.8    11.8    20.3    21.8     0.0    26.95 C    31.2     8.0    20.5    94.0    43.6    67.9   0.107   0.158   0.170   0.142   0.162    17.0    16.0    15.7    13.2    12.3
54810 20180629  2.622  -86.92   46.33    28.5    16.2    22.4    23.5     0.0    20.91 C    30.2    12.1    22.3    96.5    62.1    78.5   0.098   0.150   0.165   0.138   0.158    17.8    16.8    16.5    13.6    12.5
54810 20180630  2.622  -86.92   46.33    31.7    19.6    25.6    25.3    31.0    18.57 C    33.5    18.7    24.7    95.2    62.2    81.3   0.107   0.158   0.166   0.135   0.155    19.1    17.8    17.5    14.0    12.9
54810 20180701  2.622  -86.92   46.33    27.4    17.2    22.3    22.1     3.9    13.80 C    29.3    15.7    21.7    95.4    60.0    85.2   0.207   0.221   0.202   0.137   0.154    19.6    18.7    18.4    14.7    13.3
54810 20180702  2.622  -86.92   46.33    26.8    13.0    19.9    20.7     0.0    27.27 C    29.0    10.2    19.7    94.5    50.0    72.9   0.200   0.212   0.198   0.140   0.156    19.3    18.5    18.3    15.1    13.7
54810 20180703  2.622  -86.92   46.33    29.5    16.4    22.9    23.0     0.0    25.58 C    30.5    13.2    21.5    95.8    37.7    71.3   0.181   0.198   0.189   0.138   0.156    19.6    18.7    18.4    15.2    13.8
54810 20180704  2.622  -86.92   46.33    31.1    14.8    22.9    22.7     1.3    23.36 C    33.0    11.8    21.8    96.5    58.0    81.4   0.166   0.188   0.183   0.136   0.154    19.8    18.9    18.6    15.4    14.0
54810 20180705  2.622  -86.92   46.33    26.6    13.1    19.9    21.6     0.0    26.33 C    27.9     9.2    20.9    95.1    42.7    69.6   0.155   0.181   0.178   0.134   0.153    20.4    19.4    19.1    15.6    14.2
54810 20180706  2.622  -86.92   46.33    24.2     8.6    16.4    17.2     0.0    29.48 C    26.8     4.6    16.2    95.1    35.3    59.2   0.138   0.172   0.173   0.131   0.151    18.7    18.3    18.1    15.7    14.4
54810 20180707  2.622  -86.92   46.33    26.7    11.3    19.0    20.3     0.0    29.05 C    29.1     6.9    18.7    94.9    30.6    58.9   0.120   0.163   0.167   0.129   0.148    18.2    17.7    17.4    15.4    14.3
54810 20180708  2.622  -86.92   46.33    30.6    15.5    23.0    22.5     0.0    26.24 C    32.1    12.5    21.2    75.8    43.4    61.3   0.104   0.153   0.160   0.126   0.145    18.7    18.0    17.7    15.2    14.2
54810 20180709  2.622  -86.92   46.33    26.5    11.5    19.0    20.9     0.0    24.17 C    29.5     8.1    20.2    94.8    53.9    74.4   0.093   0.145   0.153   0.123   0.142    19.3    18.5    18.2    15.3    14.2
54810 20180710  2.622  -86.92   46.33    25.3     9.5    17.4    17.5     0.0    27.85 C    28.1     5.9    16.3    96.5    41.5    72.1   0.085   0.136   0.146   0.120   0.140    18.2    17.8    17.5    15.4    14.3
54810 20180711  2.622  -86.92   46.33    27.1     8.0    17.6    17.9     0.0    22.42 C    29.5     4.7    16.6    96.2    40.3    70.0   0.079   0.126   0.137   0.117   0.136    17.4    17.0    16.8    15.1    14.2
54810 20180712  2.622  -86.92   46.33    23.2    15.3    19.2    19.3    20.4    10.04 C    25.9    11.2    18.9    94.7    73.9    84.5   0.138   0.169   0.148   0.115   0.134    17.6    17.1    16.9    14.9    14.0
54810 20180713  2.622  -86.92   46.33    26.9    19.1    23.0    22.2     3.4    12.04 C    29.8    15.4    21.7    95.9    58.4    86.2   0.182   0.190   0.158   0.115   0.133    18.7    17.9    17.6    15.0    14.0
54810 20180714  2.622  -86.92   46.33    29.9    14.6    22.2    23.0     0.0    26.70 C    31.6    11.5    21.6    96.9    42.2    73.2   0.172   0.184   0.159   0.114   0.132    19.3    18.4    18.1    15.3    14.2
54810 20180715  2.622  -86.92   46.33    30.0    15.5    22.8    23.2     0.0    23.43 C    32.1    12.8    22.1    96.1    51.0    75.4   0.153   0.171   0.155   0.113   0.130    19.7    18.8    18.6    15.6    14.4
54810 20180716  2.622  -86.92   46.33    27.1    12.9    20.0    21.5     0.0    28.14 C    28.7     8.7    20.5    93.8    33.7    61.0   0.134   0.160   0.149   0.111   0.128    20.1    19.3    19.0    15.9    14.6
54810 20180717  2.622  -86.92   46.33    17.1     6.1    11.6    13.4     0.0    18.12 C    21.3     2.6    12.6    96.7    60.4    77.1   0.118   0.152   0.145   0.110   0.127    17.8    17.8    17.6    15.9    14.7
54810 20180718  2.622  -86.92   46.33    24.2     4.2    14.2    15.8     0.0    28.12 C    27.7     1.1    15.3    97.2    40.2    71.1   0.106   0.144   0.140   0.108   0.125    16.4    16.3    16.2    15.3    14.5
54810 20180719  2.622  -86.92   46.33    26.0    12.9    19.5    19.5     0.0    25.79 C    29.5    10.0    18.7    93.5    43.4    68.7   0.094   0.135   0.134   0.106   0.123    17.4    16.8    16.6    14.9    14.1
54810 20180720  2.622  -86.92   46.33    27.5    16.1    21.8    21.1     0.0    15.92 C    29.7    12.9    20.2    87.4    43.3    70.2   0.086   0.126   0.128   0.104   0.121    17.8    17.2    17.0    14.9    14.1
54810 20180721  2.622  -86.92   46.33    20.2    14.1    17.1    16.3    12.5    10.68 C    24.6    14.0    16.9    96.4    79.5    90.7   0.102   0.130   0.127   0.103   0.120    17.7    17.3    17.0    15.1    14.1
54810 20180722  2.622  -86.92   46.33    19.6    13.0    16.3    15.2     0.0    18.34 C    22.4    10.7    16.0    96.6    66.7    84.7   0.115   0.141   0.130   0.102   0.119    17.4    17.0    16.8    15.0    14.2
54810 20180723  2.622  -86.92   46.33    23.3    12.2    17.7    17.4     0.0    24.96 C    27.7     9.7    17.8    95.4    64.5    78.4   0.109   0.138   0.128   0.101   0.117    17.5    17.0    16.8    14.9    14.1
54810 20180724  2.622  -86.92   46.33    26.7    10.2    18.5    18.2     0.0    25.13 C    30.1     7.6    17.7    96.9    52.8    76.6   0.098   0.131   0.124   0.100   0.115    17.6    17.1    16.8    14.9    14.1
54810 20180725  2.622  -86.92   46.33    26.4    11.1    18.7    18.6    44.9    19.32 C    29.8     8.0    17.8    96.4    47.5    76.0   0.103   0.137   0.125   0.098   0.114    17.3    16.9    16.7    14.9    14.1
54810 20180726  2.622  -86.92   46.33    21.1    12.8    16.9    16.0     7.8    14.72 C    26.5    10.8    16.4    95.0    63.9    86.6   0.221   0.236   0.211   0.115   0.116    17.2    16.9    16.7    15.0    14.1
54810 20180727  2.622  -86.92   46.33    14.2    10.5    12.3    13.2     0.0     4.88 C    16.0     7.4    13.0    94.2    82.9    89.0   0.210   0.224   0.204   0.130   0.122    16.4    16.4    16.3    15.0    14.2
54810 20180728  2.622  -86.92   46.33    22.8     8.1    15.5    16.0     0.0    26.89 C    26.4     5.6    15.3    96.0    40.4    71.8   0.196   0.210   0.195   0.131   0.127    16.0    15.7    15.6    14.7    14.1
54810 20180729  2.622  -86.92   46.33    23.7     8.7    16.2    16.7     0.0    23.32 C    27.5     6.4    15.8    96.8    48.1    75.8   0.182   0.198   0.186   0.128   0.128    16.2    15.9    15.7    14.5    13.9
54810 20180730  2.622  -86.92   46.33    27.0     9.1    18.0    18.6     0.0    26.37 C    30.1     6.2    17.8    96.9    39.6    74.2   0.169   0.188   0.179   0.125   0.129    16.5    16.1    15.9    14.5    13.8
54810 20180731  2.622  -86.92   46.33    27.5    11.6    19.5    20.4     0.0    24.74 C    30.9     8.4    19.3    96.8    45.6    73.2   0.157   0.179   0.173   0.122   0.128    17.2    16.6    16.4    14.6    13.8
54810 20180801  2.622  -86.92   46.33    22.7    10.6    16.7    14.8     5.7    18.26 C    27.3    10.3    15.2    96.0    66.0    87.4   0.147   0.172   0.168   0.120   0.128    17.2    16.8    16.6    14.8    14.0
54810 20180802  2.622  -86.92   46.33    15.4    10.0    12.7    12.4     0.0    14.31 C    19.6     7.7    13.6    95.8    75.8    87.8   0.147   0.171   0.166   0.118   0.127    16.0    16.0    15.8    14.7    14.0
54810 20180803  2.622  -86.92   46.33    23.2     9.3    16.2    16.9     0.0    22.06 C    27.6     6.3    17.4    95.3    57.0    79.0   0.145   0.170   0.165   0.117   0.127    16.3    15.9    15.7    14.5    13.9
54810 20180804  2.622  -86.92   46.33    26.3    15.2    20.8    21.3     1.0    11.17 C    30.1    13.1    20.7    94.7    66.9    83.2   0.140   0.167   0.162   0.116   0.126    17.3    16.7    16.4    14.6    13.8
54810 20180805  2.622  -86.92   46.33    25.9    18.7    22.3    21.5    34.9    10.32 C    29.8    16.3    20.8    94.0    69.6    85.0   0.173   0.193   0.184   0.118   0.125    18.4    17.7    17.4    14.9    14.0
54810 20180806  2.622  -86.92   46.33    25.1    13.6    19.3    19.2     0.0    20.10 C    28.5    13.7    19.8    96.5    65.9    85.8   0.215   0.224   0.210   0.146   0.136    18.7    18.1    17.9    15.5    14.4
54810 20180807  2.622  -86.92   46.33    20.1    11.2    15.7    15.6     0.0    22.37 C    25.5     8.4    16.6    95.1    61.0    81.0   0.197   0.209   0.196   0.143   0.142    18.2    17.9    17.6    15.7    14.6
54810 20180808  2.622  -86.92   46.33    27.2    12.0    19.6    20.2     4.8    19.89 C    31.2     8.7    19.8    95.7    49.4    77.9   0.184   0.199   0.188   0.139   0.143    17.9    17.5    17.3    15.6    14.6
54810 20180809  2.622  -86.92   46.33    25.0    13.6    19.3    19.1     0.0    22.43 C    29.0    10.6    18.9   100.0    51.0    83.5   0.181   0.197   0.186   0.137   0.143    18.5    17.9    17.7    15.6    14.6
54810 20180810  2.622  -86.92   46.33    27.8    12.3    20.0    19.4    13.1    19.10 C    31.1     9.7    18.5    96.9    52.6    83.6   0.200   0.210   0.193   0.135   0.143    18.1    17.7    17.5    15.7    14.7
54810 20180811  2.622  -86.92   46.33    24.2    12.8    18.5    18.8     0.8    23.87 C    28.8     8.7    18.6    98.5    64.7    82.3   0.209   0.216   0.198   0.139   0.144    18.4    17.9    17.7    15.7    14.8
54810 20180812  2.622  -86.92   46.33    27.7     9.2    18.5    19.0     0.0    23.03 C    30.2     6.2    17.8   100.0    47.5    80.4   0.191   0.204   0.190   0.139   0.146    17.8    17.5    17.3    15.7    14.8
54810 20180813  2.622  -86.92   46.33    29.7    15.5    22.6    22.2     0.0    21.16 C    32.0    10.8    21.2    99.6    56.7    80.9   0.178   0.195   0.185   0.137   0.146    18.5    17.9    17.6    15.7    14.8
54810 20180814  2.622  -86.92   46.33    28.7    16.5    22.6    20.2     0.0    13.38 C    32.5    13.5    19.5    94.1    65.2    81.8   0.169   0.189   0.181   0.135   0.144    18.8    18.2    18.0    15.8    14.9
54810 20180815  2.622  -86.92   46.33    22.3    13.4    17.8    17.8     0.0    13.57 C    26.5    11.4    17.9    94.2    65.4    82.1   0.163   0.185   0.178   0.134   0.144    18.2    17.9    17.7    15.9    14.9
54810 20180816  2.622  -86.92   46.33    26.9    12.2    19.5    19.1     0.0    17.66 C    30.7    10.6    19.1    94.1    62.4    78.5   0.155   0.181   0.175   0.132   0.143    18.0    17.6    17.4    15.8    14.9
54810 20180817  2.622  -86.92   46.33    22.6    13.4    18.0    17.7     0.0    18.80 C    27.5     8.7    18.1   100.0    67.8    85.4   0.145   0.177   0.172   0.130   0.141    18.1    17.7    17.5    15.7    14.9
54810 20180818  2.622  -86.92   46.33    20.4     9.6    15.0    16.2     0.0    22.19 C    25.8     6.6    16.4    96.9    57.6    80.4   0.137   0.172   0.170   0.128   0.140    17.9    17.6    17.4    15.7    14.9
54810 20180819  2.622  -86.92   46.33    26.0     8.4    17.2    17.2     0.0    19.17 C    29.2     6.0    16.1    97.6    45.4    78.1   0.127   0.167   0.166   0.126   0.139    16.9    16.7    16.6    15.6    14.8
54810 20180820  2.622  -86.92   46.33    23.3    12.4    17.8    18.6     0.0     9.39 C    26.3     8.9    18.3    99.6    62.4    89.5   0.121   0.163   0.164   0.125   0.137    17.0    16.7    16.5    15.3    14.7
54810 20180821  2.622  -86.92   46.33    17.3    12.2    14.7    15.1     0.0     4.95 C    17.5     7.6    14.9    96.3    68.3    87.1   0.121   0.162   0.164   0.124   0.136    16.8    16.7    16.5    15.3    14.6
54810 20180822  2.622  -86.92   46.33    23.6     9.0    16.3    16.6     0.0    21.26 C    27.0     4.8    14.8    96.3    35.4    66.3   0.117   0.159   0.161   0.122   0.135    15.8    15.8    15.6    15.0    14.5
54810 20180823  2.622  -86.92   46.33    27.2    14.6    20.9    20.2     0.0    21.91 C    30.9     9.6    18.4    91.6    31.6    57.2   0.106   0.152   0.157   0.120   0.133    16.4    16.0    15.9    14.8    14.3
54810 20180824  2.622  -86.92   46.33    22.7    11.2    17.0    16.5     4.8     7.22 C    26.5     7.3    15.4    94.7    61.5    86.1   0.100   0.147   0.153   0.118   0.132    16.0    15.9    15.8    14.8    14.2
54810 20180825  2.622  -86.92   46.33    22.1    13.5    17.8    18.0    20.7     6.11 C    27.7    10.8    17.9   100.0    77.6    91.6   0.194   0.209   0.184   0.119   0.131    16.6    16.2    16.0    14.7    14.2
54810 20180826  2.622  -86.92   46.33    26.4    12.5    19.4    19.6     0.0    16.20 C    29.7     9.4    18.8   100.0    61.0    85.7   0.201   0.211   0.187   0.123   0.132    16.8    16.4    16.2    14.8    14.2
54810 20180827  2.622  -86.92   46.33    28.6    18.7    23.6    22.5    17.4    13.50 C    30.9    17.8    22.6    95.2    66.8    86.2   0.192   0.205   0.184   0.123   0.133    18.2    17.5    17.2    15.1    14.3
54810 20180828  2.622  -86.92   46.33    20.1    12.1    16.1    15.0     5.9     7.06 C    22.1    12.5    16.1    95.6    81.6    91.7   0.233   0.241   0.215   0.135   0.136    18.3    18.1    17.8    15.6    14.6
54810 20180829  2.622  -86.92   46.33    15.2     5.3    10.3    11.6     0.3    11.24 C    21.5     2.3    11.8    96.9    63.2    84.4   0.217   0.229   0.205   0.143   0.143    16.5    16.7    16.5    15.6    14.8
54810 20180830  2.622  -86.92   46.33    20.8     3.0    11.9    11.8     0.0    22.12 C    24.8     0.6    11.3    97.8    49.6    78.8   0.200   0.217   0.197   0.142   0.147    14.7    15.0    14.9    15.0    14.6
54810 20180831  2.622  -86.92   46.33    22.8     9.8    16.3    16.7     7.5     7.27 C    25.3     7.1    15.7    95.5    65.6    85.2   0.214   0.226   0.199   0.141   0.149    14.9    14.9    14.8    14.5    14.2
54810 20180901  2.622  -86.92   46.33    26.0    16.7    21.4    21.3     3.6    11.46 C    29.2    14.2    20.9    96.4    72.5    85.9   0.210   0.221   0.198   0.144   0.151    16.5    16.0    15.7    14.4    14.0
54810 20180902  2.622  -86.92   46.33    24.5    16.7    20.6    20.5     0.0     6.92 C    27.2    14.2    20.2   100.0    80.6    91.7   0.212   0.225   0.199   0.144   0.153    17.5    17.0    16.7    14.8    14.1
54810 20180903  2.622  -86.92   46.33    22.5    14.2    18.3    18.2     0.0    16.39 C    27.2    11.4    17.8    96.6    66.6    85.3   0.202   0.220   0.195   0.145   0.155    17.4    17.0    16.8    15.1    14.4
54810 20180904  2.622  -86.92   46.33    25.9    14.8    20.3    19.8    15.0     8.23 C    28.0    13.8    19.6    96.1    72.3    88.3   0.224   0.235   0.202   0.146   0.156    17.3    17.0    16.7    15.2    14.5
54810 20180905  2.622  -86.92   46.33    21.3    11.2    16.3    16.5    67.5     4.90 C    21.0     7.5    16.1    96.1    74.3    89.8   0.259   0.272   0.244   0.199   0.208    18.2    18.0    17.7    15.8    14.9
54810 20180906  2.622  -86.92   46.33    18.0     5.3    11.6    12.1     0.0    21.23 C    23.3     2.7    11.4    97.3    47.1    75.8   0.218   0.240   0.215   0.194   0.211    16.1    16.4    16.3    15.7    15.1
54810 20180907  2.622  -86.92   46.33    19.7     3.6    11.7    11.4     0.0    19.74 C    24.9     1.3    11.2    97.2    44.7    80.5   0.206   0.231   0.206   0.183   0.199    14.6    15.0    14.9    15.1    14.7
54810 20180908  2.622  -86.92   46.33    17.7     3.2    10.4     9.8     0.0    20.74 C    22.6    -0.1     9.0    97.7    38.2    76.2   0.197   0.225   0.201   0.176   0.192    13.8    14.2    14.1    14.5    14.3
54810 20180909  2.622  -86.92   46.33    19.2     2.5    10.9    10.8     0.0    20.19 C    23.7    -0.7     9.7    97.8    48.7    77.7   0.192   0.220   0.198   0.171   0.187    12.9    13.3    13.2    13.9    13.9
54810 20180910  2.622  -86.92   46.33    21.3     4.1    12.7    12.7     0.0    19.94 C    24.9    -0.1    11.3    97.9    39.8    77.5   0.187   0.216   0.195   0.168   0.184    13.0    13.2    13.1    13.5    13.5
54810 20180911  2.622  -86.92   46.33    25.4    10.0    17.7    17.0     0.0    17.26 C    28.4     6.1    16.3    93.7    50.4    76.1   0.183   0.213   0.193   0.165   0.181    14.0    13.7    13.6    13.3    13.3
54810 20180912  2.622  -86.92   46.33    27.3    14.0    20.7    19.3     0.0    17.60 C    29.8    11.9    18.7    94.6    53.7    79.6   0.178   0.209   0.191   0.162   0.178    15.5    14.9    14.7    13.6    13.3
54810 20180913  2.622  -86.92   46.33    25.3    12.9    19.1    18.4     0.0    18.94 C    28.2     8.3    17.5    95.9    46.8    78.4   0.173   0.206   0.189   0.159   0.176    16.0    15.6    15.4    13.9    13.5
54810 20180914  2.622  -86.92   46.33    27.4    13.3    20.4    19.6     0.0    17.60 C    30.8     8.2    19.0    96.7    61.7    82.2   0.167   0.202   0.188   0.157   0.174    16.3    15.8    15.6    14.2    13.7
54810 20180915  2.622  -86.92   46.33    28.3    15.6    21.9    20.9     0.0    15.26 C    31.7    12.7    20.3    96.0    58.8    82.6   0.161   0.200   0.186   0.155   0.171    17.2    16.5    16.3    14.4    13.8
54810 20180916  2.622  -86.92   46.33    27.0    14.7    20.9    20.8     0.0    17.31 C    30.0    12.0    20.1    96.9    49.1    79.8   0.159   0.197   0.184   0.152   0.169    17.3    16.9    16.6    14.8    14.0
54810 20180917  2.622  -86.92   46.33    27.0    11.7    19.4    18.5     0.0    12.64 C    30.6    11.2    18.5    94.7    61.4    81.2   0.155   0.194   0.183   0.150   0.167    17.5    17.1    16.9    15.0    14.2
54810 20180918  2.622  -86.92   46.33    12.3     9.6    10.9    10.9     0.0     6.49 C    15.8     9.4    11.8    92.8    78.7    84.4   0.153   0.193   0.182   0.149   0.166    15.8    16.0    15.9    15.0    14.3
54810 20180919  2.622  -86.92   46.33    16.1     9.6    12.8    12.7     0.6     7.56 C    20.5     9.5    13.4    95.2    70.6    84.3   0.152   0.192   0.182   0.147   0.164    14.9    15.1    14.9    14.6    14.2
54810 20180920  2.622  -86.92   46.33    19.4    12.9    16.2    15.0    14.1     1.87 C    19.0    12.9    15.1    96.5    91.4    94.7   0.158   0.196   0.182   0.146   0.163    14.9    15.0    14.8    14.3    13.9
54810 20180921  2.622  -86.92   46.33    20.8     5.8    13.3    14.2     4.3    10.56 C    22.4     2.1    13.7    94.8    56.7    77.6   0.227   0.239   0.203   0.148   0.163    15.5    15.4    15.2    14.2    13.8
54810 20180922  2.622  -86.92   46.33    17.7     2.2    10.0    10.4     0.0    16.79 C    22.6    -0.4     9.9    96.4    42.0    72.1   0.204   0.223   0.196   0.151   0.165    13.3    13.7    13.6    14.0    13.7
54810 20180923  2.622  -86.92   46.33    12.5     9.1    10.8    10.6     0.0     6.78 C    18.5     7.8    11.3    93.1    70.1    85.4   0.197   0.216   0.193   0.151   0.165    13.4    13.6    13.5    13.6    13.4
54810 20180924  2.622  -86.92   46.33    18.5    10.3    14.4    14.7     0.0    12.38 C    21.5    10.2    14.6    90.5    65.5    81.1   0.192   0.213   0.190   0.150   0.165    13.7    13.7    13.5    13.4    13.2
54810 20180925  2.622  -86.92   46.33    17.0     8.1    12.6    12.7    15.4     1.81 C    16.6     8.3    12.8    95.6    87.3    93.2   0.211   0.223   0.197   0.149   0.165    14.1    14.1    13.9    13.4    13.1
54810 20180926  2.622  -86.92   46.33    14.6     2.7     8.7     8.7     0.0    11.38 C    20.7    -0.6     8.8    97.6    49.3    81.4   0.229   0.241   0.211   0.157   0.169    12.9    13.2    13.2    13.3    13.1
54810 20180927  2.622  -86.92   46.33    11.4     2.5     6.9     8.4     5.2     4.04 C    13.7    -0.4     7.9    97.6    77.1    90.6   0.223   0.235   0.205   0.159   0.173    11.5    12.1    12.0    12.9    12.9
54810 20180928  2.622  -86.92   46.33    10.2     3.3     6.7     6.7     2.9     8.18 C    18.0    -0.3     6.7    97.1    65.4    87.8   0.224   0.237   0.206   0.161   0.175    11.3    11.8    11.7    12.4    12.6
54810 20180929  2.622  -86.92   46.33     6.9    -0.2     3.3     3.5     0.0     8.18 C    13.8    -1.9     3.7    97.0    53.5    79.3   0.220   0.235   0.205   0.163   0.177    10.0    10.7    10.8    12.0    12.2
54810 20180930  2.622  -86.92   46.33    11.6     0.5     6.1     5.8     0.0     7.46 C    15.5    -0.5     5.9    97.1    50.4    79.6   0.211   0.229   0.202   0.163   0.178     9.4     9.9     9.9    11.5    11.9
54810 20181001  2.622  -86.92   46.33    11.4     0.4     5.9     6.0     3.3     5.22 C    14.8    -1.9     5.7    97.5    62.4    85.5   0.208   0.226   0.200   0.162   0.177     9.3     9.8     9.8    11.1    11.5
54810 20181002  2.622  -86.92   46.33    13.4     4.9     9.1     9.3     0.0     8.88 C    17.9     2.8     9.9    96.1    67.1    85.7   0.214   0.230   0.201   0.161   0.177    10.0    10.1    10.1    10.9    11.3
54810 20181003  2.622  -86.92   46.33    20.5     9.6    15.0    14.6    69.9     2.15 C    19.5     9.1    14.2    95.3    81.7    92.7   0.252   0.265   0.233   0.180   0.190    11.6    11.4    11.2    11.0    11.2
54810 20181004  2.622  -86.92   46.33    15.8     0.0     7.9     5.6     0.0    13.11 C    15.1    -1.6     6.1    95.3    46.7    67.8   0.230   0.252   0.226   0.209   0.225    12.2    12.4    12.3    11.6    11.4
54810 20181005  2.622  -86.92   46.33     8.2     0.2     4.2     4.3     4.1     3.14 C     8.7     0.0     4.7    96.5    80.7    92.6   0.226   0.245   0.216   0.194   0.210     9.5    10.3    10.3    11.5    11.5
54810 20181006  2.622  -86.92   46.33    10.4     4.6     7.5     8.0     0.0     6.02 C    15.0     4.7     8.7    97.0    76.6    88.0   0.222   0.241   0.213   0.187   0.202    10.1    10.3    10.3    11.0    11.2
54810 20181007  2.622  -86.92   46.33     6.7     4.4     5.6     5.6     0.0     3.67 C    10.2     4.6     6.3    90.5    78.0    85.0   0.215   0.234   0.208   0.182   0.196     9.7    10.1    10.1    10.9    11.1
54810 20181008  2.622  -86.92   46.33    11.5     6.2     8.9     8.5    21.5     2.35 C    13.2     6.3     8.9    96.8    88.0    94.7   0.244   0.249   0.218   0.179   0.193     9.8    10.0     9.9    10.7    10.9
54810 20181009  2.622  -86.92   46.33     7.9     6.0     7.0     6.9    21.9     2.83 C    11.0     6.1     7.6   100.0    94.6    96.5   0.259   0.266   0.236   0.197   0.209     9.8    10.1    10.0    10.5    10.8
54810 20181010  2.622  -86.92   46.33     9.5     6.3     7.9     8.1    47.8     1.28 C    10.8     6.3     8.5   100.0    94.8    96.7   0.278   0.281   0.251   0.212   0.236     9.3     9.7     9.6    10.4    10.6
54810 20181011  2.622  -86.92   46.33    10.4     0.0     5.2     5.6     0.8     9.08 C    14.0    -2.2     5.9   100.0    59.7    81.0   0.243   0.261   0.232   0.218   0.253     9.6     9.8     9.8    10.3    10.5
54810 20181012  2.622  -86.92   46.33     3.7    -1.2     1.2     0.8     0.0     6.35 C    10.1    -3.4     1.0    88.4    58.9    72.1   0.229   0.253   0.224   0.214   0.244     7.8     8.6     8.6    10.1    10.4
54810 20181013  2.622  -86.92   46.33     9.6    -2.3     3.6     3.9     0.0     9.41 C    16.0    -3.9     4.3    85.1    45.3    65.2   0.224   0.250   0.221   0.213   0.242     7.3     7.9     7.9     9.6    10.0
54810 20181014  2.622  -86.92   46.33     7.4     0.2     3.8     3.8     6.5     2.33 C     7.2     0.0     3.9    97.0    65.1    81.5   0.223   0.249   0.220   0.212   0.240     7.7     8.2     8.2     9.4     9.7
54810 20181015  2.622  -86.92   46.33     4.2    -2.3     0.9     0.8     0.6     6.74 C    13.5    -5.1     0.9    95.9    65.8    83.8   0.238   0.257   0.225   0.212   0.241     6.8     7.5     7.5     9.2     9.6
54810 20181016  2.622  -86.92   46.33    10.9    -1.4     4.8     4.0     0.8     9.02 C    16.4    -2.9     4.3    86.0    46.5    67.7   0.229   0.252   0.223   0.212   0.240     6.5     7.0     7.1     8.8     9.3
54810 20181017  2.622  -86.92   46.33     3.2    -2.4     0.4     0.8     2.6     8.04 C     9.6    -5.0     0.8    92.0    47.7    68.4   0.227   0.251   0.222   0.211   0.238     6.2     6.9     7.0     8.6     9.0
54810 20181018  2.622  -86.92   46.33    13.1    -5.1     4.0     4.4     0.0    12.16 C    15.7    -7.8     2.7    82.9    30.6    55.1   0.225   0.251   0.221   0.210   0.235     5.5     6.2     6.2     8.2     8.8
54810 20181019  2.622  -86.92   46.33    11.1     3.8     7.5     8.7     4.2     1.31 C    10.5    -1.2     6.6    93.4    53.5    76.6   0.229   0.250   0.220   0.208   0.233     6.5     6.8     6.7     8.0     8.5
54810 20181020  2.622  -86.92   46.33     7.4    -0.1     3.7     1.9     1.7     3.30 C     6.2    -0.3     1.3    91.8    55.9    70.3   0.232   0.253   0.222   0.208   0.232     6.3     6.9     6.9     8.1     8.5
54810 20181021  2.622  -86.92   46.33     5.3    -2.4     1.5     1.2     0.0     6.39 C    14.0    -6.6     0.6    88.2    48.8    65.5   0.227   0.253   0.220   0.206   0.229     5.5     6.1     6.2     7.9     8.4
54810 20181022  2.622  -86.92   46.33    14.5    -5.3     4.6     4.8     0.6    10.91 C    19.3    -7.8     3.4    93.5    34.2    65.6   0.222   0.250   0.218   0.203   0.224     4.9     5.5     5.6     7.5     8.1
54810 20181023  2.622  -86.92   46.33     5.5     1.6     3.5     3.7     1.0     5.89 C    11.2     0.8     3.8    92.2    73.5    81.3   0.221   0.249   0.215   0.199   0.219     6.0     6.3     6.3     7.4     7.9
54810 20181024  2.622  -86.92   46.33     6.5    -2.1     2.2     1.9     0.0     6.29 C    11.5    -6.0     1.3    93.1    53.1    74.9   0.220   0.248   0.215   0.195   0.214     5.6     6.1     6.2     7.4     7.9
54810 20181025  2.622  -86.92   46.33     6.9    -3.2     1.9     3.5     1.5     2.75 C     8.0    -6.3     2.8    95.6    75.7    92.1   0.219   0.246   0.213   0.191   0.209     5.0     5.5     5.6     7.3     7.8
54810 20181026  2.622  -86.92   46.33     6.9     4.8     5.8     5.7    10.4     1.88 C     8.0     4.3     5.6    96.4    92.5    94.7   0.243   0.257   0.218   0.189   0.205     6.1     6.3     6.2     7.2     7.7
54810 20181027  2.622  -86.92   46.33     7.3     3.9     5.6     4.8     0.8     3.19 C     9.3     3.3     5.0    95.7    82.1    91.4   0.244   0.260   0.222   0.192   0.208     6.4     6.6     6.6     7.3     7.7
54810 20181028  2.622  -86.92   46.33     4.6     2.9     3.8     3.6     0.2     2.13 C     7.4     2.8     3.9    94.7    80.5    88.0   0.228   0.250   0.215   0.189   0.205     6.3     6.7     6.6     7.5     7.7
54810 20181029  2.622  -86.92   46.33     8.7    -2.9     2.9     4.1     0.0     8.56 C    15.8    -5.2     3.6    96.2    54.4    79.3   0.223   0.246   0.212   0.185   0.201     6.3     6.6     6.6     7.5     7.8
54810 20181030  2.622  -86.92   46.33     9.3    -0.3     4.5     5.2     2.3     2.80 C    10.9    -1.4     4.8    96.7    69.3    87.0   0.221   0.243   0.209   0.180   0.196     5.7     6.1     6.1     7.4     7.7
54810 20181031  2.622  -86.92   46.33    10.4    -0.2     5.1     5.1     0.0     8.53 C    17.6    -3.6     4.0    96.5    49.5    74.5   0.223   0.244   0.209   0.177   0.192     6.1     6.4     6.4     7.3     7.7
54810 20181101  2.622  -86.92   46.33     6.3    -2.7     1.8     1.7     0.0     4.83 C    15.5    -5.8     0.6    95.2    56.9    77.7   0.218   0.242   0.208   0.175   0.189     5.4     5.9     6.0     7.3     7.6
54810 20181102  2.622  -86.92   46.33     4.2    -3.6     0.3     1.5     0.2     3.72 C     7.5    -6.1     0.8    94.9    62.2    80.8   0.215   0.240   0.206   0.172   0.187     4.6     5.2     5.3     7.0     7.5
54810 20181103  2.622  -86.92   46.33     4.9    -4.0     0.5     0.8     0.0     9.38 C    10.5    -6.6    -0.1    90.8    49.3    71.1   0.213   0.238   0.205   0.171   0.185     4.4     5.0     5.0     6.7     7.3
54810 20181104  2.622  -86.92   46.33     5.4    -4.8     0.3     0.9    10.2     2.12 C     5.2    -7.5    -0.2    94.8    56.1    85.6   0.222   0.243   0.207   0.169   0.184     3.3     4.1     4.2     6.4     7.1
54810 20181105  2.622  -86.92   46.33     9.1     3.5     6.3     6.1     3.6     2.19 C    10.3     2.7     5.8    95.6    80.6    88.3   0.252   0.265   0.224   0.175   0.187     4.9     4.9     4.9     6.1     6.8
54810 20181106  2.622  -86.92   46.33     7.5     1.8     4.7     4.2     4.2     2.82 C    11.0     0.1     4.3    95.8    69.2    89.4   0.231   0.251   0.215   0.178   0.190     5.4     5.5     5.5     6.3     6.8
54810 20181107  2.622  -86.92   46.33     3.5    -1.7     0.9     1.3     3.5     3.43 C     6.4    -2.9     1.5    92.0    77.6    86.5   0.243   0.257   0.219   0.178   0.190     5.2     5.6     5.6     6.5     6.9
54810 20181108  2.622  -86.92   46.33     0.1    -3.0    -1.5    -1.4     0.0     3.89 C     3.7    -5.5    -1.4    87.3    55.5    70.9   0.231   0.251   0.215   0.178   0.191     4.1     4.8     4.9     6.4     6.9
54810 20181109  2.622  -86.92   46.33    -1.9    -5.3    -3.6    -3.2     8.7     0.86 C    -1.0    -7.0    -3.1    94.0    80.3    89.4   0.224   0.246   0.211   0.176   0.189     3.3     4.1     4.1     6.1     6.7
54810 20181110  2.622  -86.92   46.33    -1.0   -12.3    -6.6    -5.1    11.3     5.34 C    -1.4   -18.9    -6.8    92.8    57.3    80.8   0.224   0.245   0.211   0.174   0.187     3.2     3.8     3.9     5.8     6.5
54810 20181111  2.622  -86.92   46.33    -2.8   -12.4    -7.6    -6.0     7.0     3.26 C    -3.0   -18.5    -8.0    93.0    71.4    84.8   0.223   0.245   0.209   0.173   0.186     3.0     3.6     3.7     5.6     6.2
54810 20181112  2.622  -86.92   46.33    -2.6    -8.5    -5.6    -4.4     0.9     3.70 C    -3.2   -14.4    -7.0    92.2    50.9    74.5   0.222   0.243   0.208   0.172   0.185     3.0     3.5     3.6     5.4     6.1
54810 20181113  2.622  -86.92   46.33    -6.6   -10.9    -8.8    -8.7     0.7     5.17 C    -6.5   -18.9   -11.5    84.0    48.9    65.8   0.221   0.242   0.207   0.171   0.184     2.9     3.4     3.5     5.3     6.0
54810 20181114  2.622  -86.92   46.33    -2.9   -10.9    -6.9    -6.8     0.0     7.26 C    -4.4   -17.5    -9.9    81.5    46.8    64.7   0.218   0.241   0.206   0.170   0.184     2.4     3.1     3.3     5.2     5.8
54810 20181115  2.622  -86.92   46.33     2.1    -6.0    -1.9    -1.1     0.0     5.85 C     0.6   -11.5    -4.3    89.5    61.1    72.5   0.216   0.239   0.205   0.170   0.184     2.3     2.9     3.0     5.0     5.7
54810 20181116  2.622  -86.92   46.33     2.2    -3.7    -0.7    -0.5     0.5     2.59 C     0.4    -3.9    -1.5    92.0    61.9    80.3   0.216   0.239   0.205   0.169   0.182     2.5     3.0     3.1     4.9     5.6
54810 20181117  2.622  -86.92   46.33    -3.3   -18.3   -10.8    -7.2     3.9     4.21 C    -3.7   -26.8   -11.3    90.7    54.3    78.8   0.218   0.240   0.205   0.168   0.182     2.5     3.1     3.1     4.8     5.5
54810 20181118  2.622  -86.92   46.33    -5.9   -18.6   -12.2   -10.2     0.0     5.96 C    -6.1   -26.8   -15.1    86.0    53.2    73.9   0.216   0.240   0.205   0.168   0.182     2.3     2.9     3.0     4.8     5.4
54810 20181119  2.622  -86.92   46.33    -2.7    -7.7    -5.2    -5.9     4.4     1.24 C    -1.1    -9.2    -6.3    91.2    63.3    82.1   0.215   0.238   0.204   0.169   0.181     2.2     2.8     2.9     4.7     5.4
54810 20181120  2.622  -86.92   46.33    -5.3   -10.7    -8.0    -8.1     2.4     3.17 C    -5.8   -18.2    -9.1    86.9    59.2    74.9   0.213   0.238   0.204   0.168   0.181     2.3     2.8     2.9     4.6     5.2
54810 20181121  2.622  -86.92   46.33    -7.0   -10.7    -8.9    -9.0     4.8     3.91 C    -7.2   -13.1   -10.3    88.4    59.1    75.1   0.213   0.238   0.203   0.167   0.181     2.4     2.8     2.9     4.6     5.2
54810 20181122  2.622  -86.92   46.33    -1.9   -12.7    -7.3    -7.7     0.0     2.94 C    -2.7   -18.0    -8.9    87.3    59.6    71.4   0.215   0.238   0.203   0.166   0.180     2.4     2.9     3.0     4.5     5.2
54810 20181123  2.622  -86.92   46.33     4.9    -1.9     1.5     2.6     0.2     2.76 C     0.3    -2.7    -0.2    96.2    82.2    89.5   0.221   0.247   0.210   0.167   0.180     2.4     2.9     3.0     4.6     5.2
54810 20181124  2.622  -86.92   46.33     5.0     1.1     3.0     3.6     7.0     1.06 C     0.7    -0.1     0.3    96.1    86.1    92.9   0.254   0.276   0.236   0.178   0.188     2.3     2.7     2.8     4.4     5.1
54810 20181125  2.622  -86.92   46.33     1.1    -3.7    -1.3    -1.3     3.3     1.71 C     0.0    -4.8    -2.1    92.3    71.6    81.1   0.245   0.265   0.228   0.188   0.199     2.3     2.7     2.8     4.3     4.9
54810 20181126  2.622  -86.92   46.33    -2.7    -4.7    -3.7    -3.8     0.0     1.52 C    -4.1    -5.6    -4.7    81.3    63.6    73.9   0.233   0.255   0.220   0.184   0.196     2.3     2.7     2.8     4.3     4.9
54810 20181127  2.622  -86.92   46.33    -3.1    -6.5    -4.8    -5.5     3.3     3.05 C    -4.6    -8.4    -6.1    86.7    65.8    75.8   0.226   0.250   0.215   0.180   0.192     2.3     2.7     2.7     4.3     4.9
54810 20181128  2.622  -86.92   46.33    -3.5    -5.7    -4.6    -4.4     0.0     1.39 C    -3.9    -6.2    -5.1    87.7    77.5    81.3   0.221   0.246   0.212   0.177   0.190     2.3     2.8     2.8     4.2     4.8
54810 20181129  2.622  -86.92   46.33    -0.9    -7.4    -4.2    -3.2     1.3     2.50 C    -1.4   -13.5    -4.3    94.1    79.2    88.1   0.219   0.245   0.210   0.175   0.188     2.4     2.8     2.8     4.2     4.8
54810 20181130  2.622  -86.92   46.33     1.5    -2.2    -0.4    -0.7     0.0     3.27 C     0.8    -3.5    -1.3    97.5    70.9    88.1   0.219   0.244   0.209   0.173   0.186     2.4     2.8     2.9     4.2     4.8
54810 20181201  2.622  -86.92   46.33     1.2    -1.0     0.1     0.0     0.0     1.47 C     0.1    -1.6    -0.8    90.0    79.9    85.6   0.220   0.244   0.209   0.172   0.186     2.4     2.8     2.9     4.2     4.8
54810 20181202  2.622  -86.92   46.33     1.2    -1.7    -0.3    -0.2    19.7     1.90 C     0.0    -2.5    -0.7    95.4    83.3    92.4   0.223   0.246   0.210   0.172   0.185     2.4     2.8     2.8     4.2     4.8
54810 20181203  2.622  -86.92   46.33    -1.6    -3.7    -2.7    -3.1     0.0     2.55 C    -2.4    -6.6    -3.9    87.5    76.7    81.5   0.224   0.248   0.211   0.172   0.186     2.3     2.8     2.8     4.2     4.7
54810 20181204  2.622  -86.92   46.33    -3.7   -12.6    -8.2    -6.8     0.0     4.21 C    -4.0   -18.7    -9.6    92.5    80.7    87.4   0.225   0.249   0.211   0.172   0.186     2.3     2.7     2.8     4.2     4.7
54810 20181205  2.622  -86.92   46.33    -3.6   -10.7    -7.2    -5.2     0.3     3.19 C    -4.1   -12.7    -6.4    89.7    77.6    84.0   0.223   0.247   0.210   0.172   0.186     2.3     2.7     2.8     4.1     4.7
54810 20181206  2.622  -86.92   46.33    -3.9   -13.7    -8.8    -7.3     3.3     3.38 C    -4.6   -20.7    -9.4    90.6    64.0    74.6   0.221   0.245   0.208   0.172   0.186     2.3     2.7     2.8     4.1     4.7
54810 20181207  2.622  -86.92   46.33    -7.8   -17.8   -12.8   -11.3     0.0     5.41 C    -8.8   -24.7   -15.9    83.0    54.3    71.1   0.221   0.244   0.208   0.171   0.184     2.3     2.7     2.8     4.1     4.6
54810 20181208  2.622  -86.92   46.33    -2.3   -13.0    -7.7    -7.4     0.0     5.80 C    -7.4   -22.3   -14.0    89.8    63.4    75.9   0.219   0.243   0.207   0.170   0.184     2.2     2.7     2.7     4.1     4.6
54810 20181209  2.622  -86.92   46.33    -2.2   -17.6    -9.9   -10.5     0.0     4.03 C    -3.3   -25.6   -17.1    92.3    68.8    84.3   0.217   0.242   0.205   0.169   0.183     2.1     2.6     2.6     4.1     4.6
54810 20181210  2.622  -86.92   46.33    -2.5   -14.8    -8.7    -7.9     0.0     5.20 C    -4.4   -21.4   -13.1    92.1    70.8    83.8   0.216   0.241   0.204   0.169   0.182     2.0     2.4     2.5     4.0     4.5
54810 20181211  2.622  -86.92   46.33    -2.0    -9.9    -5.9    -3.4     0.0     1.18 C    -2.6   -13.6    -4.4    95.0    78.6    84.2   0.215   0.239   0.204   0.168   0.182     1.9     2.3     2.4     3.9     4.4
54810 20181212  2.622  -86.92   46.33     0.1    -7.1    -3.5    -1.8     0.0     1.84 C    -1.0   -13.8    -3.0    94.4    74.8    85.4   0.214   0.238   0.203   0.167   0.181     2.0     2.4     2.5     3.9     4.4
54810 20181213  2.622  -86.92   46.33     1.8    -0.8     0.5     0.5     0.0     2.36 C     0.2    -3.0    -0.5    96.3    79.5    89.3   0.214   0.238   0.203   0.167   0.180     2.1     2.5     2.5     3.9     4.3
54810 20181214  2.622  -86.92   46.33     6.5    -6.7    -0.1    -0.3     0.0     5.43 C    -0.1   -13.6    -6.6    94.0    37.5    76.4   0.215   0.241   0.204   0.167   0.180     2.1     2.5     2.5     3.9     4.3
54810 20181215  2.622  -86.92   46.33     6.3    -9.7    -1.7    -2.0     0.0     5.58 C     0.3   -15.0    -9.2    93.5    45.3    79.1   0.217   0.242   0.204   0.166   0.180     2.0     2.4     2.4     3.9     4.3
54810 20181216  2.622  -86.92   46.33     8.2    -2.0     3.1     2.0     0.0     5.52 C     0.3    -8.1    -4.1    93.4    30.4    66.2   0.215   0.240   0.204   0.166   0.179     1.9     2.2     2.3     3.8     4.3
54810 20181217  2.622  -86.92   46.33     0.7    -3.6    -1.4    -2.7     0.0     2.09 C    -2.0    -8.9    -4.4    74.8    59.0    69.2   0.214   0.239   0.203   0.166   0.180     2.0     2.3     2.4     3.8     4.2
54810 20181218  2.622  -86.92   46.33     1.9    -7.5    -2.8    -1.7     0.0     4.20 C    -0.1   -14.2    -4.7    86.3    69.0    77.0   0.213   0.238   0.203   0.165   0.180     1.9     2.3     2.4     3.8     4.2
54810 20181219  2.622  -86.92   46.33     2.8    -2.1     0.4     0.6     0.0     2.87 C     0.2    -8.4    -2.6    91.0    70.6    80.2   0.213   0.238   0.202   0.165   0.179     1.9     2.3     2.4     3.8     4.2
54810 20181220  2.622  -86.92   46.33     2.4    -1.7     0.4     1.3     3.1     0.50 C     0.2    -1.8    -0.2    97.8    88.8    94.2   0.215   0.243   0.204   0.165   0.179     2.0     2.4     2.4     3.7     4.2
54810 20181221  2.622  -86.92   46.33    -1.7    -5.1    -3.4    -3.5     4.5     1.11 C    -1.8    -5.2    -3.6    91.8    83.2    87.9   0.224   0.254   0.210   0.166   0.179     1.9     2.3     2.4     3.7     4.1
54810 20181222  2.622  -86.92   46.33    -3.6    -5.9    -4.7    -4.7     0.0     2.54 C    -2.3    -6.0    -4.8    86.0    70.9    79.6   0.224   0.253   0.210   0.167   0.180     1.9     2.2     2.4     3.7     4.1
54810 20181223  2.622  -86.92   46.33    -1.9    -6.1    -4.0    -4.1     2.7     2.59 C    -2.2    -6.1    -4.4    94.8    78.9    86.6   0.222   0.251   0.209   0.168   0.182     1.9     2.3     2.3     3.7     4.1
54810 20181224  2.622  -86.92   46.33    -1.3    -6.8    -4.1    -3.7     1.2     1.33 C    -1.2   -13.6    -5.2    92.9    73.7    86.3   0.221   0.247   0.208   0.169   0.182     1.9     2.3     2.3     3.6     4.1
54810 20181225  2.622  -86.92   46.33    -1.6    -6.2    -3.9    -3.7     0.0     3.47 C    -3.1   -11.9    -5.7    94.5    67.2    83.1   0.219   0.246   0.206   0.168   0.182     1.9     2.3     2.3     3.6     4.1
54810 20181226  2.622  -86.92   46.33    -1.4    -4.4    -2.9    -3.0     0.2     2.05 C    -1.8   -10.5    -4.4    91.8    77.6    87.0   0.218   0.245   0.206   0.168   0.182     1.9     2.3     2.4     3.6     4.1
54810 20181227  2.622  -86.92   46.33     2.4    -3.0    -0.3    -0.2     8.6     1.92 C     0.3    -3.7    -1.0    96.0    82.3    90.0   0.219   0.245   0.206   0.167   0.181     1.9     2.3     2.4     3.6     4.0
54810 20181228  2.622  -86.92   46.33     4.0    -8.7    -2.4    -2.7     7.3     1.72 C     0.6    -9.5    -3.4    97.9    71.7    88.3   0.234   0.264   0.221   0.172   0.185     1.9     2.2     2.2     3.6     4.0
54810 20181229  2.622  -86.92   46.33    -7.8   -10.9    -9.4    -9.3     1.1     3.73 C    -4.9   -22.7   -11.6    84.9    63.4    74.9   0.230   0.257   0.216   0.177   0.189     1.8     2.2     2.2     3.5     4.0
54810 20181230  2.622  -86.92   46.33    -4.3   -11.1    -7.7    -7.4     0.0     3.40 C    -5.3   -20.0   -10.3    89.1    66.0    77.2   0.227   0.253   0.214   0.176   0.189     1.8     2.2     2.2     3.5     4.0
54810 20181231  2.622  -86.92   46.33    -0.1   -10.2    -5.2    -4.4     3.5     1.36 C    -1.2   -15.2    -5.1    91.1    80.5    85.8   0.225   0.250   0.212   0.175   0.188     1.8     2.2     2.1     3.5     4.0
