63828 20150101  2.422  -84.47   31.31    16.0     0.0     8.0     7.5     0.0    11.16 C    25.3    -0.3     9.0    97.0    48.1    81.0   0.130   0.117   0.109   0.151   0.228    12.0    12.6    13.1    14.2    15.6
63828 20150102  2.422  -84.47   31.31    17.9     7.5    12.7    12.9     0.0     4.92 C    24.0     6.3    13.5    90.9    68.4    78.7   0.128   0.116   0.107   0.149   0.226    13.2    13.4    13.5    14.0    15.5
63828 20150103  2.422  -84.47   31.31    24.1    14.6    19.3    18.7     0.0     4.08 C    27.4    14.1    17.9    94.5    71.5    84.9   0.126   0.114   0.106   0.147   0.223    15.4    15.3    14.9    14.5    15.5
63828 20150104  2.422  -84.47   31.31    21.7    10.7    16.2    17.9    27.5     0.87 C    19.8     9.4    16.8    93.9    63.5    85.5   0.152   0.135   0.124   0.156   0.221    16.5    16.5    16.2    15.4    15.5
63828 20150105  2.422  -84.47   31.31    13.3     0.8     7.1     7.1     0.0    11.94 C    22.6     0.9     8.7    96.2    39.1    72.5   0.143   0.128   0.119   0.163   0.227    13.4    14.1    14.7    15.3    15.8
63828 20150106  2.422  -84.47   31.31    16.1    -1.7     7.2     5.7     0.0    13.06 C    24.4    -1.6     7.0    96.5    32.3    76.1   0.135   0.121   0.113   0.157   0.229    11.4    12.1    12.8    14.3    15.8
63828 20150107  2.422  -84.47   31.31    14.4    -1.4     6.5     5.7     0.0    13.15 C    23.7    -3.4     6.4    95.5    29.4    58.8   0.130   0.118   0.110   0.152   0.227    10.6    11.3    11.9    13.5    15.5
63828 20150108  2.422  -84.47   31.31     3.6    -7.9    -2.1    -3.3     0.0    13.94 C    18.3    -8.8    -0.1    83.2    21.4    42.7   0.125   0.114   0.107   0.149   0.225     8.0     9.2    10.1    12.6    15.2
63828 20150109  2.422  -84.47   31.31     6.7    -6.0     0.3     1.4     0.0     5.10 C    13.0    -6.3     3.3    93.3    36.2    61.4   0.123   0.113   0.105   0.146   0.222     7.6     8.4     9.1    11.4    14.7
63828 20150110  2.422  -84.47   31.31    11.0    -3.3     3.8     3.3     0.0    12.68 C    24.6    -5.0     4.8    83.2    22.9    50.8   0.121   0.110   0.104   0.144   0.220     8.3     8.9     9.3    11.1    14.3
63828 20150111  2.422  -84.47   31.31    16.4     0.7     8.5    10.3     0.0     7.95 C    27.6    -0.6    11.7    85.5    50.9    63.4   0.119   0.109   0.102   0.143   0.219    10.0    10.1    10.1    11.1    13.9
63828 20150112  2.422  -84.47   31.31    12.3     8.0    10.2    10.1     0.0     2.43 C    17.1     8.8    11.5    99.6    86.0    94.3   0.118   0.109   0.102   0.143   0.217    11.4    11.6    11.5    11.8    13.8
63828 20150113  2.422  -84.47   31.31    15.4    10.4    12.9    12.1     0.0     4.10 C    21.4     9.2    13.3   100.0    74.1    90.3   0.117   0.108   0.101   0.142   0.216    12.4    12.5    12.3    12.4    13.8
63828 20150114  2.422  -84.47   31.31    11.4     4.9     8.2     9.4     0.0     4.86 C    18.9     3.2    11.0    95.0    70.9    84.2   0.116   0.107   0.100   0.141   0.215    12.5    12.8    12.8    12.9    13.9
63828 20150115  2.422  -84.47   31.31     7.6     5.7     6.7     6.6     4.4     1.59 C    11.6     3.9     8.3    95.0    79.3    89.2   0.116   0.105   0.099   0.141   0.215    11.2    11.8    12.0    12.8    14.1
63828 20150116  2.422  -84.47   31.31    13.9     0.6     7.2     6.1     0.0    14.07 C    24.0    -0.7     7.9    97.0    41.4    80.7   0.127   0.108   0.098   0.139   0.213    10.8    11.2    11.6    12.4    14.1
63828 20150117  2.422  -84.47   31.31    16.5    -1.9     7.3     5.7     0.0    10.37 C    26.0    -2.4     6.3    96.9    42.9    81.7   0.125   0.108   0.098   0.138   0.213     9.7    10.3    10.8    12.0    14.0
63828 20150118  2.422  -84.47   31.31    18.3     0.0     9.2     7.6     0.0    13.87 C    26.9    -2.3     7.7    97.0    21.8    70.4   0.122   0.108   0.098   0.138   0.212    10.1    10.6    10.8    11.8    13.8
63828 20150119  2.422  -84.47   31.31    19.6    -2.7     8.4     6.7     0.0    14.59 C    30.2    -4.4     6.5    95.7    17.1    64.7   0.119   0.107   0.097   0.137   0.211     9.5    10.1    10.4    11.7    13.7
63828 20150120  2.422  -84.47   31.31    20.0    -1.6     9.2     8.6     0.0    13.23 C    30.4    -3.1     9.0    96.6    41.5    78.5   0.117   0.106   0.096   0.136   0.210    10.0    10.4    10.5    11.5    13.6
63828 20150121  2.422  -84.47   31.31    22.1     4.2    13.1    11.2     0.0    13.25 C    32.6     2.5    12.0   100.0    39.8    80.0   0.115   0.106   0.097   0.135   0.209    11.5    11.7    11.6    11.8    13.5
63828 20150122  2.422  -84.47   31.31    18.5     4.7    11.6    11.6     0.0     7.61 C    28.0     1.3    11.0    90.2    31.4    56.9   0.112   0.105   0.096   0.135   0.209    11.4    11.8    11.8    12.2    13.5
63828 20150123  2.422  -84.47   31.31    17.8    10.2    14.0    14.1    48.3     1.25 C    17.7    10.4    13.8    95.6    51.5    90.3   0.159   0.141   0.126   0.157   0.210    12.4    12.5    12.3    12.5    13.6
63828 20150124  2.422  -84.47   31.31    15.9    -0.8     7.5     8.3     0.5    10.86 C    22.0    -1.3     9.7    94.7    31.6    73.6   0.149   0.133   0.122   0.162   0.227    12.4    12.8    12.9    12.8    13.6
63828 20150125  2.422  -84.47   31.31    17.1    -2.9     7.1     7.6     0.0    14.97 C    25.0    -3.4     8.1    96.0    35.3    70.6   0.138   0.123   0.115   0.156   0.230    10.3    10.9    11.3    12.3    13.8
63828 20150126  2.422  -84.47   31.31    11.2     0.5     5.8     7.6     0.0     8.34 C    20.1    -2.0     6.7    95.8    53.3    73.3   0.132   0.119   0.111   0.152   0.228    10.3    11.0    11.3    12.1    13.6
63828 20150127  2.422  -84.47   31.31    16.0    -1.3     7.4     6.8     0.0    15.07 C    26.1    -2.9     6.8    96.6    31.4    67.6   0.128   0.117   0.108   0.149   0.226     9.6    10.1    10.5    11.6    13.6
63828 20150128  2.422  -84.47   31.31    12.7    -2.9     4.9     3.7     0.0    15.37 C    25.6    -5.2     5.3    96.6    37.0    75.5   0.124   0.114   0.107   0.148   0.224     9.2     9.8    10.1    11.4    13.4
63828 20150129  2.422  -84.47   31.31    16.8    -2.5     7.1     7.4     0.0    14.07 C    27.9    -3.6     7.8    96.5    31.0    68.3   0.122   0.112   0.105   0.145   0.222     9.3     9.8    10.0    11.1    13.2
63828 20150130  2.422  -84.47   31.31    15.7     3.5     9.6    10.1     0.0    15.30 C    27.6    -1.0    10.3    90.3    25.6    58.4   0.119   0.111   0.103   0.144   0.220    10.8    11.1    11.0    11.4    13.1
63828 20150131  2.422  -84.47   31.31    15.5    -2.8     6.3     6.4     0.0    15.25 C    29.0    -5.9     6.8    88.4    24.8    54.8   0.115   0.109   0.102   0.143   0.219     9.8    10.3    10.5    11.5    13.1
63828 20150201  2.422  -84.47   31.31    21.1     2.4    11.7    12.0     4.5    10.25 C    29.9    -0.7    11.9    96.1    45.1    75.9   0.112   0.108   0.101   0.142   0.217    10.7    10.8    10.8    11.4    13.1
63828 20150202  2.422  -84.47   31.31    18.0     1.8     9.9    10.7     0.0    14.54 C    24.2    -0.8    11.9    92.1    42.1    68.0   0.118   0.108   0.100   0.142   0.216    12.5    12.7    12.5    12.1    13.1
63828 20150203  2.422  -84.47   31.31    10.6    -2.7     3.9     3.6     0.0    11.61 C    23.9    -4.1     6.0    91.4    34.7    67.4   0.117   0.108   0.099   0.141   0.216     9.7    10.4    10.8    11.9    13.2
63828 20150204  2.422  -84.47   31.31    10.4     2.8     6.6     6.8    23.0     3.24 C    15.9     2.8     8.3    94.9    61.0    84.4   0.136   0.122   0.108   0.139   0.214    10.0    10.5    10.7    11.6    13.2
63828 20150205  2.422  -84.47   31.31    15.9     2.4     9.2     9.4     6.6    15.82 C    26.0    -1.5    10.5    96.3    35.8    66.8   0.157   0.142   0.131   0.161   0.214    10.9    11.2    11.2    11.5    13.1
63828 20150206  2.422  -84.47   31.31    13.8    -2.3     5.7     4.0     0.0    16.53 C    26.0    -4.5     5.6    95.5    24.1    59.6   0.140   0.125   0.117   0.160   0.220     9.4    10.0    10.4    11.4    13.0
63828 20150207  2.422  -84.47   31.31    18.1    -3.6     7.3     6.1     0.0    16.99 C    29.9    -4.0     7.8    95.1    13.1    65.5   0.134   0.121   0.112   0.154   0.224     9.5    10.0    10.2    11.1    12.9
63828 20150208  2.422  -84.47   31.31    20.7    -1.6     9.6     9.5     0.0    16.69 C    31.8    -2.3    10.3    96.7    41.2    75.5   0.129   0.118   0.110   0.152   0.224    10.5    10.7    10.7    11.2    12.8
63828 20150209  2.422  -84.47   31.31    21.9     7.7    14.8    13.2     0.0     9.37 C    32.5     3.8    12.8   100.0    55.7    86.5   0.126   0.117   0.108   0.149   0.222    12.0    12.1    11.9    11.7    12.8
63828 20150210  2.422  -84.47   31.31    14.6     2.3     8.5     8.2     0.0    10.58 C    25.6    -0.8     9.0    95.7    48.3    73.2   0.122   0.114   0.106   0.148   0.221    11.4    11.8    11.9    12.1    12.9
63828 20150211  2.422  -84.47   31.31    17.9    -1.6     8.2     7.5     0.0    17.22 C    31.5    -3.3     9.2    97.0    39.0    76.8   0.119   0.112   0.104   0.146   0.220    10.9    11.2    11.3    11.9    13.0
63828 20150212  2.422  -84.47   31.31    18.3     2.3    10.3     9.4     0.0    16.92 C    30.4    -2.2     9.9    96.6    22.6    57.3   0.115   0.110   0.103   0.143   0.219    11.2    11.5    11.6    11.9    13.0
63828 20150213  2.422  -84.47   31.31     9.3    -4.0     2.7     1.7     0.0    17.17 C    27.6    -8.2     5.0    85.8    20.7    46.9   0.111   0.108   0.101   0.143   0.217     9.8    10.5    10.8    11.8    13.1
63828 20150214  2.422  -84.47   31.31    17.5    -4.9     6.3     6.9     0.0    17.39 C    31.4    -6.2     8.3    92.3    24.1    55.3   0.105   0.106   0.100   0.142   0.216     9.7    10.1    10.3    11.3    13.0
63828 20150215  2.422  -84.47   31.31    13.5     3.2     8.3     8.6     0.0    14.98 C    29.8    -1.1    10.1    95.8    11.7    48.8   0.101   0.105   0.099   0.141   0.215    10.7    11.0    11.0    11.4    12.9
63828 20150216  2.422  -84.47   31.31    18.5     5.2    11.8    12.3     0.0     5.80 C    24.8     3.5    12.4    76.3    38.2    62.4   0.098   0.104   0.098   0.140   0.214    11.1    11.4    11.3    11.6    12.9
63828 20150217  2.422  -84.47   31.31    18.5    -1.4     8.6     7.0    17.4     6.38 C    22.1    -2.3     8.7    93.1    60.2    78.3   0.132   0.126   0.108   0.140   0.213    11.8    12.2    12.2    12.1    12.9
63828 20150218  2.422  -84.47   31.31    11.6    -4.4     3.6     3.3     0.0    18.52 C    25.5    -5.5     5.3    93.5    25.6    55.2   0.129   0.124   0.111   0.141   0.213     9.3     9.9    10.5    11.6    13.0
63828 20150219  2.422  -84.47   31.31     4.2    -6.3    -1.0    -0.7     0.0    18.89 C    22.0    -7.4     2.5    67.2    16.9    35.2   0.125   0.120   0.109   0.142   0.213     8.0     8.8     9.4    10.9    12.9
63828 20150220  2.422  -84.47   31.31     7.0    -8.3    -0.6    -0.9     0.0    11.11 C    19.7    -8.4     1.7    83.4    17.8    47.6   0.122   0.117   0.107   0.141   0.213     7.0     7.7     8.3    10.2    12.7
63828 20150221  2.422  -84.47   31.31    20.6    -1.2     9.7    10.6     0.0    17.14 C    31.3    -2.4    10.7    67.9    31.5    49.2   0.119   0.115   0.106   0.141   0.211     9.0     9.1     9.0     9.9    12.4
63828 20150222  2.422  -84.47   31.31    25.0    12.4    18.7    17.9     1.1    12.01 C    34.1    10.5    17.6    94.8    52.5    75.1   0.118   0.114   0.105   0.140   0.211    12.8    12.4    11.8    10.9    12.2
63828 20150223  2.422  -84.47   31.31    19.2     9.3    14.2    15.1     1.3    10.57 C    29.9     7.8    16.5    93.5    53.9    77.1   0.116   0.113   0.104   0.141   0.211    14.3    14.2    13.6    12.4    12.4
63828 20150224  2.422  -84.47   31.31    10.3     3.9     7.1     7.3     6.5     3.60 C    16.5     3.3     9.3    96.3    66.2    89.2   0.130   0.121   0.104   0.140   0.211    12.2    12.7    12.9    12.9    12.8
63828 20150225  2.422  -84.47   31.31     9.4     4.1     6.8     6.9    40.9     2.80 C    14.7     3.6     8.4    96.3    77.9    91.1   0.155   0.142   0.125   0.146   0.211    10.6    11.2    11.5    12.3    13.1
63828 20150226  2.422  -84.47   31.31     8.4     2.7     5.5     6.1     0.0     5.72 C    20.5     1.5     8.3    95.7    70.4    85.5   0.153   0.137   0.125   0.166   0.224    10.3    10.8    11.0    11.7    13.0
63828 20150227  2.422  -84.47   31.31    13.9    -0.7     6.6     6.4     0.0    17.32 C    27.9    -1.4     9.2    96.3    36.9    70.5   0.142   0.126   0.116   0.157   0.231    10.5    10.7    10.9    11.4    12.9
63828 20150228  2.422  -84.47   31.31    10.4     3.3     6.8     6.7     2.3     3.60 C    14.1     1.9     7.5    94.1    64.7    86.4   0.137   0.123   0.117   0.154   0.228     9.9    10.4    10.8    11.5    12.8
63828 20150301  2.422  -84.47   31.31    11.5     6.6     9.1     8.6     0.0     4.53 C    16.8     7.6    10.4    95.3    83.0    92.5   0.142   0.126   0.131   0.158   0.226    10.7    10.9    10.9    11.3    12.7
63828 20150302  2.422  -84.47   31.31    19.0     9.6    14.3    13.5     0.0     7.67 C    30.2     9.1    14.9    95.8    72.3    88.7   0.139   0.125   0.131   0.157   0.221    12.8    12.6    12.2    11.8    12.7
63828 20150303  2.422  -84.47   31.31    27.9    11.6    19.7    19.3     0.0    16.33 C    38.2    10.2    20.2    98.9    46.6    77.4   0.135   0.125   0.131   0.157   0.223    15.5    15.0    14.2    12.8    12.8
63828 20150304  2.422  -84.47   31.31    27.6    13.0    20.3    20.0     0.0    12.31 C    36.3    10.5    20.2    95.5    47.7    78.4   0.129   0.124   0.125   0.152   0.221    16.9    16.5    15.9    14.2    13.2
63828 20150305  2.422  -84.47   31.31    26.4     5.1    15.7    16.6     9.5     5.39 C    30.6     5.8    16.8    92.6    61.5    82.7   0.141   0.129   0.126   0.155   0.220    16.9    17.0    16.6    15.2    13.7
63828 20150306  2.422  -84.47   31.31     8.5     1.8     5.2     4.7     0.0     5.54 C    14.5     1.2     7.4    96.2    69.4    79.6   0.149   0.134   0.136   0.154   0.219    12.8    13.5    14.1    14.7    14.1
63828 20150307  2.422  -84.47   31.31    17.6    -0.9     8.4     7.1     0.0    21.31 C    32.0    -2.2    10.3    96.5    25.2    70.4   0.140   0.129   0.134   0.154   0.218    12.4    12.7    12.9    13.5    14.2
63828 20150308  2.422  -84.47   31.31    22.2    -0.2    11.0    10.6     0.0    20.28 C    35.1    -0.7    13.2    96.2    18.5    64.2   0.132   0.125   0.131   0.154   0.217    13.2    13.4    13.3    13.4    14.1
63828 20150309  2.422  -84.47   31.31    25.8     7.2    16.5    17.0     0.0    12.48 C    38.6     5.6    18.3    91.3    44.0    67.7   0.126   0.122   0.129   0.154   0.216    15.2    15.1    14.6    13.9    14.0
63828 20150310  2.422  -84.47   31.31    29.3    12.7    21.0    20.4     0.0    14.30 C    38.9     9.9    19.7    94.5    37.8    72.2   0.120   0.120   0.128   0.153   0.215    16.8    16.6    16.0    14.8    14.2
63828 20150311  2.422  -84.47   31.31    28.8    14.6    21.7    19.7    17.2    13.06 C    40.2    12.0    20.8    98.4    46.6    84.8   0.122   0.122   0.129   0.154   0.215    17.8    17.6    17.0    15.6    14.5
63828 20150312  2.422  -84.47   31.31    27.0    15.4    21.2    20.0    30.3    10.23 C    31.7    14.5    20.9    95.6    56.0    84.3   0.148   0.139   0.143   0.159   0.215    18.6    18.4    17.7    16.3    14.8
63828 20150313  2.422  -84.47   31.31    18.9    14.1    16.5    16.0     1.0     2.88 C    20.9    15.1    17.0    93.0    81.6    86.3   0.159   0.143   0.148   0.179   0.223    17.8    18.0    17.8    16.9    15.3
63828 20150314  2.422  -84.47   31.31    27.7    14.1    20.9    19.1     0.0    13.25 C    36.2    12.5    20.1    94.7    40.6    76.1   0.145   0.132   0.138   0.169   0.231    18.6    18.4    17.9    16.8    15.7
63828 20150315  2.422  -84.47   31.31    26.2    11.7    19.0    18.0     0.0    15.28 C    38.0    10.3    19.3    95.2    42.3    75.6   0.135   0.126   0.134   0.165   0.230    18.6    18.6    18.2    17.1    15.9
63828 20150316  2.422  -84.47   31.31    28.0     7.9    17.9    17.2     0.0    19.25 C    40.1     6.2    18.3    96.2    20.5    62.8   0.124   0.122   0.131   0.162   0.227    18.6    18.7    18.3    17.4    16.1
63828 20150317  2.422  -84.47   31.31    29.5    11.0    20.3    20.1     0.0    21.10 C    41.4     9.2    21.1    93.9    26.8    61.9   0.108   0.118   0.127   0.160   0.226    19.1    19.1    18.7    17.6    16.3
63828 20150318  2.422  -84.47   31.31    26.5    11.7    19.1    19.2     0.0    16.68 C    38.8     9.3    20.3    95.4    36.1    64.5   0.093   0.112   0.124   0.157   0.223    19.3    19.3    19.0    17.9    16.5
63828 20150319  2.422  -84.47   31.31    23.7    16.2    19.9    18.7     2.1     8.17 C    32.5    16.5    20.2    94.0    66.9    85.7   0.087   0.108   0.121   0.156   0.222    19.4    19.4    19.0    18.1    16.8
63828 20150320  2.422  -84.47   31.31    26.7    15.9    21.3    19.8     0.3    12.89 C    38.6    17.3    22.9    95.0    55.8    86.1   0.086   0.106   0.120   0.154   0.222    20.6    20.3    19.7    18.3    16.9
63828 20150321  2.422  -84.47   31.31    27.6    16.6    22.1    21.1     3.4    19.33 C    43.5    15.4    24.5    95.5    46.8    77.0   0.081   0.102   0.118   0.154   0.219    21.5    21.2    20.5    18.9    17.2
63828 20150322  2.422  -84.47   31.31    20.3    15.5    17.9    17.8     3.3     5.73 C    25.9    17.2    19.8    95.1    65.5    85.5   0.078   0.097   0.115   0.153   0.218    20.6    20.8    20.5    19.4    17.4
63828 20150323  2.422  -84.47   31.31    18.7    14.4    16.6    15.9     5.0     5.11 C    24.5    13.9    17.9    94.9    75.9    87.4   0.114   0.103   0.114   0.151   0.218    19.5    19.7    19.7    19.1    17.7
63828 20150324  2.422  -84.47   31.31    19.0    11.3    15.1    15.3     0.0     7.65 C    25.6    10.5    17.3    95.6    65.4    81.7   0.117   0.110   0.114   0.151   0.217    18.8    19.0    18.9    18.7    17.8
63828 20150325  2.422  -84.47   31.31    25.3     8.8    17.0    16.6     0.0    17.67 C    41.3     8.0    18.8    96.0    39.4    76.5   0.112   0.109   0.115   0.150   0.216    18.8    18.9    18.6    18.3    17.8
63828 20150326  2.422  -84.47   31.31    23.0    12.2    17.6    17.0     2.2     8.23 C    28.5    11.2    18.0    96.0    59.0    87.2   0.107   0.108   0.114   0.150   0.214    18.7    18.9    18.8    18.4    17.8
63828 20150327  2.422  -84.47   31.31    17.6     9.7    13.6    15.2     0.0    11.29 C    25.7     7.2    16.5    94.4    27.9    66.8   0.107   0.106   0.114   0.149   0.213    18.4    18.7    18.7    18.4    17.8
63828 20150328  2.422  -84.47   31.31    15.8     2.6     9.2     9.0     0.0    23.53 C    34.9     2.0    14.2    88.1    23.5    52.8   0.101   0.103   0.112   0.147   0.213    16.7    17.2    17.4    17.7    17.8
63828 20150329  2.422  -84.47   31.31    18.4     5.4    11.9    11.2     0.0    23.68 C    38.0     4.8    17.1    78.9    22.0    46.0   0.091   0.100   0.111   0.147   0.212    17.6    17.7    17.6    17.5    17.6
63828 20150330  2.422  -84.47   31.31    25.3     5.3    15.3    15.6     0.0    13.32 C    36.6     4.6    16.8    94.9    47.2    73.1   0.082   0.095   0.109   0.146   0.212    17.4    17.6    17.6    17.5    17.5
63828 20150331  2.422  -84.47   31.31    28.1    11.9    20.0    19.8     0.0    14.99 C    43.1    10.2    21.5   100.0    37.6    74.7   0.076   0.089   0.107   0.145   0.211    19.1    18.9    18.4    17.7    17.5
63828 20150401  2.422  -84.47   31.31    28.7    16.8    22.7    21.9     0.0    20.92 C    46.3    13.9    25.0    92.8    31.0    65.5   0.070   0.082   0.105   0.145   0.210    21.1    20.7    19.9    18.4    17.5
63828 20150402  2.422  -84.47   31.31    27.5    15.2    21.4    20.6     0.0    15.12 C    42.8    12.3    22.9    95.2    43.8    73.8   0.065   0.074   0.100   0.144   0.210    21.3    21.2    20.6    19.2    17.8
63828 20150403  2.422  -84.47   31.31    28.4    11.6    20.0    20.5     0.0    23.97 C    48.1     9.2    24.3    96.0    37.0    68.0   0.063   0.067   0.094   0.143   0.209    21.4    21.2    20.7    19.5    18.0
63828 20150404  2.422  -84.47   31.31    25.6     7.3    16.5    19.6     0.0    17.87 C    46.1     5.8    23.1    88.6    22.8    66.2   0.061   0.062   0.088   0.141   0.209    22.0    21.9    21.4    20.0    18.3
63828 20150405  2.422  -84.47   31.31    25.7     5.7    15.7    16.8     0.0    20.92 C    47.6     4.1    20.9    91.9    37.3    61.6   0.057   0.058   0.081   0.139   0.208    20.4    20.6    20.5    19.9    18.6
63828 20150406  2.422  -84.47   31.31    27.3    17.4    22.3    21.4     0.0    14.24 C    49.3    17.3    24.8    91.7    53.0    69.9   0.057   0.056   0.077   0.136   0.207    21.9    21.7    21.2    20.0    18.7
63828 20150407  2.422  -84.47   31.31    30.1    16.2    23.2    23.1     0.0    18.90 C    52.8    14.4    27.0    95.3    39.5    71.2   0.057   0.054   0.073   0.134   0.207    22.9    22.6    21.9    20.4    18.8
63828 20150408  2.422  -84.47   31.31    31.8    15.7    23.8    23.5     0.0    22.84 C    53.1    14.2    28.2    95.3    33.6    66.5   0.056   0.053   0.068   0.130   0.206    23.7    23.4    22.6    20.9    19.0
63828 20150409  2.422  -84.47   31.31    31.2    14.9    23.1    23.5     0.0    17.20 C    50.0    14.0    26.8    95.1    43.6    69.4   0.055   0.052   0.066   0.125   0.205    23.7    23.5    23.0    21.4    19.3
63828 20150410  2.422  -84.47   31.31    29.1    17.8    23.4    22.1    15.4    14.87 C    52.0    16.5    26.4    95.0    49.0    80.6   0.067   0.057   0.065   0.121   0.205    23.8    23.7    23.2    21.6    19.6
63828 20150411  2.422  -84.47   31.31    25.7    17.5    21.6    20.6     0.4    12.13 C    40.2    18.2    23.5    94.9    63.9    86.5   0.103   0.085   0.065   0.120   0.204    23.4    23.4    23.0    21.7    19.8
63828 20150412  2.422  -84.47   31.31    23.3    17.1    20.2    20.2     7.5     8.09 C    28.8    17.6    22.2    94.8    78.4    89.7   0.104   0.085   0.068   0.121   0.204    22.8    22.9    22.6    21.7    20.0
63828 20150413  2.422  -84.47   31.31    25.6    19.0    22.3    21.6     3.0     8.15 C    33.1    19.8    23.2    93.8    72.5    88.0   0.122   0.111   0.071   0.122   0.203    23.1    23.0    22.6    21.6    20.1
63828 20150414  2.422  -84.47   31.31    29.4    19.0    24.2    22.9    15.3    12.51 C    42.7    18.7    25.4    94.8    56.3    84.6   0.134   0.122   0.088   0.122   0.203    24.1    24.0    23.4    21.9    20.2
63828 20150415  2.422  -84.47   31.31    24.6    19.1    21.8    21.0    15.4     6.63 C    30.0    19.3    22.3    94.8    78.8    91.0   0.153   0.140   0.142   0.131   0.203    23.3    23.4    23.2    22.2    20.4
63828 20150416  2.422  -84.47   31.31    20.7    16.7    18.7    19.3     4.1     3.56 C    24.1    18.2    20.8    95.0    83.8    90.4   0.148   0.135   0.139   0.166   0.203    22.3    22.6    22.5    21.9    20.5
63828 20150417  2.422  -84.47   31.31    22.5    15.9    19.2    18.6     8.7     8.44 C    31.0    17.5    21.1    93.1    73.7    87.2   0.146   0.133   0.136   0.167   0.204    22.0    22.1    21.9    21.5    20.6
63828 20150418  2.422  -84.47   31.31    24.4    18.3    21.3    21.0     9.8     8.80 C    34.3    18.0    23.0    94.9    74.5    89.5   0.154   0.140   0.143   0.170   0.207    22.8    22.7    22.3    21.5    20.6
63828 20150419  2.422  -84.47   31.31    23.8    18.7    21.2    20.9    34.7     5.18 C    26.1    18.0    21.2    94.8    80.7    90.0   0.167   0.151   0.151   0.182   0.220    22.2    22.4    22.3    21.7    20.6
63828 20150420  2.422  -84.47   31.31    22.4    16.8    19.6    20.0     1.7     6.06 C    25.8    15.5    20.1    95.0    72.6    86.2   0.150   0.135   0.137   0.174   0.238    21.4    21.6    21.6    21.4    20.7
63828 20150421  2.422  -84.47   31.31    23.9     9.7    16.8    16.8     0.0    26.26 C    39.7     9.4    21.5    95.8    33.5    69.5   0.140   0.128   0.133   0.168   0.234    21.9    21.9    21.7    21.1    20.7
63828 20150422  2.422  -84.47   31.31    27.6    10.3    18.9    18.5     0.0    26.18 C    44.4    10.2    23.6    95.7    30.7    68.4   0.128   0.121   0.128   0.164   0.231    22.6    22.5    22.2    21.3    20.7
63828 20150423  2.422  -84.47   31.31    29.1    12.6    20.9    21.3     0.0    23.20 C    47.4    12.2    25.4    95.6    36.0    68.0   0.117   0.114   0.122   0.161   0.228    23.7    23.5    23.0    21.8    20.7
63828 20150424  2.422  -84.47   31.31    27.4    12.9    20.1    20.1     0.0    23.61 C    45.5    12.4    24.9    94.2    28.1    64.2   0.105   0.107   0.118   0.158   0.227    24.0    23.9    23.5    22.2    20.8
63828 20150425  2.422  -84.47   31.31    28.3    15.7    22.0    21.2    22.4    10.88 C    35.9    15.4    22.2    95.2    69.0    84.1   0.121   0.115   0.120   0.156   0.224    23.4    23.5    23.4    22.4    21.0
63828 20150426  2.422  -84.47   31.31    30.1    15.8    22.9    22.9     0.0    23.61 C    42.7    15.8    25.7    95.6    44.6    76.8   0.145   0.136   0.140   0.162   0.223    24.5    24.2    23.6    22.4    21.1
63828 20150427  2.422  -84.47   31.31    21.5    16.0    18.8    18.5     0.0     9.82 C    30.1    16.6    20.5    94.4    65.4    81.8   0.134   0.126   0.132   0.164   0.223    23.2    23.5    23.5    22.8    21.3
63828 20150428  2.422  -84.47   31.31    19.4    16.1    17.7    17.6    12.5     6.25 C    23.8    16.2    19.1    94.7    75.1    86.0   0.146   0.131   0.130   0.161   0.223    21.7    22.1    22.3    22.2    21.4
63828 20150429  2.422  -84.47   31.31    19.9    11.3    15.6    15.8     5.0     7.65 C    27.6    11.2    18.1    95.2    75.5    89.1   0.157   0.144   0.145   0.169   0.223    21.1    21.5    21.6    21.6    21.3
63828 20150430  2.422  -84.47   31.31    24.8     8.2    16.5    16.2     0.0    26.29 C    38.7     8.5    19.8    95.6    33.1    70.8   0.140   0.130   0.135   0.170   0.224    21.3    21.4    21.2    21.1    21.1
63828 20150501  2.422  -84.47   31.31    23.7     9.5    16.6    16.0     0.0    27.97 C    39.7     9.1    20.4    94.1    26.7    62.2   0.127   0.121   0.128   0.165   0.226    21.9    21.9    21.8    21.3    21.0
63828 20150502  2.422  -84.47   31.31    25.8     7.2    16.5    16.3     0.0    27.59 C    41.4     6.8    20.5    95.5    31.3    68.1   0.114   0.113   0.122   0.161   0.225    22.0    22.1    21.9    21.4    20.9
63828 20150503  2.422  -84.47   31.31    27.3     8.7    18.0    18.0     0.0    26.91 C    43.8     8.2    22.1    95.9    27.6    67.7   0.099   0.104   0.118   0.158   0.224    22.7    22.6    22.3    21.6    20.9
63828 20150504  2.422  -84.47   31.31    28.5    10.5    19.5    20.4     0.0    24.52 C    44.2     9.6    23.2    95.4    27.7    59.9   0.087   0.094   0.113   0.156   0.222    23.3    23.2    22.8    21.8    21.0
63828 20150505  2.422  -84.47   31.31    27.4    12.0    19.7    20.8     0.0    25.53 C    45.1    10.6    24.3    95.2    34.1    62.8   0.078   0.083   0.108   0.153   0.221    23.8    23.7    23.3    22.2    21.1
63828 20150506  2.422  -84.47   31.31    28.7    13.3    21.0    20.6     0.0    25.78 C    47.7    11.7    24.7    95.6    38.6    69.9   0.072   0.074   0.102   0.150   0.219    24.4    24.3    23.8    22.6    21.2
63828 20150507  2.422  -84.47   31.31    29.6    11.2    20.4    20.2     0.0    27.21 C    47.2    10.0    24.7    95.8    27.4    66.8   0.068   0.068   0.095   0.148   0.218    24.5    24.3    24.0    22.8    21.4
63828 20150508  2.422  -84.47   31.31    30.8    11.3    21.0    21.4     0.0    26.17 C    48.5    10.4    26.0    95.4    33.9    68.2   0.066   0.062   0.088   0.145   0.217    24.8    24.7    24.2    23.0    21.5
63828 20150509  2.422  -84.47   31.31    31.7    16.1    23.9    23.7     0.0    25.59 C    49.3    15.1    28.3    95.2    37.4    68.7   0.064   0.059   0.081   0.142   0.215    25.9    25.7    25.0    23.4    21.7
63828 20150510  2.422  -84.47   31.31    32.9    17.1    25.0    24.8     0.0    25.29 C    51.0    16.1    29.4    94.8    33.5    65.5   0.063   0.057   0.076   0.138   0.214    26.7    26.4    25.7    23.9    21.9
63828 20150511  2.422  -84.47   31.31    32.5    16.5    24.5    24.5     0.0    26.56 C    49.6    16.1    29.1    94.2    24.7    62.7   0.061   0.056   0.073   0.133   0.212    27.1    26.8    26.1    24.4    22.2
63828 20150512  2.422  -84.47   31.31    32.9    19.4    26.2    25.5     0.0    24.27 C    50.5    18.9    30.4    94.2    37.1    70.4   0.060   0.055   0.070   0.128   0.211    27.8    27.5    26.7    24.8    22.4
63828 20150513  2.422  -84.47   31.31    31.1    18.3    24.7    23.4     0.0    21.06 C    48.7    17.1    27.9    94.6    36.8    71.2   0.059   0.054   0.068   0.123   0.210    27.3    27.3    26.8    25.1    22.7
63828 20150514  2.422  -84.47   31.31    32.2    15.0    23.6    22.1     5.4    17.06 C    50.7    14.9    25.9    94.4    42.3    80.3   0.059   0.053   0.065   0.119   0.208    26.5    26.6    26.3    25.1    22.9
63828 20150515  2.422  -84.47   31.31    29.6    20.6    25.1    23.7     0.0    15.66 C    42.4    20.6    25.9    92.8    55.4    78.7   0.063   0.053   0.065   0.118   0.207    26.4    26.4    26.0    24.9    23.1
63828 20150516  2.422  -84.47   31.31    30.8    18.3    24.5    24.4     0.0    22.09 C    45.8    17.7    27.8    90.7    45.9    67.8   0.063   0.054   0.066   0.118   0.206    26.8    26.6    26.1    24.9    23.1
63828 20150517  2.422  -84.47   31.31    32.1    18.2    25.2    25.1     0.0    25.66 C    51.3    17.4    29.8    92.2    38.3    65.8   0.062   0.054   0.065   0.115   0.205    27.8    27.5    26.7    25.1    23.2
63828 20150518  2.422  -84.47   31.31    31.5    19.3    25.4    24.1    36.1    18.04 C    50.6    18.7    26.9    94.5    48.1    79.4   0.099   0.091   0.091   0.121   0.204    27.0    27.0    26.8    25.5    23.4
63828 20150519  2.422  -84.47   31.31    32.3    18.7    25.5    24.5     0.0    23.72 C    43.7    19.0    28.0    94.7    43.5    75.9   0.127   0.120   0.112   0.129   0.204    27.6    27.3    26.8    25.4    23.5
63828 20150520  2.422  -84.47   31.31    32.3    18.5    25.4    25.3     0.0    26.79 C    45.4    18.4    29.0    94.8    39.9    71.1   0.112   0.109   0.108   0.133   0.205    28.2    27.9    27.4    25.8    23.6
63828 20150521  2.422  -84.47   31.31    31.0    18.5    24.8    24.5     0.0    26.00 C    45.1    18.5    28.4    92.6    42.7    67.2   0.096   0.100   0.104   0.135   0.205    28.4    28.3    27.7    26.1    23.8
63828 20150522  2.422  -84.47   31.31    27.1    14.0    20.6    19.9     0.0    26.69 C    42.1    13.9    24.6    92.5    34.4    63.7   0.082   0.089   0.100   0.134   0.205    27.4    27.5    27.3    26.2    24.0
63828 20150523  2.422  -84.47   31.31    30.1    14.0    22.0    23.0     0.0    27.51 C    44.0    13.5    26.6    94.6    31.2    60.4   0.074   0.077   0.095   0.133   0.204    27.2    27.2    26.9    25.9    24.1
63828 20150524  2.422  -84.47   31.31    30.8    21.2    26.0    25.7     0.0    21.98 C    45.2    20.6    28.7    85.0    38.8    61.1   0.069   0.069   0.089   0.131   0.204    28.0    27.8    27.4    26.0    24.1
63828 20150525  2.422  -84.47   31.31    30.7    20.8    25.7    24.1     6.4    14.14 C    44.8    19.6    26.3    94.6    51.3    79.6   0.067   0.065   0.084   0.129   0.203    27.3    27.5    27.2    26.1    24.2
63828 20150526  2.422  -84.47   31.31    30.4    19.5    24.9    23.1    11.5     9.80 C    39.7    20.0    24.2    94.7    61.0    86.6   0.092   0.067   0.082   0.129   0.203    26.3    26.6    26.5    25.9    24.3
63828 20150527  2.422  -84.47   31.31    30.3    18.9    24.6    22.6     0.0    18.05 C    39.7    19.3    25.1    95.2    50.4    83.9   0.131   0.104   0.081   0.129   0.203    26.5    26.4    26.1    25.4    24.3
63828 20150528  2.422  -84.47   31.31    30.4    18.9    24.6    24.2     0.0    22.96 C    42.2    18.8    26.9    94.5    41.7    73.6   0.117   0.102   0.082   0.127   0.202    27.2    27.0    26.6    25.5    24.2
63828 20150529  2.422  -84.47   31.31    30.4    17.1    23.7    23.6     0.0    27.12 C    43.0    16.4    26.9    94.6    36.3    69.1   0.100   0.094   0.082   0.127   0.203    27.7    27.5    27.1    25.8    24.2
63828 20150530  2.422  -84.47   31.31    32.2    16.4    24.3    24.5     0.0    27.22 C    45.6    15.9    28.0    94.7    34.9    68.5   0.083   0.082   0.081   0.125   0.201    27.9    27.7    27.3    26.0    24.4
63828 20150531  2.422  -84.47   31.31    31.4    18.8    25.1    22.9     0.9    15.26 C    46.2    18.3    24.8    94.6    50.7    82.7   0.073   0.074   0.080   0.125   0.201    27.3    27.4    27.3    26.3    24.5
63828 20150601  2.422  -84.47   31.31    30.3    18.2    24.2    22.5     2.6    17.36 C    44.4    17.4    24.8    95.1    49.0    83.1   0.070   0.069   0.078   0.123   0.200    26.5    26.6    26.5    25.9    24.5
63828 20150602  2.422  -84.47   31.31    28.9    18.0    23.5    23.4     0.0    19.01 C    38.2    18.0    25.5    95.0    55.2    77.7   0.069   0.066   0.076   0.123   0.201    26.5    26.5    26.3    25.6    24.5
63828 20150603  2.422  -84.47   31.31    30.9    19.0    24.9    24.5    29.0    19.12 C    45.9    18.5    27.5    94.5    47.7    75.6   0.075   0.068   0.079   0.122   0.199    27.1    27.0    26.7    25.7    24.5
63828 20150604  2.422  -84.47   31.31    29.0    18.7    23.8    23.1     0.0    16.56 C    36.2    18.6    25.0    94.9    55.0    82.7   0.129   0.111   0.115   0.128   0.200    26.6    26.5    26.4    25.7    24.5
63828 20150605  2.422  -84.47   31.31    31.5    19.6    25.6    24.8     0.0    24.42 C    42.2    19.3    27.2    94.8    41.2    74.8   0.113   0.105   0.108   0.131   0.199    27.6    27.3    26.8    25.7    24.5
63828 20150606  2.422  -84.47   31.31    32.8    18.5    25.6    24.9     0.0    23.44 C    43.5    18.4    27.1    94.6    36.0    72.2   0.096   0.099   0.105   0.133   0.199    27.8    27.6    27.2    26.1    24.5
63828 20150607  2.422  -84.47   31.31    32.6    18.5    25.6    25.1     0.0    20.18 C    43.9    18.2    27.3    94.5    42.3    74.7   0.083   0.092   0.100   0.133   0.199    28.0    27.8    27.5    26.3    24.6
63828 20150608  2.422  -84.47   31.31    32.1    20.2    26.2    25.9     0.3    19.63 C    40.6    19.8    27.5    93.5    45.1    72.4   0.076   0.085   0.096   0.132   0.199    28.0    27.9    27.6    26.4    24.7
63828 20150609  2.422  -84.47   31.31    30.9    20.9    25.9    23.8    17.0    12.93 C    43.7    20.0    25.4    94.1    51.7    84.7   0.104   0.094   0.094   0.131   0.200    27.3    27.4    27.3    26.4    24.8
63828 20150610  2.422  -84.47   31.31    29.4    19.3    24.3    23.2    57.2    15.15 C    35.3    19.5    24.7    94.6    61.0    84.4   0.150   0.137   0.117   0.143   0.199    26.3    26.5    26.6    26.1    24.9
63828 20150611  2.422  -84.47   31.31    30.2    18.5    24.4    23.4    10.6    19.91 C    38.3    18.6    25.1    95.0    55.3    81.8   0.153   0.142   0.144   0.177   0.221    26.3    26.2    26.0    25.7    24.9
63828 20150612  2.422  -84.47   31.31    32.4    19.6    26.0    24.8     0.0    24.05 C    39.1    19.4    26.7    95.0    49.5    78.2   0.143   0.132   0.137   0.174   0.228    27.6    27.3    26.9    25.9    24.8
63828 20150613  2.422  -84.47   31.31    33.2    19.6    26.4    26.1     0.0    26.22 C    42.3    19.5    28.4    94.8    46.0    77.2   0.127   0.120   0.128   0.168   0.230    28.6    28.3    27.7    26.3    24.9
63828 20150614  2.422  -84.47   31.31    33.8    21.0    27.4    26.8     0.0    26.56 C    43.3    20.5    29.0    94.7    39.6    73.1   0.113   0.113   0.122   0.164   0.229    29.2    28.9    28.4    26.9    25.1
63828 20150615  2.422  -84.47   31.31    34.7    20.1    27.4    27.3     3.2    27.36 C    44.6    19.8    29.8    94.6    36.4    70.5   0.097   0.103   0.116   0.160   0.227    29.6    29.3    28.8    27.2    25.3
63828 20150616  2.422  -84.47   31.31    34.5    21.0    27.7    27.5     0.0    27.26 C    42.1    21.2    29.5    94.8    39.7    72.5   0.086   0.094   0.111   0.157   0.225    29.9    29.6    29.1    27.5    25.5
63828 20150617  2.422  -84.47   31.31    35.6    21.9    28.7    28.2     0.0    27.72 C    45.6    21.8    30.9    94.3    38.9    69.6   0.079   0.084   0.106   0.154   0.224    30.4    30.1    29.5    27.8    25.6
63828 20150618  2.422  -84.47   31.31    35.3    21.6    28.5    27.6     0.0    25.29 C    46.2    21.8    30.6    93.8    41.8    72.2   0.074   0.076   0.100   0.151   0.222    30.6    30.3    29.8    28.2    25.9
63828 20150619  2.422  -84.47   31.31    34.0    20.8    27.4    27.5     0.0    25.95 C    45.6    20.4    30.5    94.4    43.9    71.6   0.071   0.069   0.094   0.148   0.220    30.6    30.4    29.9    28.3    26.1
63828 20150620  2.422  -84.47   31.31    34.1    22.4    28.2    28.1     0.0    24.15 C    46.2    21.7    30.7    93.7    40.2    70.6   0.068   0.064   0.087   0.145   0.218    30.7    30.5    30.0    28.5    26.3
63828 20150621  2.422  -84.47   31.31    35.1    22.2    28.7    27.8     0.0    21.06 C    47.0    21.5    30.4    94.4    43.6    71.6   0.066   0.061   0.081   0.141   0.217    30.5    30.4    30.0    28.6    26.4
63828 20150622  2.422  -84.47   31.31    35.8    21.3    28.5    28.0     0.0    26.43 C    49.2    21.3    31.8    93.2    38.2    69.1   0.065   0.059   0.076   0.137   0.215    30.9    30.7    30.1    28.6    26.5
63828 20150623  2.422  -84.47   31.31    35.6    21.7    28.6    25.4     8.3    18.28 C    48.9    21.7    28.5    93.7    41.5    80.9   0.067   0.057   0.073   0.133   0.214    30.2    30.3    30.1    28.8    26.6
63828 20150624  2.422  -84.47   31.31    32.5    21.7    27.1    26.4     0.0    22.07 C    41.0    22.4    28.7    94.3    53.8    78.4   0.087   0.057   0.071   0.132   0.212    29.8    29.6    29.3    28.3    26.7
63828 20150625  2.422  -84.47   31.31    33.6    22.4    28.0    27.6     0.0    26.87 C    45.1    22.4    30.7    93.9    45.9    71.9   0.080   0.059   0.070   0.131   0.211    30.7    30.5    29.9    28.4    26.7
63828 20150626  2.422  -84.47   31.31    30.6    20.9    25.8    25.5     2.1    15.22 C    41.3    21.0    27.1    94.1    62.9    83.2   0.073   0.058   0.070   0.129   0.211    29.7    29.8    29.6    28.6    26.7
63828 20150627  2.422  -84.47   31.31    30.2    21.9    26.1    25.0    16.7    11.38 C    36.2    22.2    26.0    93.0    67.0    86.4   0.101   0.078   0.070   0.129   0.210    28.8    29.0    29.0    28.3    26.8
63828 20150628  2.422  -84.47   31.31    29.6    21.6    25.6    24.2    14.7    12.44 C    35.0    21.3    25.5    94.9    65.5    87.1   0.137   0.113   0.079   0.129   0.209    27.9    28.1    28.1    27.8    26.7
63828 20150629  2.422  -84.47   31.31    31.0    21.2    26.1    25.5     0.0    24.99 C    38.8    21.1    27.6    97.4    41.7    76.1   0.136   0.126   0.121   0.128   0.208    28.6    28.5    28.2    27.5    26.6
63828 20150630  2.422  -84.47   31.31    30.7    19.1    24.9    24.3     1.1    12.45 C    40.2    19.5    25.5    94.1    65.1    84.6   0.125   0.118   0.119   0.130   0.208    28.1    28.3    28.3    27.6    26.5
63828 20150701  2.422  -84.47   31.31    32.2    18.9    25.5    25.9     0.0    25.54 C    43.7    19.6    28.6    94.3    47.9    72.7   0.120   0.113   0.116   0.132   0.208    28.8    28.5    28.2    27.4    26.5
63828 20150702  2.422  -84.47   31.31    31.7    21.7    26.7    24.2     4.9    13.73 C    45.9    21.6    26.1    93.7    55.9    82.3   0.118   0.108   0.114   0.134   0.206    28.4    28.6    28.5    27.7    26.4
63828 20150703  2.422  -84.47   31.31    32.4    22.5    27.4    26.8     0.0    19.76 C    42.1    22.5    28.7    93.3    50.8    76.9   0.125   0.108   0.111   0.134   0.207    28.7    28.6    28.3    27.4    26.5
63828 20150704  2.422  -84.47   31.31    30.9    20.5    25.7    24.8     0.3    13.99 C    41.7    20.7    26.5    94.5    63.5    82.5   0.119   0.106   0.110   0.135   0.205    28.6    28.7    28.5    27.7    26.4
63828 20150705  2.422  -84.47   31.31    29.3    19.2    24.2    22.2    24.1    11.08 C    36.3    19.4    23.5    94.6    71.5    88.6   0.142   0.128   0.128   0.139   0.205    26.8    27.2    27.4    27.3    26.5
63828 20150706  2.422  -84.47   31.31    30.6    20.2    25.4    24.7     0.0    22.82 C    42.4    20.0    27.6    94.7    53.5    79.7   0.142   0.130   0.135   0.158   0.205    28.0    27.8    27.5    26.8    26.3
63828 20150707  2.422  -84.47   31.31    32.8    19.9    26.4    26.1     0.0    21.49 C    45.6    20.0    28.8    94.7    48.6    78.4   0.131   0.122   0.128   0.159   0.206    28.7    28.6    28.2    27.2    26.2
63828 20150708  2.422  -84.47   31.31    33.5    21.4    27.4    25.8     1.7    20.23 C    47.1    21.1    28.5    95.0    48.2    80.2   0.121   0.116   0.124   0.158   0.207    29.2    29.1    28.7    27.6    26.3
63828 20150709  2.422  -84.47   31.31    32.8    20.2    26.5    26.1     0.0    26.01 C    45.9    20.6    29.2    94.8    47.8    76.0   0.113   0.110   0.119   0.156   0.209    29.6    29.4    28.9    27.7    26.4
63828 20150710  2.422  -84.47   31.31    33.9    20.9    27.4    27.1     0.0    26.28 C    47.1    20.6    30.6    94.7    43.6    74.0   0.103   0.104   0.115   0.154   0.210    30.3    30.0    29.5    28.1    26.5
63828 20150711  2.422  -84.47   31.31    34.9    22.0    28.4    27.9     0.0    24.41 C    48.6    21.7    31.4    94.6    43.9    75.6   0.092   0.096   0.111   0.152   0.211    30.7    30.5    30.0    28.5    26.7
63828 20150712  2.422  -84.47   31.31    35.9    22.8    29.3    28.5     0.0    25.22 C    49.9    21.9    32.0    94.9    33.3    71.3   0.082   0.087   0.106   0.150   0.211    31.1    30.9    30.4    28.8    26.8
63828 20150713  2.422  -84.47   31.31    35.1    22.4    28.8    28.1     0.0    21.59 C    51.0    22.2    31.1    93.5    45.8    71.7   0.075   0.079   0.101   0.148   0.211    31.0    30.9    30.5    29.1    27.0
63828 20150714  2.422  -84.47   31.31    35.9    23.5    29.7    28.3     0.0    24.18 C    51.0    23.1    31.8    89.8    43.6    72.4   0.072   0.073   0.094   0.145   0.210    31.3    31.1    30.6    29.2    27.2
63828 20150715  2.422  -84.47   31.31    35.4    23.5    29.5    28.1    19.1    21.42 C    51.3    23.7    31.8    93.9    44.1    76.0   0.088   0.077   0.091   0.142   0.210    31.2    31.1    30.7    29.4    27.3
63828 20150716  2.422  -84.47   31.31    33.5    23.0    28.2    27.4     0.0    21.60 C    43.6    23.5    29.9    94.4    52.3    80.3   0.130   0.113   0.105   0.141   0.209    30.7    30.6    30.3    29.2    27.4
63828 20150717  2.422  -84.47   31.31    34.6    22.1    28.3    28.2     0.0    25.12 C    47.3    22.2    31.1    94.8    42.8    72.5   0.113   0.108   0.104   0.141   0.208    30.9    30.8    30.4    29.2    27.5
63828 20150718  2.422  -84.47   31.31    34.7    22.7    28.7    28.0     0.0    25.05 C    47.8    22.8    31.3    93.7    46.5    74.6   0.097   0.099   0.101   0.140   0.208    31.3    31.1    30.7    29.3    27.6
63828 20150719  2.422  -84.47   31.31    34.8    23.2    29.0    27.3     1.4    18.73 C    47.9    23.3    29.9    94.4    46.9    79.2   0.085   0.091   0.098   0.139   0.207    31.1    31.0    30.7    29.5    27.6
63828 20150720  2.422  -84.47   31.31    34.7    22.0    28.4    26.9     1.3    24.28 C    45.8    22.3    30.1    94.7    52.6    81.5   0.077   0.083   0.095   0.138   0.207    31.0    30.9    30.5    29.4    27.7
63828 20150721  2.422  -84.47   31.31    35.4    23.9    29.7    28.1     0.0    22.65 C    47.5    24.3    30.8    92.7    47.6    75.5   0.073   0.075   0.090   0.136   0.206    31.3    31.2    30.7    29.5    27.8
63828 20150722  2.422  -84.47   31.31    35.5    22.1    28.8    27.1    16.6    23.43 C    49.2    22.4    30.9    93.8    46.0    76.7   0.088   0.082   0.090   0.134   0.205    31.0    30.9    30.6    29.5    27.8
63828 20150723  2.422  -84.47   31.31    34.5    23.0    28.7    26.1     5.6    18.20 C    45.2    23.6    28.4    94.3    52.4    85.8   0.125   0.107   0.098   0.133   0.205    30.5    30.5    30.3    29.4    27.8
63828 20150724  2.422  -84.47   31.31    33.0    22.8    27.9    26.3     2.7    20.33 C    42.3    23.2    28.8    94.6    56.5    83.4   0.131   0.112   0.099   0.133   0.205    30.4    30.3    30.1    29.2    27.8
63828 20150725  2.422  -84.47   31.31    32.5    21.9    27.2    26.1    11.2    22.84 C    41.9    22.7    28.8    94.6    51.3    81.2   0.136   0.117   0.101   0.133   0.204    30.3    30.3    30.1    29.2    27.8
63828 20150726  2.422  -84.47   31.31    33.2    20.3    26.8    26.0     0.0    26.48 C    42.1    20.6    28.6    94.9    38.2    73.8   0.139   0.127   0.116   0.132   0.204    30.1    30.0    29.8    29.0    27.8
63828 20150727  2.422  -84.47   31.31    34.1    20.4    27.2    26.8     0.0    25.49 C    44.7    20.5    29.7    94.6    40.5    74.0   0.121   0.115   0.116   0.133   0.203    30.1    30.0    29.8    28.9    27.8
63828 20150728  2.422  -84.47   31.31    35.4    21.6    28.5    28.2     0.0    25.25 C    46.1    21.8    31.1    94.6    39.6    73.4   0.104   0.107   0.111   0.134   0.202    30.7    30.5    30.1    29.1    27.7
63828 20150729  2.422  -84.47   31.31    36.1    23.4    29.7    28.6    11.1    21.72 C    47.9    23.6    31.5    94.0    44.0    74.4   0.097   0.099   0.106   0.133   0.202    31.2    31.0    30.7    29.4    27.8
63828 20150730  2.422  -84.47   31.31    33.6    23.7    28.7    27.0     0.0    19.57 C    42.0    24.5    29.5    94.9    53.2    82.1   0.134   0.108   0.101   0.133   0.202    31.1    31.0    30.6    29.5    27.9
63828 20150731  2.422  -84.47   31.31    34.0    22.9    28.4    27.1    19.9    18.75 C    43.7    23.2    29.7    94.2    51.5    80.7   0.134   0.113   0.104   0.132   0.201    30.9    30.9    30.6    29.6    28.0
63828 20150801  2.422  -84.47   31.31    32.6    22.6    27.6    26.2     9.7    17.63 C    39.8    23.4    28.4    94.9    54.5    83.8   0.153   0.136   0.134   0.141   0.201    30.3    30.3    30.1    29.4    28.0
63828 20150802  2.422  -84.47   31.31    32.3    22.4    27.4    26.2     0.0    20.53 C    40.8    23.1    28.6    94.4    56.0    83.0   0.150   0.134   0.139   0.151   0.201    30.4    30.4    30.1    29.3    28.0
63828 20150803  2.422  -84.47   31.31    33.3    22.7    28.0    27.0     0.0    23.22 C    42.0    22.8    29.5    94.5    51.1    79.7   0.133   0.123   0.130   0.154   0.201    30.8    30.7    30.4    29.3    28.0
63828 20150804  2.422  -84.47   31.31    34.9    22.0    28.5    27.4     0.0    22.98 C    42.6    22.0    29.2    94.5    42.0    74.8   0.120   0.116   0.124   0.155   0.202    30.9    30.8    30.5    29.5    28.0
63828 20150805  2.422  -84.47   31.31    32.7    22.3    27.5    26.8     0.6    21.18 C    43.3    22.2    28.5    94.4    53.2    78.6   0.108   0.110   0.119   0.154   0.204    30.7    30.6    30.4    29.5    28.1
63828 20150806  2.422  -84.47   31.31    30.3    24.2    27.3    26.5     8.8    13.99 C    36.0    24.0    27.3    91.4    66.3    82.3   0.103   0.107   0.116   0.152   0.206    30.0    30.1    30.1    29.4    28.1
63828 20150807  2.422  -84.47   31.31    33.4    23.1    28.2    27.2     0.3    17.27 C    39.3    23.2    28.2    93.5    56.5    80.7   0.106   0.109   0.114   0.150   0.207    30.2    30.2    29.9    29.1    28.1
63828 20150808  2.422  -84.47   31.31    33.4    21.3    27.4    27.1     0.0    22.72 C    40.7    21.3    28.8    94.5    52.3    76.3   0.103   0.106   0.112   0.149   0.207    30.3    30.2    30.0    29.1    28.0
63828 20150809  2.422  -84.47   31.31    34.3    21.3    27.8    27.3     0.0    23.85 C    43.8    21.2    29.4    94.7    43.9    76.7   0.093   0.100   0.109   0.148   0.207    30.7    30.6    30.2    29.3    28.0
63828 20150810  2.422  -84.47   31.31    33.2    23.1    28.1    27.3     0.0    19.18 C    43.6    22.7    28.8    92.9    49.8    75.7   0.085   0.092   0.105   0.146   0.208    30.5    30.5    30.3    29.4    28.0
63828 20150811  2.422  -84.47   31.31    33.9    22.8    28.4    27.3     0.3    17.40 C    43.2    22.8    29.0    94.2    38.9    77.6   0.080   0.084   0.100   0.145   0.207    30.4    30.3    30.1    29.3    28.0
63828 20150812  2.422  -84.47   31.31    34.8    20.6    27.7    27.4     0.0    23.67 C    46.0    19.6    29.9    94.4    35.3    71.1   0.074   0.076   0.096   0.142   0.206    30.8    30.7    30.4    29.3    28.1
63828 20150813  2.422  -84.47   31.31    34.5    17.4    26.0    26.0     0.0    24.74 C    47.6    17.0    28.7    94.8    30.5    64.8   0.070   0.069   0.089   0.139   0.206    30.1    30.1    30.0    29.3    28.1
63828 20150814  2.422  -84.47   31.31    33.7    22.5    28.1    27.1     0.0    22.38 C    47.5    22.2    30.0    91.8    41.4    70.4   0.068   0.065   0.084   0.136   0.205    30.6    30.6    30.2    29.2    28.1
63828 20150815  2.422  -84.47   31.31    33.1    18.6    25.8    25.5     0.5    19.13 C    45.6    17.5    27.9    95.1    43.0    74.1   0.065   0.062   0.079   0.133   0.204    29.9    30.1    29.9    29.2    28.0
63828 20150816  2.422  -84.47   31.31    32.0    20.6    26.3    25.9     0.0    17.94 C    43.8    20.3    28.0    94.2    49.3    74.0   0.064   0.060   0.077   0.130   0.203    29.6    29.7    29.6    29.0    28.0
63828 20150817  2.422  -84.47   31.31    31.8    21.3    26.5    24.7    10.0    12.46 C    41.3    20.9    26.4    94.5    54.7    84.8   0.069   0.061   0.074   0.129   0.202    29.0    29.3    29.3    28.8    28.0
63828 20150818  2.422  -84.47   31.31    31.1    21.0    26.0    25.1     5.2    12.47 C    35.9    21.2    25.9    98.3    60.5    86.4   0.092   0.078   0.074   0.128   0.202    28.2    28.5    28.5    28.4    27.9
63828 20150819  2.422  -84.47   31.31    32.2    22.8    27.5    25.9     0.3    14.33 C    39.6    22.9    27.0    94.4    54.4    84.7   0.101   0.087   0.076   0.128   0.201    28.9    28.9    28.7    28.2    27.7
63828 20150820  2.422  -84.47   31.31    33.3    22.4    27.9    27.3     0.0    23.41 C    41.7    22.3    29.0    94.9    48.5    77.9   0.091   0.084   0.078   0.127   0.201    29.7    29.5    29.2    28.3    27.7
63828 20150821  2.422  -84.47   31.31    34.2    21.6    27.9    27.5     1.3    19.94 C    45.0    21.3    29.2    94.9    45.8    75.4   0.077   0.077   0.078   0.126   0.201    29.8    29.8    29.5    28.6    27.7
63828 20150822  2.422  -84.47   31.31    35.2    22.4    28.8    28.0     0.0    17.86 C    44.3    22.4    29.2    94.8    45.9    76.1   0.070   0.069   0.077   0.125   0.200    29.9    29.9    29.6    28.7    27.7
63828 20150823  2.422  -84.47   31.31    34.6    22.4    28.5    27.1     0.3    18.53 C    47.4    22.2    29.0    93.9    41.8    77.0   0.068   0.065   0.074   0.123   0.199    29.9    29.9    29.6    28.8    27.7
63828 20150824  2.422  -84.47   31.31    34.9    20.8    27.8    27.1     0.0    21.66 C    47.1    20.2    29.9    95.0    39.8    73.3   0.066   0.061   0.073   0.121   0.199    29.8    29.8    29.5    28.7    27.7
63828 20150825  2.422  -84.47   31.31    33.4    17.5    25.5    25.9     0.0    22.69 C    51.7    16.1    30.1    94.9    28.9    68.0   0.065   0.059   0.071   0.119   0.198    30.1    30.0    29.8    28.8    27.7
63828 20150826  2.422  -84.47   31.31    31.5    14.2    22.8    21.9     0.0    25.04 C    51.0    13.5    26.7    94.7    26.2    63.8   0.063   0.057   0.070   0.116   0.197    28.8    29.0    29.1    28.6    27.7
63828 20150827  2.422  -84.47   31.31    33.6    13.4    23.5    23.6     0.0    24.61 C    53.3    12.5    28.4    95.1    14.3    63.2   0.061   0.056   0.067   0.114   0.195    28.6    28.7    28.6    28.2    27.7
63828 20150828  2.422  -84.47   31.31    32.5    20.3    26.4    25.6     0.0    17.13 C    51.2    19.3    29.2    92.1    53.0    73.1   0.060   0.056   0.066   0.112   0.196    29.1    29.1    28.9    28.3    27.7
63828 20150829  2.422  -84.47   31.31    27.2    20.9    24.1    23.1     8.8     6.70 C    35.0    21.1    24.5    94.5    71.4    89.3   0.074   0.054   0.066   0.112   0.195    27.7    28.2    28.4    28.1    27.6
63828 20150830  2.422  -84.47   31.31    32.0    21.3    26.6    25.2     0.0    19.31 C    46.6    21.1    28.8    94.5    44.1    78.2   0.097   0.056   0.066   0.112   0.195    28.5    28.4    28.1    27.7    27.5
63828 20150831  2.422  -84.47   31.31    32.4    19.6    26.0    25.1     0.0    17.04 C    49.4    19.4    28.7    94.9    44.8    78.1   0.088   0.056   0.066   0.112   0.195    28.5    28.5    28.4    27.8    27.4
63828 20150901  2.422  -84.47   31.31    33.8    18.6    26.2    26.0     0.0    20.32 C    52.5    18.6    29.8    95.0    43.4    73.0   0.078   0.058   0.066   0.112   0.195    28.7    28.6    28.4    27.8    27.3
63828 20150902  2.422  -84.47   31.31    34.4    20.7    27.5    26.4     0.0    16.20 C    54.6    20.6    29.9    94.5    40.2    74.0   0.070   0.057   0.067   0.111   0.194    28.9    28.9    28.7    27.9    27.3
63828 20150903  2.422  -84.47   31.31    34.0    21.4    27.7    26.7     0.0    13.65 C    47.1    21.3    29.4    94.3    43.9    73.0   0.067   0.057   0.066   0.111   0.193    28.8    28.8    28.7    28.0    27.3
63828 20150904  2.422  -84.47   31.31    33.8    20.6    27.2    26.3     0.9    16.84 C    53.3    20.2    29.7    94.6    43.2    76.5   0.064   0.056   0.066   0.110   0.192    29.0    28.9    28.7    28.0    27.3
63828 20150905  2.422  -84.47   31.31    33.9    20.4    27.1    25.3    12.1    17.76 C    51.5    20.5    29.1    94.7    44.2    79.1   0.070   0.056   0.065   0.110   0.192    28.7    28.8    28.7    28.0    27.3
63828 20150906  2.422  -84.47   31.31    30.3    20.0    25.1    24.2     0.0    14.90 C    42.6    20.2    26.4    94.9    55.6    83.0   0.092   0.069   0.066   0.110   0.191    27.7    27.9    28.0    27.8    27.3
63828 20150907  2.422  -84.47   31.31    30.5    19.3    24.9    24.2     0.0    15.65 C    45.0    19.2    27.1    95.0    53.7    79.8   0.090   0.072   0.065   0.110   0.192    27.5    27.6    27.6    27.5    27.2
63828 20150908  2.422  -84.47   31.31    29.0    22.1    25.5    23.9    11.1     5.99 C    36.1    22.1    24.8    94.7    67.7    90.3   0.109   0.078   0.067   0.110   0.192    27.0    27.4    27.5    27.3    27.1
63828 20150909  2.422  -84.47   31.31    32.5    20.6    26.5    26.1     0.0    17.53 C    43.7    20.4    27.8    95.0    48.6    76.8   0.124   0.094   0.068   0.109   0.192    27.6    27.6    27.4    27.0    27.0
63828 20150910  2.422  -84.47   31.31    31.3    20.4    25.9    24.1    17.6    12.37 C    43.1    20.7    25.7    94.8    52.9    85.3   0.132   0.103   0.076   0.110   0.192    27.3    27.5    27.6    27.2    26.8
63828 20150911  2.422  -84.47   31.31    26.6    20.2    23.4    23.3     0.0     7.40 C    30.0    20.4    24.3    94.6    77.1    87.8   0.140   0.125   0.123   0.110   0.192    26.4    26.7    26.8    26.9    26.9
63828 20150912  2.422  -84.47   31.31    25.5    19.2    22.3    22.3    22.2     8.27 C    28.9    19.4    23.5    94.7    69.3    88.4   0.152   0.134   0.137   0.121   0.192    26.0    26.3    26.5    26.6    26.7
63828 20150913  2.422  -84.47   31.31    26.0    11.9    18.9    18.7     0.0    23.34 C    39.9    12.2    22.3    95.2    29.4    70.6   0.134   0.122   0.130   0.153   0.191    25.1    25.4    25.7    26.0    26.5
63828 20150914  2.422  -84.47   31.31    28.0     9.5    18.7    18.4     0.0    23.11 C    42.9     9.5    22.2    95.5    31.5    69.8   0.123   0.115   0.123   0.154   0.191    24.2    24.5    24.9    25.5    26.3
63828 20150915  2.422  -84.47   31.31    28.8    14.7    21.7    21.5     0.0    17.55 C    43.6    14.2    24.2    94.4    44.3    73.3   0.116   0.110   0.119   0.152   0.190    24.8    24.9    25.0    25.2    26.1
63828 20150916  2.422  -84.47   31.31    28.0    19.8    23.9    22.9     0.0    10.79 C    40.5    19.7    24.8    92.7    65.2    80.0   0.110   0.106   0.116   0.151   0.191    25.4    25.5    25.5    25.3    25.9
63828 20150917  2.422  -84.47   31.31    30.1    18.1    24.1    22.9     0.0    18.05 C    44.4    17.7    25.8    92.5    42.6    75.5   0.104   0.103   0.113   0.149   0.191    25.9    25.9    25.8    25.5    25.8
63828 20150918  2.422  -84.47   31.31    30.5    17.6    24.0    23.3     0.0    18.36 C    44.9    16.5    26.1    93.4    50.5    76.0   0.096   0.098   0.110   0.147   0.191    25.9    26.0    25.9    25.6    25.7
63828 20150919  2.422  -84.47   31.31    31.8    17.4    24.6    23.5     0.0    21.23 C    46.3    16.5    26.8    94.9    39.4    72.7   0.087   0.091   0.106   0.146   0.192    26.4    26.4    26.2    25.7    25.7
63828 20150920  2.422  -84.47   31.31    32.6    14.7    23.6    23.1     0.0    20.76 C    46.8    14.0    26.4    95.3    36.1    73.5   0.079   0.084   0.103   0.144   0.192    26.3    26.3    26.2    25.8    25.7
63828 20150921  2.422  -84.47   31.31    31.2    17.3    24.2    23.2     8.3    12.88 C    46.4    17.1    25.3    94.6    51.7    76.4   0.075   0.077   0.099   0.142   0.192    26.2    26.3    26.3    25.9    25.7
63828 20150922  2.422  -84.47   31.31    30.4    19.1    24.7    23.5     0.0    18.38 C    40.9    19.1    26.0    94.2    45.7    76.1   0.095   0.076   0.096   0.141   0.192    26.4    26.4    26.3    25.8    25.7
63828 20150923  2.422  -84.47   31.31    26.4    18.9    22.7    22.2     0.0     9.86 C    34.2    18.5    23.7    94.1    64.8    81.7   0.092   0.081   0.095   0.139   0.192    25.4    25.8    25.9    25.8    25.7
63828 20150924  2.422  -84.47   31.31    25.0    17.2    21.1    21.1     0.5     9.12 C    36.0    17.4    22.7    92.6    65.4    80.1   0.089   0.082   0.093   0.138   0.193    25.1    25.4    25.5    25.5    25.7
63828 20150925  2.422  -84.47   31.31    21.3    16.1    18.7    18.5     0.0     6.75 C    26.9    15.5    20.2    94.8    72.6    84.3   0.086   0.081   0.093   0.137   0.193    23.9    24.4    24.7    25.1    25.5
63828 20150926  2.422  -84.47   31.31    29.1    15.4    22.3    21.8     0.0    16.16 C    43.3    15.0    24.8    95.0    50.3    79.8   0.083   0.079   0.092   0.136   0.193    24.7    24.8    24.7    24.7    25.4
63828 20150927  2.422  -84.47   31.31    24.2    22.1    23.2    23.0     0.0     4.85 C    27.0    21.6    23.5    89.0    74.9    82.5   0.080   0.076   0.091   0.136   0.193    24.8    25.0    25.0    24.9    25.3
63828 20150928  2.422  -84.47   31.31    25.6    22.0    23.8    23.2     7.5     4.15 C    28.5    22.0    23.7    94.4    79.4    88.6   0.081   0.076   0.089   0.136   0.193    24.8    25.0    25.0    24.9    25.2
63828 20150929  2.422  -84.47   31.31    28.6    23.0    25.8    24.6     2.7     8.06 C    33.7    22.5    25.3    94.8    70.5    89.7   0.114   0.079   0.090   0.135   0.194    25.6    25.6    25.3    24.9    25.1
63828 20150930  2.422  -84.47   31.31    30.7    21.9    26.3    25.1    26.3    11.83 C    39.3    21.4    26.9    99.8    57.5    86.7   0.125   0.092   0.091   0.135   0.194    26.4    26.3    26.0    25.3    25.1
63828 20151001  2.422  -84.47   31.31    27.0    20.1    23.5    22.7     1.8    13.95 C    37.8    20.3    24.9    95.0    66.7    84.2   0.149   0.135   0.140   0.151   0.195    26.0    26.1    26.0    25.5    25.2
63828 20151002  2.422  -84.47   31.31    21.7    17.1    19.4    19.6     0.6     5.98 C    26.2    18.4    21.3    93.8    74.3    85.9   0.137   0.124   0.130   0.159   0.195    24.8    25.3    25.4    25.4    25.3
63828 20151003  2.422  -84.47   31.31    20.4    15.2    17.8    17.6     0.0     6.75 C    27.8    16.0    19.5    93.0    68.8    83.3   0.131   0.119   0.126   0.158   0.196    23.3    23.8    24.2    24.8    25.2
63828 20151004  2.422  -84.47   31.31    21.0    14.5    17.8    17.6     0.6     5.36 C    24.8    15.6    18.9    93.8    81.7    87.6   0.127   0.117   0.122   0.157   0.198    22.6    23.1    23.4    24.1    25.0
63828 20151005  2.422  -84.47   31.31    20.8    17.7    19.3    19.3     0.0     5.96 C    25.8    17.7    20.5    90.9    70.9    81.1   0.125   0.114   0.120   0.154   0.200    22.7    23.0    23.3    23.7    24.8
63828 20151006  2.422  -84.47   31.31    26.2    15.3    20.8    19.5     0.0    11.33 C    37.2    14.7    21.6    95.4    58.7    82.2   0.122   0.112   0.118   0.153   0.202    23.0    23.2    23.3    23.6    24.5
63828 20151007  2.422  -84.47   31.31    28.1    11.9    20.0    18.7     0.0    19.23 C    39.7    11.2    21.4    95.8    36.1    76.8   0.114   0.108   0.115   0.151   0.203    22.6    22.9    23.1    23.4    24.4
63828 20151008  2.422  -84.47   31.31    28.6    10.8    19.7    19.3     0.0    18.40 C    41.1    10.8    22.0    95.7    42.6    77.6   0.106   0.104   0.113   0.147   0.203    22.5    22.7    22.9    23.2    24.2
63828 20151009  2.422  -84.47   31.31    30.2    16.7    23.4    22.4     0.0    13.91 C    43.1    15.7    24.3    95.1    49.9    81.0   0.100   0.101   0.111   0.147   0.204    23.5    23.5    23.5    23.3    24.1
63828 20151010  2.422  -84.47   31.31    28.5    15.2    21.8    21.5     0.0    16.27 C    41.5    14.0    24.0    95.2    46.5    77.2   0.094   0.096   0.108   0.146   0.203    24.1    24.1    24.0    23.7    24.0
63828 20151011  2.422  -84.47   31.31    19.8    12.9    16.3    16.9     0.0     3.93 C    24.0    11.8    17.5    95.8    73.8    87.7   0.089   0.093   0.105   0.146   0.204    22.0    22.6    23.0    23.5    24.0
63828 20151012  2.422  -84.47   31.31    26.0     9.6    17.8    16.8     0.0    14.90 C    37.8     9.2    18.8    96.0    42.1    79.8   0.086   0.090   0.103   0.144   0.204    21.5    21.9    22.3    22.9    23.9
63828 20151013  2.422  -84.47   31.31    29.0    13.5    21.3    20.0     1.6    14.06 C    40.9    12.4    21.2    95.6    45.4    82.8   0.081   0.085   0.101   0.143   0.204    22.1    22.3    22.3    22.6    23.7
63828 20151014  2.422  -84.47   31.31    27.3    10.2    18.8    18.0     0.0    19.02 C    38.8     9.2    20.2    98.5    26.5    73.1   0.078   0.081   0.099   0.141   0.204    21.8    22.1    22.4    22.7    23.6
63828 20151015  2.422  -84.47   31.31    29.4     7.3    18.4    17.1     0.0    18.23 C    41.8     7.0    19.6    95.5    24.5    69.6   0.075   0.076   0.096   0.140   0.203    21.0    21.3    21.7    22.3    23.5
63828 20151016  2.422  -84.47   31.31    31.6     8.6    20.1    19.4     0.0    17.59 C    42.7     8.2    21.1    95.6    23.9    66.4   0.072   0.072   0.094   0.138   0.203    21.2    21.5    21.7    22.1    23.3
63828 20151017  2.422  -84.47   31.31    25.1     7.6    16.4    15.9     0.0    18.03 C    39.5     6.3    18.2    84.8    25.2    59.1   0.069   0.069   0.090   0.137   0.202    20.9    21.3    21.6    22.0    23.2
63828 20151018  2.422  -84.47   31.31    22.5     4.0    13.3    12.5     0.0    18.04 C    37.9     3.2    15.2    92.3    28.5    62.6   0.067   0.065   0.087   0.135   0.201    19.6    20.2    20.8    21.6    23.0
63828 20151019  2.422  -84.47   31.31    22.6     2.3    12.4    12.7     0.0    17.96 C    37.0     1.3    15.1    93.7    30.8    61.7   0.066   0.063   0.084   0.134   0.201    18.7    19.3    19.9    21.0    22.8
63828 20151020  2.422  -84.47   31.31    26.1     8.2    17.2    15.9     0.0    17.36 C    40.1     7.0    18.4    90.2    35.9    64.6   0.064   0.062   0.082   0.133   0.201    19.4    19.7    20.0    20.7    22.5
63828 20151021  2.422  -84.47   31.31    27.6     9.2    18.4    18.6     0.0    15.10 C    45.8     7.7    20.7    95.3    41.2    69.6   0.063   0.060   0.080   0.131   0.200    20.2    20.4    20.4    20.8    22.3
63828 20151022  2.422  -84.47   31.31    29.4    12.0    20.7    20.1     0.0    12.82 C    40.5    10.6    21.4    95.7    44.6    76.8   0.063   0.060   0.079   0.129   0.200    21.0    21.1    21.1    21.1    22.2
63828 20151023  2.422  -84.47   31.31    29.7    12.2    20.9    20.0     0.0    16.32 C    43.5    10.5    22.0    95.9    32.7    72.2   0.062   0.059   0.077   0.129   0.200    21.3    21.5    21.4    21.3    22.2
63828 20151024  2.422  -84.47   31.31    28.5    12.1    20.3    19.9     0.0    10.97 C    41.1    11.3    20.9    95.5    43.3    74.5   0.062   0.058   0.075   0.128   0.200    21.2    21.4    21.5    21.5    22.2
63828 20151025  2.422  -84.47   31.31    27.5    15.7    21.6    21.9     0.0    10.20 C    37.4    14.7    23.1    93.5    55.0    74.0   0.062   0.058   0.074   0.126   0.199    21.9    22.0    21.8    21.6    22.2
63828 20151026  2.422  -84.47   31.31    24.6    19.7    22.2    21.9     1.2     2.72 C    27.2    19.3    21.5    91.5    63.1    77.9   0.061   0.058   0.072   0.126   0.198    21.8    22.1    22.1    21.9    22.3
63828 20151027  2.422  -84.47   31.31    23.9    17.6    20.7    19.6     1.6     5.04 C    32.4    17.9    20.3    93.4    68.4    86.0   0.061   0.057   0.073   0.126   0.198    21.5    21.8    21.8    21.9    22.4
63828 20151028  2.422  -84.47   31.31    27.0    15.0    21.0    21.6     2.7     9.72 C    33.5    13.4    21.9    94.8    49.6    79.7   0.063   0.057   0.072   0.126   0.198    22.3    22.4    22.3    22.0    22.4
63828 20151029  2.422  -84.47   31.31    28.5    13.7    21.1    19.2     1.5    11.25 C    37.5    12.4    20.6    98.4    43.7    84.4   0.065   0.057   0.071   0.127   0.198    21.4    21.7    21.8    21.9    22.4
63828 20151030  2.422  -84.47   31.31    25.4     9.0    17.2    16.4     0.0    16.02 C    36.7     8.5    18.4    99.5    29.2    75.7   0.066   0.057   0.070   0.126   0.198    20.4    21.0    21.3    21.7    22.4
63828 20151031  2.422  -84.47   31.31    28.5     8.0    18.2    19.1     1.2    10.14 C    37.6     7.5    20.0    95.7    46.5    73.2   0.066   0.057   0.070   0.126   0.198    19.9    20.2    20.5    21.2    22.3
63828 20151101  2.422  -84.47   31.31    25.1    19.9    22.5    22.3    43.3     3.78 C    28.8    19.3    22.4    94.7    79.6    89.9   0.126   0.112   0.105   0.126   0.199    22.0    22.0    21.7    21.4    22.2
63828 20151102  2.422  -84.47   31.31    27.3    20.6    24.0    23.4    20.4     2.58 C    27.9    19.7    22.9    95.2    73.9    91.6   0.149   0.139   0.143   0.159   0.198    22.7    22.7    22.5    22.0    22.2
63828 20151103  2.422  -84.47   31.31    28.4    18.1    23.2    22.5     0.0    11.21 C    34.6    18.0    24.0   100.0    49.8    85.3   0.139   0.129   0.135   0.174   0.202    23.4    23.3    23.0    22.3    22.3
63828 20151104  2.422  -84.47   31.31    27.9    19.0    23.5    23.2     0.0     6.70 C    37.2    19.2    24.3    94.4    67.3    86.6   0.131   0.122   0.128   0.168   0.218    23.4    23.4    23.2    22.7    22.5
63828 20151105  2.422  -84.47   31.31    29.4    22.5    26.0    24.5     0.0     8.02 C    38.0    21.3    25.4    91.4    60.7    81.8   0.127   0.118   0.124   0.164   0.224    24.1    24.0    23.7    22.9    22.6
63828 20151106  2.422  -84.47   31.31    29.2    19.2    24.2    22.8     0.0     9.90 C    40.6    18.3    24.1    95.2    58.0    85.5   0.123   0.115   0.121   0.161   0.225    23.8    23.9    23.7    23.1    22.7
63828 20151107  2.422  -84.47   31.31    28.4    16.8    22.6    22.1     5.8     8.82 C    39.6    16.6    23.4    95.5    60.3    84.4   0.122   0.113   0.119   0.159   0.224    23.3    23.5    23.4    23.1    22.9
63828 20151108  2.422  -84.47   31.31    18.9    12.6    15.8    15.4    55.9     1.11 C    19.8    13.7    16.5    93.4    87.9    91.7   0.168   0.149   0.145   0.173   0.227    20.7    21.5    22.1    22.8    22.9
63828 20151109  2.422  -84.47   31.31    14.6    12.6    13.6    13.3    11.6     1.69 C    17.3    13.7    14.7    94.4    92.7    93.7   0.158   0.143   0.145   0.178   0.242    18.6    19.3    19.9    21.3    22.8
63828 20151110  2.422  -84.47   31.31    15.5    11.8    13.7    13.3     0.0     4.64 C    19.3    12.9    15.4    95.2    83.4    90.8   0.142   0.129   0.133   0.171   0.239    18.7    19.2    19.6    20.6    22.4
63828 20151111  2.422  -84.47   31.31    21.3    10.5    15.9    14.0     0.0    11.23 C    29.5    10.6    16.6    95.7    53.5    85.9   0.136   0.124   0.128   0.165   0.236    18.9    19.4    19.6    20.3    22.0
63828 20151112  2.422  -84.47   31.31    27.8    10.3    19.1    19.1     0.0    10.83 C    37.1    10.2    20.1    95.8    53.4    82.9   0.130   0.120   0.125   0.162   0.232    19.8    19.9    19.9    20.3    21.7
63828 20151113  2.422  -84.47   31.31    20.6     6.3    13.5    12.3     0.0    14.71 C    30.9     4.9    13.8    96.4    33.6    72.3   0.124   0.116   0.121   0.159   0.229    18.0    18.7    19.3    20.2    21.6
63828 20151114  2.422  -84.47   31.31    17.8     2.4    10.1     9.1     0.0    13.51 C    28.6     1.9    10.6    93.5    23.9    58.8   0.118   0.113   0.118   0.157   0.227    15.9    16.8    17.6    19.3    21.4
63828 20151115  2.422  -84.47   31.31    21.5     1.0    11.2    10.7     0.0    12.99 C    30.6     1.1    12.2    95.0    30.9    70.9   0.114   0.110   0.116   0.155   0.225    15.2    15.9    16.5    18.3    21.0
63828 20151116  2.422  -84.47   31.31    25.0     8.0    16.5    15.8     0.0    12.80 C    34.3     7.0    16.8    94.8    48.4    77.2   0.111   0.108   0.115   0.152   0.223    16.6    16.8    17.1    18.0    20.6
63828 20151117  2.422  -84.47   31.31    25.9    13.6    19.8    19.8     0.0    10.44 C    33.8    11.5    20.0    95.4    53.3    77.1   0.107   0.107   0.113   0.152   0.221    18.1    18.2    18.1    18.4    20.3
63828 20151118  2.422  -84.47   31.31    27.2    19.7    23.4    22.7    21.1     5.41 C    31.4    17.9    22.3    93.8    59.4    81.1   0.120   0.114   0.116   0.151   0.220    19.8    19.7    19.4    19.1    20.2
63828 20151119  2.422  -84.47   31.31    21.0    11.9    16.4    18.8    16.7     2.73 C    23.4    10.2    18.8    99.1    82.4    93.2   0.162   0.148   0.149   0.170   0.220    20.2    20.4    20.3    19.9    20.4
63828 20151120  2.422  -84.47   31.31    23.5     6.7    15.1    13.6     0.0    13.86 C    30.2     6.4    14.6    99.0    32.7    76.4   0.140   0.129   0.134   0.175   0.229    17.7    18.3    18.8    19.6    20.5
63828 20151121  2.422  -84.47   31.31    22.3     9.1    15.7    15.5     0.0     9.62 C    30.8     8.6    16.8    94.2    62.0    81.2   0.132   0.123   0.127   0.166   0.232    17.6    17.9    18.2    19.0    20.5
63828 20151122  2.422  -84.47   31.31    17.2     1.9     9.5    12.2     0.8    12.61 C    26.8     2.1    14.4    93.1    30.2    71.1   0.129   0.119   0.125   0.163   0.230    17.9    18.3    18.6    19.0    20.3
63828 20151123  2.422  -84.47   31.31    14.4    -2.2     6.1     4.7     0.0    14.03 C    24.8    -1.4     7.4    95.2    26.3    68.9   0.125   0.116   0.121   0.158   0.229    14.1    15.2    16.2    18.1    20.2
63828 20151124  2.422  -84.47   31.31    16.2    -2.3     7.0     6.6     0.0    12.94 C    25.6    -1.6     8.4    95.3    29.9    68.7   0.122   0.114   0.118   0.156   0.226    13.0    13.8    14.7    16.8    19.8
63828 20151125  2.422  -84.47   31.31    21.9     4.9    13.4    13.2     0.0    12.40 C    30.7     3.9    13.8    89.5    47.3    68.8   0.119   0.112   0.117   0.154   0.224    14.2    14.6    14.9    16.3    19.3
63828 20151126  2.422  -84.47   31.31    24.1     9.6    16.9    16.3     0.0    12.17 C    32.3     7.7    16.4    89.2    49.9    73.7   0.116   0.110   0.116   0.153   0.223    15.6    15.8    15.9    16.5    19.0
63828 20151127  2.422  -84.47   31.31    25.0    11.4    18.2    16.8     0.0    12.31 C    34.4     9.4    17.1    95.6    49.5    80.6   0.113   0.109   0.115   0.152   0.221    16.5    16.7    16.7    16.9    18.8
63828 20151128  2.422  -84.47   31.31    24.7     8.3    16.5    14.9     0.0    12.83 C    34.1     6.7    15.6    96.1    39.7    80.8   0.109   0.106   0.114   0.150   0.219    16.3    16.6    16.8    17.2    18.8
63828 20151129  2.422  -84.47   31.31    25.1     7.2    16.2    15.1     0.0    12.32 C    35.1     6.8    16.2    96.1    49.6    83.5   0.105   0.105   0.112   0.150   0.218    16.3    16.6    16.7    17.2    18.8
63828 20151130  2.422  -84.47   31.31    25.8    10.0    17.9    16.9     0.0     9.70 C    35.2     8.8    17.6    96.0    46.3    83.9   0.102   0.104   0.111   0.149   0.217    17.0    17.2    17.2    17.4    18.8
63828 20151201  2.422  -84.47   31.31    25.7    12.0    18.8    18.0     0.0     9.95 C    33.3    10.4    18.3    95.9    46.7    82.4   0.100   0.102   0.109   0.148   0.216    17.6    17.7    17.7    17.7    18.8
63828 20151202  2.422  -84.47   31.31    19.8    11.6    15.7    17.0    58.9     1.32 C    20.7    12.2    17.3    99.7    82.1    93.7   0.152   0.140   0.140   0.170   0.217    18.1    18.3    18.2    18.1    18.9
63828 20151203  2.422  -84.47   31.31    11.7     7.6     9.6     9.2     0.0     2.90 C    13.9     7.9    10.6    93.6    64.9    79.6   0.145   0.131   0.136   0.173   0.231    15.7    16.5    17.1    17.9    18.9
63828 20151204  2.422  -84.47   31.31    16.8     4.7    10.7    10.1     0.0    12.21 C    25.0     3.6    11.5    90.9    40.7    65.2   0.137   0.125   0.129   0.166   0.232    14.4    15.1    15.7    17.0    18.9
63828 20151205  2.422  -84.47   31.31    19.2     6.5    12.8    11.8     0.0    12.17 C    27.3     5.7    12.6    77.1    40.7    56.5   0.131   0.121   0.125   0.162   0.229    14.2    14.8    15.2    16.4    18.6
63828 20151206  2.422  -84.47   31.31    20.9     5.9    13.4    11.6     0.0    11.27 C    29.7     4.8    12.0    96.1    39.4    68.9   0.127   0.118   0.123   0.159   0.226    14.1    14.7    15.1    16.1    18.3
63828 20151207  2.422  -84.47   31.31    21.5     3.9    12.7    10.7     0.0    12.51 C    29.1     2.8    11.4    96.4    39.2    79.2   0.123   0.115   0.120   0.156   0.223    13.6    14.2    14.6    15.8    18.1
63828 20151208  2.422  -84.47   31.31    19.8     2.2    11.0     9.1     0.0    12.67 C    28.5     1.1    10.0    96.5    36.2    79.1   0.119   0.113   0.118   0.155   0.199    13.0    13.7    14.2    15.5    17.9
63828 20151209  2.422  -84.47   31.31    21.0     1.1    11.0     9.6     0.0    12.35 C    29.0     0.7    10.4    96.3    38.4    80.4   0.116   0.111   0.117   0.153   0.197    12.7    13.3    13.7    15.1    17.6
63828 20151210  2.422  -84.47   31.31 -9999.0 -9999.0 -9999.0 -9999.0 -9999.0 -9999.00 U -9999.0 -9999.0 -9999.0 -9999.0 -9999.0 -9999.0 -99.000 -99.000 -99.000 -99.000 -99.000 -9999.0 -9999.0 -9999.0 -9999.0 -9999.0
63828 20151211  2.422  -84.47   31.31    25.5    10.9    18.2    16.7     0.0    10.61 C    37.5     7.5    16.3    96.1    49.2    80.4   0.111   0.109   0.114   0.151   0.193    15.1    15.2    15.1    15.3    17.3
63828 20151212  2.422  -84.47   31.31    24.8     7.1    15.9    14.3     0.0    12.09 C    35.9     4.4    13.9    96.6    39.9    81.3   0.107   0.107   0.113   0.150   0.193    14.9    15.2    15.4    15.7    17.2
63828 20151213  2.422  -84.47   31.31    25.9     9.9    17.9    17.6     0.0    11.12 C    36.7     6.8    16.9    96.2    47.1    80.5   0.104   0.105   0.112   0.150   0.191    15.6    15.7    15.7    15.9    17.3
63828 20151214  2.422  -84.47   31.31    23.0    11.7    17.3    19.0     4.8     2.47 C    24.6     8.4    18.2    99.1    80.8    90.7   0.106   0.104   0.111   0.150   0.192    17.0    17.0    16.8    16.5    17.4
63828 20151215  2.422  -84.47   31.31    21.5     6.6    14.1    12.2     0.0    13.24 C    30.3     4.7    13.1   100.0    45.1    86.5   0.113   0.104   0.110   0.149   0.197    15.6    16.1    16.3    16.6    17.5
63828 20151216  2.422  -84.47   31.31    22.7     3.5    13.1    14.2     1.1     6.98 C    29.7     2.3    14.6    96.6    59.8    88.7   0.113   0.104   0.109   0.147   0.202    14.8    15.2    15.4    16.2    17.6
63828 20151217  2.422  -84.47   31.31    23.7    16.2    20.0    20.7     9.4     2.81 C    26.2    16.7    20.4    94.6    84.7    90.8   0.143   0.122   0.112   0.146   0.200    18.2    17.9    17.4    16.7    17.5
63828 20151218  2.422  -84.47   31.31    16.2     1.8     9.0     9.6     1.3    10.59 C    21.9     0.5    10.6    93.7    37.1    70.6   0.150   0.135   0.130   0.146   0.201    16.0    16.6    17.0    17.3    17.7
63828 20151219  2.422  -84.47   31.31    13.3    -2.9     5.2     3.8     0.0    13.79 C    23.4    -2.9     5.8    95.2    22.8    69.5   0.139   0.128   0.129   0.147   0.200    12.2    13.3    14.2    16.1    17.8
63828 20151220  2.422  -84.47   31.31    17.0    -2.7     7.2     6.2     0.0    13.12 C    26.6    -2.4     7.6    95.5    26.8    72.4   0.133   0.124   0.126   0.148   0.199    11.4    12.2    12.9    14.8    17.5
63828 20151221  2.422  -84.47   31.31    20.1     8.4    14.3    14.6     0.5     4.12 C    24.4     6.4    14.4    94.4    70.6    84.6   0.131   0.121   0.124   0.147   0.195    13.3    13.5    13.6    14.5    17.1
63828 20151222  2.422  -84.47   31.31    20.4    16.4    18.4    18.3    12.4     1.25 C    19.9    15.5    17.5    95.6    88.3    92.8   0.153   0.139   0.138   0.151   0.192    15.9    15.8    15.5    15.2    16.9
63828 20151223  2.422  -84.47   31.31    22.1    16.5    19.3    18.0    28.7     0.68 C    20.2    15.9    17.5    95.4    88.9    93.8   0.166   0.148   0.148   0.170   0.194    16.5    16.5    16.3    16.0    17.0
63828 20151224  2.422  -84.47   31.31    27.5    22.0    24.8    23.6     0.0     6.10 C    30.5    19.4    22.5    90.9    69.7    85.1   0.151   0.135   0.138   0.174   0.213    19.0    18.5    17.8    16.7    17.1
63828 20151225  2.422  -84.47   31.31    26.6    18.5    22.5    22.2     0.0     6.77 C    31.1    15.8    21.6    94.9    64.1    86.5   0.144   0.128   0.133   0.167   0.218    19.9    19.7    19.1    17.8    17.4
63828 20151226  2.422  -84.47   31.31    28.1    16.9    22.5    21.0     0.0     8.56 C    34.1    15.2    21.2   100.0    57.1    88.2   0.138   0.125   0.129   0.164   0.219    20.0    19.9    19.4    18.4    17.8
63828 20151227  2.422  -84.47   31.31    27.6    15.9    21.7    20.9     0.0    10.48 C    32.8    14.2    20.7    95.5    52.8    82.8   0.133   0.122   0.126   0.161   0.219    19.6    19.6    19.3    18.7    18.1
63828 20151228  2.422  -84.47   31.31    27.6    19.0    23.3    22.8    15.6     6.99 C    32.5    17.1    22.1    94.8    55.2    80.2   0.135   0.123   0.125   0.160   0.217    20.3    20.2    19.8    19.0    18.4
63828 20151229  2.422  -84.47   31.31    26.0    18.4    22.2    21.4     9.3     6.10 C    31.2    17.1    22.2    95.0    72.1    88.9   0.161   0.144   0.146   0.167   0.216    21.0    20.9    20.4    19.4    18.6
63828 20151230  2.422  -84.47   31.31    24.8    20.7    22.7    21.9     5.2     2.27 C    25.6    20.1    21.7    94.9    76.9    90.5   0.163   0.146   0.147   0.174   0.218    21.1    21.1    20.8    19.9    18.9
63828 20151231  2.422  -84.47   31.31    22.6    13.4    18.0    19.0    26.2     1.96 C    25.6    15.2    19.8    94.8    88.9    92.7   0.172   0.151   0.151   0.177   0.222    20.6    20.8    20.6    20.0    19.2
