63829 20040101  1.101  -84.45   31.19    21.7    -0.6    10.6     9.4     0.0    14.36 R -9999.0 -9999.0     9.5 -9999.0 -9999.0 -9999.0 -99.000 -99.000 -99.000 -99.000 -99.000 -9999.0 -9999.0 -9999.0 -9999.0 -9999.0
63829 20040102  1.101  -84.45   31.19    22.9     5.7    14.3    14.2     0.0     7.79 R -9999.0 -9999.0    13.4 -9999.0 -9999.0 -9999.0 -99.000 -99.000 -99.000 -99.000 -99.000 -9999.0 -9999.0 -9999.0 -9999.0 -9999.0
63829 20040103  1.101  -84.45   31.19    24.7    12.1    18.4    17.0     0.0    11.46 R -9999.0 -9999.0    16.7 -9999.0 -9999.0 -9999.0 -99.000 -99.000 -99.000 -99.000 -99.000 -9999.0 -9999.0 -9999.0 -9999.0 -9999.0
63829 20040104  1.101  -84.45   31.19    26.0    12.4    19.2    18.5     0.0     9.04 R -9999.0 -9999.0    17.8 -9999.0 -9999.0 -9999.0 -99.000 -99.000 -99.000 -99.000 -99.000 -9999.0 -9999.0 -9999.0 -9999.0 -9999.0
63829 20040105  1.101  -84.45   31.19    26.8    12.7    19.8    20.4     5.1     7.07 R -9999.0 -9999.0    20.1 -9999.0 -9999.0 -9999.0 -99.000 -99.000 -99.000 -99.000 -99.000 -9999.0 -9999.0 -9999.0 -9999.0 -9999.0
63829 20040106  1.101  -84.45   31.19    12.7     3.1     7.9     7.2     0.0     6.10 R -9999.0 -9999.0     9.0 -9999.0 -9999.0 -9999.0 -99.000 -99.000 -99.000 -99.000 -99.000 -9999.0 -9999.0 -9999.0 -9999.0 -9999.0
63829 20040107  1.101  -84.45   31.19     8.3    -3.5     2.4     1.4     0.0    15.75 R -9999.0 -9999.0     3.9 -9999.0 -9999.0 -9999.0 -99.000 -99.000 -99.000 -99.000 -99.000 -9999.0 -9999.0 -9999.0 -9999.0 -9999.0
63829 20040108  1.101  -84.45   31.19     7.8    -4.8     1.5     2.0     0.2     6.13 R -9999.0 -9999.0     4.4 -9999.0 -9999.0 -9999.0 -99.000 -99.000 -99.000 -99.000 -99.000 -9999.0 -9999.0 -9999.0 -9999.0 -9999.0
63829 20040109  1.101  -84.45   31.19     8.5     4.6     6.6     6.3     4.6     1.23 R -9999.0 -9999.0     7.7 -9999.0 -9999.0 -9999.0 -99.000 -99.000 -99.000 -99.000 -99.000 -9999.0 -9999.0 -9999.0 -9999.0 -9999.0
63829 20040110  1.101  -84.45   31.19     6.6     1.4     4.0     4.6     0.0     4.46 R -9999.0 -9999.0     6.0 -9999.0 -9999.0 -9999.0 -99.000 -99.000 -99.000 -99.000 -99.000 -9999.0 -9999.0 -9999.0 -9999.0 -9999.0
63829 20040111  1.101  -84.45   31.19    10.0    -3.4     3.3     2.4     0.0    15.18 R -9999.0 -9999.0     4.6 -9999.0 -9999.0 -9999.0 -99.000 -99.000 -99.000 -99.000 -99.000 -9999.0 -9999.0 -9999.0 -9999.0 -9999.0
63829 20040112  1.101  -84.45   31.19    15.4    -3.2     6.1     5.2     0.0    14.54 R -9999.0 -9999.0     5.9 -9999.0 -9999.0 -9999.0 -99.000 -99.000 -99.000 -99.000 -99.000 -9999.0 -9999.0 -9999.0 -9999.0 -9999.0
63829 20040113  1.101  -84.45   31.19    16.0     0.4     8.2     7.7     0.0     7.44 R -9999.0 -9999.0     8.0 -9999.0 -9999.0 -9999.0 -99.000 -99.000 -99.000 -99.000 -99.000 -9999.0 -9999.0 -9999.0 -9999.0 -9999.0
63829 20040114  1.101  -84.45   31.19    19.8     2.2    11.0    10.8     0.0    12.58 R -9999.0 -9999.0    10.8 -9999.0 -9999.0 -9999.0 -99.000 -99.000 -99.000 -99.000 -99.000 -9999.0 -9999.0 -9999.0 -9999.0 -9999.0
63829 20040115  1.101  -84.45   31.19    16.8     6.0    11.4    11.8     0.0     9.36 R -9999.0 -9999.0    10.7 -9999.0 -9999.0 -9999.0 -99.000 -99.000 -99.000 -99.000 -99.000 -9999.0 -9999.0 -9999.0 -9999.0 -9999.0
63829 20040116  1.101  -84.45   31.19    16.3     0.1     8.2     7.2     0.0    15.13 R -9999.0 -9999.0     8.1 -9999.0 -9999.0 -9999.0 -99.000 -99.000 -99.000 -99.000 -99.000 -9999.0 -9999.0 -9999.0 -9999.0 -9999.0
63829 20040117  1.101  -84.45   31.19    17.6     4.8    11.2    11.4     1.4     3.66 R -9999.0 -9999.0    10.5 -9999.0 -9999.0 -9999.0 -99.000 -99.000 -99.000 -99.000 -99.000 -9999.0 -9999.0 -9999.0 -9999.0 -9999.0
63829 20040118  1.101  -84.45   31.19    22.0    11.8    16.9    16.8     6.3    10.65 R -9999.0 -9999.0    16.3 -9999.0 -9999.0 -9999.0 -99.000 -99.000 -99.000 -99.000 -99.000 -9999.0 -9999.0 -9999.0 -9999.0 -9999.0
63829 20040119  1.101  -84.45   31.19    12.2     1.7     7.0     8.8     0.0     5.06 R -9999.0 -9999.0     9.4 -9999.0 -9999.0 -9999.0 -99.000 -99.000 -99.000 -99.000 -99.000 -9999.0 -9999.0 -9999.0 -9999.0 -9999.0
63829 20040120  1.101  -84.45   31.19    10.4    -3.5     3.5     2.2     0.0    15.81 R -9999.0 -9999.0     5.1 -9999.0 -9999.0 -9999.0 -99.000 -99.000 -99.000 -99.000 -99.000 -9999.0 -9999.0 -9999.0 -9999.0 -9999.0
63829 20040121  1.101  -84.45   31.19    14.6    -2.0     6.3     4.7     0.0    14.82 R -9999.0 -9999.0     6.7 -9999.0 -9999.0 -9999.0 -99.000 -99.000 -99.000 -99.000 -99.000 -9999.0 -9999.0 -9999.0 -9999.0 -9999.0
63829 20040122  1.101  -84.45   31.19    15.7    -2.7     6.5     5.7     0.0    16.21 R -9999.0 -9999.0     6.4 -9999.0 -9999.0 -9999.0 -99.000 -99.000 -99.000 -99.000 -99.000 -9999.0 -9999.0 -9999.0 -9999.0 -9999.0
63829 20040123  1.101  -84.45   31.19    14.3     0.1     7.2     5.3     0.0    12.36 R -9999.0 -9999.0     5.2 -9999.0 -9999.0 -9999.0 -99.000 -99.000 -99.000 -99.000 -99.000 -9999.0 -9999.0 -9999.0 -9999.0 -9999.0
63829 20040124  1.101  -84.45   31.19    19.6     0.2     9.9    10.4     0.0    11.62 R -9999.0 -9999.0    10.4 -9999.0 -9999.0 -9999.0 -99.000 -99.000 -99.000 -99.000 -99.000 -9999.0 -9999.0 -9999.0 -9999.0 -9999.0
63829 20040125  1.101  -84.45   31.19    24.6    11.4    18.0    17.4     0.0    12.13 R -9999.0 -9999.0    16.7 -9999.0 -9999.0 -9999.0 -99.000 -99.000 -99.000 -99.000 -99.000 -9999.0 -9999.0 -9999.0 -9999.0 -9999.0
63829 20040126  1.101  -84.45   31.19    21.1     7.5    14.3    15.1    69.6     1.06 R -9999.0 -9999.0    15.1 -9999.0 -9999.0 -9999.0 -99.000 -99.000 -99.000 -99.000 -99.000 -9999.0 -9999.0 -9999.0 -9999.0 -9999.0
63829 20040127  1.101  -84.45   31.19    14.4     3.0     8.7     9.1     0.0    15.34 R -9999.0 -9999.0    10.9 -9999.0 -9999.0 -9999.0 -99.000 -99.000 -99.000 -99.000 -99.000 -9999.0 -9999.0 -9999.0 -9999.0 -9999.0
63829 20040128  1.101  -84.45   31.19     9.7    -2.2     3.8     2.2     0.0    17.78 R -9999.0 -9999.0     4.9 -9999.0 -9999.0 -9999.0 -99.000 -99.000 -99.000 -99.000 -99.000 -9999.0 -9999.0 -9999.0 -9999.0 -9999.0
63829 20040129  1.101  -84.45   31.19    13.3    -4.2     4.6     3.5     0.0    15.73 R -9999.0 -9999.0     5.7 -9999.0 -9999.0 -9999.0 -99.000 -99.000 -99.000 -99.000 -99.000 -9999.0 -9999.0 -9999.0 -9999.0 -9999.0
63829 20040130  1.101  -84.45   31.19    14.4     1.9     8.2     8.4     0.0     6.38 R -9999.0 -9999.0     9.3 -9999.0 -9999.0 -9999.0 -99.000 -99.000 -99.000 -99.000 -99.000 -9999.0 -9999.0 -9999.0 -9999.0 -9999.0
63829 20040131  1.101  -84.45   31.19    14.3     4.0     9.2     9.3     0.0    10.89 R -9999.0 -9999.0     9.8 -9999.0 -9999.0 -9999.0 -99.000 -99.000 -99.000 -99.000 -99.000 -9999.0 -9999.0 -9999.0 -9999.0 -9999.0
63829 20040201  1.101  -84.45   31.19     9.5     3.2     6.4     6.6     6.9     3.58 R -9999.0 -9999.0     7.6 -9999.0 -9999.0 -9999.0 -99.000 -99.000 -99.000 -99.000 -99.000 -9999.0 -9999.0 -9999.0 -9999.0 -9999.0
63829 20040202  1.101  -84.45   31.19     8.1     4.5     6.3     6.8     3.0     3.78 R -9999.0 -9999.0     8.4 -9999.0 -9999.0 -9999.0 -99.000 -99.000 -99.000 -99.000 -99.000 -9999.0 -9999.0 -9999.0 -9999.0 -9999.0
63829 20040203  1.101  -84.45   31.19    14.9     3.4     9.2     8.9     0.0    13.04 R -9999.0 -9999.0    10.6 -9999.0 -9999.0 -9999.0 -99.000 -99.000 -99.000 -99.000 -99.000 -9999.0 -9999.0 -9999.0 -9999.0 -9999.0
63829 20040204  1.101  -84.45   31.19    15.2     1.1     8.2     8.0     0.0    15.54 R -9999.0 -9999.0     9.3 -9999.0 -9999.0 -9999.0 -99.000 -99.000 -99.000 -99.000 -99.000 -9999.0 -9999.0 -9999.0 -9999.0 -9999.0
63829 20040205  1.101  -84.45   31.19    25.0     8.5    16.8    15.9     0.0     7.96 R -9999.0 -9999.0    14.8 -9999.0 -9999.0 -9999.0 -99.000 -99.000 -99.000 -99.000 -99.000 -9999.0 -9999.0 -9999.0 -9999.0 -9999.0
63829 20040206  1.101  -84.45   31.19    20.3    10.9    15.6    18.0    54.2     1.16 R -9999.0 -9999.0    16.6 -9999.0 -9999.0 -9999.0 -99.000 -99.000 -99.000 -99.000 -99.000 -9999.0 -9999.0 -9999.0 -9999.0 -9999.0
63829 20040207  1.101  -84.45   31.19    11.5     1.5     6.5     6.9     0.0    17.98 R -9999.0 -9999.0     9.0 -9999.0 -9999.0 -9999.0 -99.000 -99.000 -99.000 -99.000 -99.000 -9999.0 -9999.0 -9999.0 -9999.0 -9999.0
63829 20040208  1.101  -84.45   31.19     9.2    -3.5     2.9     3.5     0.0    16.10 R -9999.0 -9999.0     5.8 -9999.0 -9999.0 -9999.0 -99.000 -99.000 -99.000 -99.000 -99.000 -9999.0 -9999.0 -9999.0 -9999.0 -9999.0
63829 20040209  1.101  -84.45   31.19    13.6     2.2     7.9     7.3     0.0     7.47 R -9999.0 -9999.0     8.8 -9999.0 -9999.0 -9999.0 -99.000 -99.000 -99.000 -99.000 -99.000 -9999.0 -9999.0 -9999.0 -9999.0 -9999.0
63829 20040210  1.101  -84.45   31.19    14.9     5.5    10.2    10.6     1.5     4.76 R -9999.0 -9999.0    11.5 -9999.0 -9999.0 -9999.0 -99.000 -99.000 -99.000 -99.000 -99.000 -9999.0 -9999.0 -9999.0 -9999.0 -9999.0
63829 20040211  1.101  -84.45   31.19    13.5    10.0    11.8    11.4     8.5     4.21 R -9999.0 -9999.0    12.2 -9999.0 -9999.0 -9999.0 -99.000 -99.000 -99.000 -99.000 -99.000 -9999.0 -9999.0 -9999.0 -9999.0 -9999.0
63829 20040212  1.101  -84.45   31.19    16.5     8.4    12.5    11.7    26.1     2.12 R -9999.0 -9999.0    12.7 -9999.0 -9999.0 -9999.0 -99.000 -99.000 -99.000 -99.000 -99.000 -9999.0 -9999.0 -9999.0 -9999.0 -9999.0
63829 20040213  1.101  -84.45   31.19    12.6     7.3    10.0     9.3     2.4     8.13 R -9999.0 -9999.0    11.8 -9999.0 -9999.0 -9999.0 -99.000 -99.000 -99.000 -99.000 -99.000 -9999.0 -9999.0 -9999.0 -9999.0 -9999.0
63829 20040214  1.101  -84.45   31.19     9.7     8.2     9.0     9.2    37.0     1.54 R -9999.0 -9999.0    10.4 -9999.0 -9999.0 -9999.0 -99.000 -99.000 -99.000 -99.000 -99.000 -9999.0 -9999.0 -9999.0 -9999.0 -9999.0
63829 20040215  1.101  -84.45   31.19    11.1     6.6     8.9     8.6     0.0    11.27 R -9999.0 -9999.0    10.7 -9999.0 -9999.0 -9999.0 -99.000 -99.000 -99.000 -99.000 -99.000 -9999.0 -9999.0 -9999.0 -9999.0 -9999.0
63829 20040216  1.101  -84.45   31.19     7.1     5.8     6.5     6.5     0.0     2.90 R -9999.0 -9999.0     8.3 -9999.0 -9999.0 -9999.0 -99.000 -99.000 -99.000 -99.000 -99.000 -9999.0 -9999.0 -9999.0 -9999.0 -9999.0
63829 20040217  1.101  -84.45   31.19    10.8     4.9     7.9     7.1     0.0     9.35 R -9999.0 -9999.0     9.5 -9999.0 -9999.0 -9999.0 -99.000 -99.000 -99.000 -99.000 -99.000 -9999.0 -9999.0 -9999.0 -9999.0 -9999.0
63829 20040218  1.101  -84.45   31.19    15.2     1.0     8.1     7.4     0.0    19.98 R -9999.0 -9999.0     9.2 -9999.0 -9999.0 -9999.0 -99.000 -99.000 -99.000 -99.000 -99.000 -9999.0 -9999.0 -9999.0 -9999.0 -9999.0
63829 20040219  1.101  -84.45   31.19    17.8    -1.7     8.1     8.3     0.0    20.22 R -9999.0 -9999.0     9.5 -9999.0 -9999.0 -9999.0 -99.000 -99.000 -99.000 -99.000 -99.000 -9999.0 -9999.0 -9999.0 -9999.0 -9999.0
63829 20040220  1.101  -84.45   31.19    19.5     3.0    11.3    12.6     0.0    10.21 R -9999.0 -9999.0    12.7 -9999.0 -9999.0 -9999.0 -99.000 -99.000 -99.000 -99.000 -99.000 -9999.0 -9999.0 -9999.0 -9999.0 -9999.0
63829 20040221  1.101  -84.45   31.19    22.0     8.6    15.3    16.7     0.0    18.34 R -9999.0 -9999.0    16.6 -9999.0 -9999.0 -9999.0 -99.000 -99.000 -99.000 -99.000 -99.000 -9999.0 -9999.0 -9999.0 -9999.0 -9999.0
63829 20040222  1.101  -84.45   31.19    19.3     1.6    10.5    10.4     0.0    18.71 R -9999.0 -9999.0    11.8 -9999.0 -9999.0 -9999.0 -99.000 -99.000 -99.000 -99.000 -99.000 -9999.0 -9999.0 -9999.0 -9999.0 -9999.0
63829 20040223  1.101  -84.45   31.19    19.5     2.4    11.0     9.8    13.5     3.90 R -9999.0 -9999.0    10.0 -9999.0 -9999.0 -9999.0 -99.000 -99.000 -99.000 -99.000 -99.000 -9999.0 -9999.0 -9999.0 -9999.0 -9999.0
63829 20040224  1.101  -84.45   31.19    17.6    11.7    14.7    14.0     8.8     4.93 R -9999.0 -9999.0    14.5 -9999.0 -9999.0 -9999.0 -99.000 -99.000 -99.000 -99.000 -99.000 -9999.0 -9999.0 -9999.0 -9999.0 -9999.0
63829 20040225  1.101  -84.45   31.19    13.5     5.4     9.5    10.3     3.1     1.91 R -9999.0 -9999.0    11.1 -9999.0 -9999.0 -9999.0 -99.000 -99.000 -99.000 -99.000 -99.000 -9999.0 -9999.0 -9999.0 -9999.0 -9999.0
63829 20040226  1.101  -84.45   31.19     5.7     2.8     4.3     4.7     3.5     2.15 R -9999.0 -9999.0     6.5 -9999.0 -9999.0 -9999.0 -99.000 -99.000 -99.000 -99.000 -99.000 -9999.0 -9999.0 -9999.0 -9999.0 -9999.0
63829 20040227  1.101  -84.45   31.19    10.3     2.6     6.5     5.1     0.0     8.76 R -9999.0 -9999.0     7.4 -9999.0 -9999.0 -9999.0 -99.000 -99.000 -99.000 -99.000 -99.000 -9999.0 -9999.0 -9999.0 -9999.0 -9999.0
63829 20040228  1.101  -84.45   31.19    16.5    -0.2     8.2     7.7     0.0    21.51 R -9999.0 -9999.0     9.5 -9999.0 -9999.0 -9999.0 -99.000 -99.000 -99.000 -99.000 -99.000 -9999.0 -9999.0 -9999.0 -9999.0 -9999.0
63829 20040229  1.101  -84.45   31.19    21.8     2.1    12.0    11.9     0.0    19.60 R -9999.0 -9999.0    12.5 -9999.0 -9999.0 -9999.0 -99.000 -99.000 -99.000 -99.000 -99.000 -9999.0 -9999.0 -9999.0 -9999.0 -9999.0
63829 20040301  1.101  -84.45   31.19    24.2    12.6    18.4    17.7     0.0    12.86 R -9999.0 -9999.0    16.6 -9999.0 -9999.0 -9999.0 -99.000 -99.000 -99.000 -99.000 -99.000 -9999.0 -9999.0 -9999.0 -9999.0 -9999.0
63829 20040302  1.101  -84.45   31.19    25.8     9.7    17.8    17.8     0.0    14.92 R -9999.0 -9999.0    17.2 -9999.0 -9999.0 -9999.0 -99.000 -99.000 -99.000 -99.000 -99.000 -9999.0 -9999.0 -9999.0 -9999.0 -9999.0
63829 20040303  1.101  -84.45   31.19    26.1    10.6    18.4    18.0     0.0    13.76 R -9999.0 -9999.0    18.0 -9999.0 -9999.0 -9999.0 -99.000 -99.000 -99.000 -99.000 -99.000 -9999.0 -9999.0 -9999.0 -9999.0 -9999.0
63829 20040304  1.101  -84.45   31.19    26.1    12.4    19.3    19.2     0.0    13.17 R -9999.0 -9999.0    18.9 -9999.0 -9999.0 -9999.0 -99.000 -99.000 -99.000 -99.000 -99.000 -9999.0 -9999.0 -9999.0 -9999.0 -9999.0
63829 20040305  1.101  -84.45   31.19    24.8    15.8    20.3    20.4     0.0    10.66 R -9999.0 -9999.0    20.3 -9999.0 -9999.0 -9999.0 -99.000 -99.000 -99.000 -99.000 -99.000 -9999.0 -9999.0 -9999.0 -9999.0 -9999.0
63829 20040306  1.101  -84.45   31.19    23.1    14.1    18.6    19.2     2.2    10.67 R -9999.0 -9999.0    19.5 -9999.0 -9999.0 -9999.0 -99.000 -99.000 -99.000 -99.000 -99.000 -9999.0 -9999.0 -9999.0 -9999.0 -9999.0
63829 20040307  1.101  -84.45   31.19    25.0    10.1    17.6    17.9     0.0    18.23 R -9999.0 -9999.0    18.0 -9999.0 -9999.0 -9999.0 -99.000 -99.000 -99.000 -99.000 -99.000 -9999.0 -9999.0 -9999.0 -9999.0 -9999.0
63829 20040308  1.101  -84.45   31.19    18.1     5.1    11.6    12.7     0.0    22.59 R -9999.0 -9999.0    13.5 -9999.0 -9999.0 -9999.0 -99.000 -99.000 -99.000 -99.000 -99.000 -9999.0 -9999.0 -9999.0 -9999.0 -9999.0
63829 20040309  1.101  -84.45   31.19    20.8     2.3    11.6    12.4     0.0    12.73 R -9999.0 -9999.0    12.5 -9999.0 -9999.0 -9999.0 -99.000 -99.000 -99.000 -99.000 -99.000 -9999.0 -9999.0 -9999.0 -9999.0 -9999.0
63829 20040310  1.101  -84.45   31.19    15.6     3.5     9.6     9.1     0.0    21.42 R -9999.0 -9999.0    11.6 -9999.0 -9999.0 -9999.0 -99.000 -99.000 -99.000 -99.000 -99.000 -9999.0 -9999.0 -9999.0 -9999.0 -9999.0
63829 20040311  1.101  -84.45   31.19    19.2     0.6     9.9    10.3     0.0    21.57 R -9999.0 -9999.0    12.8 -9999.0 -9999.0 -9999.0 -99.000 -99.000 -99.000 -99.000 -99.000 -9999.0 -9999.0 -9999.0 -9999.0 -9999.0
63829 20040312  1.101  -84.45   31.19    23.4     5.5    14.5    14.4     0.0    21.35 R -9999.0 -9999.0    15.8 -9999.0 -9999.0 -9999.0 -99.000 -99.000 -99.000 -99.000 -99.000 -9999.0 -9999.0 -9999.0 -9999.0 -9999.0
63829 20040313  1.101  -84.45   31.19    22.5     5.1    13.8    14.1     0.0    18.45 R -9999.0 -9999.0    15.2 -9999.0 -9999.0 -9999.0 -99.000 -99.000 -99.000 -99.000 -99.000 -9999.0 -9999.0 -9999.0 -9999.0 -9999.0
63829 20040314  1.101  -84.45   31.19    25.3     9.7    17.5    17.4     0.0    17.88 R -9999.0 -9999.0    18.5 -9999.0 -9999.0 -9999.0 -99.000 -99.000 -99.000 -99.000 -99.000 -9999.0 -9999.0 -9999.0 -9999.0 -9999.0
63829 20040315  1.101  -84.45   31.19    23.6    12.0    17.8    18.2     0.0     9.69 R -9999.0 -9999.0    19.1 -9999.0 -9999.0 -9999.0 -99.000 -99.000 -99.000 -99.000 -99.000 -9999.0 -9999.0 -9999.0 -9999.0 -9999.0
63829 20040316  1.101  -84.45   31.19    23.3    16.4    19.9    18.8     5.0     9.02 R -9999.0 -9999.0    18.7 -9999.0 -9999.0 -9999.0 -99.000 -99.000 -99.000 -99.000 -99.000 -9999.0 -9999.0 -9999.0 -9999.0 -9999.0
63829 20040317  1.101  -84.45   31.19    22.4     8.0    15.2    15.1     0.0    22.55 R -9999.0 -9999.0    16.1 -9999.0 -9999.0 -9999.0 -99.000 -99.000 -99.000 -99.000 -99.000 -9999.0 -9999.0 -9999.0 -9999.0 -9999.0
63829 20040318  1.101  -84.45   31.19    26.2     6.6    16.4    17.1     0.0    22.01 R -9999.0 -9999.0    17.9 -9999.0 -9999.0 -9999.0 -99.000 -99.000 -99.000 -99.000 -99.000 -9999.0 -9999.0 -9999.0 -9999.0 -9999.0
63829 20040319  1.101  -84.45   31.19    28.5     9.4    19.0    18.9     0.0    21.98 R -9999.0 -9999.0    20.5 -9999.0 -9999.0 -9999.0 -99.000 -99.000 -99.000 -99.000 -99.000 -9999.0 -9999.0 -9999.0 -9999.0 -9999.0
63829 20040320  1.101  -84.45   31.19    29.0    10.0    19.5    20.0     0.0    20.73 R -9999.0 -9999.0    21.6 -9999.0 -9999.0 -9999.0 -99.000 -99.000 -99.000 -99.000 -99.000 -9999.0 -9999.0 -9999.0 -9999.0 -9999.0
63829 20040321  1.101  -84.45   31.19    26.2    11.1    18.7    18.9     0.0    21.20 R -9999.0 -9999.0    20.3 -9999.0 -9999.0 -9999.0 -99.000 -99.000 -99.000 -99.000 -99.000 -9999.0 -9999.0 -9999.0 -9999.0 -9999.0
63829 20040322  1.101  -84.45   31.19    16.0     4.9    10.5     9.7     0.0    23.91 R -9999.0 -9999.0    13.8 -9999.0 -9999.0 -9999.0 -99.000 -99.000 -99.000 -99.000 -99.000 -9999.0 -9999.0 -9999.0 -9999.0 -9999.0
63829 20040323  1.101  -84.45   31.19    18.1     3.0    10.6    10.5     0.0    24.00 R -9999.0 -9999.0    14.2 -9999.0 -9999.0 -9999.0 -99.000 -99.000 -99.000 -99.000 -99.000 -9999.0 -9999.0 -9999.0 -9999.0 -9999.0
63829 20040324  1.101  -84.45   31.19    23.4     6.9    15.2    15.2     0.0    22.55 R -9999.0 -9999.0    18.2 -9999.0 -9999.0 -9999.0 -99.000 -99.000 -99.000 -99.000 -99.000 -9999.0 -9999.0 -9999.0 -9999.0 -9999.0
63829 20040325  1.101  -84.45   31.19    25.6    10.5    18.1    18.5     0.0    19.61 R -9999.0 -9999.0    20.5 -9999.0 -9999.0 -9999.0 -99.000 -99.000 -99.000 -99.000 -99.000 -9999.0 -9999.0 -9999.0 -9999.0 -9999.0
63829 20040326  1.101  -84.45   31.19    26.7    10.6    18.7    19.2     0.0    18.14 R -9999.0 -9999.0    20.9 -9999.0 -9999.0 -9999.0 -99.000 -99.000 -99.000 -99.000 -99.000 -9999.0 -9999.0 -9999.0 -9999.0 -9999.0
63829 20040327  1.101  -84.45   31.19    26.2    10.3    18.3    18.7     0.0    18.19 R -9999.0 -9999.0    21.2 -9999.0 -9999.0 -9999.0 -99.000 -99.000 -99.000 -99.000 -99.000 -9999.0 -9999.0 -9999.0 -9999.0 -9999.0
63829 20040328  1.101  -84.45   31.19    28.1    12.2    20.2    19.9     0.0    20.51 R -9999.0 -9999.0    23.0 -9999.0 -9999.0 -9999.0 -99.000 -99.000 -99.000 -99.000 -99.000 -9999.0 -9999.0 -9999.0 -9999.0 -9999.0
63829 20040329  1.101  -84.45   31.19    25.5    13.1    19.3    19.3     0.0    17.27 R -9999.0 -9999.0    22.1 -9999.0 -9999.0 -9999.0 -99.000 -99.000 -99.000 -99.000 -99.000 -9999.0 -9999.0 -9999.0 -9999.0 -9999.0
63829 20040330  1.101  -84.45   31.19    20.1    12.8    16.5    16.9    10.2    12.10 R -9999.0 -9999.0    18.8 -9999.0 -9999.0 -9999.0 -99.000 -99.000 -99.000 -99.000 -99.000 -9999.0 -9999.0 -9999.0 -9999.0 -9999.0
63829 20040331  1.101  -84.45   31.19    20.7     8.2    14.5    14.4     0.0    22.08 R -9999.0 -9999.0    17.8 -9999.0 -9999.0 -9999.0 -99.000 -99.000 -99.000 -99.000 -99.000 -9999.0 -9999.0 -9999.0 -9999.0 -9999.0
63829 20040401  1.101  -84.45   31.19    18.4     3.3    10.9    10.9     0.0    24.20 R -9999.0 -9999.0    14.9 -9999.0 -9999.0 -9999.0 -99.000 -99.000 -99.000 -99.000 -99.000 -9999.0 -9999.0 -9999.0 -9999.0 -9999.0
63829 20040402  1.101  -84.45   31.19    20.6     2.9    11.8    12.7     0.0    25.21 R -9999.0 -9999.0    16.4 -9999.0 -9999.0 -9999.0 -99.000 -99.000 -99.000 -99.000 -99.000 -9999.0 -9999.0 -9999.0 -9999.0 -9999.0
63829 20040403  1.101  -84.45   31.19    22.7     4.6    13.7    14.5     0.0    25.38 R -9999.0 -9999.0    17.8 -9999.0 -9999.0 -9999.0 -99.000 -99.000 -99.000 -99.000 -99.000 -9999.0 -9999.0 -9999.0 -9999.0 -9999.0
63829 20040404  1.101  -84.45   31.19    24.4     7.1    15.8    16.4     0.0    25.36 R -9999.0 -9999.0    18.6 -9999.0 -9999.0 -9999.0 -99.000 -99.000 -99.000 -99.000 -99.000 -9999.0 -9999.0 -9999.0 -9999.0 -9999.0
63829 20040405  1.101  -84.45   31.19    22.7     3.7    13.2    14.0     0.0    25.25 R -9999.0 -9999.0    18.4 -9999.0 -9999.0 -9999.0 -99.000 -99.000 -99.000 -99.000 -99.000 -9999.0 -9999.0 -9999.0 -9999.0 -9999.0
63829 20040406  1.101  -84.45   31.19    26.5     4.1    15.3    16.2     0.0    25.21 R -9999.0 -9999.0    20.3 -9999.0 -9999.0 -9999.0 -99.000 -99.000 -99.000 -99.000 -99.000 -9999.0 -9999.0 -9999.0 -9999.0 -9999.0
63829 20040407  1.101  -84.45   31.19    23.7     6.5    15.1    15.7     0.0    13.36 R -9999.0 -9999.0    18.6 -9999.0 -9999.0 -9999.0 -99.000 -99.000 -99.000 -99.000 -99.000 -9999.0 -9999.0 -9999.0 -9999.0 -9999.0
63829 20040408  1.101  -84.45   31.19    25.6    14.7    20.2    19.8    13.2    13.72 R -9999.0 -9999.0    21.0 -9999.0 -9999.0 -9999.0 -99.000 -99.000 -99.000 -99.000 -99.000 -9999.0 -9999.0 -9999.0 -9999.0 -9999.0
63829 20040409  1.101  -84.45   31.19    26.8    12.2    19.5    19.3     0.0    20.32 R -9999.0 -9999.0    21.9 -9999.0 -9999.0 -9999.0 -99.000 -99.000 -99.000 -99.000 -99.000 -9999.0 -9999.0 -9999.0 -9999.0 -9999.0
63829 20040410  1.101  -84.45   31.19    29.1    10.5    19.8    20.1     0.0    24.81 R -9999.0 -9999.0    23.0 -9999.0 -9999.0 -9999.0 -99.000 -99.000 -99.000 -99.000 -99.000 -9999.0 -9999.0 -9999.0 -9999.0 -9999.0
63829 20040411  1.101  -84.45   31.19    22.6    12.5    17.6    18.3     0.0     8.16 R -9999.0 -9999.0    19.5 -9999.0 -9999.0 -9999.0 -99.000 -99.000 -99.000 -99.000 -99.000 -9999.0 -9999.0 -9999.0 -9999.0 -9999.0
63829 20040412  1.101  -84.45   31.19    26.4    15.5    21.0    21.1     2.9    16.04 R -9999.0 -9999.0    23.5 -9999.0 -9999.0 -9999.0 -99.000 -99.000 -99.000 -99.000 -99.000 -9999.0 -9999.0 -9999.0 -9999.0 -9999.0
63829 20040413  1.101  -84.45   31.19    18.2     6.0    12.1    12.6     7.5     7.33 R -9999.0 -9999.0    14.5 -9999.0 -9999.0 -9999.0 -99.000 -99.000 -99.000 -99.000 -99.000 -9999.0 -9999.0 -9999.0 -9999.0 -9999.0
63829 20040414  1.101  -84.45   31.19    18.0     4.4    11.2    11.2     0.0    25.62 R -9999.0 -9999.0    14.6 -9999.0 -9999.0 -9999.0 -99.000 -99.000 -99.000 -99.000 -99.000 -9999.0 -9999.0 -9999.0 -9999.0 -9999.0
63829 20040415  1.101  -84.45   31.19    22.2     4.4    13.3    13.1     0.0    24.28 R -9999.0 -9999.0    16.9 -9999.0 -9999.0 -9999.0 -99.000 -99.000 -99.000 -99.000 -99.000 -9999.0 -9999.0 -9999.0 -9999.0 -9999.0
63829 20040416  1.101  -84.45   31.19    26.0     4.7    15.4    16.2     0.0    25.19 R -9999.0 -9999.0    19.9 -9999.0 -9999.0 -9999.0 -99.000 -99.000 -99.000 -99.000 -99.000 -9999.0 -9999.0 -9999.0 -9999.0 -9999.0
63829 20040417  1.101  -84.45   31.19    27.0     8.3    17.7    18.3     0.0    24.54 R -9999.0 -9999.0    21.9 -9999.0 -9999.0 -9999.0 -99.000 -99.000 -99.000 -99.000 -99.000 -9999.0 -9999.0 -9999.0 -9999.0 -9999.0
63829 20040418  1.101  -84.45   31.19    27.6    10.8    19.2    19.3     0.0    24.90 R -9999.0 -9999.0    23.4 -9999.0 -9999.0 -9999.0 -99.000 -99.000 -99.000 -99.000 -99.000 -9999.0 -9999.0 -9999.0 -9999.0 -9999.0
63829 20040419  1.101  -84.45   31.19    28.0    12.0    20.0    20.4     0.0    22.63 R -9999.0 -9999.0    24.3 -9999.0 -9999.0 -9999.0 -99.000 -99.000 -99.000 -99.000 -99.000 -9999.0 -9999.0 -9999.0 -9999.0 -9999.0
63829 20040420  1.101  -84.45   31.19    26.9    13.4    20.2    20.3     0.0    20.68 R -9999.0 -9999.0    24.0 -9999.0 -9999.0 -9999.0 -99.000 -99.000 -99.000 -99.000 -99.000 -9999.0 -9999.0 -9999.0 -9999.0 -9999.0
63829 20040421  1.101  -84.45   31.19    26.8    12.1    19.5    19.6     0.0    19.58 R -9999.0 -9999.0    22.8 -9999.0 -9999.0 -9999.0 -99.000 -99.000 -99.000 -99.000 -99.000 -9999.0 -9999.0 -9999.0 -9999.0 -9999.0
63829 20040422  1.101  -84.45   31.19    28.5    11.6    20.1    20.7     0.0    23.71 R -9999.0 -9999.0    25.1 -9999.0 -9999.0 -9999.0 -99.000 -99.000 -99.000 -99.000 -99.000 -9999.0 -9999.0 -9999.0 -9999.0 -9999.0
63829 20040423  1.101  -84.45   31.19    30.2    11.0    20.6    21.6     0.0    25.07 R -9999.0 -9999.0    26.9 -9999.0 -9999.0 -9999.0 -99.000 -99.000 -99.000 -99.000 -99.000 -9999.0 -9999.0 -9999.0 -9999.0 -9999.0
63829 20040424  1.101  -84.45   31.19    30.4    13.5    22.0    22.2     0.0    22.70 R -9999.0 -9999.0    27.4 -9999.0 -9999.0 -9999.0 -99.000 -99.000 -99.000 -99.000 -99.000 -9999.0 -9999.0 -9999.0 -9999.0 -9999.0
63829 20040425  1.101  -84.45   31.19    30.7    16.4    23.6    23.6     0.0    23.71 R -9999.0 -9999.0    29.1 -9999.0 -9999.0 -9999.0 -99.000 -99.000 -99.000 -99.000 -99.000 -9999.0 -9999.0 -9999.0 -9999.0 -9999.0
63829 20040426  1.101  -84.45   31.19    23.0    16.0    19.5    19.8    21.8     5.28 R -9999.0 -9999.0    21.2 -9999.0 -9999.0 -9999.0 -99.000 -99.000 -99.000 -99.000 -99.000 -9999.0 -9999.0 -9999.0 -9999.0 -9999.0
63829 20040427  1.101  -84.45   31.19    24.7    12.0    18.4    18.5     0.0    26.30 R -9999.0 -9999.0    22.3 -9999.0 -9999.0 -9999.0 -99.000 -99.000 -99.000 -99.000 -99.000 -9999.0 -9999.0 -9999.0 -9999.0 -9999.0
63829 20040428  1.101  -84.45   31.19    25.2     6.8    16.0    17.2     0.0    26.87 R -9999.0 -9999.0    22.1 -9999.0 -9999.0 -9999.0 -99.000 -99.000 -99.000 -99.000 -99.000 -9999.0 -9999.0 -9999.0 -9999.0 -9999.0
63829 20040429  1.101  -84.45   31.19    28.3    15.0    21.7    22.1     1.7    23.34 R -9999.0 -9999.0    25.6 -9999.0 -9999.0 -9999.0 -99.000 -99.000 -99.000 -99.000 -99.000 -9999.0 -9999.0 -9999.0 -9999.0 -9999.0
63829 20040430  1.101  -84.45   31.19    26.1    17.6    21.9    21.0    56.9    14.05 R -9999.0 -9999.0    23.9 -9999.0 -9999.0 -9999.0 -99.000 -99.000 -99.000 -99.000 -99.000 -9999.0 -9999.0 -9999.0 -9999.0 -9999.0
63829 20040501  1.101  -84.45   31.19    27.7    18.9    23.3    22.4    11.5    17.97 R -9999.0 -9999.0    25.4 -9999.0 -9999.0 -9999.0 -99.000 -99.000 -99.000 -99.000 -99.000 -9999.0 -9999.0 -9999.0 -9999.0 -9999.0
63829 20040502  1.101  -84.45   31.19    25.9    17.1    21.5    22.1     0.0    10.24 R -9999.0 -9999.0    23.8 -9999.0 -9999.0 -9999.0 -99.000 -99.000 -99.000 -99.000 -99.000 -9999.0 -9999.0 -9999.0 -9999.0 -9999.0
63829 20040503  1.101  -84.45   31.19    22.8    12.4    17.6    17.2     0.0    27.18 R -9999.0 -9999.0    21.6 -9999.0 -9999.0 -9999.0 -99.000 -99.000 -99.000 -99.000 -99.000 -9999.0 -9999.0 -9999.0 -9999.0 -9999.0
63829 20040504  1.101  -84.45   31.19    21.6     7.6    14.6    14.8     0.0    26.90 R -9999.0 -9999.0    20.2 -9999.0 -9999.0 -9999.0 -99.000 -99.000 -99.000 -99.000 -99.000 -9999.0 -9999.0 -9999.0 -9999.0 -9999.0
63829 20040505  1.101  -84.45   31.19    27.1     9.7    18.4    18.6     0.0    27.13 R -9999.0 -9999.0    23.4 -9999.0 -9999.0 -9999.0 -99.000 -99.000 -99.000 -99.000 -99.000 -9999.0 -9999.0 -9999.0 -9999.0 -9999.0
63829 20040506  1.101  -84.45   31.19    30.3    13.4    21.9    22.1     0.0    26.80 R -9999.0 -9999.0    26.0 -9999.0 -9999.0 -9999.0 -99.000 -99.000 -99.000 -99.000 -99.000 -9999.0 -9999.0 -9999.0 -9999.0 -9999.0
63829 20040507  1.101  -84.45   31.19    31.9    14.5    23.2    23.4     0.0    27.01 R -9999.0 -9999.0    26.8 -9999.0 -9999.0 -9999.0 -99.000 -99.000 -99.000 -99.000 -99.000 -9999.0 -9999.0 -9999.0 -9999.0 -9999.0
63829 20040508  1.101  -84.45   31.19    32.1    14.7    23.4    24.1     0.0    25.90 R -9999.0 -9999.0    27.5 -9999.0 -9999.0 -9999.0 -99.000 -99.000 -99.000 -99.000 -99.000 -9999.0 -9999.0 -9999.0 -9999.0 -9999.0
63829 20040509  1.101  -84.45   31.19    30.7    16.4    23.6    24.1     0.0    23.54 R -9999.0 -9999.0    27.8 -9999.0 -9999.0 -9999.0 -99.000 -99.000 -99.000 -99.000 -99.000 -9999.0 -9999.0 -9999.0 -9999.0 -9999.0
63829 20040510  1.101  -84.45   31.19    29.5    18.1    23.8    23.2     0.0    20.36 R -9999.0 -9999.0    27.0 -9999.0 -9999.0 -9999.0 -99.000 -99.000 -99.000 -99.000 -99.000 -9999.0 -9999.0 -9999.0 -9999.0 -9999.0
63829 20040511  1.101  -84.45   31.19    29.6    18.6    24.1    23.6     0.0    18.77 R -9999.0 -9999.0    27.5 -9999.0 -9999.0 -9999.0 -99.000 -99.000 -99.000 -99.000 -99.000 -9999.0 -9999.0 -9999.0 -9999.0 -9999.0
63829 20040512  1.101  -84.45   31.19    27.7    18.3    23.0    22.6     0.0    14.09 R -9999.0 -9999.0    25.4 -9999.0 -9999.0 -9999.0 -99.000 -99.000 -99.000 -99.000 -99.000 -9999.0 -9999.0 -9999.0 -9999.0 -9999.0
63829 20040513  1.101  -84.45   31.19    29.8    18.6    24.2    23.7     0.0    19.42 R -9999.0 -9999.0    27.0 -9999.0 -9999.0 -9999.0 -99.000 -99.000 -99.000 -99.000 -99.000 -9999.0 -9999.0 -9999.0 -9999.0 -9999.0
63829 20040514  1.101  -84.45   31.19    30.5    18.5    24.5    24.4     0.0    24.31 R -9999.0 -9999.0    28.5 -9999.0 -9999.0 -9999.0 -99.000 -99.000 -99.000 -99.000 -99.000 -9999.0 -9999.0 -9999.0 -9999.0 -9999.0
63829 20040515  1.101  -84.45   31.19    29.4    17.0    23.2    23.8     0.0    20.69 R -9999.0 -9999.0    27.6 -9999.0 -9999.0 -9999.0 -99.000 -99.000 -99.000 -99.000 -99.000 -9999.0 -9999.0 -9999.0 -9999.0 -9999.0
63829 20040516  1.101  -84.45   31.19    29.0    17.8    23.4    23.4     0.0    16.73 R -9999.0 -9999.0    27.0 -9999.0 -9999.0 -9999.0 -99.000 -99.000 -99.000 -99.000 -99.000 -9999.0 -9999.0 -9999.0 -9999.0 -9999.0
63829 20040517  1.101  -84.45   31.19    30.5    20.8    25.7    24.8     0.0    18.65 R -9999.0 -9999.0    28.7 -9999.0 -9999.0 -9999.0 -99.000 -99.000 -99.000 -99.000 -99.000 -9999.0 -9999.0 -9999.0 -9999.0 -9999.0
63829 20040518  1.101  -84.45   31.19    30.6    19.3    25.0    24.5     0.0    20.79 R -9999.0 -9999.0    29.7 -9999.0 -9999.0 -9999.0 -99.000 -99.000 -99.000 -99.000 -99.000 -9999.0 -9999.0 -9999.0 -9999.0 -9999.0
63829 20040519  1.101  -84.45   31.19    30.0    17.3    23.7    22.9     0.0    17.04 R -9999.0 -9999.0    27.7 -9999.0 -9999.0 -9999.0 -99.000 -99.000 -99.000 -99.000 -99.000 -9999.0 -9999.0 -9999.0 -9999.0 -9999.0
63829 20040520  1.101  -84.45   31.19    31.1    17.5    24.3    23.3     4.9    19.86 R -9999.0 -9999.0    28.7 -9999.0 -9999.0 -9999.0 -99.000 -99.000 -99.000 -99.000 -99.000 -9999.0 -9999.0 -9999.0 -9999.0 -9999.0
63829 20040521  1.101  -84.45   31.19    31.2    18.7    25.0    24.1     0.8    19.11 R -9999.0 -9999.0    28.0 -9999.0 -9999.0 -9999.0 -99.000 -99.000 -99.000 -99.000 -99.000 -9999.0 -9999.0 -9999.0 -9999.0 -9999.0
63829 20040522  1.101  -84.45   31.19    32.2    18.7    25.5    25.4     0.0    21.38 R -9999.0 -9999.0    29.3 -9999.0 -9999.0 -9999.0 -99.000 -99.000 -99.000 -99.000 -99.000 -9999.0 -9999.0 -9999.0 -9999.0 -9999.0
63829 20040523  1.101  -84.45   31.19    32.4    18.4    25.4    25.4     0.0    26.57 R -9999.0 -9999.0    31.0 -9999.0 -9999.0 -9999.0 -99.000 -99.000 -99.000 -99.000 -99.000 -9999.0 -9999.0 -9999.0 -9999.0 -9999.0
63829 20040524  1.101  -84.45   31.19    32.2    16.5    24.4    24.9     0.0    26.25 R -9999.0 -9999.0    31.1 -9999.0 -9999.0 -9999.0 -99.000 -99.000 -99.000 -99.000 -99.000 -9999.0 -9999.0 -9999.0 -9999.0 -9999.0
63829 20040525  1.101  -84.45   31.19    33.2    16.7    25.0    25.6     0.0    25.85 R -9999.0 -9999.0    31.8 -9999.0 -9999.0 -9999.0 -99.000 -99.000 -99.000 -99.000 -99.000 -9999.0 -9999.0 -9999.0 -9999.0 -9999.0
63829 20040526  1.101  -84.45   31.19    33.1    17.7    25.4    26.2     0.0    27.00 R -9999.0 -9999.0    32.3 -9999.0 -9999.0 -9999.0 -99.000 -99.000 -99.000 -99.000 -99.000 -9999.0 -9999.0 -9999.0 -9999.0 -9999.0
63829 20040527  1.101  -84.45   31.19    33.3    18.7    26.0    26.1     0.0    21.06 R -9999.0 -9999.0    31.4 -9999.0 -9999.0 -9999.0 -99.000 -99.000 -99.000 -99.000 -99.000 -9999.0 -9999.0 -9999.0 -9999.0 -9999.0
63829 20040528  1.101  -84.45   31.19    33.1    19.7    26.4    26.7     0.0    25.03 R -9999.0 -9999.0    33.0 -9999.0 -9999.0 -9999.0 -99.000 -99.000 -99.000 -99.000 -99.000 -9999.0 -9999.0 -9999.0 -9999.0 -9999.0
63829 20040529  1.101  -84.45   31.19    33.8    20.1    27.0    27.1     0.0    25.47 R -9999.0 -9999.0    34.0 -9999.0 -9999.0 -9999.0 -99.000 -99.000 -99.000 -99.000 -99.000 -9999.0 -9999.0 -9999.0 -9999.0 -9999.0
63829 20040530  1.101  -84.45   31.19    34.4    22.3    28.4    28.3     0.0    19.99 R -9999.0 -9999.0    34.0 -9999.0 -9999.0 -9999.0 -99.000 -99.000 -99.000 -99.000 -99.000 -9999.0 -9999.0 -9999.0 -9999.0 -9999.0
63829 20040531  1.101  -84.45   31.19    31.3    21.6    26.5    24.6    18.1    13.65 R -9999.0 -9999.0    28.0 -9999.0 -9999.0 -9999.0 -99.000 -99.000 -99.000 -99.000 -99.000 -9999.0 -9999.0 -9999.0 -9999.0 -9999.0
63829 20040601  1.101  -84.45   31.19    25.7    19.8    22.8    22.3    15.8     8.05 R -9999.0 -9999.0    24.9 -9999.0 -9999.0 -9999.0 -99.000 -99.000 -99.000 -99.000 -99.000 -9999.0 -9999.0 -9999.0 -9999.0 -9999.0
63829 20040602  1.101  -84.45   31.19    27.7    18.0    22.9    21.7     2.8    13.31 R -9999.0 -9999.0    25.5 -9999.0 -9999.0 -9999.0 -99.000 -99.000 -99.000 -99.000 -99.000 -9999.0 -9999.0 -9999.0 -9999.0 -9999.0
63829 20040603  1.101  -84.45   31.19    27.4    17.5    22.5    20.8    10.8    11.67 R -9999.0 -9999.0    24.4 -9999.0 -9999.0 -9999.0 -99.000 -99.000 -99.000 -99.000 -99.000 -9999.0 -9999.0 -9999.0 -9999.0 -9999.0
63829 20040604  1.101  -84.45   31.19    29.2    20.3    24.8    24.2     0.0    20.52 R -9999.0 -9999.0    28.2 -9999.0 -9999.0 -9999.0 -99.000 -99.000 -99.000 -99.000 -99.000 -9999.0 -9999.0 -9999.0 -9999.0 -9999.0
63829 20040605  1.101  -84.45   31.19    29.7    18.6    24.2    24.7     0.0    23.49 R -9999.0 -9999.0    28.8 -9999.0 -9999.0 -9999.0 -99.000 -99.000 -99.000 -99.000 -99.000 -9999.0 -9999.0 -9999.0 -9999.0 -9999.0
63829 20040606  1.101  -84.45   31.19    31.3    20.7    26.0    24.8     0.0    25.00 R -9999.0 -9999.0    29.4 -9999.0 -9999.0 -9999.0 -99.000 -99.000 -99.000 -99.000 -99.000 -9999.0 -9999.0 -9999.0 -9999.0 -9999.0
63829 20040607  1.101  -84.45   31.19    31.0    19.9    25.5    24.2     0.0    21.07 R -9999.0 -9999.0    28.6 -9999.0 -9999.0 -9999.0 -99.000 -99.000 -99.000 -99.000 -99.000 -9999.0 -9999.0 -9999.0 -9999.0 -9999.0
63829 20040608  1.101  -84.45   31.19    28.9    19.9    24.4    23.4    16.5    12.36 R -9999.0 -9999.0    26.4 -9999.0 -9999.0 -9999.0 -99.000 -99.000 -99.000 -99.000 -99.000 -9999.0 -9999.0 -9999.0 -9999.0 -9999.0
63829 20040609  1.101  -84.45   31.19    30.0    20.5    25.3    25.0     0.0    21.39 R -9999.0 -9999.0    28.9 -9999.0 -9999.0 -9999.0 -99.000 -99.000 -99.000 -99.000 -99.000 -9999.0 -9999.0 -9999.0 -9999.0 -9999.0
63829 20040610  1.101  -84.45   31.19    31.6    21.3    26.5    26.0     0.6    21.51 R -9999.0 -9999.0    30.1 -9999.0 -9999.0 -9999.0 -99.000 -99.000 -99.000 -99.000 -99.000 -9999.0 -9999.0 -9999.0 -9999.0 -9999.0
63829 20040611  1.101  -84.45   31.19    32.2    22.2    27.2    26.8     0.0    21.38 R -9999.0 -9999.0    30.8 -9999.0 -9999.0 -9999.0 -99.000 -99.000 -99.000 -99.000 -99.000 -9999.0 -9999.0 -9999.0 -9999.0 -9999.0
63829 20040612  1.101  -84.45   31.19    31.4    23.4    27.4    26.6     0.0    17.64 R -9999.0 -9999.0    30.5 -9999.0 -9999.0 -9999.0 -99.000 -99.000 -99.000 -99.000 -99.000 -9999.0 -9999.0 -9999.0 -9999.0 -9999.0
63829 20040613  1.101  -84.45   31.19    32.5    22.5    27.5    26.4    10.3    21.06 R -9999.0 -9999.0    30.9 -9999.0 -9999.0 -9999.0 -99.000 -99.000 -99.000 -99.000 -99.000 -9999.0 -9999.0 -9999.0 -9999.0 -9999.0
63829 20040614  1.101  -84.45   31.19    28.0    21.7    24.9    23.7    16.8    12.96 R -9999.0 -9999.0    27.1 -9999.0 -9999.0 -9999.0 -99.000 -99.000 -99.000 -99.000 -99.000 -9999.0 -9999.0 -9999.0 -9999.0 -9999.0
63829 20040615  1.101  -84.45   31.19    28.2    21.7    25.0    23.4     8.8     8.01 R -9999.0 -9999.0    26.0 -9999.0 -9999.0 -9999.0 -99.000 -99.000 -99.000 -99.000 -99.000 -9999.0 -9999.0 -9999.0 -9999.0 -9999.0
63829 20040616  1.101  -84.45   31.19    31.9    20.6    26.3    25.8    14.3    25.11 R -9999.0 -9999.0    31.1 -9999.0 -9999.0 -9999.0 -99.000 -99.000 -99.000 -99.000 -99.000 -9999.0 -9999.0 -9999.0 -9999.0 -9999.0
63829 20040617  1.101  -84.45   31.19    32.2    22.2    27.2    26.0     9.0    21.83 R -9999.0 -9999.0    30.3 -9999.0 -9999.0 -9999.0 -99.000 -99.000 -99.000 -99.000 -99.000 -9999.0 -9999.0 -9999.0 -9999.0 -9999.0
63829 20040618  1.101  -84.45   31.19    32.5    21.7    27.1    27.0     0.0    26.23 R -9999.0 -9999.0    31.7 -9999.0 -9999.0 -9999.0 -99.000 -99.000 -99.000 -99.000 -99.000 -9999.0 -9999.0 -9999.0 -9999.0 -9999.0
63829 20040619  1.101  -84.45   31.19    32.7    22.9    27.8    27.4     0.0    21.56 R -9999.0 -9999.0    31.2 -9999.0 -9999.0 -9999.0 -99.000 -99.000 -99.000 -99.000 -99.000 -9999.0 -9999.0 -9999.0 -9999.0 -9999.0
63829 20040620  1.101  -84.45   31.19    32.7    23.0    27.9    27.7     0.0    23.61 R -9999.0 -9999.0    31.8 -9999.0 -9999.0 -9999.0 -99.000 -99.000 -99.000 -99.000 -99.000 -9999.0 -9999.0 -9999.0 -9999.0 -9999.0
63829 20040621  1.101  -84.45   31.19    32.3    23.3    27.8    27.4     0.0    23.21 R -9999.0 -9999.0    31.6 -9999.0 -9999.0 -9999.0 -99.000 -99.000 -99.000 -99.000 -99.000 -9999.0 -9999.0 -9999.0 -9999.0 -9999.0
63829 20040622  1.101  -84.45   31.19    31.4    21.8    26.6    23.9     0.0    11.17 R -9999.0 -9999.0    27.1 -9999.0 -9999.0 -9999.0 -99.000 -99.000 -99.000 -99.000 -99.000 -9999.0 -9999.0 -9999.0 -9999.0 -9999.0
63829 20040623  1.101  -84.45   31.19    31.3    21.3    26.3    25.0     3.9    19.89 R -9999.0 -9999.0    29.2 -9999.0 -9999.0 -9999.0 -99.000 -99.000 -99.000 -99.000 -99.000 -9999.0 -9999.0 -9999.0 -9999.0 -9999.0
63829 20040624  1.101  -84.45   31.19    31.9    20.5    26.2    24.1     9.9    19.55 R -9999.0 -9999.0    28.1 -9999.0 -9999.0 -9999.0 -99.000 -99.000 -99.000 -99.000 -99.000 -9999.0 -9999.0 -9999.0 -9999.0 -9999.0
63829 20040625  1.101  -84.45   31.19    31.1    20.9    26.0    24.1    22.7    17.09 R -9999.0 -9999.0    27.0 -9999.0 -9999.0 -9999.0 -99.000 -99.000 -99.000 -99.000 -99.000 -9999.0 -9999.0 -9999.0 -9999.0 -9999.0
63829 20040626  1.101  -84.45   31.19    28.1    19.7    23.9    22.5    15.2    11.29 R -9999.0 -9999.0    25.7 -9999.0 -9999.0 -9999.0 -99.000 -99.000 -99.000 -99.000 -99.000 -9999.0 -9999.0 -9999.0 -9999.0 -9999.0
63829 20040627  1.101  -84.45   31.19    30.3    19.9    25.1    23.9     0.0    24.28 R -9999.0 -9999.0    28.6 -9999.0 -9999.0 -9999.0 -99.000 -99.000 -99.000 -99.000 -99.000 -9999.0 -9999.0 -9999.0 -9999.0 -9999.0
63829 20040628  1.101  -84.45   31.19    31.2    19.1    25.2    24.5     0.3    25.53 R -9999.0 -9999.0    28.9 -9999.0 -9999.0 -9999.0 -99.000 -99.000 -99.000 -99.000 -99.000 -9999.0 -9999.0 -9999.0 -9999.0 -9999.0
63829 20040629  1.101  -84.45   31.19    30.7    19.6    25.2    24.1     0.0    21.90 R -9999.0 -9999.0    28.4 -9999.0 -9999.0 -9999.0 -99.000 -99.000 -99.000 -99.000 -99.000 -9999.0 -9999.0 -9999.0 -9999.0 -9999.0
63829 20040630  1.101  -84.45   31.19    31.4    19.9    25.7    25.5     0.0    23.98 R -9999.0 -9999.0    29.8 -9999.0 -9999.0 -9999.0 -99.000 -99.000 -99.000 -99.000 -99.000 -9999.0 -9999.0 -9999.0 -9999.0 -9999.0
63829 20040701  1.101  -84.45   31.19    30.4    21.7    26.1    24.8     6.3    18.18 R -9999.0 -9999.0    29.0 -9999.0 -9999.0 -9999.0 -99.000 -99.000 -99.000 -99.000 -99.000 -9999.0 -9999.0 -9999.0 -9999.0 -9999.0
63829 20040702  1.101  -84.45   31.19    29.5    21.6    25.6    24.2     0.2    14.21 R -9999.0 -9999.0    27.3 -9999.0 -9999.0 -9999.0 -99.000 -99.000 -99.000 -99.000 -99.000 -9999.0 -9999.0 -9999.0 -9999.0 -9999.0
63829 20040703  1.101  -84.45   31.19    30.1    20.8    25.5    24.9     0.0    19.83 R -9999.0 -9999.0    28.8 -9999.0 -9999.0 -9999.0 -99.000 -99.000 -99.000 -99.000 -99.000 -9999.0 -9999.0 -9999.0 -9999.0 -9999.0
63829 20040704  1.101  -84.45   31.19    31.2    21.1    26.2    26.0     0.0    19.65 R -9999.0 -9999.0    29.4 -9999.0 -9999.0 -9999.0 -99.000 -99.000 -99.000 -99.000 -99.000 -9999.0 -9999.0 -9999.0 -9999.0 -9999.0
63829 20040705  1.101  -84.45   31.19    32.9    22.3    27.6    27.6     0.0    24.11 R -9999.0 -9999.0    31.4 -9999.0 -9999.0 -9999.0 -99.000 -99.000 -99.000 -99.000 -99.000 -9999.0 -9999.0 -9999.0 -9999.0 -9999.0
63829 20040706  1.101  -84.45   31.19    33.2    23.2    28.2    27.6     0.0    21.22 R -9999.0 -9999.0    31.1 -9999.0 -9999.0 -9999.0 -99.000 -99.000 -99.000 -99.000 -99.000 -9999.0 -9999.0 -9999.0 -9999.0 -9999.0
63829 20040707  1.101  -84.45   31.19    32.7    22.5    27.6    27.2     0.0    26.33 R -9999.0 -9999.0    31.8 -9999.0 -9999.0 -9999.0 -99.000 -99.000 -99.000 -99.000 -99.000 -9999.0 -9999.0 -9999.0 -9999.0 -9999.0
63829 20040708  1.101  -84.45   31.19    29.8    20.5    25.2    24.2    29.7    16.53 R -9999.0 -9999.0    27.4 -9999.0 -9999.0 -9999.0 -99.000 -99.000 -99.000 -99.000 -99.000 -9999.0 -9999.0 -9999.0 -9999.0 -9999.0
63829 20040709  1.101  -84.45   31.19    31.1    20.9    26.0    25.4     0.0    22.83 R -9999.0 -9999.0    30.3 -9999.0 -9999.0 -9999.0 -99.000 -99.000 -99.000 -99.000 -99.000 -9999.0 -9999.0 -9999.0 -9999.0 -9999.0
63829 20040710  1.101  -84.45   31.19    33.0    21.4    27.2    27.3     0.0    26.03 R -9999.0 -9999.0    32.1 -9999.0 -9999.0 -9999.0 -99.000 -99.000 -99.000 -99.000 -99.000 -9999.0 -9999.0 -9999.0 -9999.0 -9999.0
63829 20040711  1.101  -84.45   31.19    33.5    21.5    27.5    27.7     0.0    25.84 R -9999.0 -9999.0    32.5 -9999.0 -9999.0 -9999.0 -99.000 -99.000 -99.000 -99.000 -99.000 -9999.0 -9999.0 -9999.0 -9999.0 -9999.0
63829 20040712  1.101  -84.45   31.19    33.2    22.2    27.7    27.9     0.0    24.61 R -9999.0 -9999.0    32.9 -9999.0 -9999.0 -9999.0 -99.000 -99.000 -99.000 -99.000 -99.000 -9999.0 -9999.0 -9999.0 -9999.0 -9999.0
63829 20040713  1.101  -84.45   31.19    32.8    21.9    27.4    26.3     1.5    18.58 R -9999.0 -9999.0    30.4 -9999.0 -9999.0 -9999.0 -99.000 -99.000 -99.000 -99.000 -99.000 -9999.0 -9999.0 -9999.0 -9999.0 -9999.0
63829 20040714  1.101  -84.45   31.19    33.2    21.3    27.3    27.4     0.0    23.78 R -9999.0 -9999.0    31.6 -9999.0 -9999.0 -9999.0 -99.000 -99.000 -99.000 -99.000 -99.000 -9999.0 -9999.0 -9999.0 -9999.0 -9999.0
63829 20040715  1.101  -84.45   31.19    33.8    20.3    27.1    25.8    60.5    16.14 R -9999.0 -9999.0    29.3 -9999.0 -9999.0 -9999.0 -99.000 -99.000 -99.000 -99.000 -99.000 -9999.0 -9999.0 -9999.0 -9999.0 -9999.0
63829 20040716  1.101  -84.45   31.19    30.5    18.8    24.7    23.7     0.0    19.29 R -9999.0 -9999.0    27.8 -9999.0 -9999.0 -9999.0 -99.000 -99.000 -99.000 -99.000 -99.000 -9999.0 -9999.0 -9999.0 -9999.0 -9999.0
63829 20040717  1.101  -84.45   31.19    28.7    21.5    25.1    24.6     0.0    16.25 R -9999.0 -9999.0    27.9 -9999.0 -9999.0 -9999.0 -99.000 -99.000 -99.000 -99.000 -99.000 -9999.0 -9999.0 -9999.0 -9999.0 -9999.0
63829 20040718  1.101  -84.45   31.19    29.3    20.9    25.1    23.9     7.1    13.91 R -9999.0 -9999.0    27.0 -9999.0 -9999.0 -9999.0 -99.000 -99.000 -99.000 -99.000 -99.000 -9999.0 -9999.0 -9999.0 -9999.0 -9999.0
63829 20040719  1.101  -84.45   31.19    30.4    21.0    25.7    24.9     0.0    24.50 R -9999.0 -9999.0    29.6 -9999.0 -9999.0 -9999.0 -99.000 -99.000 -99.000 -99.000 -99.000 -9999.0 -9999.0 -9999.0 -9999.0 -9999.0
63829 20040720  1.101  -84.45   31.19    30.7    18.7    24.7    24.7     0.0    26.82 R -9999.0 -9999.0    29.1 -9999.0 -9999.0 -9999.0 -99.000 -99.000 -99.000 -99.000 -99.000 -9999.0 -9999.0 -9999.0 -9999.0 -9999.0
63829 20040721  1.101  -84.45   31.19    31.3    18.0    24.7    25.0     0.0    23.45 R -9999.0 -9999.0    28.9 -9999.0 -9999.0 -9999.0 -99.000 -99.000 -99.000 -99.000 -99.000 -9999.0 -9999.0 -9999.0 -9999.0 -9999.0
63829 20040722  1.101  -84.45   31.19    32.0    19.7    25.9    26.0     0.0    22.45 R -9999.0 -9999.0    29.9 -9999.0 -9999.0 -9999.0 -99.000 -99.000 -99.000 -99.000 -99.000 -9999.0 -9999.0 -9999.0 -9999.0 -9999.0
63829 20040723  1.101  -84.45   31.19    33.0    21.2    27.1    27.4     0.0    23.07 R -9999.0 -9999.0    31.3 -9999.0 -9999.0 -9999.0 -99.000 -99.000 -99.000 -99.000 -99.000 -9999.0 -9999.0 -9999.0 -9999.0 -9999.0
63829 20040724  1.101  -84.45   31.19    34.6    22.7    28.7    28.4     0.0    20.56 R -9999.0 -9999.0    32.4 -9999.0 -9999.0 -9999.0 -99.000 -99.000 -99.000 -99.000 -99.000 -9999.0 -9999.0 -9999.0 -9999.0 -9999.0
63829 20040725  1.101  -84.45   31.19    32.9    21.8    27.4    26.8     0.0    24.01 R -9999.0 -9999.0    32.1 -9999.0 -9999.0 -9999.0 -99.000 -99.000 -99.000 -99.000 -99.000 -9999.0 -9999.0 -9999.0 -9999.0 -9999.0
63829 20040726  1.101  -84.45   31.19    32.9    22.9    27.9    26.8     0.5    21.08 R -9999.0 -9999.0    31.7 -9999.0 -9999.0 -9999.0 -99.000 -99.000 -99.000 -99.000 -99.000 -9999.0 -9999.0 -9999.0 -9999.0 -9999.0
63829 20040727  1.101  -84.45   31.19    31.4    21.4    26.4    24.6    30.5    12.39 R -9999.0 -9999.0    27.9 -9999.0 -9999.0 -9999.0 -99.000 -99.000 -99.000 -99.000 -99.000 -9999.0 -9999.0 -9999.0 -9999.0 -9999.0
63829 20040728  1.101  -84.45   31.19    31.9    22.5    27.2    25.8     2.1    21.49 R -9999.0 -9999.0    30.3 -9999.0 -9999.0 -9999.0 -99.000 -99.000 -99.000 -99.000 -99.000 -9999.0 -9999.0 -9999.0 -9999.0 -9999.0
63829 20040729  1.101  -84.45   31.19    31.9    22.7    27.3    26.6     0.0    22.64 R -9999.0 -9999.0    30.8 -9999.0 -9999.0 -9999.0 -99.000 -99.000 -99.000 -99.000 -99.000 -9999.0 -9999.0 -9999.0 -9999.0 -9999.0
63829 20040730  1.101  -84.45   31.19    32.0    23.1    27.6    27.5     0.0    26.20 R -9999.0 -9999.0    32.1 -9999.0 -9999.0 -9999.0 -99.000 -99.000 -99.000 -99.000 -99.000 -9999.0 -9999.0 -9999.0 -9999.0 -9999.0
63829 20040731  1.101  -84.45   31.19    32.7    22.4    27.6    27.3     0.0    24.10 R -9999.0 -9999.0    32.0 -9999.0 -9999.0 -9999.0 -99.000 -99.000 -99.000 -99.000 -99.000 -9999.0 -9999.0 -9999.0 -9999.0 -9999.0
63829 20040801  1.101  -84.45   31.19    34.0    22.3    28.2    27.4     6.0    21.57 R -9999.0 -9999.0    31.7 -9999.0 -9999.0 -9999.0 -99.000 -99.000 -99.000 -99.000 -99.000 -9999.0 -9999.0 -9999.0 -9999.0 -9999.0
63829 20040802  1.101  -84.45   31.19    32.1    23.1    27.6    27.2     0.0    17.45 R -9999.0 -9999.0    30.1 -9999.0 -9999.0 -9999.0 -99.000 -99.000 -99.000 -99.000 -99.000 -9999.0 -9999.0 -9999.0 -9999.0 -9999.0
63829 20040803  1.101  -84.45   31.19    33.3    22.7    28.0    27.8     0.0    20.59 R -9999.0 -9999.0    31.1 -9999.0 -9999.0 -9999.0 -99.000 -99.000 -99.000 -99.000 -99.000 -9999.0 -9999.0 -9999.0 -9999.0 -9999.0
63829 20040804  1.101  -84.45   31.19    33.5    21.7    27.6    27.8     0.0    24.03 R -9999.0 -9999.0    31.6 -9999.0 -9999.0 -9999.0 -99.000 -99.000 -99.000 -99.000 -99.000 -9999.0 -9999.0 -9999.0 -9999.0 -9999.0
63829 20040805  1.101  -84.45   31.19    34.0    22.5    28.3    28.2     0.0    23.61 R -9999.0 -9999.0    32.1 -9999.0 -9999.0 -9999.0 -99.000 -99.000 -99.000 -99.000 -99.000 -9999.0 -9999.0 -9999.0 -9999.0 -9999.0
63829 20040806  1.101  -84.45   31.19    31.8    22.7    27.3    26.9     0.0    21.19 R -9999.0 -9999.0    31.0 -9999.0 -9999.0 -9999.0 -99.000 -99.000 -99.000 -99.000 -99.000 -9999.0 -9999.0 -9999.0 -9999.0 -9999.0
63829 20040807  1.101  -84.45   31.19    30.6    20.6    25.6    25.2     0.0    26.77 R -9999.0 -9999.0    29.7 -9999.0 -9999.0 -9999.0 -99.000 -99.000 -99.000 -99.000 -99.000 -9999.0 -9999.0 -9999.0 -9999.0 -9999.0
63829 20040808  1.101  -84.45   31.19    30.9    21.3    26.1    25.5     0.0    18.69 R -9999.0 -9999.0    29.5 -9999.0 -9999.0 -9999.0 -99.000 -99.000 -99.000 -99.000 -99.000 -9999.0 -9999.0 -9999.0 -9999.0 -9999.0
63829 20040809  1.101  -84.45   31.19    30.5    22.8    26.7    25.9     0.0    14.60 R -9999.0 -9999.0    29.3 -9999.0 -9999.0 -9999.0 -99.000 -99.000 -99.000 -99.000 -99.000 -9999.0 -9999.0 -9999.0 -9999.0 -9999.0
63829 20040810  1.101  -84.45   31.19    28.1    20.4    24.3    23.1    35.0     8.74 R -9999.0 -9999.0    25.3 -9999.0 -9999.0 -9999.0 -99.000 -99.000 -99.000 -99.000 -99.000 -9999.0 -9999.0 -9999.0 -9999.0 -9999.0
63829 20040811  1.101  -84.45   31.19    28.7    20.9    24.8    24.1     0.0    12.13 R -9999.0 -9999.0    26.9 -9999.0 -9999.0 -9999.0 -99.000 -99.000 -99.000 -99.000 -99.000 -9999.0 -9999.0 -9999.0 -9999.0 -9999.0
63829 20040812  1.101  -84.45   31.19    27.2    21.2    24.2    23.2    10.2    11.88 R -9999.0 -9999.0    26.2 -9999.0 -9999.0 -9999.0 -99.000 -99.000 -99.000 -99.000 -99.000 -9999.0 -9999.0 -9999.0 -9999.0 -9999.0
63829 20040813  1.101  -84.45   31.19    26.8    19.9    23.4    23.1     0.0    14.92 R -9999.0 -9999.0    26.6 -9999.0 -9999.0 -9999.0 -99.000 -99.000 -99.000 -99.000 -99.000 -9999.0 -9999.0 -9999.0 -9999.0 -9999.0
63829 20040814  1.101  -84.45   31.19    29.1    19.4    24.3    24.1     0.0    19.54 R -9999.0 -9999.0    27.9 -9999.0 -9999.0 -9999.0 -99.000 -99.000 -99.000 -99.000 -99.000 -9999.0 -9999.0 -9999.0 -9999.0 -9999.0
63829 20040815  1.101  -84.45   31.19    30.0    18.0    24.0    24.3     0.0    18.06 R -9999.0 -9999.0    28.3 -9999.0 -9999.0 -9999.0 -99.000 -99.000 -99.000 -99.000 -99.000 -9999.0 -9999.0 -9999.0 -9999.0 -9999.0
63829 20040816  1.101  -84.45   31.19    30.1    22.0    26.1    24.8     0.0    14.51 R -9999.0 -9999.0    28.3 -9999.0 -9999.0 -9999.0 -99.000 -99.000 -99.000 -99.000 -99.000 -9999.0 -9999.0 -9999.0 -9999.0 -9999.0
63829 20040817  1.101  -84.45   31.19    31.5    20.6    26.1    25.9     0.0    21.58 R -9999.0 -9999.0    29.9 -9999.0 -9999.0 -9999.0 -99.000 -99.000 -99.000 -99.000 -99.000 -9999.0 -9999.0 -9999.0 -9999.0 -9999.0
63829 20040818  1.201  -84.45   31.19 -9999.0 -9999.0 -9999.0 -9999.0 -9999.0 -9999.00 U -9999.0 -9999.0 -9999.0 -9999.0 -9999.0 -9999.0 -99.000 -99.000 -99.000 -99.000 -99.000 -9999.0 -9999.0 -9999.0 -9999.0 -9999.0
63829 20040819  1.201  -84.45   31.19    32.1    19.3    25.7    25.8     0.0    25.05 R -9999.0 -9999.0    30.0 -9999.0 -9999.0 -9999.0 -99.000 -99.000 -99.000 -99.000 -99.000 -9999.0 -9999.0 -9999.0 -9999.0 -9999.0
63829 20040820  1.201  -84.45   31.19    33.5    20.6    27.1    26.4     3.2    22.66 R -9999.0 -9999.0    30.6 -9999.0 -9999.0 -9999.0 -99.000 -99.000 -99.000 -99.000 -99.000 -9999.0 -9999.0 -9999.0 -9999.0 -9999.0
63829 20040821  1.201  -84.45   31.19    30.9    22.0    26.5    24.6    27.3    15.19 R -9999.0 -9999.0    27.5 -9999.0 -9999.0 -9999.0 -99.000 -99.000 -99.000 -99.000 -99.000 -9999.0 -9999.0 -9999.0 -9999.0 -9999.0
63829 20040822  1.201  -84.45   31.19    30.7    21.6    26.2    25.3     0.0    18.92 R -9999.0 -9999.0    28.6 -9999.0 -9999.0 -9999.0 -99.000 -99.000 -99.000 -99.000 -99.000 -9999.0 -9999.0 -9999.0 -9999.0 -9999.0
63829 20040823  1.201  -84.45   31.19    29.9    20.7    25.3    24.0    54.6    13.96 R -9999.0 -9999.0    26.8 -9999.0 -9999.0 -9999.0 -99.000 -99.000 -99.000 -99.000 -99.000 -9999.0 -9999.0 -9999.0 -9999.0 -9999.0
63829 20040824  1.201  -84.45   31.19    32.4    21.6    27.0    26.1     0.0    22.54 R -9999.0 -9999.0    29.5 -9999.0 -9999.0 -9999.0 -99.000 -99.000 -99.000 -99.000 -99.000 -9999.0 -9999.0 -9999.0 -9999.0 -9999.0
63829 20040825  1.201  -84.45   31.19    31.7    22.9    27.3    26.8     0.0    22.72 R -9999.0 -9999.0    29.9 -9999.0 -9999.0 -9999.0 -99.000 -99.000 -99.000 -99.000 -99.000 -9999.0 -9999.0 -9999.0 -9999.0 -9999.0
63829 20040826  1.201  -84.45   31.19    32.1    21.4    26.8    26.4     0.4    21.55 R -9999.0 -9999.0    29.4 -9999.0 -9999.0 -9999.0 -99.000 -99.000 -99.000 -99.000 -99.000 -9999.0 -9999.0 -9999.0 -9999.0 -9999.0
63829 20040827  1.201  -84.45   31.19    32.8    21.9    27.4    26.8     0.0    22.57 R -9999.0 -9999.0    30.0 -9999.0 -9999.0 -9999.0 -99.000 -99.000 -99.000 -99.000 -99.000 -9999.0 -9999.0 -9999.0 -9999.0 -9999.0
63829 20040828  1.201  -84.45   31.19    33.0    21.0    27.0    27.0     0.2    21.65 R -9999.0 -9999.0    30.1 -9999.0 -9999.0 -9999.0 -99.000 -99.000 -99.000 -99.000 -99.000 -9999.0 -9999.0 -9999.0 -9999.0 -9999.0
63829 20040829  1.201  -84.45   31.19    33.1    21.4    27.3    26.1     0.3    18.65 R -9999.0 -9999.0    29.2 -9999.0 -9999.0 -9999.0 -99.000 -99.000 -99.000 -99.000 -99.000 -9999.0 -9999.0 -9999.0 -9999.0 -9999.0
63829 20040830  1.201  -84.45   31.19    30.8    21.3    26.1    25.4     1.8    16.93 R -9999.0 -9999.0    28.6 -9999.0 -9999.0 -9999.0 -99.000 -99.000 -99.000 -99.000 -99.000 -9999.0 -9999.0 -9999.0 -9999.0 -9999.0
63829 20040831  1.201  -84.45   31.19    31.4    21.3    26.4    25.2     3.1    22.03 R -9999.0 -9999.0    29.1 -9999.0 -9999.0 -9999.0 -99.000 -99.000 -99.000 -99.000 -99.000 -9999.0 -9999.0 -9999.0 -9999.0 -9999.0
63829 20040901  1.201  -84.45   31.19    32.4    21.2    26.8    25.5     0.2    21.07 R -9999.0 -9999.0    29.0 -9999.0 -9999.0 -9999.0 -99.000 -99.000 -99.000 -99.000 -99.000 -9999.0 -9999.0 -9999.0 -9999.0 -9999.0
63829 20040902  1.201  -84.45   31.19    32.4    20.8    26.6    26.3     0.0    20.84 R -9999.0 -9999.0    29.5 -9999.0 -9999.0 -9999.0 -99.000 -99.000 -99.000 -99.000 -99.000 -9999.0 -9999.0 -9999.0 -9999.0 -9999.0
63829 20040903  1.201  -84.45   31.19    30.9    22.4    26.7    26.1     0.0    13.98 R -9999.0 -9999.0    28.2 -9999.0 -9999.0 -9999.0 -99.000 -99.000 -99.000 -99.000 -99.000 -9999.0 -9999.0 -9999.0 -9999.0 -9999.0
63829 20040904  1.201  -84.45   31.19    31.7    20.5    26.1    26.3     0.0    21.45 R -9999.0 -9999.0    29.5 -9999.0 -9999.0 -9999.0 -99.000 -99.000 -99.000 -99.000 -99.000 -9999.0 -9999.0 -9999.0 -9999.0 -9999.0
63829 20040905  1.201  -84.45   31.19    31.3    22.5    26.9    26.1     2.4    15.99 R -9999.0 -9999.0    28.3 -9999.0 -9999.0 -9999.0 -99.000 -99.000 -99.000 -99.000 -99.000 -9999.0 -9999.0 -9999.0 -9999.0 -9999.0
63829 20040906  1.201  -84.45   31.19    25.9    22.8    24.4    24.0    89.1     2.81 R -9999.0 -9999.0    24.0 -9999.0 -9999.0 -9999.0 -99.000 -99.000 -99.000 -99.000 -99.000 -9999.0 -9999.0 -9999.0 -9999.0 -9999.0
63829 20040907  1.201  -84.45   31.19    24.7    22.5    23.6    23.3     6.4     2.47 R -9999.0 -9999.0    23.6 -9999.0 -9999.0 -9999.0 -99.000 -99.000 -99.000 -99.000 -99.000 -9999.0 -9999.0 -9999.0 -9999.0 -9999.0
63829 20040908  1.201  -84.45   31.19    30.5    21.8    26.2    25.1     0.0    17.67 R -9999.0 -9999.0    27.1 -9999.0 -9999.0 -9999.0 -99.000 -99.000 -99.000 -99.000 -99.000 -9999.0 -9999.0 -9999.0 -9999.0 -9999.0
63829 20040909  1.201  -84.45   31.19    31.6    20.1    25.9    25.3     0.0    18.85 R -9999.0 -9999.0    27.6 -9999.0 -9999.0 -9999.0 -99.000 -99.000 -99.000 -99.000 -99.000 -9999.0 -9999.0 -9999.0 -9999.0 -9999.0
63829 20040910  1.201  -84.45   31.19    28.4    21.8    25.1    24.3     0.0     8.82 R -9999.0 -9999.0    26.0 -9999.0 -9999.0 -9999.0 -99.000 -99.000 -99.000 -99.000 -99.000 -9999.0 -9999.0 -9999.0 -9999.0 -9999.0
63829 20040911  1.201  -84.45   31.19    31.0    22.1    26.6    25.4     0.0    20.81 R -9999.0 -9999.0    28.4 -9999.0 -9999.0 -9999.0 -99.000 -99.000 -99.000 -99.000 -99.000 -9999.0 -9999.0 -9999.0 -9999.0 -9999.0
63829 20040912  1.201  -84.45   31.19    29.5    22.7    26.1    25.4     0.0    17.71 R -9999.0 -9999.0    28.0 -9999.0 -9999.0 -9999.0 -99.000 -99.000 -99.000 -99.000 -99.000 -9999.0 -9999.0 -9999.0 -9999.0 -9999.0
63829 20040913  1.201  -84.45   31.19    25.3    21.7    23.5    23.6     5.1     6.39 R -9999.0 -9999.0    24.8 -9999.0 -9999.0 -9999.0 -99.000 -99.000 -99.000 -99.000 -99.000 -9999.0 -9999.0 -9999.0 -9999.0 -9999.0
63829 20040914  1.201  -84.45   31.19    29.0    20.7    24.9    24.1     0.0    11.63 R -9999.0 -9999.0    26.0 -9999.0 -9999.0 -9999.0 -99.000 -99.000 -99.000 -99.000 -99.000 -9999.0 -9999.0 -9999.0 -9999.0 -9999.0
63829 20040915  1.201  -84.45   31.19    27.7    24.0    25.9    25.7     3.0     5.25 R -9999.0 -9999.0    25.9 -9999.0 -9999.0 -9999.0 -99.000 -99.000 -99.000 -99.000 -99.000 -9999.0 -9999.0 -9999.0 -9999.0 -9999.0
63829 20040916  1.201  -84.45   31.19    27.3    24.6    26.0    26.1    63.0     3.03 R -9999.0 -9999.0    25.2 -9999.0 -9999.0 -9999.0 -99.000 -99.000 -99.000 -99.000 -99.000 -9999.0 -9999.0 -9999.0 -9999.0 -9999.0
63829 20040917  1.201  -84.45   31.19    31.3    21.7    26.5    26.2     0.0    22.19 R -9999.0 -9999.0    27.4 -9999.0 -9999.0 -9999.0 -99.000 -99.000 -99.000 -99.000 -99.000 -9999.0 -9999.0 -9999.0 -9999.0 -9999.0
63829 20040918  1.201  -84.45   31.19    29.9    18.3    24.1    23.8     0.2    23.76 R -9999.0 -9999.0    25.6 -9999.0 -9999.0 -9999.0 -99.000 -99.000 -99.000 -99.000 -99.000 -9999.0 -9999.0 -9999.0 -9999.0 -9999.0
63829 20040919  1.201  -84.45   31.19    27.4    18.2    22.8    22.6     0.0    23.07 R -9999.0 -9999.0    25.2 -9999.0 -9999.0 -9999.0 -99.000 -99.000 -99.000 -99.000 -99.000 -9999.0 -9999.0 -9999.0 -9999.0 -9999.0
63829 20040920  1.201  -84.45   31.19    24.7    15.3    20.0    20.6     0.0    16.98 R -9999.0 -9999.0    23.2 -9999.0 -9999.0 -9999.0 -99.000 -99.000 -99.000 -99.000 -99.000 -9999.0 -9999.0 -9999.0 -9999.0 -9999.0
63829 20040921  1.201  -84.45   31.19    26.9    16.1    21.5    21.5     0.0    18.78 R -9999.0 -9999.0    23.9 -9999.0 -9999.0 -9999.0 -99.000 -99.000 -99.000 -99.000 -99.000 -9999.0 -9999.0 -9999.0 -9999.0 -9999.0
63829 20040922  1.201  -84.45   31.19    28.9    19.2    24.1    23.5     0.0    18.32 R -9999.0 -9999.0    24.9 -9999.0 -9999.0 -9999.0 -99.000 -99.000 -99.000 -99.000 -99.000 -9999.0 -9999.0 -9999.0 -9999.0 -9999.0
63829 20040923  1.201  -84.45   31.19    30.0    16.2    23.1    22.7     0.0    21.45 R -9999.0 -9999.0    24.6 -9999.0 -9999.0 -9999.0 -99.000 -99.000 -99.000 -99.000 -99.000 -9999.0 -9999.0 -9999.0 -9999.0 -9999.0
63829 20040924  1.201  -84.45   31.19    29.1    16.1    22.6    22.7     0.0    19.82 R -9999.0 -9999.0    24.5 -9999.0 -9999.0 -9999.0 -99.000 -99.000 -99.000 -99.000 -99.000 -9999.0 -9999.0 -9999.0 -9999.0 -9999.0
63829 20040925  1.201  -84.45   31.19    28.8    19.2    24.0    23.6     0.0    18.24 R -9999.0 -9999.0    25.5 -9999.0 -9999.0 -9999.0 -99.000 -99.000 -99.000 -99.000 -99.000 -9999.0 -9999.0 -9999.0 -9999.0 -9999.0
63829 20040926  1.201  -84.45   31.19    26.4    21.2    23.8    23.8     7.4     8.28 R -9999.0 -9999.0    24.6 -9999.0 -9999.0 -9999.0 -99.000 -99.000 -99.000 -99.000 -99.000 -9999.0 -9999.0 -9999.0 -9999.0 -9999.0
63829 20040927  1.201  -84.45   31.19    24.8    21.4    23.1    22.6    30.8     3.56 R -9999.0 -9999.0    22.0 -9999.0 -9999.0 -9999.0 -99.000 -99.000 -99.000 -99.000 -99.000 -9999.0 -9999.0 -9999.0 -9999.0 -9999.0
63829 20040928  1.201  -84.45   31.19    30.2    20.2    25.2    24.2     0.0    18.89 R -9999.0 -9999.0    25.4 -9999.0 -9999.0 -9999.0 -99.000 -99.000 -99.000 -99.000 -99.000 -9999.0 -9999.0 -9999.0 -9999.0 -9999.0
63829 20040929  1.201  -84.45   31.19    29.9    18.2    24.1    23.6     0.0    18.20 R -9999.0 -9999.0    25.5 -9999.0 -9999.0 -9999.0 -99.000 -99.000 -99.000 -99.000 -99.000 -9999.0 -9999.0 -9999.0 -9999.0 -9999.0
63829 20040930  1.201  -84.45   31.19    28.2    19.5    23.9    23.0     0.0    15.20 R -9999.0 -9999.0    25.3 -9999.0 -9999.0 -9999.0 -99.000 -99.000 -99.000 -99.000 -99.000 -9999.0 -9999.0 -9999.0 -9999.0 -9999.0
63829 20041001  1.201  -84.45   31.19    30.5    19.1    24.8    23.9     0.0    18.96 R -9999.0 -9999.0    26.5 -9999.0 -9999.0 -9999.0 -99.000 -99.000 -99.000 -99.000 -99.000 -9999.0 -9999.0 -9999.0 -9999.0 -9999.0
63829 20041002  1.201  -84.45   31.19    31.5    19.4    25.5    24.5     0.0    15.77 R -9999.0 -9999.0    26.4 -9999.0 -9999.0 -9999.0 -99.000 -99.000 -99.000 -99.000 -99.000 -9999.0 -9999.0 -9999.0 -9999.0 -9999.0
63829 20041003  1.201  -84.45   31.19    31.0    18.7    24.9    24.1     0.0    18.44 R -9999.0 -9999.0    26.4 -9999.0 -9999.0 -9999.0 -99.000 -99.000 -99.000 -99.000 -99.000 -9999.0 -9999.0 -9999.0 -9999.0 -9999.0
63829 20041004  1.201  -84.45   31.19    29.6    16.4    23.0    22.7     0.0    18.51 R -9999.0 -9999.0    24.8 -9999.0 -9999.0 -9999.0 -99.000 -99.000 -99.000 -99.000 -99.000 -9999.0 -9999.0 -9999.0 -9999.0 -9999.0
63829 20041005  1.201  -84.45   31.19    27.3    14.2    20.8    20.6     0.0    11.28 R -9999.0 -9999.0    21.9 -9999.0 -9999.0 -9999.0 -99.000 -99.000 -99.000 -99.000 -99.000 -9999.0 -9999.0 -9999.0 -9999.0 -9999.0
63829 20041006  1.201  -84.45   31.19    29.1    16.6    22.9    22.3     0.0    17.31 R -9999.0 -9999.0    23.9 -9999.0 -9999.0 -9999.0 -99.000 -99.000 -99.000 -99.000 -99.000 -9999.0 -9999.0 -9999.0 -9999.0 -9999.0
63829 20041007  1.201  -84.45   31.19    26.8    18.3    22.6    22.0     0.0    14.65 R -9999.0 -9999.0    23.4 -9999.0 -9999.0 -9999.0 -99.000 -99.000 -99.000 -99.000 -99.000 -9999.0 -9999.0 -9999.0 -9999.0 -9999.0
63829 20041008  1.201  -84.45   31.19    26.6    15.0    20.8    20.9     0.0    14.71 R -9999.0 -9999.0    23.0 -9999.0 -9999.0 -9999.0 -99.000 -99.000 -99.000 -99.000 -99.000 -9999.0 -9999.0 -9999.0 -9999.0 -9999.0
63829 20041009  1.201  -84.45   31.19    25.3    19.2    22.3    21.9     0.0     6.80 R -9999.0 -9999.0    23.0 -9999.0 -9999.0 -9999.0 -99.000 -99.000 -99.000 -99.000 -99.000 -9999.0 -9999.0 -9999.0 -9999.0 -9999.0
63829 20041010  1.201  -84.45   31.19    25.4    20.0    22.7    22.5     4.7     5.42 R -9999.0 -9999.0    23.4 -9999.0 -9999.0 -9999.0 -99.000 -99.000 -99.000 -99.000 -99.000 -9999.0 -9999.0 -9999.0 -9999.0 -9999.0
63829 20041011  1.201  -84.45   31.19    26.3    20.0    23.2    22.7     0.5     8.35 R -9999.0 -9999.0    23.7 -9999.0 -9999.0 -9999.0 -99.000 -99.000 -99.000 -99.000 -99.000 -9999.0 -9999.0 -9999.0 -9999.0 -9999.0
63829 20041012  1.201  -84.45   31.19    26.5    19.6    23.1    22.3     2.8     8.99 R -9999.0 -9999.0    23.4 -9999.0 -9999.0 -9999.0 -99.000 -99.000 -99.000 -99.000 -99.000 -9999.0 -9999.0 -9999.0 -9999.0 -9999.0
63829 20041013  1.201  -84.45   31.19    24.0    12.5    18.3    19.1     0.0    16.90 R -9999.0 -9999.0    20.9 -9999.0 -9999.0 -9999.0 -99.000 -99.000 -99.000 -99.000 -99.000 -9999.0 -9999.0 -9999.0 -9999.0 -9999.0
63829 20041014  1.201  -84.45   31.19    24.7    11.6    18.2    17.6    19.5    13.66 R -9999.0 -9999.0    19.9 -9999.0 -9999.0 -9999.0 -99.000 -99.000 -99.000 -99.000 -99.000 -9999.0 -9999.0 -9999.0 -9999.0 -9999.0
63829 20041015  1.201  -84.45   31.19    19.3     8.4    13.9    14.1     2.2    20.00 R -9999.0 -9999.0    16.5 -9999.0 -9999.0 -9999.0 -99.000 -99.000 -99.000 -99.000 -99.000 -9999.0 -9999.0 -9999.0 -9999.0 -9999.0
63829 20041016  1.201  -84.45   31.19    26.6     8.2    17.4    16.6     0.0    18.86 R -9999.0 -9999.0    18.2 -9999.0 -9999.0 -9999.0 -99.000 -99.000 -99.000 -99.000 -99.000 -9999.0 -9999.0 -9999.0 -9999.0 -9999.0
63829 20041017  1.201  -84.45   31.19    27.5    11.8    19.7    19.5     0.0    18.23 R -9999.0 -9999.0    21.3 -9999.0 -9999.0 -9999.0 -99.000 -99.000 -99.000 -99.000 -99.000 -9999.0 -9999.0 -9999.0 -9999.0 -9999.0
63829 20041018  1.201  -84.45   31.19    26.3    16.1    21.2    20.8     0.0    10.39 R -9999.0 -9999.0    21.3 -9999.0 -9999.0 -9999.0 -99.000 -99.000 -99.000 -99.000 -99.000 -9999.0 -9999.0 -9999.0 -9999.0 -9999.0
63829 20041019  1.201  -84.45   31.19    27.7    16.7    22.2    21.3    19.3     6.42 R -9999.0 -9999.0    21.7 -9999.0 -9999.0 -9999.0 -99.000 -99.000 -99.000 -99.000 -99.000 -9999.0 -9999.0 -9999.0 -9999.0 -9999.0
63829 20041020  1.201  -84.45   31.19    28.1    18.7    23.4    22.9     0.8    12.68 R -9999.0 -9999.0    23.7 -9999.0 -9999.0 -9999.0 -99.000 -99.000 -99.000 -99.000 -99.000 -9999.0 -9999.0 -9999.0 -9999.0 -9999.0
63829 20041021  1.201  -84.45   31.19    26.7    17.2    22.0    20.8     0.0    12.63 R -9999.0 -9999.0    22.7 -9999.0 -9999.0 -9999.0 -99.000 -99.000 -99.000 -99.000 -99.000 -9999.0 -9999.0 -9999.0 -9999.0 -9999.0
63829 20041022  1.201  -84.45   31.19    24.6    15.5    20.1    20.1     0.0     8.53 R -9999.0 -9999.0    21.3 -9999.0 -9999.0 -9999.0 -99.000 -99.000 -99.000 -99.000 -99.000 -9999.0 -9999.0 -9999.0 -9999.0 -9999.0
63829 20041023  1.201  -84.45   31.19    24.1    12.6    18.4    18.1     0.0    14.28 R -9999.0 -9999.0    20.0 -9999.0 -9999.0 -9999.0 -99.000 -99.000 -99.000 -99.000 -99.000 -9999.0 -9999.0 -9999.0 -9999.0 -9999.0
63829 20041024  1.201  -84.45   31.19    25.9    15.9    20.9    19.8     2.6    10.08 R -9999.0 -9999.0    20.9 -9999.0 -9999.0 -9999.0 -99.000 -99.000 -99.000 -99.000 -99.000 -9999.0 -9999.0 -9999.0 -9999.0 -9999.0
63829 20041025  1.201  -84.45   31.19    27.8    15.4    21.6    20.3     0.0    15.40 R -9999.0 -9999.0    22.3 -9999.0 -9999.0 -9999.0 -99.000 -99.000 -99.000 -99.000 -99.000 -9999.0 -9999.0 -9999.0 -9999.0 -9999.0
63829 20041026  1.201  -84.45   31.19    27.0    14.9    21.0    20.3     0.0    15.33 R -9999.0 -9999.0    22.0 -9999.0 -9999.0 -9999.0 -99.000 -99.000 -99.000 -99.000 -99.000 -9999.0 -9999.0 -9999.0 -9999.0 -9999.0
63829 20041027  1.201  -84.45   31.19    27.0    13.6    20.3    19.8     0.0    15.01 R -9999.0 -9999.0    21.7 -9999.0 -9999.0 -9999.0 -99.000 -99.000 -99.000 -99.000 -99.000 -9999.0 -9999.0 -9999.0 -9999.0 -9999.0
63829 20041028  1.201  -84.45   31.19    29.2    15.9    22.6    21.8     0.0    14.04 R -9999.0 -9999.0    23.5 -9999.0 -9999.0 -9999.0 -99.000 -99.000 -99.000 -99.000 -99.000 -9999.0 -9999.0 -9999.0 -9999.0 -9999.0
63829 20041029  1.201  -84.45   31.19    27.4    18.1    22.8    21.8     0.0     8.91 R -9999.0 -9999.0    23.3 -9999.0 -9999.0 -9999.0 -99.000 -99.000 -99.000 -99.000 -99.000 -9999.0 -9999.0 -9999.0 -9999.0 -9999.0
63829 20041030  1.201  -84.45   31.19    28.4    17.9    23.2    21.8     0.0    13.96 R -9999.0 -9999.0    23.3 -9999.0 -9999.0 -9999.0 -99.000 -99.000 -99.000 -99.000 -99.000 -9999.0 -9999.0 -9999.0 -9999.0 -9999.0
63829 20041031  1.201  -84.45   31.19    28.6    16.9    22.8    21.8     0.0    12.05 R -9999.0 -9999.0    23.3 -9999.0 -9999.0 -9999.0 -99.000 -99.000 -99.000 -99.000 -99.000 -9999.0 -9999.0 -9999.0 -9999.0 -9999.0
63829 20041101  1.201  -84.45   31.19    29.2    16.2    22.7    22.4     0.0    12.94 R -9999.0 -9999.0    23.4 -9999.0 -9999.0 -9999.0 -99.000 -99.000 -99.000 -99.000 -99.000 -9999.0 -9999.0 -9999.0 -9999.0 -9999.0
63829 20041102  1.201  -84.45   31.19    29.8    21.0    25.4    24.4     0.3     9.71 R -9999.0 -9999.0    24.7 -9999.0 -9999.0 -9999.0 -99.000 -99.000 -99.000 -99.000 -99.000 -9999.0 -9999.0 -9999.0 -9999.0 -9999.0
63829 20041103  1.201  -84.45   31.19    29.9    19.4    24.7    23.8     0.0    13.52 R -9999.0 -9999.0    24.9 -9999.0 -9999.0 -9999.0 -99.000 -99.000 -99.000 -99.000 -99.000 -9999.0 -9999.0 -9999.0 -9999.0 -9999.0
63829 20041104  1.201  -84.45   31.19    25.8    11.6    18.7    20.3     0.0     8.09 R -9999.0 -9999.0    21.0 -9999.0 -9999.0 -9999.0 -99.000 -99.000 -99.000 -99.000 -99.000 -9999.0 -9999.0 -9999.0 -9999.0 -9999.0
63829 20041105  1.201  -84.45   31.19    20.3     6.7    13.5    13.4     0.0    17.07 R -9999.0 -9999.0    15.4 -9999.0 -9999.0 -9999.0 -99.000 -99.000 -99.000 -99.000 -99.000 -9999.0 -9999.0 -9999.0 -9999.0 -9999.0
63829 20041106  1.201  -84.45   31.19    21.6     3.0    12.3    11.0     0.0    17.10 R -9999.0 -9999.0    13.4 -9999.0 -9999.0 -9999.0 -99.000 -99.000 -99.000 -99.000 -99.000 -9999.0 -9999.0 -9999.0 -9999.0 -9999.0
63829 20041107  1.201  -84.45   31.19    23.8     3.3    13.6    13.0     0.0    16.43 R -9999.0 -9999.0    15.3 -9999.0 -9999.0 -9999.0 -99.000 -99.000 -99.000 -99.000 -99.000 -9999.0 -9999.0 -9999.0 -9999.0 -9999.0
63829 20041108  1.201  -84.45   31.19    25.0     7.4    16.2    15.8     0.0    16.05 R -9999.0 -9999.0    17.4 -9999.0 -9999.0 -9999.0 -99.000 -99.000 -99.000 -99.000 -99.000 -9999.0 -9999.0 -9999.0 -9999.0 -9999.0
63829 20041109  1.201  -84.45   31.19    21.0     8.3    14.7    14.8     0.0    15.62 R -9999.0 -9999.0    15.9 -9999.0 -9999.0 -9999.0 -99.000 -99.000 -99.000 -99.000 -99.000 -9999.0 -9999.0 -9999.0 -9999.0 -9999.0
63829 20041110  1.201  -84.45   31.19    21.8     7.8    14.8    14.5     0.0    13.43 R -9999.0 -9999.0    16.3 -9999.0 -9999.0 -9999.0 -99.000 -99.000 -99.000 -99.000 -99.000 -9999.0 -9999.0 -9999.0 -9999.0 -9999.0
63829 20041111  1.201  -84.45   31.19    20.6    12.8    16.7    16.1     1.3     4.14 R -9999.0 -9999.0    16.9 -9999.0 -9999.0 -9999.0 -99.000 -99.000 -99.000 -99.000 -99.000 -9999.0 -9999.0 -9999.0 -9999.0 -9999.0
63829 20041112  1.201  -84.45   31.19    25.9    13.6    19.8    19.3     1.4     9.90 R -9999.0 -9999.0    20.0 -9999.0 -9999.0 -9999.0 -99.000 -99.000 -99.000 -99.000 -99.000 -9999.0 -9999.0 -9999.0 -9999.0 -9999.0
63829 20041113  1.201  -84.45   31.19    19.1    11.6    15.4    15.5     0.0     2.77 R -9999.0 -9999.0    16.3 -9999.0 -9999.0 -9999.0 -99.000 -99.000 -99.000 -99.000 -99.000 -9999.0 -9999.0 -9999.0 -9999.0 -9999.0
63829 20041114  1.201  -84.45   31.19    15.9    10.2    13.1    12.6     0.0     8.72 R -9999.0 -9999.0    14.2 -9999.0 -9999.0 -9999.0 -99.000 -99.000 -99.000 -99.000 -99.000 -9999.0 -9999.0 -9999.0 -9999.0 -9999.0
63829 20041115  1.201  -84.45   31.19    19.2     6.3    12.8    11.9     0.0    14.52 R -9999.0 -9999.0    13.4 -9999.0 -9999.0 -9999.0 -99.000 -99.000 -99.000 -99.000 -99.000 -9999.0 -9999.0 -9999.0 -9999.0 -9999.0
63829 20041116  1.201  -84.45   31.19    19.3     2.0    10.7     9.8     0.0    13.20 R -9999.0 -9999.0    11.4 -9999.0 -9999.0 -9999.0 -99.000 -99.000 -99.000 -99.000 -99.000 -9999.0 -9999.0 -9999.0 -9999.0 -9999.0
63829 20041117  1.201  -84.45   31.19    21.5     3.1    12.3    11.3     0.0    14.99 R -9999.0 -9999.0    12.9 -9999.0 -9999.0 -9999.0 -99.000 -99.000 -99.000 -99.000 -99.000 -9999.0 -9999.0 -9999.0 -9999.0 -9999.0
63829 20041118  1.201  -84.45   31.19    21.3     4.6    13.0    12.4     0.0    11.88 R -9999.0 -9999.0    13.7 -9999.0 -9999.0 -9999.0 -99.000 -99.000 -99.000 -99.000 -99.000 -9999.0 -9999.0 -9999.0 -9999.0 -9999.0
63829 20041119  1.201  -84.45   31.19    21.6    13.6    17.6    17.5     1.1     4.28 R -9999.0 -9999.0    17.3 -9999.0 -9999.0 -9999.0 -99.000 -99.000 -99.000 -99.000 -99.000 -9999.0 -9999.0 -9999.0 -9999.0 -9999.0
63829 20041120  1.201  -84.45   31.19    22.0    18.3    20.2    19.9    43.9     1.65 R -9999.0 -9999.0    19.9 -9999.0 -9999.0 -9999.0 -99.000 -99.000 -99.000 -99.000 -99.000 -9999.0 -9999.0 -9999.0 -9999.0 -9999.0
63829 20041121  1.201  -84.45   31.19    24.3    18.2    21.3    20.5     0.0     7.52 R -9999.0 -9999.0    21.3 -9999.0 -9999.0 -9999.0 -99.000 -99.000 -99.000 -99.000 -99.000 -9999.0 -9999.0 -9999.0 -9999.0 -9999.0
63829 20041122  1.201  -84.45   31.19    24.0    16.2    20.1    19.2     0.0     8.00 R -9999.0 -9999.0    20.1 -9999.0 -9999.0 -9999.0 -99.000 -99.000 -99.000 -99.000 -99.000 -9999.0 -9999.0 -9999.0 -9999.0 -9999.0
63829 20041123  1.201  -84.45   31.19    24.2    16.1    20.2    20.2     2.9     4.56 R -9999.0 -9999.0    20.2 -9999.0 -9999.0 -9999.0 -99.000 -99.000 -99.000 -99.000 -99.000 -9999.0 -9999.0 -9999.0 -9999.0 -9999.0
63829 20041124  1.201  -84.45   31.19    23.2    17.3    20.3    20.3    45.9     1.19 R -9999.0 -9999.0    19.8 -9999.0 -9999.0 -9999.0 -99.000 -99.000 -99.000 -99.000 -99.000 -9999.0 -9999.0 -9999.0 -9999.0 -9999.0
63829 20041125  1.201  -84.45   31.19    19.0     3.4    11.2    11.2     0.0    12.45 R -9999.0 -9999.0    12.8 -9999.0 -9999.0 -9999.0 -99.000 -99.000 -99.000 -99.000 -99.000 -9999.0 -9999.0 -9999.0 -9999.0 -9999.0
63829 20041126  1.201  -84.45   31.19    14.3     0.6     7.5     7.1     0.0    14.69 R -9999.0 -9999.0     9.9 -9999.0 -9999.0 -9999.0 -99.000 -99.000 -99.000 -99.000 -99.000 -9999.0 -9999.0 -9999.0 -9999.0 -9999.0
63829 20041127  1.201  -84.45   31.19    18.3     5.4    11.9    10.8    15.3     5.61 R -9999.0 -9999.0    11.7 -9999.0 -9999.0 -9999.0 -99.000 -99.000 -99.000 -99.000 -99.000 -9999.0 -9999.0 -9999.0 -9999.0 -9999.0
63829 20041128  1.201  -84.45   31.19    18.1     5.9    12.0    11.7     0.0    14.08 R -9999.0 -9999.0    13.2 -9999.0 -9999.0 -9999.0 -99.000 -99.000 -99.000 -99.000 -99.000 -9999.0 -9999.0 -9999.0 -9999.0 -9999.0
63829 20041129  1.201  -84.45   31.19    20.3     3.9    12.1    11.2     0.0    13.67 R -9999.0 -9999.0    12.1 -9999.0 -9999.0 -9999.0 -99.000 -99.000 -99.000 -99.000 -99.000 -9999.0 -9999.0 -9999.0 -9999.0 -9999.0
63829 20041130  1.201  -84.45   31.19    24.3     9.4    16.9    17.0     0.0    11.47 R -9999.0 -9999.0    17.4 -9999.0 -9999.0 -9999.0 -99.000 -99.000 -99.000 -99.000 -99.000 -9999.0 -9999.0 -9999.0 -9999.0 -9999.0
63829 20041201  1.201  -84.45   31.19    18.8     5.9    12.4    13.4     0.8    10.63 R -9999.0 -9999.0    14.3 -9999.0 -9999.0 -9999.0 -99.000 -99.000 -99.000 -99.000 -99.000 -9999.0 -9999.0 -9999.0 -9999.0 -9999.0
63829 20041202  1.201  -84.45   31.19    16.5     1.7     9.1     8.7     0.0    12.05 R -9999.0 -9999.0    10.1 -9999.0 -9999.0 -9999.0 -99.000 -99.000 -99.000 -99.000 -99.000 -9999.0 -9999.0 -9999.0 -9999.0 -9999.0
63829 20041203  1.201  -84.45   31.19    15.9     0.6     8.3     7.8     0.0    12.71 R -9999.0 -9999.0     9.4 -9999.0 -9999.0 -9999.0 -99.000 -99.000 -99.000 -99.000 -99.000 -9999.0 -9999.0 -9999.0 -9999.0 -9999.0
63829 20041204  1.201  -84.45   31.19    17.2     4.8    11.0    10.2     0.0     9.82 R -9999.0 -9999.0    11.8 -9999.0 -9999.0 -9999.0 -99.000 -99.000 -99.000 -99.000 -99.000 -9999.0 -9999.0 -9999.0 -9999.0 -9999.0
63829 20041205  1.201  -84.45   31.19    16.2     3.9    10.1    10.8     1.2     4.67 R -9999.0 -9999.0    11.9 -9999.0 -9999.0 -9999.0 -99.000 -99.000 -99.000 -99.000 -99.000 -9999.0 -9999.0 -9999.0 -9999.0 -9999.0
63829 20041206  1.201  -84.45   31.19    24.4    10.7    17.6    17.3     0.0     9.54 R -9999.0 -9999.0    17.6 -9999.0 -9999.0 -9999.0 -99.000 -99.000 -99.000 -99.000 -99.000 -9999.0 -9999.0 -9999.0 -9999.0 -9999.0
63829 20041207  1.201  -84.45   31.19    25.8    17.8    21.8    20.9    22.3     6.05 R -9999.0 -9999.0    20.5 -9999.0 -9999.0 -9999.0 -99.000 -99.000 -99.000 -99.000 -99.000 -9999.0 -9999.0 -9999.0 -9999.0 -9999.0
63829 20041208  1.201  -84.45   31.19    22.9    18.5    20.7    20.8     2.3     5.52 R -9999.0 -9999.0    21.1 -9999.0 -9999.0 -9999.0 -99.000 -99.000 -99.000 -99.000 -99.000 -9999.0 -9999.0 -9999.0 -9999.0 -9999.0
63829 20041209  1.201  -84.45   31.19    24.6    18.9    21.8    21.2    17.0     4.02 R -9999.0 -9999.0    20.8 -9999.0 -9999.0 -9999.0 -99.000 -99.000 -99.000 -99.000 -99.000 -9999.0 -9999.0 -9999.0 -9999.0 -9999.0
63829 20041210  1.201  -84.45   31.19    23.1    12.0    17.6    19.1     5.3    13.13 R -9999.0 -9999.0    18.3 -9999.0 -9999.0 -9999.0 -99.000 -99.000 -99.000 -99.000 -99.000 -9999.0 -9999.0 -9999.0 -9999.0 -9999.0
63829 20041211  1.201  -84.45   31.19    13.0     4.4     8.7     8.8     0.2     6.72 R -9999.0 -9999.0     9.5 -9999.0 -9999.0 -9999.0 -99.000 -99.000 -99.000 -99.000 -99.000 -9999.0 -9999.0 -9999.0 -9999.0 -9999.0
63829 20041212  1.201  -84.45   31.19    13.9     1.4     7.7     7.5     0.0    13.36 R -9999.0 -9999.0     9.1 -9999.0 -9999.0 -9999.0 -99.000 -99.000 -99.000 -99.000 -99.000 -9999.0 -9999.0 -9999.0 -9999.0 -9999.0
63829 20041213  1.201  -84.45   31.19    19.6     6.6    13.1    12.6     0.0    12.59 R -9999.0 -9999.0    12.6 -9999.0 -9999.0 -9999.0 -99.000 -99.000 -99.000 -99.000 -99.000 -9999.0 -9999.0 -9999.0 -9999.0 -9999.0
63829 20041214  1.201  -84.45   31.19     8.0    -0.1     4.0     4.3     0.0    13.90 R -9999.0 -9999.0     5.8 -9999.0 -9999.0 -9999.0 -99.000 -99.000 -99.000 -99.000 -99.000 -9999.0 -9999.0 -9999.0 -9999.0 -9999.0
63829 20041215  1.201  -84.45   31.19     9.3    -4.6     2.4     1.2     0.0    13.96 R -9999.0 -9999.0     3.4 -9999.0 -9999.0 -9999.0 -99.000 -99.000 -99.000 -99.000 -99.000 -9999.0 -9999.0 -9999.0 -9999.0 -9999.0
63829 20041216  1.201  -84.45   31.19    14.6    -3.4     5.6     4.3     0.0    13.00 R -9999.0 -9999.0     5.6 -9999.0 -9999.0 -9999.0 -99.000 -99.000 -99.000 -99.000 -99.000 -9999.0 -9999.0 -9999.0 -9999.0 -9999.0
63829 20041217  1.201  -84.45   31.19    15.1     0.5     7.8     7.3     0.0    10.64 R -9999.0 -9999.0     8.4 -9999.0 -9999.0 -9999.0 -99.000 -99.000 -99.000 -99.000 -99.000 -9999.0 -9999.0 -9999.0 -9999.0 -9999.0
63829 20041218  1.201  -84.45   31.19 -9999.0 -9999.0 -9999.0 -9999.0 -9999.0 -9999.00 U -9999.0 -9999.0 -9999.0 -9999.0 -9999.0 -9999.0 -99.000 -99.000 -99.000 -99.000 -99.000 -9999.0 -9999.0 -9999.0 -9999.0 -9999.0
63829 20041219  1.201  -84.45   31.19    14.9     0.7     7.8     6.8     0.0    12.94 R -9999.0 -9999.0     7.4 -9999.0 -9999.0 -9999.0 -99.000 -99.000 -99.000 -99.000 -99.000 -9999.0 -9999.0 -9999.0 -9999.0 -9999.0
63829 20041220  1.201  -84.45   31.19     6.8    -3.6     1.6     0.5     0.0    13.58 R -9999.0 -9999.0     3.3 -9999.0 -9999.0 -9999.0 -99.000 -99.000 -99.000 -99.000 -99.000 -9999.0 -9999.0 -9999.0 -9999.0 -9999.0
63829 20041221  1.201  -84.45   31.19    16.8    -3.1     6.9     5.9     0.0    13.46 R -9999.0 -9999.0     6.3 -9999.0 -9999.0 -9999.0 -99.000 -99.000 -99.000 -99.000 -99.000 -9999.0 -9999.0 -9999.0 -9999.0 -9999.0
63829 20041222  1.201  -84.45   31.19    20.3     3.8    12.1    13.7     4.1     6.38 R -9999.0 -9999.0    12.6 -9999.0 -9999.0 -9999.0 -99.000 -99.000 -99.000 -99.000 -99.000 -9999.0 -9999.0 -9999.0 -9999.0 -9999.0
63829 20041223  1.201  -84.45   31.19    18.7     1.0     9.9     9.8    20.5     4.29 R -9999.0 -9999.0    10.9 -9999.0 -9999.0 -9999.0 -99.000 -99.000 -99.000 -99.000 -99.000 -9999.0 -9999.0 -9999.0 -9999.0 -9999.0
63829 20041224  1.201  -84.45   31.19     4.1    -0.7     1.7     1.8     0.6     2.76 R -9999.0 -9999.0     4.1 -9999.0 -9999.0 -9999.0 -99.000 -99.000 -99.000 -99.000 -99.000 -9999.0 -9999.0 -9999.0 -9999.0 -9999.0
63829 20041225  1.201  -84.45   31.19     4.6     1.8     3.2     3.2     6.5     1.74 R -9999.0 -9999.0     4.5 -9999.0 -9999.0 -9999.0 -99.000 -99.000 -99.000 -99.000 -99.000 -9999.0 -9999.0 -9999.0 -9999.0 -9999.0
63829 20041226  1.201  -84.45   31.19    11.0     0.8     5.9     4.5    22.3    12.99 R -9999.0 -9999.0     5.7 -9999.0 -9999.0 -9999.0 -99.000 -99.000 -99.000 -99.000 -99.000 -9999.0 -9999.0 -9999.0 -9999.0 -9999.0
63829 20041227  1.201  -84.45   31.19    12.1    -1.8     5.2     4.4     0.0    13.64 R -9999.0 -9999.0     5.2 -9999.0 -9999.0 -9999.0 -99.000 -99.000 -99.000 -99.000 -99.000 -9999.0 -9999.0 -9999.0 -9999.0 -9999.0
63829 20041228  1.201  -84.45   31.19    13.2    -1.3     6.0     5.0     0.0    11.89 R -9999.0 -9999.0     5.7 -9999.0 -9999.0 -9999.0 -99.000 -99.000 -99.000 -99.000 -99.000 -9999.0 -9999.0 -9999.0 -9999.0 -9999.0
63829 20041229  1.201  -84.45   31.19    18.0     0.2     9.1     7.8     0.0    10.19 R -9999.0 -9999.0     8.5 -9999.0 -9999.0 -9999.0 -99.000 -99.000 -99.000 -99.000 -99.000 -9999.0 -9999.0 -9999.0 -9999.0 -9999.0
63829 20041230  1.201  -84.45   31.19    19.7     3.4    11.6    10.6     0.0    10.73 R -9999.0 -9999.0    10.6 -9999.0 -9999.0 -9999.0 -99.000 -99.000 -99.000 -99.000 -99.000 -9999.0 -9999.0 -9999.0 -9999.0 -9999.0
63829 20041231  1.201  -84.45   31.19    19.6     8.1    13.9    13.2     0.0     6.28 R -9999.0 -9999.0    12.4 -9999.0 -9999.0 -9999.0 -99.000 -99.000 -99.000 -99.000 -99.000 -9999.0 -9999.0 -9999.0 -9999.0 -9999.0
