63855 20041203  1.201  -85.13   36.01 -9999.0 -9999.0 -9999.0 -9999.0 -9999.0 -9999.00 U -9999.0 -9999.0 -9999.0 -9999.0 -9999.0 -9999.0 -99.000 -99.000 -99.000 -99.000 -99.000 -9999.0 -9999.0 -9999.0 -9999.0 -9999.0
63855 20041204  1.201  -85.13   36.01    10.0    -5.3     2.4     2.3     0.0    12.11 R -9999.0 -9999.0     2.4 -9999.0 -9999.0 -9999.0 -99.000 -99.000 -99.000 -99.000 -99.000 -9999.0 -9999.0 -9999.0 -9999.0 -9999.0
63855 20041205  1.201  -85.13   36.01    12.5    -2.8     4.9     5.4     8.9     8.60 R -9999.0 -9999.0     4.8 -9999.0 -9999.0 -9999.0 -99.000 -99.000 -99.000 -99.000 -99.000 -9999.0 -9999.0 -9999.0 -9999.0 -9999.0
63855 20041206  1.201  -85.13   36.01    12.8     8.3    10.6    11.1    27.7     0.94 R -9999.0 -9999.0    10.2 -9999.0 -9999.0 -9999.0 -99.000 -99.000 -99.000 -99.000 -99.000 -9999.0 -9999.0 -9999.0 -9999.0 -9999.0
63855 20041207  1.201  -85.13   36.01    18.2     9.1    13.7    14.4    13.9     8.46 R -9999.0 -9999.0    12.3 -9999.0 -9999.0 -9999.0 -99.000 -99.000 -99.000 -99.000 -99.000 -9999.0 -9999.0 -9999.0 -9999.0 -9999.0
63855 20041208  1.201  -85.13   36.01    13.9     0.2     7.1     7.7     0.0    10.41 R -9999.0 -9999.0     7.4 -9999.0 -9999.0 -9999.0 -99.000 -99.000 -99.000 -99.000 -99.000 -9999.0 -9999.0 -9999.0 -9999.0 -9999.0
63855 20041209  1.201  -85.13   36.01    13.2     7.7    10.5     9.9    68.4     0.56 R -9999.0 -9999.0     9.0 -9999.0 -9999.0 -9999.0 -99.000 -99.000 -99.000 -99.000 -99.000 -9999.0 -9999.0 -9999.0 -9999.0 -9999.0
63855 20041210  1.201  -85.13   36.01    12.2     3.4     7.8     8.0    10.3     6.60 R -9999.0 -9999.0     8.1 -9999.0 -9999.0 -9999.0 -99.000 -99.000 -99.000 -99.000 -99.000 -9999.0 -9999.0 -9999.0 -9999.0 -9999.0
63855 20041211  1.201  -85.13   36.01     3.4     0.6     2.0     2.0     3.9     1.96 R -9999.0 -9999.0     3.4 -9999.0 -9999.0 -9999.0 -99.000 -99.000 -99.000 -99.000 -99.000 -9999.0 -9999.0 -9999.0 -9999.0 -9999.0
63855 20041212  1.201  -85.13   36.01     8.4     0.0     4.2     3.7     0.0     5.10 R -9999.0 -9999.0     3.8 -9999.0 -9999.0 -9999.0 -99.000 -99.000 -99.000 -99.000 -99.000 -9999.0 -9999.0 -9999.0 -9999.0 -9999.0
63855 20041213  1.201  -85.13   36.01     6.2    -3.9     1.2     0.4     0.0     4.20 R -9999.0 -9999.0     0.6 -9999.0 -9999.0 -9999.0 -99.000 -99.000 -99.000 -99.000 -99.000 -9999.0 -9999.0 -9999.0 -9999.0 -9999.0
63855 20041214  1.201  -85.13   36.01    -3.2    -6.5    -4.8    -4.9     0.0     4.26 R -9999.0 -9999.0    -2.4 -9999.0 -9999.0 -9999.0 -99.000 -99.000 -99.000 -99.000 -99.000 -9999.0 -9999.0 -9999.0 -9999.0 -9999.0
63855 20041215  1.201  -85.13   36.01     4.1    -7.5    -1.7    -3.2     0.0    11.84 R -9999.0 -9999.0    -1.6 -9999.0 -9999.0 -9999.0 -99.000 -99.000 -99.000 -99.000 -99.000 -9999.0 -9999.0 -9999.0 -9999.0 -9999.0
63855 20041216  1.201  -85.13   36.01     8.8    -8.5     0.2     0.6     0.0    11.78 R -9999.0 -9999.0    -0.5 -9999.0 -9999.0 -9999.0 -99.000 -99.000 -99.000 -99.000 -99.000 -9999.0 -9999.0 -9999.0 -9999.0 -9999.0
63855 20041217  1.201  -85.13   36.01     7.6    -4.9     1.4     0.9     0.0    11.33 R -9999.0 -9999.0     1.5 -9999.0 -9999.0 -9999.0 -99.000 -99.000 -99.000 -99.000 -99.000 -9999.0 -9999.0 -9999.0 -9999.0 -9999.0
63855 20041218  1.201  -85.13   36.01     8.4    -6.6     0.9     1.7     0.0    11.17 R -9999.0 -9999.0     1.7 -9999.0 -9999.0 -9999.0 -99.000 -99.000 -99.000 -99.000 -99.000 -9999.0 -9999.0 -9999.0 -9999.0 -9999.0
63855 20041219  1.201  -85.13   36.01     2.8   -13.5    -5.3    -4.9     3.8     2.98 R -9999.0 -9999.0    -5.3 -9999.0 -9999.0 -9999.0 -99.000 -99.000 -99.000 -99.000 -99.000 -9999.0 -9999.0 -9999.0 -9999.0 -9999.0
63855 20041220  1.201  -85.13   36.01    -0.7   -17.9    -9.3    -8.9     0.0    10.26 R -9999.0 -9999.0   -10.6 -9999.0 -9999.0 -9999.0 -99.000 -99.000 -99.000 -99.000 -99.000 -9999.0 -9999.0 -9999.0 -9999.0 -9999.0
63855 20041221  1.201  -85.13   36.01     9.5    -1.4     4.1     4.7     1.6     1.45 R -9999.0 -9999.0     1.6 -9999.0 -9999.0 -9999.0 -99.000 -99.000 -99.000 -99.000 -99.000 -9999.0 -9999.0 -9999.0 -9999.0 -9999.0
63855 20041222  1.201  -85.13   36.01    12.1     5.6     8.9     8.6     3.9     2.52 R -9999.0 -9999.0     6.2 -9999.0 -9999.0 -9999.0 -99.000 -99.000 -99.000 -99.000 -99.000 -9999.0 -9999.0 -9999.0 -9999.0 -9999.0
63855 20041223  1.201  -85.13   36.01    12.0    -8.2     1.9    -5.1    10.9     2.50 R -9999.0 -9999.0    -2.0 -9999.0 -9999.0 -9999.0 -99.000 -99.000 -99.000 -99.000 -99.000 -9999.0 -9999.0 -9999.0 -9999.0 -9999.0
63855 20041224  1.201  -85.13   36.01    -4.3   -11.7    -8.0    -7.6     0.0     7.74 R -9999.0 -9999.0    -5.0 -9999.0 -9999.0 -9999.0 -99.000 -99.000 -99.000 -99.000 -99.000 -9999.0 -9999.0 -9999.0 -9999.0 -9999.0
63855 20041225  1.201  -85.13   36.01     1.5   -13.0    -5.7    -5.7     0.0    10.31 R -9999.0 -9999.0    -3.9 -9999.0 -9999.0 -9999.0 -99.000 -99.000 -99.000 -99.000 -99.000 -9999.0 -9999.0 -9999.0 -9999.0 -9999.0
63855 20041226  1.201  -85.13   36.01     2.9    -8.0    -2.5    -2.3     0.0     9.53 R -9999.0 -9999.0    -1.3 -9999.0 -9999.0 -9999.0 -99.000 -99.000 -99.000 -99.000 -99.000 -9999.0 -9999.0 -9999.0 -9999.0 -9999.0
63855 20041227  1.201  -85.13   36.01     3.7    -7.7    -2.0    -2.3     0.0    11.62 R -9999.0 -9999.0    -0.9 -9999.0 -9999.0 -9999.0 -99.000 -99.000 -99.000 -99.000 -99.000 -9999.0 -9999.0 -9999.0 -9999.0 -9999.0
63855 20041228  1.201  -85.13   36.01     8.8    -6.6     1.1     2.6     0.0    11.13 R -9999.0 -9999.0     0.4 -9999.0 -9999.0 -9999.0 -99.000 -99.000 -99.000 -99.000 -99.000 -9999.0 -9999.0 -9999.0 -9999.0 -9999.0
63855 20041229  1.201  -85.13   36.01     9.4     1.4     5.4     5.3     0.0     1.77 R -9999.0 -9999.0     2.3 -9999.0 -9999.0 -9999.0 -99.000 -99.000 -99.000 -99.000 -99.000 -9999.0 -9999.0 -9999.0 -9999.0 -9999.0
63855 20041230  1.201  -85.13   36.01    14.4     4.1     9.3     9.6     0.0     5.32 R -9999.0 -9999.0     6.8 -9999.0 -9999.0 -9999.0 -99.000 -99.000 -99.000 -99.000 -99.000 -9999.0 -9999.0 -9999.0 -9999.0 -9999.0
63855 20041231  1.201  -85.13   36.01    14.8     5.8    10.3    11.3     0.3     4.58 R -9999.0 -9999.0     8.8 -9999.0 -9999.0 -9999.0 -99.000 -99.000 -99.000 -99.000 -99.000 -9999.0 -9999.0 -9999.0 -9999.0 -9999.0
