03074 20150101  2.422 -106.74   32.61     6.4    -9.3    -1.5    -0.9     0.0     5.52 C     9.5    -9.0    -0.5    86.9    53.9    73.7 -99.000   0.098   0.109   0.088   0.057     1.2     2.0     3.2     7.2    10.0
03074 20150102  2.422 -106.74   32.61     6.1    -7.1    -0.5    -0.4     7.2     5.52 C    12.4   -13.1    -1.3    99.9    56.2    84.7   0.083   0.098   0.110   0.089   0.056     2.4     2.9     3.8     6.8     9.7
03074 20150103  2.422 -106.74   32.61     7.9    -7.4     0.3    -0.4     0.6    13.15 C    11.3   -12.2    -1.3    97.9    43.1    81.1   0.091   0.098   0.109   0.088   0.056     2.2     2.8     3.7     6.7     9.5
03074 20150104  2.422 -106.74   32.61    10.5    -7.5     1.5     0.2     0.0    13.07 C    15.3    -6.6     0.9    93.5    41.0    76.4 -99.000   0.109   0.110   0.088   0.056     2.2     2.7     3.6     6.6     9.3
03074 20150105  2.422 -106.74   32.61    13.0    -8.2     2.4     0.6     0.0    13.25 C    15.9    -7.4     0.9    93.9    25.8    72.1 -99.000   0.114   0.114   0.087   0.056     2.3     2.9     3.7     6.5     9.2
03074 20150106  2.422 -106.74   32.61    16.1    -7.0     4.6     2.7     0.0    13.02 C    18.7    -6.6     2.4    92.9    23.2    67.5 -99.000   0.115   0.116   0.088   0.057     3.1     3.5     4.0     6.5     9.0
03074 20150107  2.422 -106.74   32.61    16.3    -4.4     5.9     3.4     0.0    12.30 C    20.3    -4.5     3.3    94.2    32.2    66.9   0.111   0.116   0.118   0.088   0.057     4.3     4.6     4.8     6.6     8.9
03074 20150108  2.422 -106.74   32.61     7.9    -1.2     3.3     2.6     0.8     7.59 C    16.0    -2.7     4.7    90.6    48.2    64.6   0.110   0.117   0.119   0.089   0.057     5.0     5.1     5.4     7.0     8.9
03074 20150109  2.422 -106.74   32.61     6.5    -1.6     2.4     2.9     0.0     3.70 C     9.2    -2.1     2.9    98.6    54.8    77.0   0.108   0.115   0.119   0.088   0.056     4.4     4.9     5.5     7.3     9.0
03074 20150110  2.422 -106.74   32.61     8.2    -0.5     3.9     3.0     0.0     6.30 C    13.1    -2.7     3.7    90.3    52.6    69.2   0.107   0.116   0.120   0.088   0.055     5.1     5.3     5.6     7.3     9.0
03074 20150111  2.422 -106.74   32.61    14.2    -1.3     6.4     4.6     0.0    10.12 C    20.6    -3.3     4.8   100.0    46.4    82.2   0.107   0.115   0.120   0.088   0.055     5.4     5.4     5.7     7.3     9.1
03074 20150112  2.422 -106.74   32.61    10.0     0.4     5.2     4.2     3.8     4.72 C    15.5    -0.7     3.6    96.4    69.2    90.7   0.106   0.115   0.120   0.088   0.057     5.4     5.8     6.2     7.5     9.1
03074 20150113  2.422 -106.74   32.61     5.1    -0.9     2.1     2.7     0.0     4.24 C     8.2    -1.8     2.9    98.6    76.7    86.7   0.111   0.117   0.120   0.089   0.057     4.1     4.6     5.4     7.5     9.3
03074 20150114  2.422 -106.74   32.61     5.4    -2.1     1.7     2.6     3.6     2.65 C     7.1    -2.2     2.6    99.0    72.6    88.0   0.119   0.119   0.122   0.088   0.056     4.1     4.6     5.4     7.4     9.2
03074 20150115  2.422 -106.74   32.61    11.2    -4.5     3.4     2.0     0.0    13.97 C    18.2    -3.4     3.6   100.0    40.0    82.0   0.130   0.127   0.123   0.089   0.056     4.3     4.5     4.9     7.1     9.1
03074 20150116  2.422 -106.74   32.61    13.2    -6.4     3.4     2.1     0.0    13.89 C    19.3    -5.7     2.8    95.6    22.3    73.2   0.125   0.128   0.126   0.088   0.056     4.3     4.7     5.2     7.1     9.0
03074 20150117  2.422 -106.74   32.61    16.7    -5.7     5.5     4.3     0.0    13.83 C    23.1    -5.7     4.2    90.1    23.7    62.2   0.121   0.129   0.127   0.089   0.056     4.7     5.0     5.3     7.1     9.0
03074 20150118  2.422 -106.74   32.61    17.2    -5.0     6.1     4.5     0.0    13.54 C    25.0    -5.1     5.2    93.1    21.6    63.4   0.119   0.132   0.129   0.089   0.056     5.5     5.7     5.8     7.2     9.0
03074 20150119  2.422 -106.74   32.61    19.8    -4.8     7.5     6.2     0.0    14.04 C    27.4    -5.1     6.6    93.3    17.8    59.6   0.118   0.133   0.131   0.089   0.056     6.5     6.4     6.5     7.5     9.0
03074 20150120  2.422 -106.74   32.61    19.1    -4.4     7.3     7.1     0.0    14.03 C    28.8    -4.7     7.4    91.7    17.4    54.4   0.118   0.133   0.133   0.089   0.055     7.5     7.4     7.4     7.8     9.1
03074 20150121  2.422 -106.74   32.61    13.5    -3.0     5.3     5.1     0.0     8.83 C    25.5    -3.7     5.1    89.2    31.7    64.1   0.115   0.132   0.134   0.089   0.056     6.8     7.1     7.5     8.2     9.3
03074 20150122  2.422 -106.74   32.61     4.8   -12.4    -3.8    -1.1    16.5     8.02 C     3.5   -12.0    -2.1    98.6    68.3    87.0   0.125   0.133   0.133   0.089   0.057     3.3     4.4     5.9     8.3     9.4
03074 20150123  2.422 -106.74   32.61     2.5   -16.1    -6.8    -6.9     0.0    14.71 C     2.0   -14.8    -6.4    94.2    51.8    81.6   0.140   0.153   0.136   0.089   0.057     1.3     2.1     3.5     7.4     9.4
03074 20150124  2.422 -106.74   32.61     9.1   -12.3    -1.6    -2.8     0.0    13.64 C    14.8   -10.2    -0.7    94.3    39.4    79.0   0.139   0.161   0.141   0.088   0.055     0.9     1.6     2.7     6.4     9.0
03074 20150125  2.422 -106.74   32.61    13.4    -6.9     3.2     1.5     0.0    14.06 C    18.6    -6.2     2.3    95.1    30.9    73.5 -99.000   0.168   0.146   0.088   0.055     2.3     2.5     2.9     5.9     8.6
03074 20150126  2.422 -106.74   32.61    15.2    -3.5     5.9     4.4     0.0    11.13 C    22.1    -3.7     4.8    94.0    27.6    72.8   0.145   0.170   0.157   0.088   0.056     4.4     4.1     4.1     5.9     8.3
03074 20150127  2.422 -106.74   32.61    19.2     2.1    10.7     9.2     0.0    14.41 C    29.6     0.5    10.5    93.4    28.5    68.6   0.141   0.169   0.168   0.088   0.056     8.1     7.5     6.6     6.4     8.2
03074 20150128  2.422 -106.74   32.61    20.5     0.6    10.6     9.6     0.0    14.35 C    31.9    -0.5    10.5    96.6    27.9    68.5   0.136   0.166   0.170   0.089   0.055     9.2     8.9     8.3     7.5     8.4
03074 20150129  2.422 -106.74   32.61    16.1     4.0    10.0     9.1     0.0     4.46 C    20.7     2.4     8.5    91.9    34.5    62.6   0.131   0.161   0.169   0.091   0.055     8.6     8.6     8.7     8.4     8.8
03074 20150130  2.422 -106.74   32.61     9.0     4.9     6.9     6.5    10.1     3.18 C    10.5     4.8     6.7    97.2    47.9    83.3   0.143   0.165   0.169   0.090   0.057     7.8     8.0     8.3     8.7     9.2
03074 20150131  2.422 -106.74   32.61    10.8     4.6     7.7     7.5     4.1     4.49 C    14.9     2.6     7.9    98.6    73.8    91.9   0.171   0.193   0.187   0.090   0.058     8.4     8.3     8.2     8.7     9.5
03074 20150201  2.422 -106.74   32.61    14.3     0.5     7.4     6.7     0.0    15.26 C    22.0    -0.5     7.7   100.0    38.7    78.4   0.158   0.188   0.194   0.091   0.057     8.6     8.6     8.5     8.8     9.5
03074 20150202  2.422 -106.74   32.61    15.4    -2.2     6.6     6.0     0.0    15.40 C    25.5    -2.1     7.7    97.6    37.9    77.0   0.148   0.181   0.191   0.091   0.056     8.5     8.5     8.6     9.0     9.7
03074 20150203  2.422 -106.74   32.61    18.4    -1.9     8.2     7.5     0.0    15.62 C    28.3    -2.0     8.6    97.3    24.1    69.9   0.143   0.176   0.188   0.091   0.057     9.1     9.1     9.0     9.2     9.8
03074 20150204  2.422 -106.74   32.61    21.3    -2.1     9.6     8.6     0.0    15.90 C    28.6    -2.4     8.8    96.5    16.5    60.9   0.139   0.172   0.185   0.093   0.058     9.5     9.5     9.4     9.4    10.0
03074 20150205  2.422 -106.74   32.61    20.2    -1.6     9.3     7.4     0.0    16.22 C    32.1    -2.9     9.0    93.1    20.8    62.5   0.136   0.168   0.184   0.096   0.057     9.7     9.7     9.6     9.7    10.1
03074 20150206  2.422 -106.74   32.61    21.8    -3.6     9.1     8.2     0.0    16.40 C    33.1    -4.3     9.4    91.9    16.7    57.3   0.133   0.165   0.181   0.100   0.058     9.7     9.7     9.7     9.9    10.3
03074 20150207  2.422 -106.74   32.61    23.9    -3.0    10.4    10.4     0.0    16.65 C    34.4    -3.4    10.9    91.1    10.3    47.4   0.131   0.163   0.180   0.102   0.058    10.6    10.4    10.2    10.1    10.5
03074 20150208  2.422 -106.74   32.61    24.4    -1.8    11.3    11.1     0.0    16.31 C    35.7    -2.3    12.0    86.1    16.1    47.9   0.130   0.162   0.178   0.102   0.059    11.5    11.2    10.9    10.4    10.6
03074 20150209  2.422 -106.74   32.61    24.1    -0.4    11.8    11.0     0.0    16.55 C    36.8    -1.1    12.5    90.4    15.4    51.6   0.129   0.160   0.177   0.104   0.059    12.1    11.9    11.6    10.9    10.9
03074 20150210  2.422 -106.74   32.61    24.6    -0.8    11.9    11.4     0.0    16.91 C    36.4    -1.5    12.3    86.7    10.9    43.7   0.128   0.159   0.176   0.105   0.058    12.3    12.2    11.9    11.3    11.1
03074 20150211  2.422 -106.74   32.61    17.2    -2.2     7.5     8.3     0.0    13.58 C    26.9    -3.1     8.2    74.7    25.4    46.3   0.125   0.155   0.174   0.107   0.060    10.7    11.1    11.4    11.5    11.4
03074 20150212  2.422 -106.74   32.61    14.6    -4.1     5.2     5.2     0.0    16.81 C    31.7    -4.7     8.4    90.4    28.3    57.1   0.122   0.154   0.172   0.108   0.060    10.1    10.3    10.6    11.3    11.5
03074 20150213  2.422 -106.74   32.61    17.1    -5.1     6.0     5.3     0.0    17.07 C    34.2    -5.3     8.9    87.9    21.9    55.2   0.121   0.152   0.171   0.110   0.059     9.9    10.1    10.4    11.1    11.5
03074 20150214  2.422 -106.74   32.61    20.1    -3.2     8.4     8.6     0.0    15.32 C    36.4    -3.8    11.1    82.6    26.5    56.1   0.121   0.152   0.170   0.113   0.059    10.7    10.6    10.6    11.0    11.5
03074 20150215  2.422 -106.74   32.61    23.5     5.5    14.5    14.5     0.0    15.89 C    37.1     3.2    16.1    87.0    20.7    53.6   0.123   0.153   0.170   0.115   0.059    13.5    12.9    12.1    11.3    11.5
03074 20150216  2.422 -106.74   32.61    20.7     3.0    11.9    12.1     0.0    16.79 C    34.3     2.4    13.8    90.1    16.7    50.1   0.122   0.153   0.171   0.118   0.060    13.9    13.7    13.2    12.0    11.7
03074 20150217  2.422 -106.74   32.61    14.1    -1.4     6.3     6.6     0.0    18.14 C    29.2    -3.2     9.1    70.6     8.7    34.0   0.119   0.150   0.169   0.119   0.060    12.1    12.4    12.6    12.4    12.1
03074 20150218  2.422 -106.74   32.61    20.4    -6.7     6.9     6.5     0.0    18.16 C    36.2    -6.5    10.0    71.3     7.4    34.6   0.118   0.147   0.167   0.120   0.061    10.9    11.1    11.4    12.2    12.2
03074 20150219  2.422 -106.74   32.61    23.7    -3.7    10.0    10.7     0.0    17.26 C    37.0    -4.2    12.1    64.1    10.6    29.3   0.117   0.148   0.167   0.121   0.060    11.8    11.8    11.7    11.9    12.2
03074 20150220  2.422 -106.74   32.61    22.5    -0.7    10.9    12.6     0.0    10.57 C    31.9    -2.5    11.8    52.1     6.6    24.2   0.117   0.146   0.166   0.121   0.060    11.8    11.8    11.9    12.1    12.3
03074 20150221  2.422 -106.74   32.61    21.8     6.6    14.2    14.8     0.0    14.39 C    32.5     2.1    13.8    47.0    15.0    28.2   0.117   0.147   0.166   0.124   0.059    13.4    13.2    12.8    12.2    12.3
03074 20150222  2.422 -106.74   32.61    20.2     4.1    12.2    12.8     0.0    10.81 C    34.8     3.2    13.3    62.1    25.3    42.7   0.116   0.147   0.166   0.124   0.061    13.7    13.5    13.3    12.6    12.5
03074 20150223  2.422 -106.74   32.61     6.4    -1.8     2.3     2.0     0.5     9.09 C    19.7    -3.6     4.8    86.9    49.0    69.7   0.111   0.142   0.164   0.125   0.061     9.9    10.8    11.8    12.7    12.7
03074 20150224  2.422 -106.74   32.61    15.2    -7.4     3.9     3.0     1.5    15.62 C    30.0    -7.7     6.3    92.6    26.0    70.6   0.110   0.140   0.161   0.124   0.061     8.5     9.0     9.8    11.9    12.6
03074 20150225  2.422 -106.74   32.61    16.3    -4.8     5.8     6.4     0.0    19.19 C    30.5    -4.8     8.7    95.7    22.5    57.8   0.110   0.139   0.160   0.123   0.061     9.8     9.9    10.1    11.3    12.4
03074 20150226  2.422 -106.74   32.61    14.4    -1.7     6.3     5.9     0.0    17.58 C    32.2    -3.1     8.9    84.7    29.7    53.3   0.111   0.140   0.161   0.122   0.060    10.1    10.3    10.5    11.3    12.2
03074 20150227  2.422 -106.74   32.61     9.9    -4.1     2.9     3.1     0.0    16.71 C    29.9    -5.0     7.1    81.5    36.3    58.2   0.110   0.139   0.160   0.123   0.060     9.7    10.0    10.4    11.3    12.1
03074 20150228  2.422 -106.74   32.61    18.9    -6.3     6.3     6.9     0.0    18.09 C    32.7    -6.4    10.0    84.5    24.6    52.2   0.111   0.139   0.159   0.123   0.060    10.0    10.0    10.1    11.1    12.0
03074 20150301  2.422 -106.74   32.61    22.3     3.2    12.8    13.0     0.0    18.06 C    34.7     0.3    13.9    75.1    12.6    39.0   0.112   0.141   0.160   0.124   0.060    12.5    12.1    11.7    11.3    11.9
03074 20150302  2.422 -106.74   32.61    17.5    10.2    13.8    13.4     1.0     3.41 C    20.5     8.1    11.3    78.1    19.9    44.6   0.110   0.140   0.160   0.125   0.060    11.9    12.0    12.2    11.9    12.0
03074 20150303  2.422 -106.74   32.61    14.7     6.1    10.4    10.5     5.0     9.24 C    16.5     3.3     9.7    97.1    41.9    77.6   0.112   0.139   0.160   0.126   0.060    11.5    11.7    11.8    12.0    12.2
03074 20150304  2.422 -106.74   32.61    13.8     0.4     7.1     7.4     0.0    16.04 C    31.4    -0.4     9.7    96.2    31.8    70.4   0.115   0.142   0.160   0.125   0.063    11.2    11.2    11.3    11.8    12.3
03074 20150305  2.422 -106.74   32.61    11.8    -4.2     3.8     3.6     0.0    20.75 C    30.6    -4.9     7.6    87.5    23.0    55.7   0.114   0.142   0.160   0.125   0.062     9.9    10.3    10.8    11.7    12.3
03074 20150306  2.422 -106.74   32.61    17.5    -7.2     5.2     5.0     0.0    21.12 C    33.9    -7.0     8.5    90.6     5.3    46.9   0.115   0.142   0.160   0.125   0.062     9.8    10.0    10.4    11.5    12.2
03074 20150307  2.422 -106.74   32.61    17.4    -1.0     8.2     8.9     0.0    12.92 C    32.2    -1.7    11.0    61.9    29.8    45.6   0.115   0.141   0.160   0.125   0.060    10.8    10.7    10.8    11.4    12.1
03074 20150308  2.422 -106.74   32.61    21.0     2.5    11.8    11.9     0.0    19.77 C    41.2     1.1    15.2    85.8    12.8    47.4   0.118   0.144   0.162   0.125   0.060    13.9    13.3    12.5    11.6    12.1
03074 20150309  2.422 -106.74   32.61    20.6    -0.1    10.2    10.2     0.0    18.64 C    39.9    -0.8    13.6    81.1    18.9    49.8   0.117   0.144   0.162   0.127   0.062    13.8    13.6    13.3    12.4    12.3
03074 20150310  2.422 -106.74   32.61    20.8    -1.3     9.8     9.8     0.0    20.98 C    41.0    -1.7    13.9    88.7    11.9    47.8   0.117   0.144   0.162   0.127   0.061    14.2    14.0    13.6    12.8    12.6
03074 20150311  2.422 -106.74   32.61    22.1    -1.5    10.3    10.9     0.0    20.41 C    40.1    -2.0    14.1    74.0    10.0    38.1   0.116   0.143   0.162   0.128   0.061    14.3    14.1    13.9    13.2    12.9
03074 20150312  2.422 -106.74   32.61    19.4     0.8    10.1    11.0     0.0    13.85 C    33.8     0.2    13.2    68.8    24.5    44.1   0.115   0.142   0.161   0.128   0.062    13.9    13.9    13.9    13.4    13.1
03074 20150313  2.422 -106.74   32.61    21.6     3.9    12.7    13.6     0.0    17.98 C    41.6     2.9    16.1    70.7    14.6    37.2   0.115   0.142   0.161   0.127   0.062    15.1    14.8    14.3    13.6    13.3
03074 20150314  2.422 -106.74   32.61    20.2     4.2    12.2    13.1     0.0    20.59 C    40.0     2.1    15.3    63.2    16.6    33.3   0.115   0.143   0.162   0.129   0.062    15.8    15.6    15.2    14.0    13.5
03074 20150315  2.422 -106.74   32.61    20.2    -0.5     9.8    11.3     0.0    22.13 C    38.8    -1.8    14.3    63.5    11.0    29.9   0.112   0.141   0.160   0.129   0.063    15.0    15.0    14.8    14.2    13.7
03074 20150316  2.422 -106.74   32.61    23.3    -0.4    11.4    11.9     0.0    18.88 C    43.0    -0.8    15.8    54.8    22.8    36.4   0.112   0.140   0.160   0.128   0.063    15.4    15.2    14.9    14.3    13.9
03074 20150317  2.422 -106.74   32.61    16.8     9.8    13.3    13.4     0.0     5.52 C    22.8     8.2    14.3    80.9    43.6    60.2   0.111   0.139   0.160   0.129   0.065    15.3    15.3    15.3    14.7    14.1
03074 20150318  2.422 -106.74   32.61    18.0     6.4    12.2    11.4     1.1     9.52 C    29.3     4.8    13.4    95.9    54.7    82.3   0.108   0.138   0.158   0.129   0.064    14.7    14.7    14.8    14.6    14.2
03074 20150319  2.422 -106.74   32.61    19.4     5.5    12.5    12.2     0.0    13.77 C    34.5     3.9    14.0    97.0    34.9    67.6   0.108   0.136   0.157   0.130   0.064    14.5    14.5    14.5    14.5    14.3
03074 20150320  2.422 -106.74   32.61    21.0     1.2    11.1    11.8     0.0    19.86 C    42.9     0.5    16.1    93.9    24.4    60.3   0.108   0.137   0.157   0.129   0.064    15.6    15.2    14.9    14.4    14.3
03074 20150321  2.422 -106.74   32.61    20.8     6.5    13.6    12.0     0.0    15.08 C    38.6     5.6    15.3    87.2    28.1    61.7   0.109   0.137   0.158   0.130   0.064    15.9    15.8    15.5    14.8    14.4
03074 20150322  2.422 -106.74   32.61    25.2     1.1    13.1    14.6     0.0    22.94 C    44.8     0.2    18.2    93.2    11.1    45.7   0.108   0.137   0.158   0.130   0.064    17.0    16.5    16.0    15.0    14.6
03074 20150323  2.422 -106.74   32.61    26.2     2.9    14.5    16.3     0.0    20.48 C    41.2     1.3    17.1    53.5     4.1    23.3   0.108   0.137   0.158   0.130   0.063    17.3    17.1    16.7    15.4    14.8
03074 20150324  2.422 -106.74   32.61    25.8     0.8    13.3    14.2     0.0    23.72 C    43.9    -0.7    17.0    56.3     4.5    22.4   0.106   0.135   0.157   0.130   0.065    17.3    17.1    16.8    15.8    15.0
03074 20150325  2.422 -106.74   32.61    23.8     0.6    12.2    13.8     0.0    17.10 C    41.3    -0.4    14.7    44.5    11.0    23.6   0.103   0.134   0.156   0.131   0.065    16.4    16.5    16.6    16.0    15.3
03074 20150326  2.422 -106.74   32.61    19.8     0.4    10.1    10.7     0.0    23.70 C    41.6    -1.1    15.8    68.2    13.1    35.5   0.103   0.134   0.155   0.130   0.065    16.7    16.6    16.4    15.9    15.4
03074 20150327  2.422 -106.74   32.61    25.6     0.7    13.2    13.9     0.0    23.95 C    46.3    -0.9    17.9    55.0     6.8    25.4   0.102   0.133   0.154   0.131   0.065    17.3    17.0    16.6    15.9    15.5
03074 20150328  2.422 -106.74   32.61    29.8     0.1    14.9    16.4     0.0    24.29 C    49.3    -0.3    19.5    45.2     3.6    17.1   0.101   0.133   0.155   0.130   0.065    18.5    18.1    17.5    16.2    15.6
03074 20150329  2.422 -106.74   32.61    30.3     0.1    15.2    17.0     0.0    21.36 C    48.7    -0.9    19.3    29.5     3.4    13.4   0.098   0.132   0.155   0.131   0.066    18.7    18.4    18.0    16.6    15.8
03074 20150330  2.422 -106.74   32.61    28.4    13.5    20.9    21.8     0.0    16.77 C    42.5    10.7    22.9    26.5    10.1    15.7   0.097   0.133   0.155   0.131   0.065    20.5    19.8    19.0    17.1    16.0
03074 20150331  2.422 -106.74   32.61    27.5     6.8    17.1    18.1     0.0    18.26 C    51.8     5.6    21.4    54.8     9.2    27.9   0.095   0.133   0.154   0.132   0.066    20.6    20.1    19.5    17.6    16.4
03074 20150401  2.422 -106.74   32.61    27.4     7.3    17.4    17.8     0.0    24.04 C    46.9     4.8    20.5    78.3    10.8    37.0   0.092   0.131   0.153   0.132   0.065    20.6    20.2    19.7    18.0    16.7
03074 20150402  2.422 -106.74   32.61    27.1     8.3    17.7    19.0     0.0    24.53 C    40.2     6.0    19.9    32.1     5.8    16.7   0.091   0.130   0.152   0.133   0.066    20.5    20.2    19.8    18.3    17.0
03074 20150403  2.422 -106.74   32.61    23.6     3.7    13.6    15.0     0.0    18.23 C    41.5     2.8    17.8    34.5     6.4    19.7   0.087   0.128   0.150   0.132   0.067    19.0    19.0    19.0    18.4    17.3
03074 20150404  2.422 -106.74   32.61    22.0     8.8    15.4    15.0     0.0    19.21 C    42.0     5.5    18.3    55.5    25.4    37.7   0.086   0.127   0.149   0.131   0.068    19.4    19.2    19.0    18.2    17.4
03074 20150405  2.422 -106.74   32.61    26.5     4.5    15.5    16.2     0.0    22.56 C    42.0     3.7    18.8    71.3     7.5    31.2   0.085   0.125   0.148   0.132   0.067    19.4    19.2    19.0    18.2    17.4
03074 20150406  2.422 -106.74   32.61    27.2     6.3    16.8    17.7     0.0    24.50 C    40.4     3.7    18.6    34.0     7.0    17.8   0.084   0.125   0.147   0.131   0.067    19.4    19.2    19.0    18.2    17.5
03074 20150407  2.422 -106.74   32.61    27.3     5.0    16.2    17.9     0.0    25.32 C    40.4     2.6    19.1    36.6     8.4    19.3   0.082   0.124   0.146   0.131   0.068    19.6    19.3    19.1    18.3    17.5
03074 20150408  2.422 -106.74   32.61    27.3     8.0    17.6    18.2     0.0    21.82 C    42.0     5.5    19.1    47.0     7.9    22.9   0.081   0.124   0.145   0.130   0.067    19.9    19.6    19.4    18.4    17.7
03074 20150409  2.422 -106.74   32.61    23.4     0.5    11.9    13.7     0.0    23.86 C    44.2    -0.5    17.6    39.8     5.1    16.5   0.080   0.122   0.144   0.130   0.066    19.3    19.2    19.1    18.5    17.8
03074 20150410  2.422 -106.74   32.61    27.5     2.6    15.1    16.7     0.0    24.67 C    45.4     1.6    19.5    33.4    12.2    19.6   0.079   0.121   0.143   0.130   0.065    19.6    19.3    19.1    18.4    17.8
03074 20150411  2.422 -106.74   32.61    26.5     9.8    18.2    19.4     0.0    25.70 C    45.0     5.0    21.7    42.0     7.0    20.7   0.078   0.121   0.142   0.130   0.066    20.8    20.2    19.8    18.6    17.9
03074 20150412  2.422 -106.74   32.61    18.8    11.4    15.1    15.1     0.2     6.25 C    24.5    11.1    16.1    83.1    32.7    61.9   0.075   0.119   0.141   0.130   0.067    19.3    19.5    19.8    18.9    18.0
03074 20150413  2.422 -106.74   32.61    19.8     4.5    12.1    13.2     2.8    14.05 C    30.3     2.7    13.5    91.4    28.5    58.2   0.074   0.116   0.138   0.130   0.067    17.0    17.4    18.0    18.5    18.1
03074 20150414  2.422 -106.74   32.61    21.3     0.7    11.0    12.1     0.0    25.94 C    41.6    -0.3    17.0    96.2    17.5    53.9   0.076   0.115   0.137   0.129   0.067    17.3    17.2    17.2    17.9    18.0
03074 20150415  2.422 -106.74   32.61    26.2     8.0    17.1    17.7     0.0    24.29 C    38.8     5.0    19.1    68.1     9.0    31.6   0.079   0.116   0.138   0.129   0.066    18.9    18.6    18.3    17.8    17.8
03074 20150416  2.422 -106.74   32.61    23.0    -0.8    11.1    14.8     0.0    25.00 C    37.1    -1.4    16.4    29.8     3.6    14.1   0.080   0.115   0.137   0.129   0.067    18.7    18.8    18.7    18.1    17.8
03074 20150417  2.422 -106.74   32.61    19.9    -6.2     6.8     8.9     0.0    26.92 C    39.8    -6.1    13.5    39.7     6.9    17.9   0.078   0.113   0.135   0.128   0.066    16.5    16.8    17.4    17.9    17.8
03074 20150418  2.422 -106.74   32.61    23.4    -3.1    10.1    12.3     0.0    26.21 C    43.1    -3.1    16.6    42.8    12.2    24.1   0.078   0.113   0.134   0.127   0.067    17.6    17.4    17.4    17.6    17.7
03074 20150419  2.422 -106.74   32.61    25.1     0.8    13.0    14.9     0.0    22.22 C    47.8     0.0    18.8    54.1     8.8    26.3   0.077   0.114   0.135   0.127   0.066    18.9    18.5    18.2    17.6    17.6
03074 20150420  2.422 -106.74   32.61    25.7     2.6    14.1    16.5     0.0    22.92 C    48.9     1.5    20.4    53.6     8.7    24.5   0.077   0.115   0.135   0.126   0.066    20.1    19.5    19.0    17.9    17.6
03074 20150421  2.422 -106.74   32.61    27.2     3.7    15.4    16.6     0.0    26.34 C    48.6     2.7    20.7    42.2     5.9    18.8   0.076   0.115   0.135   0.127   0.066    20.9    20.3    19.8    18.4    17.8
03074 20150422  2.422 -106.74   32.61    25.4     4.6    15.0    16.9     0.0    27.21 C    43.5     2.3    19.5    34.3     5.5    15.4   0.073   0.114   0.134   0.126   0.067    20.6    20.3    20.0    18.7    18.0
03074 20150423  2.422 -106.74   32.61    25.1     3.7    14.4    16.7     0.5    22.82 C    42.9     2.3    19.8    70.0    13.2    26.8   0.072   0.112   0.133   0.128   0.068    20.2    19.9    19.7    18.9    18.1
03074 20150424  2.422 -106.74   32.61    21.7     6.8    14.2    15.4     0.6    24.33 C    33.3     5.0    16.8    82.9    14.3    42.2   0.071   0.111   0.133   0.126   0.068    20.1    20.0    19.9    19.0    18.3
03074 20150425  2.422 -106.74   32.61    25.0     4.2    14.6    15.6     0.0    26.74 C    39.5     1.8    18.4    68.5     8.4    32.0   0.072   0.109   0.132   0.125   0.068    19.5    19.3    19.2    18.9    18.4
03074 20150426  2.422 -106.74   32.61    17.3     4.8    11.0    12.2     1.1    17.32 C    28.4     3.2    13.0    84.0    20.9    43.0   0.070   0.107   0.130   0.125   0.068    17.5    18.1    18.8    18.9    18.4
03074 20150427  2.422 -106.74   32.61    19.7     2.3    11.0    11.7     0.0    19.61 C    41.4     1.2    14.9    85.0    28.0    51.4   0.069   0.105   0.128   0.124   0.068    17.0    17.1    17.5    18.3    18.4
03074 20150428  2.422 -106.74   32.61    20.2     3.4    11.8    13.0     0.0    27.17 C    44.0     1.6    18.1    68.8    14.0    34.1   0.071   0.107   0.128   0.124   0.067    18.6    18.3    18.0    18.0    18.1
03074 20150429  2.422 -106.74   32.61    23.8    -0.3    11.7    13.1     0.0    27.79 C    47.1    -1.2    19.4    52.8    10.3    27.4   0.072   0.107   0.129   0.123   0.067    19.7    19.2    18.8    18.2    18.0
03074 20150430  2.422 -106.74   32.61    29.2     1.9    15.5    16.9     0.0    27.70 C    49.0     0.8    21.8    41.1     7.5    19.3   0.071   0.108   0.129   0.123   0.066    21.1    20.3    19.7    18.5    18.1
03074 20150501  2.422 -106.74   32.61    31.6     7.3    19.5    20.9     0.0    27.08 C    52.5     4.8    24.6    27.9     5.7    13.6   0.071   0.108   0.130   0.123   0.068    23.0    22.0    21.0    19.0    18.3
03074 20150502  2.422 -106.74   32.61    32.0     5.5    18.8    21.8     0.0    27.15 C    50.0     4.4    25.6    32.0     4.9    15.5   0.070   0.108   0.130   0.123   0.067    23.9    22.9    22.0    19.7    18.6
03074 20150503  2.422 -106.74   32.61    30.2    11.1    20.7    22.1     0.0    26.30 C    52.9     9.4    26.9    46.0     9.2    24.5   0.069   0.109   0.131   0.123   0.068    25.9    24.8    23.5    20.4    18.9
03074 20150504  2.422 -106.74   32.61    27.8    10.9    19.3    19.3     3.5    21.42 C    49.5     9.2    22.5    85.9    21.9    52.5   0.067   0.106   0.130   0.124   0.067    24.1    23.8    23.4    21.1    19.4
03074 20150505  2.422 -106.74   32.61    24.2     7.7    15.9    17.1     0.0    23.15 C    36.4     6.7    18.2    97.9    15.5    50.8   0.066   0.103   0.127   0.123   0.068    21.2    21.5    21.7    21.1    19.8
03074 20150506  2.422 -106.74   32.61    27.0     5.8    16.4    17.4     0.0    27.31 C    43.2     4.2    20.2    79.2     7.6    33.4   0.070   0.102   0.126   0.122   0.068    21.7    21.4    21.2    20.6    19.9
03074 20150507  2.422 -106.74   32.61    26.5     6.3    16.4    18.1     0.0    27.96 C    43.6     3.6    20.6    42.1     7.3    21.1   0.072   0.102   0.126   0.121   0.068    21.8    21.6    21.4    20.6    19.8
03074 20150508  2.422 -106.74   32.61    27.5     5.9    16.7    18.9     0.0    27.99 C    41.2     4.2    20.7    55.1     5.0    22.5   0.073   0.101   0.126   0.120   0.068    22.0    21.8    21.6    20.6    19.9
03074 20150509  2.422 -106.74   32.61    22.5     3.4    12.9    14.5     0.0    28.70 C    36.9     1.8    17.0    41.0     5.6    19.4   0.069   0.101   0.125   0.120   0.067    20.8    21.0    21.2    20.6    19.9
03074 20150510  2.422 -106.74   32.61    24.1    -1.3    11.4    13.6     0.0    28.60 C    45.8    -1.2    19.1    38.8     7.1    21.9   0.068   0.100   0.123   0.119   0.068    20.8    20.6    20.6    20.4    19.9
03074 20150511  2.422 -106.74   32.61    27.0     2.6    14.8    17.7     0.0    24.99 C    48.1     1.9    21.4    44.9     7.7    23.3   0.067   0.100   0.123   0.118   0.068    22.0    21.5    21.2    20.3    19.9
03074 20150512  2.422 -106.74   32.61    25.0    11.5    18.2    17.2     8.7    18.26 C    40.4    10.9    19.3    92.1    32.7    60.4   0.066   0.100   0.123   0.118   0.068    21.8    21.8    21.7    20.6    19.9
03074 20150513  2.422 -106.74   32.61    24.5    10.9    17.7    16.5     0.6    26.91 C    37.7    10.7    20.2    93.9    21.5    59.2   0.100   0.100   0.123   0.117   0.067    21.8    21.5    21.1    20.5    20.0
03074 20150514  2.422 -106.74   32.61    27.9    11.2    19.5    18.8     0.8    22.81 C    40.5     9.5    19.6    80.3     9.2    48.8   0.105   0.100   0.123   0.118   0.068    21.5    21.6    21.6    20.7    20.0
03074 20150515  2.422 -106.74   32.61    26.6    11.4    19.0    18.8     0.0    24.88 C    37.6     9.3    20.3    83.0    15.4    45.7   0.105   0.101   0.122   0.118   0.069    21.3    21.2    21.1    20.6    20.1
03074 20150516  2.422 -106.74   32.61    21.6     6.9    14.2    15.5     0.0    25.11 C    33.5     5.1    16.7    71.8    13.2    36.0   0.102   0.102   0.121   0.117   0.069    19.9    20.3    20.7    20.6    20.1
03074 20150517  2.422 -106.74   32.61    25.5     5.6    15.6    16.0     0.0    26.64 C    43.3     4.4    20.0    66.3     9.4    33.2   0.102   0.102   0.120   0.116   0.068    20.8    20.6    20.4    20.2    20.0
03074 20150518  2.422 -106.74   32.61    32.0     6.6    19.3    21.9     0.0    27.43 C    46.8     4.9    24.2    62.2     6.8    25.1   0.102   0.106   0.122   0.116   0.068    23.0    22.3    21.6    20.3    19.9
03074 20150519  2.422 -106.74   32.61    27.6     8.6    18.1    20.9     0.0    29.06 C    41.8     6.6    22.8    36.3     5.6    17.4   0.101   0.107   0.124   0.116   0.067    24.3    24.0    23.2    21.0    20.1
03074 20150520  2.422 -106.74   32.61    29.2     3.0    16.1    18.6     0.0    28.42 C    47.8     2.2    22.7    51.9     6.0    19.9   0.097   0.106   0.122   0.116   0.068    23.3    23.0    22.7    21.3    20.3
03074 20150521  2.422 -106.74   32.61    25.8    10.3    18.0    18.5    28.6    19.68 C    45.0     9.8    21.1    87.0    29.8    60.0   0.103   0.116   0.129   0.116   0.068    22.7    22.9    23.0    21.6    20.5
03074 20150522  2.422 -106.74   32.61    28.5     8.4    18.5    19.0     0.0    28.82 C    34.3     7.1    19.0    95.9     5.2    46.0   0.131   0.135   0.147   0.115   0.070    21.4    21.2    21.2    21.2    20.6
03074 20150523  2.422 -106.74   32.61    25.2    10.8    18.0    18.6     0.0    29.20 C    37.2     8.0    19.8    65.7     8.4    26.9   0.129   0.133   0.144   0.114   0.069    22.7    22.6    22.3    21.2    20.6
03074 20150524  2.422 -106.74   32.61    25.3     7.0    16.1    17.5     0.0    28.40 C    38.9     4.8    19.5    67.4    10.3    30.4   0.122   0.129   0.141   0.115   0.070    22.2    22.1    22.1    21.3    20.6
03074 20150525  2.422 -106.74   32.61    27.4     7.1    17.3    18.6     0.0    28.89 C    44.3     6.2    21.9    74.7    10.6    34.5   0.120   0.127   0.140   0.114   0.069    23.7    23.3    22.7    21.4    20.7
03074 20150526  2.422 -106.74   32.61    28.6     8.3    18.5    19.2     0.0    28.95 C    46.1     7.1    23.4    73.5    11.0    36.1   0.116   0.125   0.138   0.115   0.068    24.9    24.4    23.7    21.7    20.8
03074 20150527  2.422 -106.74   32.61    30.9     8.5    19.7    20.8     0.0    23.27 C    43.3     7.0    22.1    63.5     6.9    25.8   0.111   0.123   0.137   0.116   0.070    24.3    24.2    23.9    22.2    21.0
03074 20150528  2.422 -106.74   32.61    32.1     9.5    20.8    22.2     0.0    29.23 C    49.1     7.5    25.3    56.9     5.0    20.9   0.108   0.122   0.136   0.115   0.069    25.7    25.1    24.3    22.4    21.2
03074 20150529  2.422 -106.74   32.61    32.8     8.4    20.6    22.2     0.0    26.05 C    50.8     7.4    24.9    53.1     5.9    20.2   0.105   0.120   0.135   0.116   0.070    26.1    25.8    25.1    22.8    21.4
03074 20150530  2.422 -106.74   32.61    31.1    14.5    22.8    23.1     0.0    25.68 C    51.2    11.8    26.7    52.4    19.1    33.3   0.101   0.119   0.134   0.116   0.069    27.1    26.6    25.7    23.3    21.7
03074 20150531  2.422 -106.74   32.61    31.3    13.7    22.5    22.6     0.0    24.20 C    50.1    12.5    26.7    74.2    18.7    42.7   0.097   0.117   0.133   0.115   0.070    27.7    27.2    26.4    23.7    22.0
03074 20150601  2.422 -106.74   32.61    34.4    11.4    22.9    23.6     0.0    26.11 C    53.8    10.8    27.6    77.7    12.7    34.9   0.093   0.116   0.131   0.115   0.070    28.0    27.4    26.6    24.1    22.3
03074 20150602  2.422 -106.74   32.61    35.2    11.2    23.2    24.1     0.0    29.45 C    50.9    10.2    27.2    65.9     3.7    24.7   0.089   0.115   0.130   0.116   0.070    28.5    27.9    27.1    24.4    22.6
03074 20150603  2.422 -106.74   32.61    34.6    10.3    22.4    24.1     0.0    29.50 C    50.3     9.1    26.7    37.7     3.7    14.1   0.084   0.113   0.128   0.116   0.069    28.2    27.7    27.1    24.7    22.9
03074 20150604  2.422 -106.74   32.61    34.4    10.6    22.5    24.1     0.0    25.29 C    50.3     8.5    26.3    30.0     6.0    14.2   0.080   0.110   0.127   0.116   0.070    27.8    27.3    26.9    24.9    23.1
03074 20150605  2.422 -106.74   32.61    33.0    16.4    24.7    26.1     0.0    20.21 C    50.9    14.7    28.8    46.0    16.2    25.6   0.077   0.110   0.126   0.115   0.070    28.8    28.1    27.3    25.0    23.4
03074 20150606  2.422 -106.74   32.61    34.0    16.8    25.4    26.9     0.0    26.11 C    54.2    15.6    30.9    71.3    13.4    35.3   0.076   0.110   0.126   0.115   0.069    30.6    29.5    28.3    25.4    23.5
03074 20150607  2.422 -106.74   32.61    32.1    15.7    23.9    26.0     0.0    17.93 C    50.3    15.0    28.8    62.7    20.0    34.1   0.074   0.108   0.124   0.115   0.069    29.6    29.0    28.4    25.8    23.8
03074 20150608  2.422 -106.74   32.61    33.4    19.9    26.7    26.7     0.0    21.60 C    55.4    19.4    30.9    72.3    20.9    35.6   0.073   0.107   0.124   0.114   0.070    30.8    29.7    28.7    26.0    24.0
03074 20150609  2.422 -106.74   32.61    31.9    18.6    25.3    24.4     0.5    19.06 C    49.6    18.9    28.2    86.5    23.6    52.5   0.071   0.104   0.122   0.114   0.070    29.4    28.9    28.4    26.2    24.3
03074 20150610  2.422 -106.74   32.61    34.4    17.6    26.0    26.3     0.0    27.05 C    52.2    16.5    30.9    78.8    15.7    41.8   0.072   0.104   0.122   0.113   0.070    31.1    30.0    28.9    26.2    24.5
03074 20150611  2.422 -106.74   32.61    34.4    14.5    24.4    25.8     0.0    29.11 C    50.3    13.3    29.4    52.5     8.3    27.4   0.070   0.102   0.122   0.113   0.070    30.8    30.0    29.2    26.6    24.7
03074 20150612  2.422 -106.74   32.61    34.3    12.0    23.1    24.3     0.0    29.18 C    51.9    11.4    28.8    53.0     8.0    24.4   0.068   0.100   0.120   0.112   0.070    30.7    29.9    29.2    26.8    24.9
03074 20150613  2.422 -106.74   32.61    35.3    12.4    23.8    25.3     0.0    28.72 C    54.6    11.3    29.5    39.8     6.9    22.3   0.066   0.099   0.120   0.112   0.070    30.8    30.0    29.3    26.9    25.0
03074 20150614  2.422 -106.74   32.61    34.1    12.4    23.3    25.0     0.0    26.61 C    54.1    11.8    30.0    55.0    10.2    28.0   0.065   0.097   0.119   0.112   0.070    31.2    30.3    29.5    27.1    25.2
03074 20150615  2.422 -106.74   32.61    35.1    18.6    26.9    26.3     0.0    20.27 C    57.7    17.5    29.7    50.3    14.8    29.7   0.064   0.095   0.118   0.112   0.070    31.1    30.4    29.7    27.3    25.3
03074 20150616  2.422 -106.74   32.61    32.3    17.1    24.7    25.7     0.0    22.77 C    56.2    16.2    30.3    72.8    20.5    43.0   0.063   0.093   0.118   0.111   0.070    31.6    30.7    29.8    27.4    25.5
03074 20150617  2.422 -106.74   32.61    35.7    15.2    25.4    26.5     0.0    26.97 C    57.8    14.8    32.0    80.2    15.0    36.8   0.064   0.092   0.118   0.111   0.071    32.1    30.9    29.9    27.5    25.6
03074 20150618  2.422 -106.74   32.61    37.3    21.8    29.5    30.2     0.0    28.77 C    56.5    18.9    34.9    46.0     9.0    24.1   0.064   0.092   0.118   0.110   0.071    34.3    32.8    31.2    27.8    25.8
03074 20150619  2.422 -106.74   32.61    35.8    21.5    28.7    28.9     1.8    27.26 C    52.3    17.1    31.9    69.8    13.4    32.0   0.064   0.091   0.118   0.111   0.071    33.5    32.7    31.6    28.4    26.1
03074 20150620  2.422 -106.74   32.61    38.4    17.1    27.8    29.2     0.0    28.06 C    57.1    16.0    33.6    52.3     7.8    23.9   0.065   0.089   0.117   0.111   0.071    33.8    32.8    31.5    28.6    26.4
03074 20150621  2.422 -106.74   32.61    39.6    19.2    29.4    30.7     0.0    27.77 C    59.1    16.9    34.5    42.6     9.5    22.6   0.063   0.090   0.116   0.110   0.070    34.6    33.4    32.1    28.9    26.6
03074 20150622  2.422 -106.74   32.61    40.2    18.9    29.5    30.6     0.0    26.81 C    58.3    17.2    34.9    51.2    11.1    25.8   0.063   0.088   0.117   0.110   0.071    35.3    34.1    32.7    29.3    26.9
03074 20150623  2.422 -106.74   32.61    33.5    20.1    26.8    27.5     0.0    28.05 C    50.5    18.5    31.6    64.6    23.5    39.6   0.060   0.087   0.116   0.110   0.071    34.2    33.5    32.6    29.6    27.1
03074 20150624  2.422 -106.74   32.61    33.0    22.2    27.6    26.8     0.0    25.39 C    56.6    20.9    32.7    58.0    25.7    42.6   0.060   0.085   0.115   0.110   0.071    34.1    33.3    32.3    29.7    27.3
03074 20150625  2.422 -106.74   32.61    34.0    18.7    26.3    26.8     0.0    24.14 C    57.9    17.8    32.1    68.8    23.8    42.9   0.059   0.085   0.113   0.109   0.071    33.9    33.1    32.2    29.7    27.5
03074 20150626  2.422 -106.74   32.61    35.5    19.8    27.7    27.7     0.0    22.25 C    56.8    18.2    31.6    65.1    17.6    38.3   0.059   0.083   0.113   0.109   0.071    33.5    32.8    32.0    29.7    27.6
03074 20150627  2.422 -106.74   32.61    31.0    21.4    26.2    26.2     0.0    16.10 C    45.1    20.2    28.7    53.8    22.4    38.3   0.057   0.080   0.111   0.109   0.071    31.6    31.5    31.2    29.6    27.7
03074 20150628  2.422 -106.74   32.61    34.4    17.5    25.9    27.2     0.0    28.28 C    55.9    16.4    33.2    64.1    20.3    36.0   0.058   0.081   0.110   0.109   0.071    33.4    32.2    31.0    29.2    27.7
03074 20150629  2.422 -106.74   32.61    35.9    16.3    26.1    27.5     0.0    24.51 C    58.1    15.6    32.1    48.8    14.3    28.0   0.057   0.081   0.110   0.109   0.071    33.7    32.8    31.8    29.4    27.7
03074 20150630  2.422 -106.74   32.61    34.6    19.3    26.9    27.6     0.0    25.04 C    53.2    18.8    31.9    62.4    13.3    34.1   0.057   0.080   0.110   0.108   0.072    33.7    33.0    32.0    29.6    27.7
03074 20150701  2.422 -106.74   32.61    35.2    14.9    25.0    26.7     0.0    28.51 C    56.0    14.5    32.6    59.0    15.8    31.7   0.056   0.080   0.109   0.108   0.072    33.9    33.0    32.0    29.6    27.9
03074 20150702  2.422 -106.74   32.61    37.8    16.5    27.2    28.7     0.0    27.24 C    58.1    15.6    34.2    47.0    11.4    27.9   0.056   0.079   0.109   0.107   0.072    34.6    33.5    32.3    29.8    27.9
03074 20150703  2.422 -106.74   32.61    33.7    20.0    26.8    26.8    13.0    22.17 C    57.3    20.2    31.9    87.4    24.9    49.5   0.062   0.083   0.108   0.107   0.072    34.0    33.7    32.8    30.1    28.0
03074 20150704  2.422 -106.74   32.61    33.4    20.2    26.8    25.6     0.0    22.54 C    47.5    19.2    28.3    90.7    27.5    58.1   0.091   0.105   0.107   0.107   0.072    30.9    31.1    31.1    29.9    28.1
03074 20150705  2.422 -106.74   32.61    32.6    18.7    25.7    25.8     0.0    24.87 C    49.7    17.5    30.3    93.5    27.7    56.8   0.093   0.102   0.109   0.107   0.072    31.3    31.0    30.6    29.5    28.1
03074 20150706  2.422 -106.74   32.61    34.6    19.8    27.2    27.1     0.0    25.90 C    54.4    19.1    32.4    80.6    18.0    45.9   0.094   0.100   0.111   0.107   0.071    32.6    32.2    31.3    29.4    28.0
03074 20150707  2.422 -106.74   32.61    32.4    19.5    25.9    24.1     1.8    22.15 C    54.7    16.5    28.6    79.3    26.5    58.0   0.092   0.097   0.112   0.107   0.072    31.5    31.8    31.6    29.6    28.0
03074 20150708  2.422 -106.74   32.61    32.1    15.3    23.7    22.4    20.4    20.71 C    53.2    14.0    25.3    94.2    27.4    67.0   0.092   0.097   0.110   0.106   0.072    28.0    28.6    29.3    29.3    28.0
03074 20150709  2.422 -106.74   32.61    29.6    16.7    23.1    21.5    26.4    21.12 C    38.8    16.1    23.3    92.4    40.9    73.7   0.145   0.123   0.132   0.106   0.072    26.0    26.6    27.4    28.4    27.8
03074 20150710  2.422 -106.74   32.61    27.7    17.3    22.5    21.3     9.1    13.80 C    35.9    16.5    21.9    95.2    44.9    78.2   0.157   0.157   0.138   0.106   0.073    24.6    25.1    26.1    27.5    27.5
03074 20150711  2.422 -106.74   32.61    31.6    16.7    24.2    24.2     0.0    26.08 C    40.9    15.4    26.0    96.9    33.1    66.5   0.160   0.168   0.139   0.105   0.072    27.3    26.8    26.3    26.7    27.0
03074 20150712  2.422 -106.74   32.61    34.9    19.2    27.0    27.0     0.0    27.57 C    50.0    18.0    30.4    94.3    15.4    51.0   0.145   0.162   0.137   0.106   0.073    30.8    30.2    29.0    27.0    26.7
03074 20150713  2.422 -106.74   32.61    35.1    19.2    27.1    27.6     0.0    28.20 C    51.8    17.6    31.9    67.5    15.6    38.1   0.136   0.154   0.135   0.107   0.072    32.1    31.6    30.6    27.9    26.7
03074 20150714  2.422 -106.74   32.61    33.9    20.6    27.3    27.3     0.0    24.09 C    51.4    20.3    31.4    65.6    21.6    38.3   0.128   0.147   0.133   0.107   0.073    32.0    31.8    31.2    28.6    27.0
03074 20150715  2.422 -106.74   32.61    33.1    18.6    25.9    26.0     0.0    22.54 C    50.6    18.1    30.4    75.8    21.4    43.7   0.119   0.139   0.131   0.109   0.073    31.6    31.4    31.0    29.0    27.3
03074 20150716  2.422 -106.74   32.61    32.6    18.2    25.4    25.7     0.0    22.28 C    51.0    18.1    30.8    75.9    21.0    44.2   0.112   0.132   0.129   0.109   0.073    31.5    31.3    30.8    29.0    27.5
03074 20150717  2.422 -106.74   32.61    32.7    19.6    26.1    24.8     0.9    20.91 C    51.2    19.7    28.8    84.2    24.6    51.0   0.106   0.127   0.127   0.108   0.075    31.0    30.9    30.7    29.1    27.6
03074 20150718  2.422 -106.74   32.61    34.5    18.6    26.5    26.8     0.0    27.81 C    53.8    17.6    32.7    73.8    18.7    43.0   0.103   0.123   0.125   0.109   0.073    32.4    31.8    31.0    29.1    27.7
03074 20150719  2.422 -106.74   32.61    34.4    21.1    27.8    26.5     0.0    25.91 C    57.7    20.7    33.0    69.1    21.7    45.4   0.099   0.121   0.124   0.110   0.072    33.5    32.9    32.0    29.4    27.8
03074 20150720  2.422 -106.74   32.61    34.7    16.9    25.8    26.4     0.0    26.31 C    54.2    17.0    32.8    82.8    19.5    48.2   0.093   0.118   0.123   0.110   0.073    33.2    32.7    32.0    29.8    28.0
03074 20150721  2.422 -106.74   32.61    34.1    18.3    26.2    26.0     0.0    23.89 C    55.2    18.1    31.8    77.2    18.1    48.6   0.088   0.117   0.122   0.111   0.073    33.3    32.9    32.3    30.0    28.2
03074 20150722  2.422 -106.74   32.61    33.7    18.1    25.9    23.9     3.4    23.19 C    54.3    18.1    30.0    91.3    28.3    65.6   0.083   0.113   0.120   0.110   0.073    32.0    32.0    31.9    30.1    28.3
03074 20150723  2.422 -106.74   32.61    34.8    19.0    26.9    26.7     0.0    26.49 C    50.6    17.9    30.3    94.9    21.8    53.1   0.085   0.111   0.118   0.110   0.074    31.7    31.2    30.8    29.8    28.4
03074 20150724  2.422 -106.74   32.61    36.1    20.2    28.1    28.3     0.2    25.96 C    54.5    19.1    33.2    70.2    16.5    40.9   0.089   0.111   0.119   0.109   0.073    33.1    32.5    31.7    29.7    28.4
03074 20150725  2.422 -106.74   32.61    37.0    19.4    28.2    28.3     0.8    24.19 C    58.9    18.7    33.2    76.0    18.3    41.8   0.089   0.111   0.119   0.110   0.073    33.4    33.0    32.3    30.0    28.4
03074 20150726  2.422 -106.74   32.61    35.4    20.0    27.7    27.2     1.2    27.10 C    52.5    18.0    31.3    91.2    19.7    49.8   0.088   0.109   0.118   0.109   0.074    33.3    33.0    32.3    30.2    28.6
03074 20150727  2.422 -106.74   32.61    35.9    19.0    27.4    28.6     0.0    26.15 C    55.0    18.0    33.8    72.5    18.3    38.1   0.088   0.108   0.117   0.110   0.074    33.9    33.3    32.6    30.4    28.7
03074 20150728  2.422 -106.74   32.61    36.0    21.4    28.7    26.8     3.9    23.42 C    57.6    19.9    31.0    78.7    18.8    48.1   0.084   0.107   0.117   0.110   0.073    33.2    33.1    32.8    30.6    28.8
03074 20150729  2.422 -106.74   32.61    33.6    19.2    26.4    23.7    22.9    21.44 C    48.4    19.4    26.8    89.4    25.7    66.1   0.103   0.114   0.119   0.110   0.073    29.3    29.8    30.6    30.3    28.9
03074 20150730  2.422 -106.74   32.61    29.5    18.0    23.7    23.3     3.1    23.42 C    36.2    18.4    25.2    94.6    36.4    69.4   0.162   0.154   0.140   0.108   0.074    27.3    27.5    28.1    29.3    28.8
03074 20150731  2.422 -106.74   32.61    32.4    19.7    26.1    25.4     0.3    19.84 C    44.6    19.8    27.9    91.1    28.4    58.3   0.143   0.159   0.138   0.109   0.074    29.5    29.4    29.1    28.7    28.4
03074 20150801  2.422 -106.74   32.61    33.0    19.1    26.1    26.4     0.0    25.97 C    49.8    17.8    30.2    84.6    22.7    48.8   0.134   0.151   0.135   0.109   0.075    31.4    31.0    30.3    28.8    28.1
03074 20150802  2.422 -106.74   32.61    33.4    18.1    25.8    25.9     0.3    25.20 C    50.7    17.6    30.6    86.6    24.4    52.5   0.125   0.143   0.133   0.109   0.075    31.9    31.6    31.0    29.2    28.1
03074 20150803  2.422 -106.74   32.61    33.8    19.8    26.8    26.1     9.4    24.93 C    51.2    18.9    31.4    85.9    23.7    53.8   0.119   0.136   0.131   0.110   0.074    32.1    31.9    31.4    29.5    28.3
03074 20150804  2.422 -106.74   32.61    34.2    18.5    26.3    25.8     0.0    26.63 C    46.9    17.6    28.5    93.1    19.2    56.5   0.121   0.141   0.129   0.111   0.075    30.8    30.8    30.7    29.6    28.3
03074 20150805  2.422 -106.74   32.61    36.8    18.8    27.8    27.6     0.0    26.36 C    53.0    17.6    31.1    82.0    11.9    43.6   0.116   0.134   0.130   0.110   0.075    32.1    31.8    31.1    29.5    28.4
03074 20150806  2.422 -106.74   32.61    37.6    18.8    28.2    28.1     2.7    26.76 C    53.5    18.0    31.3    73.7    13.8    39.1   0.111   0.126   0.127   0.111   0.076    32.3    32.2    31.7    29.7    28.4
03074 20150807  2.422 -106.74   32.61    37.0    19.0    28.0    27.7     0.0    23.79 C    52.9    17.7    30.1    83.9    11.8    43.2   0.106   0.121   0.125   0.111   0.075    31.5    31.3    31.0    29.8    28.5
03074 20150808  2.422 -106.74   32.61    33.6    18.6    26.1    25.6     0.0    17.97 C    50.4    18.1    29.0    74.2    23.0    47.1   0.103   0.118   0.123   0.110   0.075    30.7    30.8    30.7    29.7    28.6
03074 20150809  2.422 -106.74   32.61    34.4    18.0    26.2    26.4     0.0    25.60 C    53.4    18.0    32.2    80.0    19.1    46.5   0.102   0.117   0.122   0.111   0.074    32.1    31.6    31.0    29.6    28.6
03074 20150810  2.422 -106.74   32.61    35.3    20.2    27.8    27.3     0.0    25.32 C    55.0    19.6    33.0    66.9    19.7    43.5   0.099   0.115   0.121   0.111   0.074    33.1    32.6    31.9    29.8    28.6
03074 20150811  2.422 -106.74   32.61    34.7    20.9    27.8    28.3     0.0    26.23 C    49.7    20.5    31.3    63.1    13.2    32.2   0.093   0.114   0.120   0.111   0.073    32.9    32.7    32.2    30.1    28.7
03074 20150812  2.422 -106.74   32.61    35.7    19.6    27.6    28.3     0.0    25.52 C    52.2    17.5    30.8    37.8     9.7    21.4   0.087   0.111   0.119   0.100   0.075    32.6    32.3    31.9    30.4    28.9
03074 20150813  2.422 -106.74   32.61    36.1    16.0    26.1    27.1     0.0    24.68 C    56.6    15.9    32.1    53.5    16.1    31.5   0.083   0.109   0.117   0.100   0.074    32.7    32.2    31.7    30.3    28.9
03074 20150814  2.422 -106.74   32.61    37.6    17.6    27.6    29.2     0.0    24.41 C    57.9    17.3    33.6    60.0    12.0    29.8   0.080   0.109   0.118   0.108   0.075    33.9    33.1    32.3    30.3    29.0
03074 20150815  2.422 -106.74   32.61    37.7    19.9    28.8    29.2     0.0    21.82 C    57.6    19.4    33.6    55.3    17.3    33.7   0.076   0.108   0.118   0.110   0.074    34.5    33.7    32.9    30.6    29.1
03074 20150816  2.422 -106.74   32.61    36.2    19.9    28.1    27.5     5.1    23.55 C    55.0    19.6    32.8    78.8    18.1    43.6   0.074   0.106   0.117   0.109   0.073    34.1    33.6    32.9    30.8    29.2
03074 20150817  2.422 -106.74   32.61    34.5    21.0    27.8    26.8     0.0    19.63 C    46.0    19.8    28.2    87.4    24.7    55.4   0.075   0.101   0.115   0.110   0.074    31.1    31.4    31.6    30.7    29.3
03074 20150818  2.422 -106.74   32.61    37.4    19.5    28.4    27.4     0.5    22.98 C    52.6    17.7    29.6    78.4    15.6    45.6   0.081   0.100   0.114   0.109   0.073    31.6    31.5    31.2    30.3    29.3
03074 20150819  2.422 -106.74   32.61    36.2    15.5    25.9    26.9     0.0    25.31 C    53.0    14.4    30.5    86.6     8.6    41.7   0.085   0.100   0.114   0.108   0.074    31.4    31.2    30.9    30.1    29.2
03074 20150820  2.422 -106.74   32.61    35.4    17.1    26.2    26.9     0.0    23.07 C    53.0    16.6    31.2    72.7    14.7    38.9   0.085   0.101   0.114   0.108   0.073    32.2    31.9    31.4    30.1    29.1
03074 20150821  2.422 -106.74   32.61    36.3    21.6    28.9    27.8     0.0    22.73 C    54.4    19.5    31.9    57.1    13.8    33.4   0.081   0.102   0.114   0.109   0.072    32.8    32.3    31.8    30.2    29.1
03074 20150822  2.422 -106.74   32.61    35.1    19.5    27.3    26.2     0.0    22.86 C    53.5    18.7    31.7    70.8    19.1    44.6   0.076   0.101   0.113   0.108   0.072    32.8    32.3    31.8    30.3    29.1
03074 20150823  2.422 -106.74   32.61    31.7    19.3    25.5    24.5    10.1    17.72 C    43.9    18.6    25.7    83.7    29.1    56.8   0.097   0.108   0.112   0.108   0.072    29.3    30.2    30.7    30.3    29.2
03074 20150824  2.422 -106.74   32.61    30.5    18.7    24.6    24.6     0.3    21.71 C    44.4    18.4    27.7    91.2    33.6    59.7   0.098   0.109   0.111   0.107   0.073    29.1    29.1    29.2    29.6    29.1
03074 20150825  2.422 -106.74   32.61    33.3    21.2    27.2    25.1     7.4    17.46 C    53.0    19.7    27.3    85.3    26.6    59.2   0.105   0.111   0.112   0.108   0.073    28.9    29.3    29.6    29.3    28.9
03074 20150826  2.422 -106.74   32.61    33.6    17.4    25.5    26.6     0.0    23.16 C    45.3    15.7    27.8    85.4    19.6    43.8   0.110   0.116   0.112   0.107   0.074    28.8    28.6    28.5    28.9    28.6
03074 20150827  2.422 -106.74   32.61    33.4    21.3    27.4    27.1     0.0    22.30 C    50.0    20.4    31.0    65.3    21.9    41.4   0.111   0.113   0.114   0.106   0.074    31.5    31.0    30.2    28.8    28.4
03074 20150828  2.422 -106.74   32.61    34.5    17.1    25.8    25.4     0.4    20.34 C    53.7    16.6    28.8    80.7    18.9    47.2   0.106   0.109   0.114   0.106   0.074    30.6    30.7    30.4    29.2    28.4
03074 20150829  2.422 -106.74   32.61    33.8    19.1    26.5    25.8     0.0    24.25 C    53.0    19.0    31.1    79.6    16.9    45.6   0.102   0.107   0.114   0.106   0.072    31.4    31.1    30.5    29.2    28.4
03074 20150830  2.422 -106.74   32.61    33.7    16.4    25.1    25.2     0.0    23.63 C    52.7    15.9    29.7    75.4    21.8    42.6   0.097   0.105   0.114   0.107   0.073    31.2    31.2    30.8    29.4    28.5
03074 20150831  2.422 -106.74   32.61    35.2    15.0    25.1    25.6     0.3    21.59 C    53.2    14.5    28.8    70.3    13.4    36.1   0.092   0.104   0.113   0.107   0.073    30.7    30.7    30.6    29.4    28.6
03074 20150901  2.422 -106.74   32.61    35.3    13.7    24.5    25.1     0.0    23.43 C    52.0    13.5    28.8    78.2    10.6    36.3   0.086   0.103   0.113   0.107   0.072    30.4    30.3    30.1    29.3    28.6
03074 20150902  2.422 -106.74   32.61    34.6    15.0    24.8    25.0     0.0    19.14 C    53.0    14.1    28.6    58.0    15.5    35.5   0.082   0.102   0.112   0.106   0.073    30.3    30.2    30.1    29.2    28.6
03074 20150903  2.422 -106.74   32.61    30.9    19.3    25.1    24.8     0.0    15.31 C    47.7    19.6    28.1    64.5    24.2    43.9   0.079   0.100   0.112   0.107   0.072    29.9    29.8    29.8    29.1    28.4
03074 20150904  2.422 -106.74   32.61    28.9    18.6    23.7    23.5     0.0    11.91 C    45.3    18.8    26.3    61.1    32.2    47.4   0.074   0.098   0.111   0.107   0.072    28.4    28.6    28.9    29.0    28.4
03074 20150905  2.422 -106.74   32.61    32.7    18.0    25.3    25.0     0.0    17.60 C    50.6    16.8    28.8    72.6    25.8    45.8   0.073   0.098   0.111   0.107   0.072    29.7    29.2    28.9    28.5    28.3
03074 20150906  2.422 -106.74   32.61    34.4    20.4    27.4    26.8     0.0    20.79 C    51.9    20.0    30.9    55.7    18.8    36.3   0.073   0.098   0.111   0.106   0.071    31.0    30.3    29.7    28.6    28.1
03074 20150907  2.422 -106.74   32.61    33.7    20.1    26.9    27.2     0.0    19.11 C    50.3    18.7    31.1    63.6    20.8    38.1   0.071   0.097   0.111   0.106   0.072    31.7    31.1    30.4    28.8    28.1
03074 20150908  2.422 -106.74   32.61    33.7    16.9    25.3    25.7     0.0    20.03 C    51.4    16.7    29.5    81.7    18.7    43.5   0.069   0.095   0.111   0.107   0.072    31.3    30.9    30.5    29.1    28.2
03074 20150909  2.422 -106.74   32.61    31.9    19.9    25.9    25.3     0.0    13.75 C    47.8    19.2    28.1    62.4    21.3    44.6   0.067   0.094   0.111   0.106   0.072    30.2    30.0    30.0    29.2    28.3
03074 20150910  2.422 -106.74   32.61    29.7    18.5    24.1    23.4     0.0    11.67 C    46.4    18.0    26.3    78.6    32.0    55.7   0.065   0.091   0.109   0.106   0.072    29.0    29.1    29.2    29.0    28.3
03074 20150911  2.422 -106.74   32.61    32.6    14.0    23.3    23.7     0.0    20.48 C    53.8    13.2    27.0    84.1    22.3    48.4   0.065   0.090   0.109   0.105   0.071    29.2    28.8    28.7    28.6    28.2
03074 20150912  2.422 -106.74   32.61    31.4    14.4    22.9    23.4     0.0    20.56 C    49.5    13.6    27.0    69.3    25.1    43.5   0.065   0.089   0.109   0.105   0.071    29.3    29.0    28.8    28.4    28.1
03074 20150913  2.422 -106.74   32.61    33.5    15.8    24.6    24.5     0.0    20.70 C    50.8    13.7    27.0    58.0    15.6    33.5   0.064   0.088   0.108   0.104   0.070    29.2    29.0    28.8    28.3    28.0
03074 20150914  2.422 -106.74   32.61    33.6    16.2    24.9    24.7     0.0    19.99 C    50.7    13.6    27.1    44.2    13.8    27.9   0.063   0.087   0.107   0.104   0.070    29.2    28.9    28.8    28.2    27.9
03074 20150915  2.422 -106.74   32.61    32.7    17.7    25.2    25.2     0.0    20.47 C    47.4    15.9    27.6    53.0    22.1    36.5   0.061   0.087   0.107   0.104   0.070    29.5    29.1    28.8    28.2    27.9
03074 20150916  2.422 -106.74   32.61    32.9    14.8    23.8    24.7     0.0    18.74 C    49.2    14.1    27.5    60.6    25.1    41.5   0.061   0.086   0.107   0.105   0.071    29.3    29.0    28.7    28.2    27.8
03074 20150917  2.422 -106.74   32.61    33.7    14.8    24.2    25.2     0.0    21.65 C    49.7    14.0    28.6    70.5    18.1    42.0   0.061   0.085   0.107   0.105   0.071    30.1    29.5    29.0    28.2    27.8
03074 20150918  2.422 -106.74   32.61    33.9    16.9    25.4    25.7     0.0    20.62 C    51.6    15.8    29.7    61.0    21.4    39.8   0.061   0.085   0.107   0.103   0.071    30.9    30.3    29.6    28.3    27.8
03074 20150919  2.422 -106.74   32.61    23.8    16.1    20.0    19.9     0.0     6.84 C    31.1    15.3    21.1    81.1    43.6    60.4   0.057   0.081   0.105   0.095   0.071    26.4    27.4    28.3    28.5    27.9
03074 20150920  2.422 -106.74   32.61    28.3    15.0    21.7    21.4     0.0    18.15 C    46.6    13.8    25.8    92.7    34.0    63.5   0.059   0.081   0.103   0.093   0.071    27.3    27.0    27.0    27.9    27.8
03074 20150921  2.422 -106.74   32.61    24.9    13.6    19.3    19.6     1.7     7.69 C    33.3    13.4    20.6    96.2    51.9    78.5   0.057   0.078   0.102   0.092   0.070    24.9    25.7    26.6    27.5    27.5
03074 20150922  2.422 -106.74   32.61    25.9    17.0    21.4    21.4     0.0    11.24 C    31.0    14.7    21.6    96.2    47.7    75.1   0.059   0.078   0.102   0.092   0.070    24.4    24.8    25.3    26.9    27.2
03074 20150923  2.422 -106.74   32.61    30.8    13.4    22.1    21.7     0.0    21.09 C    46.2    12.3    25.2    94.8    23.6    61.0   0.063   0.079   0.101   0.091   0.068    26.2    25.8    25.5    26.5    26.9
03074 20150924  2.422 -106.74   32.61    32.4    11.1    21.7    22.1     0.0    20.11 C    47.7    10.7    24.9    86.2    13.9    48.0   0.065   0.080   0.102   0.091   0.068    26.6    26.6    26.3    26.4    26.7
03074 20150925  2.422 -106.74   32.61    28.3    15.5    21.9    21.7     0.0    15.40 C    44.1    14.1    24.4    71.7    28.7    48.8   0.063   0.080   0.102   0.092   0.068    26.6    26.6    26.5    26.5    26.5
03074 20150926  2.422 -106.74   32.61    29.7    10.7    20.2    20.6     0.0    20.41 C    46.9    10.0    24.3    76.4    22.3    45.7   0.062   0.080   0.101   0.101   0.068    26.5    26.4    26.3    26.3    26.5
03074 20150927  2.422 -106.74   32.61    33.8    10.6    22.2    22.6     0.0    20.62 C    48.2     9.9    25.0    64.6     9.6    32.2   0.060   0.080   0.102   0.099   0.069    26.8    26.6    26.5    26.3    26.5
03074 20150928  2.422 -106.74   32.61    35.3     9.8    22.5    23.2     0.0    20.47 C    49.9     9.0    25.1    58.2     8.7    28.0   0.059   0.080   0.102   0.101   0.069    27.1    26.8    26.6    26.3    26.4
03074 20150929  2.422 -106.74   32.61    34.5    10.4    22.5    23.4     0.0    19.67 C    49.9     9.6    25.7    50.9    12.9    29.1   0.057   0.079   0.102   0.100   0.068    27.4    27.1    26.8    26.4    26.3
03074 20150930  2.422 -106.74   32.61    32.4    11.9    22.2    23.0     0.0    19.64 C    47.2    11.7    25.6    58.4    17.4    33.5   0.057   0.079   0.102   0.101   0.067    27.8    27.5    27.1    26.5    26.3
03074 20151001  2.422 -106.74   32.61    33.6    11.2    22.4    22.9     0.0    20.07 C    48.7    10.2    25.0    52.5    11.4    28.4   0.056   0.078   0.101   0.096   0.067    27.4    27.3    27.0    26.6    26.4
03074 20151002  2.422 -106.74   32.61    33.7    11.2    22.4    24.1     0.0    18.60 C    46.0    10.0    25.2    47.0     9.8    27.6   0.055   0.078   0.101   0.097   0.067    27.0    26.8    26.8    26.6    26.4
03074 20151003  2.422 -106.74   32.61    27.9    17.3    22.6    21.3     1.2    12.60 C    41.0    14.9    21.5    71.8    31.7    49.4   0.053   0.076   0.101   0.097   0.067    25.7    26.1    26.5    26.5    26.3
03074 20151004  2.422 -106.74   32.61    19.2    14.8    17.0    16.7     6.1     4.88 C    21.0    12.5    16.2    92.4    68.4    81.8   0.054   0.071   0.097   0.098   0.068    20.6    22.2    24.0    26.1    26.3
03074 20151005  2.422 -106.74   32.61    23.4    13.7    18.6    17.6     0.0    14.20 C    31.5    11.4    18.6    91.4    53.3    73.4   0.072   0.071   0.096   0.099   0.069    20.9    21.4    22.2    24.9    26.0
03074 20151006  2.422 -106.74   32.61    26.3    10.6    18.4    18.1     0.0    18.14 C    40.4     9.6    20.5    96.2    31.4    67.4   0.080   0.074   0.096   0.099   0.068    22.5    22.6    22.8    24.3    25.5
03074 20151007  2.422 -106.74   32.61    21.8    11.7    16.8    16.3     0.0    11.41 C    32.9    10.9    17.9    87.8    40.9    68.5   0.080   0.075   0.097   0.096   0.068    21.1    22.0    22.9    24.2    25.1
03074 20151008  2.422 -106.74   32.61    22.2     7.3    14.7    15.6     0.0    12.31 C    37.3     6.6    16.7    95.6    35.4    66.1   0.078   0.074   0.095   0.093   0.067    19.8    20.6    21.6    23.9    24.9
03074 20151009  2.422 -106.74   32.61    23.0    10.1    16.5    17.0     0.0     9.91 C    32.6     8.9    17.3    88.6    43.6    65.3   0.078   0.075   0.094   0.093   0.067    19.6    20.2    21.1    23.4    24.6
03074 20151010  2.422 -106.74   32.61    25.6     8.6    17.1    16.9     0.0    16.40 C    38.3     7.7    19.3    93.6    34.3    64.8   0.079   0.076   0.095   0.090   0.067    21.0    21.1    21.3    23.1    24.3
03074 20151011  2.422 -106.74   32.61    30.2     9.1    19.6    19.5     0.0    18.13 C    42.9     8.0    21.4    85.6    18.4    50.7   0.081   0.078   0.096   0.095   0.065    22.5    22.4    22.3    22.9    24.0
03074 20151012  2.422 -106.74   32.61    31.0     8.2    19.6    20.6     0.0    17.42 C    44.9     6.8    22.3    77.7    15.6    39.0   0.081   0.080   0.097   0.098   0.066    23.1    23.0    22.9    23.1    23.9
03074 20151013  2.422 -106.74   32.61    30.9     8.8    19.9    19.9     0.0    18.26 C    44.7     8.0    21.9    65.8    12.7    37.0   0.079   0.081   0.098   0.091   0.067    23.7    23.8    23.6    23.5    23.8
03074 20151014  2.422 -106.74   32.61    31.9     8.2    20.0    19.6     0.0    17.43 C    45.4     7.0    21.4    67.5    13.7    36.8   0.075   0.081   0.098   0.094   0.067    23.2    23.3    23.4    23.6    23.9
03074 20151015  2.422 -106.74   32.61    31.2     9.1    20.2    21.2     0.0    17.00 C    45.0     7.8    22.3    56.2    12.0    30.1   0.072   0.081   0.098   0.099   0.067    23.5    23.4    23.5    23.6    23.9
03074 20151016  2.422 -106.74   32.61    24.9    14.2    19.6    20.4     0.0    13.34 C    38.1    10.9    20.8    63.7    26.6    38.4   0.069   0.082   0.099   0.098   0.067    23.4    23.6    23.8    23.7    23.9
03074 20151017  2.422 -106.74   32.61    22.5    11.8    17.1    17.4     0.0     9.63 C    31.3    10.0    17.8    78.8    38.0    54.5   0.065   0.078   0.097   0.099   0.067    21.1    21.7    22.5    23.6    23.9
03074 20151018  2.422 -106.74   32.61    24.9    10.8    17.8    17.8     0.0    15.23 C    39.6     9.8    20.2    85.6    34.5    57.0   0.065   0.078   0.096   0.097   0.067    21.8    21.8    22.1    23.2    23.8
03074 20151019  2.422 -106.74   32.61    27.9     9.8    18.8    18.2     1.1    14.30 C    39.9     8.4    19.5    80.7    23.2    60.2   0.064   0.079   0.097   0.091   0.066    21.8    21.9    22.3    23.2    23.7
03074 20151020  2.422 -106.74   32.61    25.9    12.5    19.2    17.1     4.3     9.34 C    34.9    10.3    17.0    92.7    26.8    71.4   0.061   0.077   0.095   0.090   0.067    20.0    20.7    21.6    23.0    23.6
03074 20151021  2.422 -106.74   32.61 -9999.0 -9999.0 -9999.0 -9999.0 -9999.0 -9999.00 U -9999.0 -9999.0 -9999.0 -9999.0 -9999.0 -9999.0 -99.000 -99.000 -99.000 -99.000 -99.000 -9999.0 -9999.0 -9999.0 -9999.0 -9999.0
03074 20151022  2.422 -106.74   32.61    19.8     7.7    13.7    12.4     0.0    14.72 C    25.3     6.0    12.1    97.4    35.5    77.2   0.136   0.102   0.092   0.095   0.065    15.0    15.8    17.3    21.3    23.1
03074 20151023  2.422 -106.74   32.61    21.6     4.8    13.2    12.9     0.0    18.56 C    30.1     3.3    13.4    96.3    29.4    68.6   0.125   0.110   0.092   0.094   0.066    16.2    16.6    17.4    20.5    22.5
03074 20151024  2.422 -106.74   32.61    22.3     6.6    14.4    14.2     0.0    17.46 C    31.2     4.4    14.2    91.3    25.1    59.6   0.119   0.111   0.094   0.094   0.066    17.0    17.4    18.0    20.2    22.0
03074 20151025  2.422 -106.74   32.61    21.6     4.6    13.1    13.2     0.0    17.77 C    31.9     3.3    14.5    92.7    27.1    58.7   0.114   0.111   0.095   0.095   0.065    17.2    17.6    18.1    20.1    21.8
03074 20151026  2.422 -106.74   32.61    22.7     5.8    14.2    14.3     0.0    16.67 C    32.4     4.4    15.3    85.5    24.9    51.2   0.112   0.110   0.096   0.093   0.066    17.7    18.0    18.4    20.2    21.6
03074 20151027  2.422 -106.74   32.61    25.5     4.8    15.2    14.8     0.0    17.99 C    33.8     4.1    15.5    87.4    11.1    46.8   0.108   0.109   0.097   0.093   0.066    17.9    18.3    18.6    20.1    21.4
03074 20151028  2.422 -106.74   32.61    22.0     2.2    12.1    12.6     0.0    14.40 C    30.6     1.4    13.0    76.0    11.1    39.7   0.104   0.105   0.097   0.093   0.066    16.3    17.0    17.9    20.1    21.3
03074 20151029  2.422 -106.74   32.61    18.3     6.6    12.4    11.8     7.1     6.04 C    22.9     4.8    11.4    94.3    29.1    70.1   0.100   0.102   0.095   0.086   0.066    14.3    15.2    16.8    19.9    21.1
03074 20151030  2.422 -106.74   32.61    16.0     6.9    11.5    11.1     7.6    14.18 C    22.9     5.6    12.1    95.8    50.2    81.6   0.146   0.133   0.104   0.092   0.065    14.3    14.9    16.0    19.0    20.9
03074 20151031  2.422 -106.74   32.61    19.5     3.0    11.2    10.3     0.0    17.43 C    21.9     2.1     9.9    97.6    24.8    70.1   0.135   0.147   0.116   0.094   0.065    13.1    13.8    14.9    18.4    20.5
03074 20151101  2.422 -106.74   32.61    21.9     1.6    11.7    11.2     0.0    17.45 C    27.7     0.5    11.2    94.8    22.1    64.5   0.127   0.143   0.115   0.093   0.064    13.6    14.0    14.7    17.9    20.2
03074 20151102  2.422 -106.74   32.61    23.0     2.2    12.6    12.4     0.0    17.37 C    29.8     1.0    12.2    93.5    25.1    60.9   0.123   0.139   0.114   0.088   0.065    14.6    14.9    15.3    17.8    19.8
03074 20151103  2.422 -106.74   32.61    23.4     4.3    13.8    14.5     0.0    16.77 C    29.8     2.8    13.7    86.4    24.1    52.0   0.119   0.136   0.115   0.093   0.064    15.4    15.6    15.9    17.7    19.6
03074 20151104  2.422 -106.74   32.61    19.9     4.3    12.1    13.0     2.9    11.91 C    26.9     2.1    10.4    81.9    33.8    58.4   0.114   0.132   0.112   0.091   0.064    13.9    14.8    15.8    17.8    19.4
03074 20151105  2.422 -106.74   32.61    16.1     0.1     8.1     7.9     0.0    17.05 C    22.6    -1.2     7.2    86.7    13.5    54.4   0.111   0.127   0.109   0.088   0.064    11.2    12.1    13.5    17.5    19.3
03074 20151106  2.422 -106.74   32.61    17.9    -3.5     7.2     6.6     0.0    16.82 C    25.9    -4.1     7.4    92.7    15.8    57.4   0.110   0.124   0.108   0.084   0.064    10.5    11.2    12.4    16.8    18.9
03074 20151107  2.422 -106.74   32.61    17.5    -1.5     8.0     9.3     0.0    16.25 C    25.8    -2.5     8.9    86.6    25.3    51.5   0.110   0.123   0.108   0.092   0.064    11.3    11.8    12.6    16.0    18.5
03074 20151108  2.422 -106.74   32.61    17.1     2.1     9.6     8.9     0.0    15.87 C    27.5     0.1    10.1    87.7    37.4    63.8   0.109   0.123   0.109   0.089   0.064    12.4    12.8    13.3    15.9    18.2
03074 20151109  2.422 -106.74   32.61    21.5     0.3    10.9    10.0     0.0    15.98 C    27.6    -0.6    10.1    92.2    16.8    59.7   0.108   0.121   0.108   0.088   0.062    12.5    12.9    13.4    16.0    17.9
03074 20151110  2.422 -106.74   32.61    22.0     3.9    12.9    13.7     0.0    15.38 C    26.6     0.4    11.3    69.0     9.4    35.2   0.107   0.121   0.108   0.092   0.062    13.0    13.2    13.6    15.8    17.8
03074 20151111  2.422 -106.74   32.61    15.4    -2.2     6.6     8.2     0.0    16.09 C    24.5    -2.5     8.4    57.9    10.8    30.4   0.104   0.119   0.108   0.092   0.063    12.5    13.3    13.9    15.9    17.7
03074 20151112  2.422 -106.74   32.61    15.9    -6.8     4.5     4.2     0.0    16.27 C    25.0    -7.0     5.3    76.6    12.2    43.0   0.100   0.114   0.105   0.091   0.063     9.4    10.4    11.9    15.6    17.6
03074 20151113  2.422 -106.74   32.61    18.6    -4.2     7.2     6.8     0.0    14.32 C    26.4    -4.9     7.1    67.8    18.7    41.7   0.099   0.113   0.104   0.090   0.063     9.7    10.2    11.2    14.9    17.3
03074 20151114  2.422 -106.74   32.61    20.4    -0.9     9.7     9.5     0.0    12.47 C    26.9    -1.4     9.7    71.5    28.9    52.4   0.099   0.113   0.104   0.091   0.063    11.0    11.2    11.7    14.6    17.0
03074 20151115  2.422 -106.74   32.61    17.4    11.9    14.7    14.7     2.6     4.55 C    20.7     8.9    13.4    90.7    56.5    73.7   0.100   0.114   0.107   0.091   0.062    13.5    13.4    13.4    14.7    16.8
03074 20151116  2.422 -106.74   32.61    18.8     2.9    10.9    10.4     0.0    10.59 C    20.3    -1.2     8.6    88.6    24.0    58.4   0.097   0.113   0.107   0.092   0.062    12.0    12.7    13.5    15.1    16.7
03074 20151117  2.422 -106.74   32.61    13.9     0.2     7.0     6.6     0.0    13.18 C    18.5    -2.5     4.8    66.9    19.0    43.6   0.093   0.108   0.103   0.091   0.062     8.3     9.3    10.8    14.8    16.7
03074 20151118  2.422 -106.74   32.61    16.6    -4.3     6.1     5.2     0.0    15.15 C    23.7    -5.5     5.2    78.1    19.6    48.1   0.093   0.107   0.103   0.090   0.061     8.1     8.8     9.9    13.9    16.5
03074 20151119  2.422 -106.74   32.61    18.2    -5.7     6.2     5.5     0.0    15.26 C    25.1    -6.3     5.6    84.8    15.4    50.3   0.093   0.107   0.102   0.089   0.060     8.2     8.8     9.8    13.4    16.1
03074 20151120  2.422 -106.74   32.61    20.1    -5.2     7.5     6.9     0.0    14.99 C    26.6    -5.4     7.0    77.1    16.3    47.4   0.094   0.107   0.102   0.088   0.059     8.8     9.2     9.9    13.2    15.7
03074 20151121  2.422 -106.74   32.61    13.4    -1.6     5.9     6.2     0.0    14.62 C    21.4    -3.5     5.7    66.4    22.3    42.1   0.093   0.105   0.102   0.088   0.060     8.7     9.4    10.3    13.1    15.5
03074 20151122  2.422 -106.74   32.61    15.4    -6.5     4.5     3.0     0.0    14.96 C    23.7    -7.3     4.0    73.8    16.3    46.4   0.091   0.104   0.101   0.088   0.060     7.2     8.0     9.2    12.9    15.3
03074 20151123  2.422 -106.74   32.61    15.6    -5.3     5.1     3.1     0.0     9.33 C    22.8    -5.4     3.1    62.7    15.5    43.5   0.089   0.102   0.100   0.088   0.061     6.2     7.0     8.4    12.4    15.1
03074 20151124  2.422 -106.74   32.61    20.8    -5.2     7.8     7.7     0.0    14.33 C    24.7    -5.8     6.2    68.3    13.9    38.3   0.091   0.103   0.100   0.087   0.060     7.6     7.8     8.5    12.0    14.8
03074 20151125  2.422 -106.74   32.61    22.1     4.1    13.1    13.4     1.0    11.50 C    25.9    -0.3    11.2    82.3    18.7    42.4   0.093   0.106   0.102   0.088   0.061    10.5    10.2    10.1    12.0    14.5
03074 20151126  2.422 -106.74   32.61    14.1     9.9    12.0    12.2     6.1     2.10 C    13.9     8.1    11.2    96.2    75.7    87.9   0.100   0.108   0.104   0.088   0.060    11.8    11.9    12.0    12.7    14.4
03074 20151127  2.422 -106.74   32.61    15.3     7.7    11.5    11.3     2.6     4.49 C    16.0     7.6    10.8    97.2    71.7    86.7   0.137   0.122   0.105   0.088   0.061    11.6    11.8    12.0    13.1    14.6
03074 20151128  2.422 -106.74   32.61    10.7     6.0     8.3     7.9     0.0     6.18 C    15.1     7.3     9.7    96.0    76.2    85.8   0.135   0.140   0.113   0.089   0.059    10.8    11.1    11.7    13.2    14.7
03074 20151129  2.422 -106.74   32.61    14.2     3.8     9.0     9.1     0.0     8.30 C    16.9     0.3     8.4    96.7    56.5    83.7   0.128   0.141   0.115   0.089   0.058    10.5    11.0    11.5    13.2    14.7
03074 20151130  2.422 -106.74   32.61    12.7    -2.2     5.2     4.8     0.0    13.80 C    17.0    -3.9     3.3    75.0    19.2    50.6   0.120   0.135   0.113   0.089   0.059     6.9     8.0     9.5    12.9    14.7
03074 20151201  2.422 -106.74   32.61    13.4    -5.6     3.9     1.9     0.0    14.21 C    17.4    -6.0     1.7    92.4    11.6    60.1   0.115   0.131   0.111   0.088   0.059     5.2     6.2     7.8    12.1    14.5
03074 20151202  2.422 -106.74   32.61    13.0    -6.4     3.3     1.5     0.0    14.22 C    18.0    -7.8     1.0    86.8    11.8    52.3   0.110   0.129   0.109   0.087   0.059     4.1     5.1     6.6    11.3    14.1
03074 20151203  2.422 -106.74   32.61    14.4    -7.5     3.5     1.7     0.0    14.08 C    19.3    -8.0     1.4    89.0    12.0    55.4   0.108   0.127   0.108   0.086   0.059     4.0     4.8     6.1    10.6    13.7
03074 20151204  2.422 -106.74   32.61    15.9    -6.6     4.6     3.6     0.0    13.64 C    19.9    -7.1     2.8    86.7    21.5    55.5   0.108   0.126   0.108   0.086   0.060     4.7     5.2     6.1    10.2    13.3
03074 20151205  2.422 -106.74   32.61    16.8    -2.8     7.0     5.8     0.0    10.60 C    19.0    -4.0     3.6    84.3    20.5    54.4   0.110   0.127   0.109   0.086   0.059     5.8     6.2     6.9    10.1    13.0
03074 20151206  2.422 -106.74   32.61    15.2    -6.1     4.5     3.8     0.0    13.70 C    20.8    -6.9     3.0    81.8    15.0    48.5   0.108   0.126   0.109   0.085   0.059     5.3     5.9     6.8    10.1    12.7
03074 20151207  2.422 -106.74   32.61    15.5    -5.6     4.9     2.7     0.0    11.33 C    20.9    -6.2     2.0    83.2    19.4    56.4   0.107   0.124   0.109   0.086   0.058     4.9     5.6     6.5     9.9    12.6
03074 20151208  2.422 -106.74   32.61    15.2    -7.1     4.0     2.5     0.0    11.25 C    18.5    -7.5     1.7    86.4    19.4    57.6   0.103   0.122   0.108   0.085   0.058     4.3     4.9     5.9     9.6    12.4
03074 20151209  2.422 -106.74   32.61    19.0    -4.7     7.2     5.9     0.0    12.53 C    23.5    -5.4     5.1    82.3    17.0    50.0   0.106   0.123   0.109   0.084   0.058     6.0     6.2     6.5     9.4    12.1
03074 20151210  2.422 -106.74   32.61    21.4    -4.2     8.6     8.6     0.0    11.84 C    23.4    -4.9     6.1    80.7    16.6    45.1   0.107   0.124   0.110   0.086   0.058     7.4     7.5     7.7     9.6    12.0
03074 20151211  2.422 -106.74   32.61    21.9     3.9    12.9    13.7     0.0    10.29 C    21.6     0.1     9.2    59.4    12.2    31.2   0.108   0.126   0.112   0.086   0.058     9.4     9.2     9.0    10.0    12.0
03074 20151212  2.422 -106.74   32.61    15.3     2.5     8.9     7.9     4.1     6.10 C    11.5    -1.1     5.4    88.4    30.8    59.0   0.106   0.124   0.113   0.086   0.058     8.4     9.1     9.8    10.7    12.1
03074 20151213  2.422 -106.74   32.61    12.1     0.1     6.1     5.2     0.0    13.23 C    15.8    -3.1     3.7    80.8    25.3    54.6   0.105   0.122   0.111   0.087   0.058     6.2     6.8     7.7    10.5    12.3
03074 20151214  2.422 -106.74   32.61    15.1     0.5     7.8     6.9     0.0    13.12 C    17.3    -3.6     4.6    63.3    21.5    42.8   0.106   0.121   0.111   0.086   0.058     6.2     6.6     7.2    10.1    12.2
03074 20151215  2.422 -106.74   32.61     6.9    -4.7     1.1     2.7     0.0    13.21 C    11.2    -6.5     1.8    65.7    22.3    38.4   0.105   0.121   0.112   0.086   0.058     5.6     6.5     7.5    10.0    12.1
03074 20151216  2.422 -106.74   32.61     7.1   -10.1    -1.5    -1.7     0.0    13.46 C    13.8   -10.1    -1.6    85.5    22.0    53.4 -99.000   0.117   0.109   0.086   0.058     2.3     3.5     5.2     9.6    11.9
03074 20151217  2.422 -106.74   32.61     9.7    -9.4     0.1    -0.6     0.0    13.37 C    15.3   -10.0    -1.2    79.3    14.4    48.4 -99.000   0.116   0.108   0.084   0.058     1.8     2.6     4.1     8.7    11.6
03074 20151218  2.422 -106.74   32.61    12.4    -9.2     1.6     0.2     0.0    13.13 C    18.0    -9.3     0.1    78.7    15.3    47.9 -99.000   0.119   0.107   0.084   0.057     2.2     2.8     3.9     8.1    11.3
03074 20151219  2.422 -106.74   32.61    14.4    -8.3     3.1     3.1     0.0    10.49 C    16.7    -8.5     2.1    76.6    18.3    45.4 -99.000   0.116   0.108   0.083   0.056     2.9     3.2     4.0     7.8    10.9
03074 20151220  2.422 -106.74   32.61    16.3     2.0     9.1     8.9     0.0    12.98 C    18.8    -2.2     5.6    70.0    17.0    39.1   0.104   0.119   0.111   0.084   0.056     6.5     6.4     6.2     7.9    10.6
03074 20151221  2.422 -106.74   32.61    14.1    -1.6     6.2     5.3     0.0    13.45 C    23.6    -4.9     4.1    77.4    20.6    48.1   0.103   0.119   0.112   0.084   0.056     6.1     6.4     6.8     8.5    10.6
03074 20151222  2.422 -106.74   32.61    12.9    -0.6     6.1     7.1     0.0     4.92 C    11.8    -3.2     4.0    69.0    34.1    51.3   0.102   0.118   0.111   0.086   0.056     5.5     5.8     6.5     8.7    10.7
03074 20151223  2.422 -106.74   32.61    15.3     7.0    11.2    10.7     0.0     9.88 C    18.4     2.3     8.6    78.0    37.0    58.0   0.104   0.120   0.112   0.085   0.056     8.4     8.0     7.7     8.8    10.7
03074 20151224  2.422 -106.74   32.61    15.7     1.7     8.7     9.6     0.0     8.95 C    20.5    -0.8     8.1    81.9    31.7    58.8   0.104   0.122   0.115   0.086   0.056     9.6     9.5     9.3     9.4    10.8
03074 20151225  2.422 -106.74   32.61    17.4     0.9     9.2     9.7     0.0    12.46 C    20.4    -2.1     7.0    80.1    19.6    50.0   0.102   0.120   0.114   0.086   0.057     8.3     8.4     8.7     9.8    11.0
03074 20151226  2.422 -106.74   32.61     7.6    -2.5     2.5     1.1     9.4     2.09 C     6.9    -2.9     0.7    97.4    49.1    76.4   0.098   0.117   0.113   0.086   0.059     4.9     6.2     7.8     9.9    11.2
03074 20151227  2.422 -106.74   32.61     2.9    -4.5    -0.8    -0.8     0.5     7.22 C     5.0    -4.2    -1.4    89.6    55.8    74.5   0.112   0.113   0.109   0.085   0.059     2.0     3.1     4.8     9.2    11.2
03074 20151228  2.422 -106.74   32.61     2.7    -7.5    -2.4    -3.2     0.0    12.07 C    10.3    -6.2    -1.0    96.6    62.8    85.1   0.123   0.126   0.109   0.084   0.057     1.4     2.2     3.6     8.2    10.9
03074 20151229  2.422 -106.74   32.61     7.6    -6.1     0.8    -0.5     0.5     8.78 C    10.9    -5.6    -0.9    92.3    45.0    80.0   0.118   0.131   0.111   0.084   0.056     1.2     1.9     3.1     7.5    10.5
03074 20151230  2.422 -106.74   32.61     6.6    -7.4    -0.4    -0.5     0.0    13.52 C    13.1    -7.2    -0.1    89.9    47.4    76.2 -99.000   0.132   0.112   0.083   0.055     1.7     2.2     3.1     7.0    10.1
03074 20151231  2.422 -106.74   32.61     8.8    -4.9     1.9     0.6     0.0     7.35 C     9.6    -4.7     0.2    91.0    44.3    73.7   0.114   0.132   0.113   0.083   0.055     1.6     2.1     3.1     6.7     9.8
