04222 20050101  1.201 -122.61   40.65     5.4     0.3     2.9     2.8     0.5     4.32 R -9999.0 -9999.0     4.4 -9999.0 -9999.0 -9999.0 -99.000 -99.000 -99.000 -99.000 -99.000 -9999.0 -9999.0 -9999.0 -9999.0 -9999.0
04222 20050102  1.201 -122.61   40.65     4.5     2.2     3.4     3.1     3.4     3.02 R -9999.0 -9999.0     4.7 -9999.0 -9999.0 -9999.0 -99.000 -99.000 -99.000 -99.000 -99.000 -9999.0 -9999.0 -9999.0 -9999.0 -9999.0
04222 20050103  1.201 -122.61   40.65    11.6     1.5     6.6     4.8     0.2     7.53 R -9999.0 -9999.0     4.7 -9999.0 -9999.0 -9999.0 -99.000 -99.000 -99.000 -99.000 -99.000 -9999.0 -9999.0 -9999.0 -9999.0 -9999.0
04222 20050104  1.201 -122.61   40.65    10.5    -1.5     4.5     3.4     0.0     9.27 R -9999.0 -9999.0     2.8 -9999.0 -9999.0 -9999.0 -99.000 -99.000 -99.000 -99.000 -99.000 -9999.0 -9999.0 -9999.0 -9999.0 -9999.0
04222 20050105  1.201 -122.61   40.65     6.1     0.2     3.2     3.5     0.0     2.39 R -9999.0 -9999.0     4.0 -9999.0 -9999.0 -9999.0 -99.000 -99.000 -99.000 -99.000 -99.000 -9999.0 -9999.0 -9999.0 -9999.0 -9999.0
04222 20050106  1.201 -122.61   40.65     7.2     0.6     3.9     3.9     0.0     3.77 R -9999.0 -9999.0     4.5 -9999.0 -9999.0 -9999.0 -99.000 -99.000 -99.000 -99.000 -99.000 -9999.0 -9999.0 -9999.0 -9999.0 -9999.0
04222 20050107  1.201 -122.61   40.65     4.7    -0.5     2.1 -9999.0    25.8     1.21 R -9999.0 -9999.0     1.8 -9999.0 -9999.0 -9999.0 -99.000 -99.000 -99.000 -99.000 -99.000 -9999.0 -9999.0 -9999.0 -9999.0 -9999.0
04222 20050108  1.201 -122.61   40.65 -9999.0 -9999.0 -9999.0 -9999.0     5.3     3.22 R -9999.0 -9999.0     2.6 -9999.0 -9999.0 -9999.0 -99.000 -99.000 -99.000 -99.000 -99.000 -9999.0 -9999.0 -9999.0 -9999.0 -9999.0
04222 20050109  1.201 -122.61   40.65 -9999.0 -9999.0 -9999.0 -9999.0     0.4     7.55 R -9999.0 -9999.0     4.5 -9999.0 -9999.0 -9999.0 -99.000 -99.000 -99.000 -99.000 -99.000 -9999.0 -9999.0 -9999.0 -9999.0 -9999.0
04222 20050110  1.201 -122.61   40.65     6.9     1.0     4.0     4.2    27.8     2.13 R -9999.0 -9999.0     5.0 -9999.0 -9999.0 -9999.0 -99.000 -99.000 -99.000 -99.000 -99.000 -9999.0 -9999.0 -9999.0 -9999.0 -9999.0
04222 20050111  1.201 -122.61   40.65    10.1     1.1     5.6 -9999.0     3.1     9.05 R -9999.0 -9999.0     4.5 -9999.0 -9999.0 -9999.0 -99.000 -99.000 -99.000 -99.000 -99.000 -9999.0 -9999.0 -9999.0 -9999.0 -9999.0
04222 20050112  1.201 -122.61   40.65    10.2     0.5     5.4 -9999.0     0.0    10.27 R -9999.0 -9999.0     2.9 -9999.0 -9999.0 -9999.0 -99.000 -99.000 -99.000 -99.000 -99.000 -9999.0 -9999.0 -9999.0 -9999.0 -9999.0
04222 20050113  1.201 -122.61   40.65     9.4    -0.1     4.7     3.7     0.0     4.80 R -9999.0 -9999.0     2.7 -9999.0 -9999.0 -9999.0 -99.000 -99.000 -99.000 -99.000 -99.000 -9999.0 -9999.0 -9999.0 -9999.0 -9999.0
04222 20050114  1.201 -122.61   40.65    13.6     0.6     7.1     6.0     0.0     7.62 R -9999.0 -9999.0     4.9 -9999.0 -9999.0 -9999.0 -99.000 -99.000 -99.000 -99.000 -99.000 -9999.0 -9999.0 -9999.0 -9999.0 -9999.0
04222 20050115  1.201 -122.61   40.65    12.2     3.9     8.1     7.1     0.3     5.91 R -9999.0 -9999.0     6.3 -9999.0 -9999.0 -9999.0 -99.000 -99.000 -99.000 -99.000 -99.000 -9999.0 -9999.0 -9999.0 -9999.0 -9999.0
04222 20050116  1.201 -122.61   40.65    16.3     5.8    11.1     9.1     1.6     9.44 R -9999.0 -9999.0     8.5 -9999.0 -9999.0 -9999.0 -99.000 -99.000 -99.000 -99.000 -99.000 -9999.0 -9999.0 -9999.0 -9999.0 -9999.0
04222 20050117  1.201 -122.61   40.65    15.8     7.0    11.4    10.8     0.0     6.42 R -9999.0 -9999.0     8.3 -9999.0 -9999.0 -9999.0 -99.000 -99.000 -99.000 -99.000 -99.000 -9999.0 -9999.0 -9999.0 -9999.0 -9999.0
04222 20050118  1.201 -122.61   40.65 -9999.0 -9999.0 -9999.0 -9999.0 -9999.0 -9999.00 U -9999.0 -9999.0 -9999.0 -9999.0 -9999.0 -9999.0 -99.000 -99.000 -99.000 -99.000 -99.000 -9999.0 -9999.0 -9999.0 -9999.0 -9999.0
04222 20050119  1.201 -122.61   40.65    19.3     4.1    11.7     9.8     0.0     9.57 R -9999.0 -9999.0     8.0 -9999.0 -9999.0 -9999.0 -99.000 -99.000 -99.000 -99.000 -99.000 -9999.0 -9999.0 -9999.0 -9999.0 -9999.0
04222 20050120  1.201 -122.61   40.65    16.5     4.9    10.7     9.3     0.0     8.64 R -9999.0 -9999.0     7.4 -9999.0 -9999.0 -9999.0 -99.000 -99.000 -99.000 -99.000 -99.000 -9999.0 -9999.0 -9999.0 -9999.0 -9999.0
04222 20050121  1.201 -122.61   40.65    19.6     5.0    12.3     9.9     0.0    10.15 R -9999.0 -9999.0     7.6 -9999.0 -9999.0 -9999.0 -99.000 -99.000 -99.000 -99.000 -99.000 -9999.0 -9999.0 -9999.0 -9999.0 -9999.0
04222 20050122  1.201 -122.61   40.65    17.8     3.9    10.9     8.5     0.0    10.64 R -9999.0 -9999.0     7.2 -9999.0 -9999.0 -9999.0 -99.000 -99.000 -99.000 -99.000 -99.000 -9999.0 -9999.0 -9999.0 -9999.0 -9999.0
04222 20050123  1.201 -122.61   40.65    18.7     2.9    10.8     9.2     0.0    11.17 R -9999.0 -9999.0     7.7 -9999.0 -9999.0 -9999.0 -99.000 -99.000 -99.000 -99.000 -99.000 -9999.0 -9999.0 -9999.0 -9999.0 -9999.0
04222 20050124  1.201 -122.61   40.65    18.5     3.4    11.0     9.7     0.0    10.26 R -9999.0 -9999.0     8.5 -9999.0 -9999.0 -9999.0 -99.000 -99.000 -99.000 -99.000 -99.000 -9999.0 -9999.0 -9999.0 -9999.0 -9999.0
04222 20050125  1.201 -122.61   40.65    12.6     7.3    10.0     9.4    10.4     4.47 R -9999.0 -9999.0     9.9 -9999.0 -9999.0 -9999.0 -99.000 -99.000 -99.000 -99.000 -99.000 -9999.0 -9999.0 -9999.0 -9999.0 -9999.0
04222 20050126  1.201 -122.61   40.65    10.7     6.1     8.4     9.0    36.0     2.00 R -9999.0 -9999.0     9.1 -9999.0 -9999.0 -9999.0 -99.000 -99.000 -99.000 -99.000 -99.000 -9999.0 -9999.0 -9999.0 -9999.0 -9999.0
04222 20050127  1.201 -122.61   40.65     8.8     5.9     7.4     7.3    16.3     2.55 R -9999.0 -9999.0     8.2 -9999.0 -9999.0 -9999.0 -99.000 -99.000 -99.000 -99.000 -99.000 -9999.0 -9999.0 -9999.0 -9999.0 -9999.0
04222 20050128  1.201 -122.61   40.65     9.8     3.7     6.8     6.8    29.7     5.11 R -9999.0 -9999.0     7.9 -9999.0 -9999.0 -9999.0 -99.000 -99.000 -99.000 -99.000 -99.000 -9999.0 -9999.0 -9999.0 -9999.0 -9999.0
04222 20050129  1.201 -122.61   40.65    13.7     1.7     7.7     6.4     0.0    12.07 R -9999.0 -9999.0     6.5 -9999.0 -9999.0 -9999.0 -99.000 -99.000 -99.000 -99.000 -99.000 -9999.0 -9999.0 -9999.0 -9999.0 -9999.0
04222 20050130  1.201 -122.61   40.65    18.0     1.8     9.9     8.5     0.0    11.87 R -9999.0 -9999.0     6.6 -9999.0 -9999.0 -9999.0 -99.000 -99.000 -99.000 -99.000 -99.000 -9999.0 -9999.0 -9999.0 -9999.0 -9999.0
04222 20050131  1.201 -122.61   40.65    20.5     5.8    13.2    11.2     0.2     9.22 R -9999.0 -9999.0     7.7 -9999.0 -9999.0 -9999.0 -99.000 -99.000 -99.000 -99.000 -99.000 -9999.0 -9999.0 -9999.0 -9999.0 -9999.0
04222 20050201  1.201 -122.61   40.65    22.3     4.4    13.4    10.5     0.0    12.34 R -9999.0 -9999.0     7.0 -9999.0 -9999.0 -9999.0 -99.000 -99.000 -99.000 -99.000 -99.000 -9999.0 -9999.0 -9999.0 -9999.0 -9999.0
04222 20050202  1.201 -122.61   40.65    22.7     3.7    13.2    11.0     0.0    12.39 R -9999.0 -9999.0     7.5 -9999.0 -9999.0 -9999.0 -99.000 -99.000 -99.000 -99.000 -99.000 -9999.0 -9999.0 -9999.0 -9999.0 -9999.0
04222 20050203  1.201 -122.61   40.65    25.7     5.3    15.5    11.7     0.0    11.14 R -9999.0 -9999.0     8.7 -9999.0 -9999.0 -9999.0 -99.000 -99.000 -99.000 -99.000 -99.000 -9999.0 -9999.0 -9999.0 -9999.0 -9999.0
04222 20050204  1.201 -122.61   40.65    15.0     4.1     9.6     8.8     0.5     8.10 R -9999.0 -9999.0     8.7 -9999.0 -9999.0 -9999.0 -99.000 -99.000 -99.000 -99.000 -99.000 -9999.0 -9999.0 -9999.0 -9999.0 -9999.0
04222 20050205  1.201 -122.61   40.65    14.0     6.3    10.2     9.8     0.0    10.97 R -9999.0 -9999.0     8.2 -9999.0 -9999.0 -9999.0 -99.000 -99.000 -99.000 -99.000 -99.000 -9999.0 -9999.0 -9999.0 -9999.0 -9999.0
04222 20050206  1.201 -122.61   40.65    14.6     3.4     9.0     8.3     0.0     9.82 R -9999.0 -9999.0     6.8 -9999.0 -9999.0 -9999.0 -99.000 -99.000 -99.000 -99.000 -99.000 -9999.0 -9999.0 -9999.0 -9999.0 -9999.0
04222 20050207  1.201 -122.61   40.65    13.7     0.6     7.2     6.7     0.2    11.03 R -9999.0 -9999.0     7.6 -9999.0 -9999.0 -9999.0 -99.000 -99.000 -99.000 -99.000 -99.000 -9999.0 -9999.0 -9999.0 -9999.0 -9999.0
04222 20050208  1.201 -122.61   40.65    14.3     1.7     8.0     7.1     0.0    10.25 R -9999.0 -9999.0     7.3 -9999.0 -9999.0 -9999.0 -99.000 -99.000 -99.000 -99.000 -99.000 -9999.0 -9999.0 -9999.0 -9999.0 -9999.0
04222 20050209  1.201 -122.61   40.65    15.6     2.4     9.0     7.4     0.0    10.06 R -9999.0 -9999.0     6.8 -9999.0 -9999.0 -9999.0 -99.000 -99.000 -99.000 -99.000 -99.000 -9999.0 -9999.0 -9999.0 -9999.0 -9999.0
04222 20050210  1.201 -122.61   40.65    20.0     1.0    10.5     8.7     0.0    14.15 R -9999.0 -9999.0     7.8 -9999.0 -9999.0 -9999.0 -99.000 -99.000 -99.000 -99.000 -99.000 -9999.0 -9999.0 -9999.0 -9999.0 -9999.0
04222 20050211  1.201 -122.61   40.65    18.2     2.3    10.3     8.6     0.3    14.33 R -9999.0 -9999.0     7.7 -9999.0 -9999.0 -9999.0 -99.000 -99.000 -99.000 -99.000 -99.000 -9999.0 -9999.0 -9999.0 -9999.0 -9999.0
04222 20050212  1.201 -122.61   40.65    12.9     0.7     6.8     7.0     2.1     7.38 R -9999.0 -9999.0     7.7 -9999.0 -9999.0 -9999.0 -99.000 -99.000 -99.000 -99.000 -99.000 -9999.0 -9999.0 -9999.0 -9999.0 -9999.0
04222 20050213  1.201 -122.61   40.65     9.1     6.1     7.6     7.8    17.2     3.22 R -9999.0 -9999.0     8.9 -9999.0 -9999.0 -9999.0 -99.000 -99.000 -99.000 -99.000 -99.000 -9999.0 -9999.0 -9999.0 -9999.0 -9999.0
04222 20050214  1.201 -122.61   40.65    11.0     4.4     7.7     7.6     1.0     5.69 R -9999.0 -9999.0     8.8 -9999.0 -9999.0 -9999.0 -99.000 -99.000 -99.000 -99.000 -99.000 -9999.0 -9999.0 -9999.0 -9999.0 -9999.0
04222 20050215  1.201 -122.61   40.65    11.2     4.5     7.9     8.0     0.3     2.57 R -9999.0 -9999.0     7.8 -9999.0 -9999.0 -9999.0 -99.000 -99.000 -99.000 -99.000 -99.000 -9999.0 -9999.0 -9999.0 -9999.0 -9999.0
04222 20050216  1.201 -122.61   40.65    14.1     6.9    10.5     9.4     2.4     5.80 R -9999.0 -9999.0    10.1 -9999.0 -9999.0 -9999.0 -99.000 -99.000 -99.000 -99.000 -99.000 -9999.0 -9999.0 -9999.0 -9999.0 -9999.0
04222 20050217  1.201 -122.61   40.65    18.2     6.3    12.3    10.8     0.6    13.20 R -9999.0 -9999.0    11.3 -9999.0 -9999.0 -9999.0 -99.000 -99.000 -99.000 -99.000 -99.000 -9999.0 -9999.0 -9999.0 -9999.0 -9999.0
04222 20050218  1.201 -122.61   40.65 -9999.0 -9999.0 -9999.0 -9999.0 -9999.0 -9999.00 U -9999.0 -9999.0 -9999.0 -9999.0 -9999.0 -9999.0 -99.000 -99.000 -99.000 -99.000 -99.000 -9999.0 -9999.0 -9999.0 -9999.0 -9999.0
04222 20050219  1.201 -122.61   40.65    12.4     7.3     9.9     8.8    20.5     5.13 R -9999.0 -9999.0    10.1 -9999.0 -9999.0 -9999.0 -99.000 -99.000 -99.000 -99.000 -99.000 -9999.0 -9999.0 -9999.0 -9999.0 -9999.0
04222 20050220  1.201 -122.61   40.65     9.2     5.4     7.3     7.7    16.2     3.67 R -9999.0 -9999.0     8.8 -9999.0 -9999.0 -9999.0 -99.000 -99.000 -99.000 -99.000 -99.000 -9999.0 -9999.0 -9999.0 -9999.0 -9999.0
04222 20050221  1.201 -122.61   40.65    16.9     5.4    11.2     9.3     1.8     8.52 R -9999.0 -9999.0     9.5 -9999.0 -9999.0 -9999.0 -99.000 -99.000 -99.000 -99.000 -99.000 -9999.0 -9999.0 -9999.0 -9999.0 -9999.0
04222 20050222  1.201 -122.61   40.65    20.0     4.2    12.1    10.8     0.0    16.01 R -9999.0 -9999.0    11.0 -9999.0 -9999.0 -9999.0 -99.000 -99.000 -99.000 -99.000 -99.000 -9999.0 -9999.0 -9999.0 -9999.0 -9999.0
04222 20050223  1.201 -122.61   40.65    20.1     3.9    12.0    10.7     0.0    16.06 R -9999.0 -9999.0    10.8 -9999.0 -9999.0 -9999.0 -99.000 -99.000 -99.000 -99.000 -99.000 -9999.0 -9999.0 -9999.0 -9999.0 -9999.0
04222 20050224  1.201 -122.61   40.65    17.1     4.4    10.8     9.8     0.0    16.45 R -9999.0 -9999.0    11.0 -9999.0 -9999.0 -9999.0 -99.000 -99.000 -99.000 -99.000 -99.000 -9999.0 -9999.0 -9999.0 -9999.0 -9999.0
04222 20050225  1.201 -122.61   40.65    15.1     6.1    10.6     9.2     0.0    12.16 R -9999.0 -9999.0    11.0 -9999.0 -9999.0 -9999.0 -99.000 -99.000 -99.000 -99.000 -99.000 -9999.0 -9999.0 -9999.0 -9999.0 -9999.0
04222 20050226  1.201 -122.61   40.65    14.9     7.4    11.2    10.4     0.0    10.90 R -9999.0 -9999.0    12.0 -9999.0 -9999.0 -9999.0 -99.000 -99.000 -99.000 -99.000 -99.000 -9999.0 -9999.0 -9999.0 -9999.0 -9999.0
04222 20050227  1.201 -122.61   40.65     9.7     6.0     7.9     8.3    58.4     0.61 R -9999.0 -9999.0     9.3 -9999.0 -9999.0 -9999.0 -99.000 -99.000 -99.000 -99.000 -99.000 -9999.0 -9999.0 -9999.0 -9999.0 -9999.0
04222 20050228  1.201 -122.61   40.65    12.1     5.5     8.8     7.7     3.8    10.09 R -9999.0 -9999.0    10.1 -9999.0 -9999.0 -9999.0 -99.000 -99.000 -99.000 -99.000 -99.000 -9999.0 -9999.0 -9999.0 -9999.0 -9999.0
04222 20050301  1.201 -122.61   40.65    11.6     5.2     8.4     7.5    19.2     4.04 R -9999.0 -9999.0     9.3 -9999.0 -9999.0 -9999.0 -99.000 -99.000 -99.000 -99.000 -99.000 -9999.0 -9999.0 -9999.0 -9999.0 -9999.0
04222 20050302  1.201 -122.61   40.65    14.4     1.7     8.1     7.4     0.2    17.40 R -9999.0 -9999.0    10.4 -9999.0 -9999.0 -9999.0 -99.000 -99.000 -99.000 -99.000 -99.000 -9999.0 -9999.0 -9999.0 -9999.0 -9999.0
04222 20050303  1.201 -122.61   40.65    14.5     2.8     8.7     8.4     0.0    12.71 R -9999.0 -9999.0    10.8 -9999.0 -9999.0 -9999.0 -99.000 -99.000 -99.000 -99.000 -99.000 -9999.0 -9999.0 -9999.0 -9999.0 -9999.0
04222 20050304  1.201 -122.61   40.65    18.6     7.1    12.9    11.5     2.1    12.20 R -9999.0 -9999.0    12.8 -9999.0 -9999.0 -9999.0 -99.000 -99.000 -99.000 -99.000 -99.000 -9999.0 -9999.0 -9999.0 -9999.0 -9999.0
04222 20050305  1.201 -122.61   40.65    23.1     8.9    16.0    14.0     0.0    17.20 R -9999.0 -9999.0    14.3 -9999.0 -9999.0 -9999.0 -99.000 -99.000 -99.000 -99.000 -99.000 -9999.0 -9999.0 -9999.0 -9999.0 -9999.0
04222 20050306  1.201 -122.61   40.65    25.7     6.5    16.1    15.1     0.0    17.68 R -9999.0 -9999.0    15.4 -9999.0 -9999.0 -9999.0 -99.000 -99.000 -99.000 -99.000 -99.000 -9999.0 -9999.0 -9999.0 -9999.0 -9999.0
04222 20050307  1.201 -122.61   40.65    27.0    10.4    18.7    17.4     0.0    17.76 R -9999.0 -9999.0    17.0 -9999.0 -9999.0 -9999.0 -99.000 -99.000 -99.000 -99.000 -99.000 -9999.0 -9999.0 -9999.0 -9999.0 -9999.0
04222 20050308  1.201 -122.61   40.65    28.0     9.1    18.6    17.8     0.0    18.47 R -9999.0 -9999.0    17.2 -9999.0 -9999.0 -9999.0 -99.000 -99.000 -99.000 -99.000 -99.000 -9999.0 -9999.0 -9999.0 -9999.0 -9999.0
04222 20050309  1.201 -122.61   40.65    26.2    10.5    18.4    18.1     0.0    17.85 R -9999.0 -9999.0    17.1 -9999.0 -9999.0 -9999.0 -99.000 -99.000 -99.000 -99.000 -99.000 -9999.0 -9999.0 -9999.0 -9999.0 -9999.0
04222 20050310  1.201 -122.61   40.65    27.6     8.0    17.8    16.6     0.0    18.66 R -9999.0 -9999.0    17.0 -9999.0 -9999.0 -9999.0 -99.000 -99.000 -99.000 -99.000 -99.000 -9999.0 -9999.0 -9999.0 -9999.0 -9999.0
04222 20050311  1.201 -122.61   40.65    28.3     9.7    19.0    17.5     0.3    19.37 R -9999.0 -9999.0    17.0 -9999.0 -9999.0 -9999.0 -99.000 -99.000 -99.000 -99.000 -99.000 -9999.0 -9999.0 -9999.0 -9999.0 -9999.0
04222 20050312  1.201 -122.61   40.65    26.4    10.6    18.5    17.2     0.0    19.08 R -9999.0 -9999.0    17.3 -9999.0 -9999.0 -9999.0 -99.000 -99.000 -99.000 -99.000 -99.000 -9999.0 -9999.0 -9999.0 -9999.0 -9999.0
04222 20050313  1.201 -122.61   40.65    23.7     6.9    15.3    14.6     0.0    20.41 R -9999.0 -9999.0    14.9 -9999.0 -9999.0 -9999.0 -99.000 -99.000 -99.000 -99.000 -99.000 -9999.0 -9999.0 -9999.0 -9999.0 -9999.0
04222 20050314  1.201 -122.61   40.65    21.2     2.9    12.1    11.6     0.0    20.22 R -9999.0 -9999.0    13.1 -9999.0 -9999.0 -9999.0 -99.000 -99.000 -99.000 -99.000 -99.000 -9999.0 -9999.0 -9999.0 -9999.0 -9999.0
04222 20050315  1.201 -122.61   40.65    21.3     4.5    12.9    11.7     0.0    19.61 R -9999.0 -9999.0    13.3 -9999.0 -9999.0 -9999.0 -99.000 -99.000 -99.000 -99.000 -99.000 -9999.0 -9999.0 -9999.0 -9999.0 -9999.0
04222 20050316  1.201 -122.61   40.65    14.7     4.9     9.8     9.5     0.0     9.83 R -9999.0 -9999.0    11.3 -9999.0 -9999.0 -9999.0 -99.000 -99.000 -99.000 -99.000 -99.000 -9999.0 -9999.0 -9999.0 -9999.0 -9999.0
04222 20050317  1.201 -122.61   40.65    14.0     5.8     9.9     9.7     0.0     9.19 R -9999.0 -9999.0    11.9 -9999.0 -9999.0 -9999.0 -99.000 -99.000 -99.000 -99.000 -99.000 -9999.0 -9999.0 -9999.0 -9999.0 -9999.0
04222 20050318  1.201 -122.61   40.65    16.1     4.4    10.3     9.6     7.4    10.36 R -9999.0 -9999.0    12.5 -9999.0 -9999.0 -9999.0 -99.000 -99.000 -99.000 -99.000 -99.000 -9999.0 -9999.0 -9999.0 -9999.0 -9999.0
04222 20050319  1.201 -122.61   40.65    13.2     5.3     9.3     8.7    27.1     7.85 R -9999.0 -9999.0    11.5 -9999.0 -9999.0 -9999.0 -99.000 -99.000 -99.000 -99.000 -99.000 -9999.0 -9999.0 -9999.0 -9999.0 -9999.0
04222 20050320  1.201 -122.61   40.65     9.1     2.9     6.0     6.3    12.8     4.88 R -9999.0 -9999.0     9.1 -9999.0 -9999.0 -9999.0 -99.000 -99.000 -99.000 -99.000 -99.000 -9999.0 -9999.0 -9999.0 -9999.0 -9999.0
04222 20050321  1.201 -122.61   40.65    10.9     4.0     7.5     6.9    39.6    10.11 R -9999.0 -9999.0    10.4 -9999.0 -9999.0 -9999.0 -99.000 -99.000 -99.000 -99.000 -99.000 -9999.0 -9999.0 -9999.0 -9999.0 -9999.0
04222 20050322  1.201 -122.61   40.65    10.9     5.9     8.4     7.2    84.4     4.02 R -9999.0 -9999.0     9.7 -9999.0 -9999.0 -9999.0 -99.000 -99.000 -99.000 -99.000 -99.000 -9999.0 -9999.0 -9999.0 -9999.0 -9999.0
04222 20050323  1.201 -122.61   40.65    14.8     5.8    10.3     8.9     1.0    19.68 R -9999.0 -9999.0    12.5 -9999.0 -9999.0 -9999.0 -99.000 -99.000 -99.000 -99.000 -99.000 -9999.0 -9999.0 -9999.0 -9999.0 -9999.0
04222 20050324  1.201 -122.61   40.65    12.1     0.9     6.5     5.8     0.3    14.08 R -9999.0 -9999.0     9.6 -9999.0 -9999.0 -9999.0 -99.000 -99.000 -99.000 -99.000 -99.000 -9999.0 -9999.0 -9999.0 -9999.0 -9999.0
04222 20050325  1.201 -122.61   40.65    15.1     2.3     8.7     8.5     0.3    20.09 R -9999.0 -9999.0    12.7 -9999.0 -9999.0 -9999.0 -99.000 -99.000 -99.000 -99.000 -99.000 -9999.0 -9999.0 -9999.0 -9999.0 -9999.0
04222 20050326  1.201 -122.61   40.65    16.7     5.1    10.9    10.8     0.5    12.59 R -9999.0 -9999.0    14.6 -9999.0 -9999.0 -9999.0 -99.000 -99.000 -99.000 -99.000 -99.000 -9999.0 -9999.0 -9999.0 -9999.0 -9999.0
04222 20050327  1.201 -122.61   40.65    11.7     5.9     8.8     8.8    29.8     1.85 R -9999.0 -9999.0    11.7 -9999.0 -9999.0 -9999.0 -99.000 -99.000 -99.000 -99.000 -99.000 -9999.0 -9999.0 -9999.0 -9999.0 -9999.0
04222 20050328  1.201 -122.61   40.65    14.2     4.7     9.5     8.9     0.6    21.81 R -9999.0 -9999.0    13.3 -9999.0 -9999.0 -9999.0 -99.000 -99.000 -99.000 -99.000 -99.000 -9999.0 -9999.0 -9999.0 -9999.0 -9999.0
04222 20050329  1.201 -122.61   40.65    14.0     5.5     9.8     8.6     2.1    21.33 R -9999.0 -9999.0    14.2 -9999.0 -9999.0 -9999.0 -99.000 -99.000 -99.000 -99.000 -99.000 -9999.0 -9999.0 -9999.0 -9999.0 -9999.0
04222 20050330  1.201 -122.61   40.65    17.5     1.0     9.3     8.7     0.0    22.93 R -9999.0 -9999.0    13.8 -9999.0 -9999.0 -9999.0 -99.000 -99.000 -99.000 -99.000 -99.000 -9999.0 -9999.0 -9999.0 -9999.0 -9999.0
04222 20050331  1.201 -122.61   40.65    21.7     2.5    12.1    11.6     0.8    21.67 R -9999.0 -9999.0    15.7 -9999.0 -9999.0 -9999.0 -99.000 -99.000 -99.000 -99.000 -99.000 -9999.0 -9999.0 -9999.0 -9999.0 -9999.0
04222 20050401  1.201 -122.61   40.65    18.7     4.8    11.8    10.9     0.7    14.71 R -9999.0 -9999.0    15.1 -9999.0 -9999.0 -9999.0 -99.000 -99.000 -99.000 -99.000 -99.000 -9999.0 -9999.0 -9999.0 -9999.0 -9999.0
04222 20050402  1.201 -122.61   40.65    18.7     5.8    12.3    11.6     0.7    14.90 R -9999.0 -9999.0    16.1 -9999.0 -9999.0 -9999.0 -99.000 -99.000 -99.000 -99.000 -99.000 -9999.0 -9999.0 -9999.0 -9999.0 -9999.0
04222 20050403  1.201 -122.61   40.65     7.2     3.8     5.5     6.0    21.2     3.20 R -9999.0 -9999.0    10.6 -9999.0 -9999.0 -9999.0 -99.000 -99.000 -99.000 -99.000 -99.000 -9999.0 -9999.0 -9999.0 -9999.0 -9999.0
04222 20050404  1.201 -122.61   40.65    14.3     1.0     7.7     7.8     0.6    21.71 R -9999.0 -9999.0    14.1 -9999.0 -9999.0 -9999.0 -99.000 -99.000 -99.000 -99.000 -99.000 -9999.0 -9999.0 -9999.0 -9999.0 -9999.0
04222 20050405  1.201 -122.61   40.65    19.2     5.4    12.3    11.2     0.8    21.64 R -9999.0 -9999.0    17.8 -9999.0 -9999.0 -9999.0 -99.000 -99.000 -99.000 -99.000 -99.000 -9999.0 -9999.0 -9999.0 -9999.0 -9999.0
04222 20050406  1.201 -122.61   40.65    20.9     2.9    11.9    12.9     0.9    22.26 R -9999.0 -9999.0    18.9 -9999.0 -9999.0 -9999.0 -99.000 -99.000 -99.000 -99.000 -99.000 -9999.0 -9999.0 -9999.0 -9999.0 -9999.0
04222 20050407  1.201 -122.61   40.65    14.7     5.4    10.1     9.0     8.8    19.58 R -9999.0 -9999.0    16.2 -9999.0 -9999.0 -9999.0 -99.000 -99.000 -99.000 -99.000 -99.000 -9999.0 -9999.0 -9999.0 -9999.0 -9999.0
04222 20050408  1.201 -122.61   40.65    10.5     3.0     6.8     5.9    14.6     9.84 R -9999.0 -9999.0    13.1 -9999.0 -9999.0 -9999.0 -99.000 -99.000 -99.000 -99.000 -99.000 -9999.0 -9999.0 -9999.0 -9999.0 -9999.0
04222 20050409  1.201 -122.61   40.65    17.8     2.8    10.3    10.2     0.4    24.10 R -9999.0 -9999.0    17.3 -9999.0 -9999.0 -9999.0 -99.000 -99.000 -99.000 -99.000 -99.000 -9999.0 -9999.0 -9999.0 -9999.0 -9999.0
04222 20050410  1.201 -122.61   40.65    21.2     4.3    12.8    12.8     0.8    21.34 R -9999.0 -9999.0    19.6 -9999.0 -9999.0 -9999.0 -99.000 -99.000 -99.000 -99.000 -99.000 -9999.0 -9999.0 -9999.0 -9999.0 -9999.0
04222 20050411  1.201 -122.61   40.65    18.5     8.7    13.6    13.8     0.5    19.70 R -9999.0 -9999.0    19.9 -9999.0 -9999.0 -9999.0 -99.000 -99.000 -99.000 -99.000 -99.000 -9999.0 -9999.0 -9999.0 -9999.0 -9999.0
04222 20050412  1.201 -122.61   40.65    15.0     6.0    10.5     9.6     0.0    16.84 R -9999.0 -9999.0    16.0 -9999.0 -9999.0 -9999.0 -99.000 -99.000 -99.000 -99.000 -99.000 -9999.0 -9999.0 -9999.0 -9999.0 -9999.0
04222 20050413  1.201 -122.61   40.65    12.9     0.4     6.7     6.4     2.4    17.02 R -9999.0 -9999.0    12.4 -9999.0 -9999.0 -9999.0 -99.000 -99.000 -99.000 -99.000 -99.000 -9999.0 -9999.0 -9999.0 -9999.0 -9999.0
04222 20050414  1.201 -122.61   40.65    18.1     0.4     9.3     9.6     0.0    22.10 R -9999.0 -9999.0    16.0 -9999.0 -9999.0 -9999.0 -99.000 -99.000 -99.000 -99.000 -99.000 -9999.0 -9999.0 -9999.0 -9999.0 -9999.0
04222 20050415  1.201 -122.61   40.65    24.5     7.8    16.2    16.1     0.0    24.68 R -9999.0 -9999.0    20.8 -9999.0 -9999.0 -9999.0 -99.000 -99.000 -99.000 -99.000 -99.000 -9999.0 -9999.0 -9999.0 -9999.0 -9999.0
04222 20050416  1.201 -122.61   40.65    21.9     9.6    15.8    16.2     0.0    19.80 R -9999.0 -9999.0    21.8 -9999.0 -9999.0 -9999.0 -99.000 -99.000 -99.000 -99.000 -99.000 -9999.0 -9999.0 -9999.0 -9999.0 -9999.0
04222 20050417  1.201 -122.61   40.65    18.3     7.5    12.9    12.9     0.0    26.19 R -9999.0 -9999.0    20.1 -9999.0 -9999.0 -9999.0 -99.000 -99.000 -99.000 -99.000 -99.000 -9999.0 -9999.0 -9999.0 -9999.0 -9999.0
04222 20050418  1.201 -122.61   40.65    17.8     5.1    11.5    10.9     0.2    26.69 R -9999.0 -9999.0    18.9 -9999.0 -9999.0 -9999.0 -99.000 -99.000 -99.000 -99.000 -99.000 -9999.0 -9999.0 -9999.0 -9999.0 -9999.0
04222 20050419  1.201 -122.61   40.65    20.3     2.7    11.5    12.3     0.0    23.23 R -9999.0 -9999.0    19.6 -9999.0 -9999.0 -9999.0 -99.000 -99.000 -99.000 -99.000 -99.000 -9999.0 -9999.0 -9999.0 -9999.0 -9999.0
04222 20050420  1.201 -122.61   40.65    20.9     4.0    12.5    12.5     0.0    25.25 R -9999.0 -9999.0    21.1 -9999.0 -9999.0 -9999.0 -99.000 -99.000 -99.000 -99.000 -99.000 -9999.0 -9999.0 -9999.0 -9999.0 -9999.0
04222 20050421  1.201 -122.61   40.65    24.2     8.2    16.2    15.5     0.2    26.47 R -9999.0 -9999.0    23.9 -9999.0 -9999.0 -9999.0 -99.000 -99.000 -99.000 -99.000 -99.000 -9999.0 -9999.0 -9999.0 -9999.0 -9999.0
04222 20050422  1.201 -122.61   40.65    24.5     7.3    15.9    15.6     5.6    24.55 R -9999.0 -9999.0    23.6 -9999.0 -9999.0 -9999.0 -99.000 -99.000 -99.000 -99.000 -99.000 -9999.0 -9999.0 -9999.0 -9999.0 -9999.0
04222 20050423  1.201 -122.61   40.65    11.4     8.4     9.9     9.7    15.1     7.97 R -9999.0 -9999.0    14.9 -9999.0 -9999.0 -9999.0 -99.000 -99.000 -99.000 -99.000 -99.000 -9999.0 -9999.0 -9999.0 -9999.0 -9999.0
04222 20050424  1.201 -122.61   40.65    15.5     7.9    11.7    10.3     2.7    12.26 R -9999.0 -9999.0    16.6 -9999.0 -9999.0 -9999.0 -99.000 -99.000 -99.000 -99.000 -99.000 -9999.0 -9999.0 -9999.0 -9999.0 -9999.0
04222 20050425  1.201 -122.61   40.65    20.4     6.9    13.7    13.1     0.0    26.94 R -9999.0 -9999.0    20.5 -9999.0 -9999.0 -9999.0 -99.000 -99.000 -99.000 -99.000 -99.000 -9999.0 -9999.0 -9999.0 -9999.0 -9999.0
04222 20050426  1.201 -122.61   40.65    23.5     7.4    15.5    14.8     0.0    24.34 R -9999.0 -9999.0    21.4 -9999.0 -9999.0 -9999.0 -99.000 -99.000 -99.000 -99.000 -99.000 -9999.0 -9999.0 -9999.0 -9999.0 -9999.0
04222 20050427  1.201 -122.61   40.65    21.4     8.2    14.8    14.6     0.0    17.61 R -9999.0 -9999.0    20.5 -9999.0 -9999.0 -9999.0 -99.000 -99.000 -99.000 -99.000 -99.000 -9999.0 -9999.0 -9999.0 -9999.0 -9999.0
04222 20050428  1.201 -122.61   40.65    19.6     9.4    14.5    13.7     0.0    18.07 R -9999.0 -9999.0    20.8 -9999.0 -9999.0 -9999.0 -99.000 -99.000 -99.000 -99.000 -99.000 -9999.0 -9999.0 -9999.0 -9999.0 -9999.0
04222 20050429  1.201 -122.61   40.65    20.5     9.7    15.1    14.2     1.5    20.93 R -9999.0 -9999.0    22.7 -9999.0 -9999.0 -9999.0 -99.000 -99.000 -99.000 -99.000 -99.000 -9999.0 -9999.0 -9999.0 -9999.0 -9999.0
04222 20050430  1.201 -122.61   40.65    20.7    10.2    15.5    14.5     0.2    18.49 R -9999.0 -9999.0    22.4 -9999.0 -9999.0 -9999.0 -99.000 -99.000 -99.000 -99.000 -99.000 -9999.0 -9999.0 -9999.0 -9999.0 -9999.0
04222 20050501  1.201 -122.61   40.65    19.3     9.0    14.2    14.7     0.0    13.56 R -9999.0 -9999.0    21.4 -9999.0 -9999.0 -9999.0 -99.000 -99.000 -99.000 -99.000 -99.000 -9999.0 -9999.0 -9999.0 -9999.0 -9999.0
04222 20050502  1.201 -122.61   40.65    24.2    10.4    17.3    16.9     0.0    22.19 R -9999.0 -9999.0    24.0 -9999.0 -9999.0 -9999.0 -99.000 -99.000 -99.000 -99.000 -99.000 -9999.0 -9999.0 -9999.0 -9999.0 -9999.0
04222 20050503  1.201 -122.61   40.65    24.3    10.2    17.3    16.8     8.7    20.03 R -9999.0 -9999.0    25.2 -9999.0 -9999.0 -9999.0 -99.000 -99.000 -99.000 -99.000 -99.000 -9999.0 -9999.0 -9999.0 -9999.0 -9999.0
04222 20050504  1.201 -122.61   40.65    18.6    10.0    14.3    13.2    15.5    10.55 R -9999.0 -9999.0    20.8 -9999.0 -9999.0 -9999.0 -99.000 -99.000 -99.000 -99.000 -99.000 -9999.0 -9999.0 -9999.0 -9999.0 -9999.0
04222 20050505  1.201 -122.61   40.65    14.5    10.8    12.7    12.2    38.8     7.71 R -9999.0 -9999.0    19.2 -9999.0 -9999.0 -9999.0 -99.000 -99.000 -99.000 -99.000 -99.000 -9999.0 -9999.0 -9999.0 -9999.0 -9999.0
04222 20050506  1.201 -122.61   40.65    15.9     9.8    12.9    12.6     5.0    14.02 R -9999.0 -9999.0    21.1 -9999.0 -9999.0 -9999.0 -99.000 -99.000 -99.000 -99.000 -99.000 -9999.0 -9999.0 -9999.0 -9999.0 -9999.0
04222 20050507  1.201 -122.61   40.65    17.2     8.4    12.8    12.4     6.6    14.33 R -9999.0 -9999.0    22.0 -9999.0 -9999.0 -9999.0 -99.000 -99.000 -99.000 -99.000 -99.000 -9999.0 -9999.0 -9999.0 -9999.0 -9999.0
04222 20050508  1.201 -122.61   40.65    12.3     9.0    10.7    10.5    54.2     7.55 R -9999.0 -9999.0    19.8 -9999.0 -9999.0 -9999.0 -99.000 -99.000 -99.000 -99.000 -99.000 -9999.0 -9999.0 -9999.0 -9999.0 -9999.0
04222 20050509  1.201 -122.61   40.65    14.6     6.5    10.6     9.8     3.1    16.23 R -9999.0 -9999.0    20.6 -9999.0 -9999.0 -9999.0 -99.000 -99.000 -99.000 -99.000 -99.000 -9999.0 -9999.0 -9999.0 -9999.0 -9999.0
04222 20050510  1.201 -122.61   40.65    16.8     4.3    10.6    11.3     0.0    23.74 R -9999.0 -9999.0    22.9 -9999.0 -9999.0 -9999.0 -99.000 -99.000 -99.000 -99.000 -99.000 -9999.0 -9999.0 -9999.0 -9999.0 -9999.0
04222 20050511  1.201 -122.61   40.65    24.3     7.7    16.0    15.2     0.2    28.16 R -9999.0 -9999.0    26.2 -9999.0 -9999.0 -9999.0 -99.000 -99.000 -99.000 -99.000 -99.000 -9999.0 -9999.0 -9999.0 -9999.0 -9999.0
04222 20050512  1.201 -122.61   40.65    25.6     9.7    17.7    17.5     0.2    25.75 R -9999.0 -9999.0    27.8 -9999.0 -9999.0 -9999.0 -99.000 -99.000 -99.000 -99.000 -99.000 -9999.0 -9999.0 -9999.0 -9999.0 -9999.0
04222 20050513  1.201 -122.61   40.65    27.1    12.2    19.7    18.9     0.0    20.78 R -9999.0 -9999.0    28.8 -9999.0 -9999.0 -9999.0 -99.000 -99.000 -99.000 -99.000 -99.000 -9999.0 -9999.0 -9999.0 -9999.0 -9999.0
04222 20050514  1.201 -122.61   40.65    26.8    13.6    20.2    20.5     1.9    22.42 R -9999.0 -9999.0    30.6 -9999.0 -9999.0 -9999.0 -99.000 -99.000 -99.000 -99.000 -99.000 -9999.0 -9999.0 -9999.0 -9999.0 -9999.0
04222 20050515  1.201 -122.61   40.65    17.3    13.0    15.2    15.7     1.6     4.25 R -9999.0 -9999.0    24.4 -9999.0 -9999.0 -9999.0 -99.000 -99.000 -99.000 -99.000 -99.000 -9999.0 -9999.0 -9999.0 -9999.0 -9999.0
04222 20050516  1.201 -122.61   40.65    18.4    11.0    14.7    14.3     0.0    28.78 R -9999.0 -9999.0    24.2 -9999.0 -9999.0 -9999.0 -99.000 -99.000 -99.000 -99.000 -99.000 -9999.0 -9999.0 -9999.0 -9999.0 -9999.0
04222 20050517  1.201 -122.61   40.65    11.0     7.2     9.1     8.9    29.5     5.68 R -9999.0 -9999.0    17.4 -9999.0 -9999.0 -9999.0 -99.000 -99.000 -99.000 -99.000 -99.000 -9999.0 -9999.0 -9999.0 -9999.0 -9999.0
04222 20050518  1.201 -122.61   40.65    13.4     7.4    10.4    10.3    39.1     9.02 R -9999.0 -9999.0    18.8 -9999.0 -9999.0 -9999.0 -99.000 -99.000 -99.000 -99.000 -99.000 -9999.0 -9999.0 -9999.0 -9999.0 -9999.0
04222 20050519  1.201 -122.61   40.65    18.6     6.1    12.4    12.3     5.9    19.12 R -9999.0 -9999.0    24.1 -9999.0 -9999.0 -9999.0 -99.000 -99.000 -99.000 -99.000 -99.000 -9999.0 -9999.0 -9999.0 -9999.0 -9999.0
04222 20050520  1.201 -122.61   40.65    21.9    10.9    16.4    15.6     1.1    28.49 R -9999.0 -9999.0    26.7 -9999.0 -9999.0 -9999.0 -99.000 -99.000 -99.000 -99.000 -99.000 -9999.0 -9999.0 -9999.0 -9999.0 -9999.0
04222 20050521  1.201 -122.61   40.65    25.6     8.3    17.0    17.6     0.4    28.79 R -9999.0 -9999.0    27.8 -9999.0 -9999.0 -9999.0 -99.000 -99.000 -99.000 -99.000 -99.000 -9999.0 -9999.0 -9999.0 -9999.0 -9999.0
04222 20050522  1.201 -122.61   40.65    26.6    11.9    19.3    19.8     0.4    30.33 R -9999.0 -9999.0    27.9 -9999.0 -9999.0 -9999.0 -99.000 -99.000 -99.000 -99.000 -99.000 -9999.0 -9999.0 -9999.0 -9999.0 -9999.0
04222 20050523  1.201 -122.61   40.65    27.8    11.5    19.7    19.5     0.2    30.05 R -9999.0 -9999.0    27.1 -9999.0 -9999.0 -9999.0 -99.000 -99.000 -99.000 -99.000 -99.000 -9999.0 -9999.0 -9999.0 -9999.0 -9999.0
04222 20050524  1.201 -122.61   40.65    31.0    14.0    22.5    21.4     0.7    30.35 R -9999.0 -9999.0    28.7 -9999.0 -9999.0 -9999.0 -99.000 -99.000 -99.000 -99.000 -99.000 -9999.0 -9999.0 -9999.0 -9999.0 -9999.0
04222 20050525  1.201 -122.61   40.65    32.6    12.6    22.6    22.5     0.5    29.79 R -9999.0 -9999.0    30.2 -9999.0 -9999.0 -9999.0 -99.000 -99.000 -99.000 -99.000 -99.000 -9999.0 -9999.0 -9999.0 -9999.0 -9999.0
04222 20050526  1.201 -122.61   40.65    33.9    15.1    24.5    23.9     0.8    29.41 R -9999.0 -9999.0    31.5 -9999.0 -9999.0 -9999.0 -99.000 -99.000 -99.000 -99.000 -99.000 -9999.0 -9999.0 -9999.0 -9999.0 -9999.0
04222 20050527  1.201 -122.61   40.65    32.0    15.3    23.7    23.8     0.5    28.04 R -9999.0 -9999.0    32.1 -9999.0 -9999.0 -9999.0 -99.000 -99.000 -99.000 -99.000 -99.000 -9999.0 -9999.0 -9999.0 -9999.0 -9999.0
04222 20050528  1.201 -122.61   40.65    22.0    10.1    16.1    17.2     9.0    19.72 R -9999.0 -9999.0    24.9 -9999.0 -9999.0 -9999.0 -99.000 -99.000 -99.000 -99.000 -99.000 -9999.0 -9999.0 -9999.0 -9999.0 -9999.0
04222 20050529  1.201 -122.61   40.65    19.5     7.6    13.6    13.5     0.4    17.25 R -9999.0 -9999.0    19.3 -9999.0 -9999.0 -9999.0 -99.000 -99.000 -99.000 -99.000 -99.000 -9999.0 -9999.0 -9999.0 -9999.0 -9999.0
04222 20050530  1.201 -122.61   40.65    29.5    10.2    19.9    20.4     0.3    27.66 R -9999.0 -9999.0    26.8 -9999.0 -9999.0 -9999.0 -99.000 -99.000 -99.000 -99.000 -99.000 -9999.0 -9999.0 -9999.0 -9999.0 -9999.0
04222 20050531  1.201 -122.61   40.65    30.1    16.6    23.4    22.5     0.3    27.81 R -9999.0 -9999.0    29.1 -9999.0 -9999.0 -9999.0 -99.000 -99.000 -99.000 -99.000 -99.000 -9999.0 -9999.0 -9999.0 -9999.0 -9999.0
04222 20050601  1.201 -122.61   40.65    26.0    14.0    20.0    19.7     0.7    30.81 R -9999.0 -9999.0    27.9 -9999.0 -9999.0 -9999.0 -99.000 -99.000 -99.000 -99.000 -99.000 -9999.0 -9999.0 -9999.0 -9999.0 -9999.0
04222 20050602  1.201 -122.61   40.65    25.9    13.1    19.5    19.3     0.3    30.70 R -9999.0 -9999.0    27.7 -9999.0 -9999.0 -9999.0 -99.000 -99.000 -99.000 -99.000 -99.000 -9999.0 -9999.0 -9999.0 -9999.0 -9999.0
04222 20050603  1.201 -122.61   40.65    29.3    14.2    21.8    21.6     0.3    30.58 R -9999.0 -9999.0    29.0 -9999.0 -9999.0 -9999.0 -99.000 -99.000 -99.000 -99.000 -99.000 -9999.0 -9999.0 -9999.0 -9999.0 -9999.0
04222 20050604  1.201 -122.61   40.65    28.7    12.4    20.6    20.5     0.4    30.53 R -9999.0 -9999.0    28.6 -9999.0 -9999.0 -9999.0 -99.000 -99.000 -99.000 -99.000 -99.000 -9999.0 -9999.0 -9999.0 -9999.0 -9999.0
04222 20050605  1.201 -122.61   40.65    21.0    10.4    15.7    14.7     0.3    31.10 R -9999.0 -9999.0    23.3 -9999.0 -9999.0 -9999.0 -99.000 -99.000 -99.000 -99.000 -99.000 -9999.0 -9999.0 -9999.0 -9999.0 -9999.0
04222 20050606  1.201 -122.61   40.65    16.3     9.0    12.7    12.1     0.0    24.66 R -9999.0 -9999.0    19.0 -9999.0 -9999.0 -9999.0 -99.000 -99.000 -99.000 -99.000 -99.000 -9999.0 -9999.0 -9999.0 -9999.0 -9999.0
04222 20050607  1.201 -122.61   40.65    19.5     8.1    13.8    14.0     0.3    20.96 R -9999.0 -9999.0    21.9 -9999.0 -9999.0 -9999.0 -99.000 -99.000 -99.000 -99.000 -99.000 -9999.0 -9999.0 -9999.0 -9999.0 -9999.0
04222 20050608  1.201 -122.61   40.65    13.4    10.2    11.8    11.6     5.6     9.95 R -9999.0 -9999.0    16.3 -9999.0 -9999.0 -9999.0 -99.000 -99.000 -99.000 -99.000 -99.000 -9999.0 -9999.0 -9999.0 -9999.0 -9999.0
04222 20050609  1.201 -122.61   40.65    23.8    11.0    17.4    17.1     0.6    27.77 R -9999.0 -9999.0    24.5 -9999.0 -9999.0 -9999.0 -99.000 -99.000 -99.000 -99.000 -99.000 -9999.0 -9999.0 -9999.0 -9999.0 -9999.0
04222 20050610  1.201 -122.61   40.65    28.5    14.7    21.6    20.8     0.5    30.15 R -9999.0 -9999.0    28.1 -9999.0 -9999.0 -9999.0 -99.000 -99.000 -99.000 -99.000 -99.000 -9999.0 -9999.0 -9999.0 -9999.0 -9999.0
04222 20050611  1.201 -122.61   40.65    27.8    14.1    21.0    19.8     0.5    30.31 R -9999.0 -9999.0    27.6 -9999.0 -9999.0 -9999.0 -99.000 -99.000 -99.000 -99.000 -99.000 -9999.0 -9999.0 -9999.0 -9999.0 -9999.0
04222 20050612  1.201 -122.61   40.65    28.1    12.7    20.4    20.4     0.4    30.71 R -9999.0 -9999.0    28.8 -9999.0 -9999.0 -9999.0 -99.000 -99.000 -99.000 -99.000 -99.000 -9999.0 -9999.0 -9999.0 -9999.0 -9999.0
04222 20050613  1.201 -122.61   40.65    31.5    16.5    24.0    24.0     0.6    29.05 R -9999.0 -9999.0    30.5 -9999.0 -9999.0 -9999.0 -99.000 -99.000 -99.000 -99.000 -99.000 -9999.0 -9999.0 -9999.0 -9999.0 -9999.0
04222 20050614  1.201 -122.61   40.65    29.4    16.5    23.0    22.1     0.2    29.52 R -9999.0 -9999.0    29.2 -9999.0 -9999.0 -9999.0 -99.000 -99.000 -99.000 -99.000 -99.000 -9999.0 -9999.0 -9999.0 -9999.0 -9999.0
04222 20050615  1.201 -122.61   40.65    29.6    13.7    21.7    21.1     0.2    29.12 R -9999.0 -9999.0    29.4 -9999.0 -9999.0 -9999.0 -99.000 -99.000 -99.000 -99.000 -99.000 -9999.0 -9999.0 -9999.0 -9999.0 -9999.0
04222 20050616  1.201 -122.61   40.65    18.2     8.9    13.6    11.7    10.0     5.35 R -9999.0 -9999.0    15.0 -9999.0 -9999.0 -9999.0 -99.000 -99.000 -99.000 -99.000 -99.000 -9999.0 -9999.0 -9999.0 -9999.0 -9999.0
04222 20050617  1.201 -122.61   40.65    12.8     8.1    10.5    10.4    40.4     3.37 R -9999.0 -9999.0    12.4 -9999.0 -9999.0 -9999.0 -99.000 -99.000 -99.000 -99.000 -99.000 -9999.0 -9999.0 -9999.0 -9999.0 -9999.0
04222 20050618  1.201 -122.61   40.65    13.7    10.0    11.9    11.6    14.4     3.94 R -9999.0 -9999.0    13.3 -9999.0 -9999.0 -9999.0 -99.000 -99.000 -99.000 -99.000 -99.000 -9999.0 -9999.0 -9999.0 -9999.0 -9999.0
04222 20050619  1.201 -122.61   40.65    22.0     9.7    15.9    15.0     0.6    25.42 R -9999.0 -9999.0    19.5 -9999.0 -9999.0 -9999.0 -99.000 -99.000 -99.000 -99.000 -99.000 -9999.0 -9999.0 -9999.0 -9999.0 -9999.0
04222 20050620  1.201 -122.61   40.65    25.9     9.4    17.7    17.1     0.6    28.99 R -9999.0 -9999.0    21.9 -9999.0 -9999.0 -9999.0 -99.000 -99.000 -99.000 -99.000 -99.000 -9999.0 -9999.0 -9999.0 -9999.0 -9999.0
04222 20050621  1.201 -122.61   40.65    25.5    10.7    18.1    18.0     0.4    25.91 R -9999.0 -9999.0    22.9 -9999.0 -9999.0 -9999.0 -99.000 -99.000 -99.000 -99.000 -99.000 -9999.0 -9999.0 -9999.0 -9999.0 -9999.0
04222 20050622  1.201 -122.61   40.65    27.9    14.5    21.2    20.5     0.2    30.49 R -9999.0 -9999.0    26.3 -9999.0 -9999.0 -9999.0 -99.000 -99.000 -99.000 -99.000 -99.000 -9999.0 -9999.0 -9999.0 -9999.0 -9999.0
04222 20050623  1.201 -122.61   40.65    29.4    13.3    21.4    21.1     0.4    30.53 R -9999.0 -9999.0    27.9 -9999.0 -9999.0 -9999.0 -99.000 -99.000 -99.000 -99.000 -99.000 -9999.0 -9999.0 -9999.0 -9999.0 -9999.0
04222 20050624  1.201 -122.61   40.65    28.5    12.5    20.5    20.8     0.4    29.81 R -9999.0 -9999.0    29.0 -9999.0 -9999.0 -9999.0 -99.000 -99.000 -99.000 -99.000 -99.000 -9999.0 -9999.0 -9999.0 -9999.0 -9999.0
04222 20050625  1.201 -122.61   40.65    26.6    12.8    19.7    18.7    17.1    20.48 R -9999.0 -9999.0    26.4 -9999.0 -9999.0 -9999.0 -99.000 -99.000 -99.000 -99.000 -99.000 -9999.0 -9999.0 -9999.0 -9999.0 -9999.0
04222 20050626  1.201 -122.61   40.65    27.0    13.1    20.1    20.1     1.0    27.91 R -9999.0 -9999.0    26.4 -9999.0 -9999.0 -9999.0 -99.000 -99.000 -99.000 -99.000 -99.000 -9999.0 -9999.0 -9999.0 -9999.0 -9999.0
04222 20050627  1.201 -122.61   40.65    25.2    14.9    20.1    19.6     0.0    25.48 R -9999.0 -9999.0    27.2 -9999.0 -9999.0 -9999.0 -99.000 -99.000 -99.000 -99.000 -99.000 -9999.0 -9999.0 -9999.0 -9999.0 -9999.0
04222 20050628  1.201 -122.61   40.65    29.4    13.3    21.4    21.5     0.5    29.80 R -9999.0 -9999.0    30.6 -9999.0 -9999.0 -9999.0 -99.000 -99.000 -99.000 -99.000 -99.000 -9999.0 -9999.0 -9999.0 -9999.0 -9999.0
04222 20050629  1.201 -122.61   40.65    33.8    16.0    24.9    24.5     1.0    30.52 R -9999.0 -9999.0    32.8 -9999.0 -9999.0 -9999.0 -99.000 -99.000 -99.000 -99.000 -99.000 -9999.0 -9999.0 -9999.0 -9999.0 -9999.0
04222 20050630  1.201 -122.61   40.65    36.1    17.7    26.9    27.1     1.1    30.29 R -9999.0 -9999.0    35.0 -9999.0 -9999.0 -9999.0 -99.000 -99.000 -99.000 -99.000 -99.000 -9999.0 -9999.0 -9999.0 -9999.0 -9999.0
04222 20050701  1.201 -122.61   40.65    35.0    20.4    27.7    28.2     0.3    30.38 R -9999.0 -9999.0    35.6 -9999.0 -9999.0 -9999.0 -99.000 -99.000 -99.000 -99.000 -99.000 -9999.0 -9999.0 -9999.0 -9999.0 -9999.0
04222 20050702  1.201 -122.61   40.65    34.2    20.8    27.5    27.0     0.5    30.98 R -9999.0 -9999.0    33.9 -9999.0 -9999.0 -9999.0 -99.000 -99.000 -99.000 -99.000 -99.000 -9999.0 -9999.0 -9999.0 -9999.0 -9999.0
04222 20050703  1.201 -122.61   40.65    34.5    19.6    27.1    26.5     0.6    30.34 R -9999.0 -9999.0    33.8 -9999.0 -9999.0 -9999.0 -99.000 -99.000 -99.000 -99.000 -99.000 -9999.0 -9999.0 -9999.0 -9999.0 -9999.0
04222 20050704  1.201 -122.61   40.65    35.2    20.0    27.6    27.3     1.3    30.16 R -9999.0 -9999.0    34.2 -9999.0 -9999.0 -9999.0 -99.000 -99.000 -99.000 -99.000 -99.000 -9999.0 -9999.0 -9999.0 -9999.0 -9999.0
04222 20050705  1.201 -122.61   40.65    35.8    21.3    28.6    27.8     0.8    30.28 R -9999.0 -9999.0    34.4 -9999.0 -9999.0 -9999.0 -99.000 -99.000 -99.000 -99.000 -99.000 -9999.0 -9999.0 -9999.0 -9999.0 -9999.0
04222 20050706  1.201 -122.61   40.65    35.0    20.5    27.8    27.2     0.0    29.46 R -9999.0 -9999.0    33.9 -9999.0 -9999.0 -9999.0 -99.000 -99.000 -99.000 -99.000 -99.000 -9999.0 -9999.0 -9999.0 -9999.0 -9999.0
04222 20050707  1.201 -122.61   40.65    32.4    17.4    24.9    25.3     1.4    29.72 R -9999.0 -9999.0    33.4 -9999.0 -9999.0 -9999.0 -99.000 -99.000 -99.000 -99.000 -99.000 -9999.0 -9999.0 -9999.0 -9999.0 -9999.0
04222 20050708  1.201 -122.61   40.65    30.6    17.6    24.1    24.1     0.7    26.75 R -9999.0 -9999.0    32.6 -9999.0 -9999.0 -9999.0 -99.000 -99.000 -99.000 -99.000 -99.000 -9999.0 -9999.0 -9999.0 -9999.0 -9999.0
04222 20050709  1.201 -122.61   40.65    27.0    17.9    22.5    22.0     2.0    24.33 R -9999.0 -9999.0    31.4 -9999.0 -9999.0 -9999.0 -99.000 -99.000 -99.000 -99.000 -99.000 -9999.0 -9999.0 -9999.0 -9999.0 -9999.0
04222 20050710  1.201 -122.61   40.65    29.1    17.5    23.3    23.1     0.3    27.75 R -9999.0 -9999.0    32.9 -9999.0 -9999.0 -9999.0 -99.000 -99.000 -99.000 -99.000 -99.000 -9999.0 -9999.0 -9999.0 -9999.0 -9999.0
04222 20050711  1.201 -122.61   40.65    34.4    18.6    26.5    26.5     1.2    29.93 R -9999.0 -9999.0    33.8 -9999.0 -9999.0 -9999.0 -99.000 -99.000 -99.000 -99.000 -99.000 -9999.0 -9999.0 -9999.0 -9999.0 -9999.0
04222 20050712  1.201 -122.61   40.65    37.6    19.4    28.5    27.4     0.9    29.91 R -9999.0 -9999.0    35.0 -9999.0 -9999.0 -9999.0 -99.000 -99.000 -99.000 -99.000 -99.000 -9999.0 -9999.0 -9999.0 -9999.0 -9999.0
04222 20050713  1.201 -122.61   40.65    37.4    21.3    29.4    28.4     0.8    29.20 R -9999.0 -9999.0    36.4 -9999.0 -9999.0 -9999.0 -99.000 -99.000 -99.000 -99.000 -99.000 -9999.0 -9999.0 -9999.0 -9999.0 -9999.0
04222 20050714  1.201 -122.61   40.65    38.2    19.3    28.8    28.2     0.0    29.26 R -9999.0 -9999.0    36.4 -9999.0 -9999.0 -9999.0 -99.000 -99.000 -99.000 -99.000 -99.000 -9999.0 -9999.0 -9999.0 -9999.0 -9999.0
04222 20050715  1.201 -122.61   40.65    38.4    20.2    29.3    28.9     0.8    28.33 R -9999.0 -9999.0    37.0 -9999.0 -9999.0 -9999.0 -99.000 -99.000 -99.000 -99.000 -99.000 -9999.0 -9999.0 -9999.0 -9999.0 -9999.0
04222 20050716  1.201 -122.61   40.65    38.1    20.9    29.5    29.3     0.8    28.46 R -9999.0 -9999.0    37.6 -9999.0 -9999.0 -9999.0 -99.000 -99.000 -99.000 -99.000 -99.000 -9999.0 -9999.0 -9999.0 -9999.0 -9999.0
04222 20050717  1.201 -122.61   40.65    41.7    20.3    31.0    30.0     0.9    29.05 R -9999.0 -9999.0    37.7 -9999.0 -9999.0 -9999.0 -99.000 -99.000 -99.000 -99.000 -99.000 -9999.0 -9999.0 -9999.0 -9999.0 -9999.0
04222 20050718  1.201 -122.61   40.65    41.5    21.3    31.4    30.0     1.2    26.52 R -9999.0 -9999.0    37.6 -9999.0 -9999.0 -9999.0 -99.000 -99.000 -99.000 -99.000 -99.000 -9999.0 -9999.0 -9999.0 -9999.0 -9999.0
04222 20050719  1.201 -122.61   40.65    38.6    18.7    28.7    28.3     0.8    28.17 R -9999.0 -9999.0    37.4 -9999.0 -9999.0 -9999.0 -99.000 -99.000 -99.000 -99.000 -99.000 -9999.0 -9999.0 -9999.0 -9999.0 -9999.0
04222 20050720  1.201 -122.61   40.65    38.5    20.0    29.3    28.4     1.4    28.68 R -9999.0 -9999.0    37.4 -9999.0 -9999.0 -9999.0 -99.000 -99.000 -99.000 -99.000 -99.000 -9999.0 -9999.0 -9999.0 -9999.0 -9999.0
04222 20050721  1.201 -122.61   40.65    31.5    19.0    25.3    24.8     1.1    15.35 R -9999.0 -9999.0    30.2 -9999.0 -9999.0 -9999.0 -99.000 -99.000 -99.000 -99.000 -99.000 -9999.0 -9999.0 -9999.0 -9999.0 -9999.0
04222 20050722  1.201 -122.61   40.65    33.0    14.1    23.6    23.7     0.4    29.57 R -9999.0 -9999.0    33.3 -9999.0 -9999.0 -9999.0 -99.000 -99.000 -99.000 -99.000 -99.000 -9999.0 -9999.0 -9999.0 -9999.0 -9999.0
04222 20050723  1.201 -122.61   40.65    38.5    18.3    28.4    27.6     0.7    29.43 R -9999.0 -9999.0    35.7 -9999.0 -9999.0 -9999.0 -99.000 -99.000 -99.000 -99.000 -99.000 -9999.0 -9999.0 -9999.0 -9999.0 -9999.0
04222 20050724  1.201 -122.61   40.65    36.7    20.3    28.5    29.0     0.9    29.85 R -9999.0 -9999.0    36.2 -9999.0 -9999.0 -9999.0 -99.000 -99.000 -99.000 -99.000 -99.000 -9999.0 -9999.0 -9999.0 -9999.0 -9999.0
04222 20050725  1.201 -122.61   40.65    37.8    20.6    29.2    27.9     1.2    29.49 R -9999.0 -9999.0    35.9 -9999.0 -9999.0 -9999.0 -99.000 -99.000 -99.000 -99.000 -99.000 -9999.0 -9999.0 -9999.0 -9999.0 -9999.0
04222 20050726  1.201 -122.61   40.65    39.2    16.2    27.7    27.1     0.3    29.40 R -9999.0 -9999.0    35.3 -9999.0 -9999.0 -9999.0 -99.000 -99.000 -99.000 -99.000 -99.000 -9999.0 -9999.0 -9999.0 -9999.0 -9999.0
04222 20050727  1.201 -122.61   40.65    37.4    16.9    27.2    26.1     1.1    28.45 R -9999.0 -9999.0    34.7 -9999.0 -9999.0 -9999.0 -99.000 -99.000 -99.000 -99.000 -99.000 -9999.0 -9999.0 -9999.0 -9999.0 -9999.0
04222 20050728  1.201 -122.61   40.65    36.8    17.4    27.1    26.2     1.5    28.54 R -9999.0 -9999.0    34.6 -9999.0 -9999.0 -9999.0 -99.000 -99.000 -99.000 -99.000 -99.000 -9999.0 -9999.0 -9999.0 -9999.0 -9999.0
04222 20050729  1.201 -122.61   40.65    36.9    17.6    27.3    26.7     0.8    27.45 R -9999.0 -9999.0    35.3 -9999.0 -9999.0 -9999.0 -99.000 -99.000 -99.000 -99.000 -99.000 -9999.0 -9999.0 -9999.0 -9999.0 -9999.0
04222 20050730  1.201 -122.61   40.65    37.9    19.9    28.9    28.0     0.6    25.65 R -9999.0 -9999.0    36.1 -9999.0 -9999.0 -9999.0 -99.000 -99.000 -99.000 -99.000 -99.000 -9999.0 -9999.0 -9999.0 -9999.0 -9999.0
04222 20050731  1.201 -122.61   40.65    36.7    20.1    28.4    28.0     0.7    27.15 R -9999.0 -9999.0    36.5 -9999.0 -9999.0 -9999.0 -99.000 -99.000 -99.000 -99.000 -99.000 -9999.0 -9999.0 -9999.0 -9999.0 -9999.0
04222 20050801  1.201 -122.61   40.65    34.8    18.5    26.7    27.4     0.8    26.96 R -9999.0 -9999.0    35.4 -9999.0 -9999.0 -9999.0 -99.000 -99.000 -99.000 -99.000 -99.000 -9999.0 -9999.0 -9999.0 -9999.0 -9999.0
04222 20050802  1.201 -122.61   40.65    35.2    18.0    26.6    26.8     1.2    27.92 R -9999.0 -9999.0    35.9 -9999.0 -9999.0 -9999.0 -99.000 -99.000 -99.000 -99.000 -99.000 -9999.0 -9999.0 -9999.0 -9999.0 -9999.0
04222 20050803  1.201 -122.61   40.65    36.8    15.7    26.3    25.5     1.7    28.39 R -9999.0 -9999.0    34.1 -9999.0 -9999.0 -9999.0 -99.000 -99.000 -99.000 -99.000 -99.000 -9999.0 -9999.0 -9999.0 -9999.0 -9999.0
04222 20050804  1.201 -122.61   40.65    37.1    16.4    26.8    26.1     0.5    27.63 R -9999.0 -9999.0    34.6 -9999.0 -9999.0 -9999.0 -99.000 -99.000 -99.000 -99.000 -99.000 -9999.0 -9999.0 -9999.0 -9999.0 -9999.0
04222 20050805  1.201 -122.61   40.65    37.6    18.5    28.1    27.3     1.3    27.06 R -9999.0 -9999.0    35.8 -9999.0 -9999.0 -9999.0 -99.000 -99.000 -99.000 -99.000 -99.000 -9999.0 -9999.0 -9999.0 -9999.0 -9999.0
04222 20050806  1.201 -122.61   40.65    38.8    19.1    29.0    28.0     0.5    27.60 R -9999.0 -9999.0    36.2 -9999.0 -9999.0 -9999.0 -99.000 -99.000 -99.000 -99.000 -99.000 -9999.0 -9999.0 -9999.0 -9999.0 -9999.0
04222 20050807  1.201 -122.61   40.65    37.7    19.3    28.5    28.0     0.3    26.99 R -9999.0 -9999.0    36.2 -9999.0 -9999.0 -9999.0 -99.000 -99.000 -99.000 -99.000 -99.000 -9999.0 -9999.0 -9999.0 -9999.0 -9999.0
04222 20050808  1.201 -122.61   40.65    38.0    19.9    29.0    28.1     0.7    26.22 R -9999.0 -9999.0    36.4 -9999.0 -9999.0 -9999.0 -99.000 -99.000 -99.000 -99.000 -99.000 -9999.0 -9999.0 -9999.0 -9999.0 -9999.0
04222 20050809  1.201 -122.61   40.65    38.9    17.5    28.2    28.3     0.8    27.22 R -9999.0 -9999.0    35.8 -9999.0 -9999.0 -9999.0 -99.000 -99.000 -99.000 -99.000 -99.000 -9999.0 -9999.0 -9999.0 -9999.0 -9999.0
04222 20050810  1.201 -122.61   40.65    37.0    19.7    28.4    28.4     1.0    27.82 R -9999.0 -9999.0    35.5 -9999.0 -9999.0 -9999.0 -99.000 -99.000 -99.000 -99.000 -99.000 -9999.0 -9999.0 -9999.0 -9999.0 -9999.0
04222 20050811  1.201 -122.61   40.65    37.7    17.3    27.5    27.6     0.5    27.25 R -9999.0 -9999.0    34.8 -9999.0 -9999.0 -9999.0 -99.000 -99.000 -99.000 -99.000 -99.000 -9999.0 -9999.0 -9999.0 -9999.0 -9999.0
04222 20050812  1.201 -122.61   40.65    38.9    18.2    28.6    27.6     1.5    27.32 R -9999.0 -9999.0    34.8 -9999.0 -9999.0 -9999.0 -99.000 -99.000 -99.000 -99.000 -99.000 -9999.0 -9999.0 -9999.0 -9999.0 -9999.0
04222 20050813  1.201 -122.61   40.65    38.4    15.9    27.2    26.2     0.2    27.08 R -9999.0 -9999.0    33.7 -9999.0 -9999.0 -9999.0 -99.000 -99.000 -99.000 -99.000 -99.000 -9999.0 -9999.0 -9999.0 -9999.0 -9999.0
04222 20050814  1.201 -122.61   40.65    37.5    14.9    26.2    25.5     0.6    26.49 R -9999.0 -9999.0    33.5 -9999.0 -9999.0 -9999.0 -99.000 -99.000 -99.000 -99.000 -99.000 -9999.0 -9999.0 -9999.0 -9999.0 -9999.0
04222 20050815  1.201 -122.61   40.65    31.3    16.4    23.9    23.3     0.7    22.81 R -9999.0 -9999.0    31.0 -9999.0 -9999.0 -9999.0 -99.000 -99.000 -99.000 -99.000 -99.000 -9999.0 -9999.0 -9999.0 -9999.0 -9999.0
04222 20050816  1.201 -122.61   40.65    33.1    15.4    24.3    24.2     0.0    25.34 R -9999.0 -9999.0    32.7 -9999.0 -9999.0 -9999.0 -99.000 -99.000 -99.000 -99.000 -99.000 -9999.0 -9999.0 -9999.0 -9999.0 -9999.0
04222 20050817  1.201 -122.61   40.65    35.1    17.5    26.3    25.4     0.6    24.13 R -9999.0 -9999.0    33.6 -9999.0 -9999.0 -9999.0 -99.000 -99.000 -99.000 -99.000 -99.000 -9999.0 -9999.0 -9999.0 -9999.0 -9999.0
04222 20050818  1.201 -122.61   40.65    31.2    14.7    23.0    22.8     0.9    25.79 R -9999.0 -9999.0    31.9 -9999.0 -9999.0 -9999.0 -99.000 -99.000 -99.000 -99.000 -99.000 -9999.0 -9999.0 -9999.0 -9999.0 -9999.0
04222 20050819  1.201 -122.61   40.65    32.4    13.2    22.8    22.6     0.5    25.95 R -9999.0 -9999.0    32.0 -9999.0 -9999.0 -9999.0 -99.000 -99.000 -99.000 -99.000 -99.000 -9999.0 -9999.0 -9999.0 -9999.0 -9999.0
04222 20050820  1.201 -122.61   40.65    33.5    14.2    23.9    23.0     0.0    25.77 R -9999.0 -9999.0    32.1 -9999.0 -9999.0 -9999.0 -99.000 -99.000 -99.000 -99.000 -99.000 -9999.0 -9999.0 -9999.0 -9999.0 -9999.0
04222 20050821  1.201 -122.61   40.65    34.7    15.3    25.0    24.4     0.8    25.68 R -9999.0 -9999.0    33.3 -9999.0 -9999.0 -9999.0 -99.000 -99.000 -99.000 -99.000 -99.000 -9999.0 -9999.0 -9999.0 -9999.0 -9999.0
04222 20050822  1.201 -122.61   40.65    38.1    17.7    27.9    27.8     0.7    25.41 R -9999.0 -9999.0    35.6 -9999.0 -9999.0 -9999.0 -99.000 -99.000 -99.000 -99.000 -99.000 -9999.0 -9999.0 -9999.0 -9999.0 -9999.0
04222 20050823  1.201 -122.61   40.65    35.7    18.5    27.1    26.4     0.8    24.75 R -9999.0 -9999.0    35.4 -9999.0 -9999.0 -9999.0 -99.000 -99.000 -99.000 -99.000 -99.000 -9999.0 -9999.0 -9999.0 -9999.0 -9999.0
04222 20050824  1.201 -122.61   40.65    33.0    15.2    24.1    23.7     0.9    24.93 R -9999.0 -9999.0    33.3 -9999.0 -9999.0 -9999.0 -99.000 -99.000 -99.000 -99.000 -99.000 -9999.0 -9999.0 -9999.0 -9999.0 -9999.0
04222 20050825  1.201 -122.61   40.65    34.0    13.3    23.7    23.1     0.5    24.96 R -9999.0 -9999.0    32.3 -9999.0 -9999.0 -9999.0 -99.000 -99.000 -99.000 -99.000 -99.000 -9999.0 -9999.0 -9999.0 -9999.0 -9999.0
04222 20050826  1.201 -122.61   40.65    34.2    13.2    23.7    23.1     1.0    25.12 R -9999.0 -9999.0    32.0 -9999.0 -9999.0 -9999.0 -99.000 -99.000 -99.000 -99.000 -99.000 -9999.0 -9999.0 -9999.0 -9999.0 -9999.0
04222 20050827  1.201 -122.61   40.65    35.5    14.9    25.2    24.3     0.7    24.86 R -9999.0 -9999.0    32.8 -9999.0 -9999.0 -9999.0 -99.000 -99.000 -99.000 -99.000 -99.000 -9999.0 -9999.0 -9999.0 -9999.0 -9999.0
04222 20050828  1.201 -122.61   40.65    35.7    16.8    26.3    26.3     1.1    24.34 R -9999.0 -9999.0    34.2 -9999.0 -9999.0 -9999.0 -99.000 -99.000 -99.000 -99.000 -99.000 -9999.0 -9999.0 -9999.0 -9999.0 -9999.0
04222 20050829  1.201 -122.61   40.65    30.0    17.5    23.8    23.0     0.8    25.20 R -9999.0 -9999.0    30.7 -9999.0 -9999.0 -9999.0 -99.000 -99.000 -99.000 -99.000 -99.000 -9999.0 -9999.0 -9999.0 -9999.0 -9999.0
04222 20050830  1.201 -122.61   40.65    32.2    11.4    21.8    22.1     0.0    25.12 R -9999.0 -9999.0    30.0 -9999.0 -9999.0 -9999.0 -99.000 -99.000 -99.000 -99.000 -99.000 -9999.0 -9999.0 -9999.0 -9999.0 -9999.0
04222 20050831  1.201 -122.61   40.65    37.1    13.2    25.2    24.4     0.9    24.85 R -9999.0 -9999.0    31.6 -9999.0 -9999.0 -9999.0 -99.000 -99.000 -99.000 -99.000 -99.000 -9999.0 -9999.0 -9999.0 -9999.0 -9999.0
04222 20050901  1.201 -122.61   40.65    35.2    15.9    25.6    24.7     0.8    23.91 R -9999.0 -9999.0    32.2 -9999.0 -9999.0 -9999.0 -99.000 -99.000 -99.000 -99.000 -99.000 -9999.0 -9999.0 -9999.0 -9999.0 -9999.0
04222 20050902  1.201 -122.61   40.65    33.0    14.8    23.9    23.5     0.5    23.38 R -9999.0 -9999.0    31.3 -9999.0 -9999.0 -9999.0 -99.000 -99.000 -99.000 -99.000 -99.000 -9999.0 -9999.0 -9999.0 -9999.0 -9999.0
04222 20050903  1.201 -122.61   40.65    30.8    15.0    22.9    22.5     0.9    22.14 R -9999.0 -9999.0    30.2 -9999.0 -9999.0 -9999.0 -99.000 -99.000 -99.000 -99.000 -99.000 -9999.0 -9999.0 -9999.0 -9999.0 -9999.0
04222 20050904  1.201 -122.61   40.65    30.3    17.0    23.7    22.9     1.2    22.04 R -9999.0 -9999.0    30.3 -9999.0 -9999.0 -9999.0 -99.000 -99.000 -99.000 -99.000 -99.000 -9999.0 -9999.0 -9999.0 -9999.0 -9999.0
04222 20050905  1.201 -122.61   40.65    31.3    14.1    22.7    22.3     0.3    23.14 R -9999.0 -9999.0    30.1 -9999.0 -9999.0 -9999.0 -99.000 -99.000 -99.000 -99.000 -99.000 -9999.0 -9999.0 -9999.0 -9999.0 -9999.0
04222 20050906  1.201 -122.61   40.65    31.2    14.4    22.8    21.8     0.6    22.38 R -9999.0 -9999.0    29.7 -9999.0 -9999.0 -9999.0 -99.000 -99.000 -99.000 -99.000 -99.000 -9999.0 -9999.0 -9999.0 -9999.0 -9999.0
04222 20050907  1.201 -122.61   40.65    32.2    13.0    22.6    21.7     1.0    20.50 R -9999.0 -9999.0    28.7 -9999.0 -9999.0 -9999.0 -99.000 -99.000 -99.000 -99.000 -99.000 -9999.0 -9999.0 -9999.0 -9999.0 -9999.0
04222 20050908  1.201 -122.61   40.65    29.7    15.0    22.4    22.4     1.3    22.36 R -9999.0 -9999.0    30.8 -9999.0 -9999.0 -9999.0 -99.000 -99.000 -99.000 -99.000 -99.000 -9999.0 -9999.0 -9999.0 -9999.0 -9999.0
04222 20050909  1.201 -122.61   40.65    25.3    11.4    18.4    18.8     0.8    21.64 R -9999.0 -9999.0    27.6 -9999.0 -9999.0 -9999.0 -99.000 -99.000 -99.000 -99.000 -99.000 -9999.0 -9999.0 -9999.0 -9999.0 -9999.0
04222 20050910  1.201 -122.61   40.65    24.2     9.3    16.8    17.1     0.8    23.40 R -9999.0 -9999.0    25.5 -9999.0 -9999.0 -9999.0 -99.000 -99.000 -99.000 -99.000 -99.000 -9999.0 -9999.0 -9999.0 -9999.0 -9999.0
04222 20050911  1.201 -122.61   40.65    23.9    11.0    17.5    16.7     0.5    21.44 R -9999.0 -9999.0    25.7 -9999.0 -9999.0 -9999.0 -99.000 -99.000 -99.000 -99.000 -99.000 -9999.0 -9999.0 -9999.0 -9999.0 -9999.0
04222 20050912  1.201 -122.61   40.65    27.2     9.8    18.5    17.0     0.0    18.66 R -9999.0 -9999.0    24.9 -9999.0 -9999.0 -9999.0 -99.000 -99.000 -99.000 -99.000 -99.000 -9999.0 -9999.0 -9999.0 -9999.0 -9999.0
04222 20050913  1.201 -122.61   40.65    30.1    10.3    20.2    18.9     0.0    21.99 R -9999.0 -9999.0    27.5 -9999.0 -9999.0 -9999.0 -99.000 -99.000 -99.000 -99.000 -99.000 -9999.0 -9999.0 -9999.0 -9999.0 -9999.0
04222 20050914  1.201 -122.61   40.65    27.2    10.5    18.9    18.2     0.0    21.56 R -9999.0 -9999.0    27.5 -9999.0 -9999.0 -9999.0 -99.000 -99.000 -99.000 -99.000 -99.000 -9999.0 -9999.0 -9999.0 -9999.0 -9999.0
04222 20050915  1.201 -122.61   40.65    28.0    10.7    19.4    18.7     0.0    21.01 R -9999.0 -9999.0    28.0 -9999.0 -9999.0 -9999.0 -99.000 -99.000 -99.000 -99.000 -99.000 -9999.0 -9999.0 -9999.0 -9999.0 -9999.0
04222 20050916  1.201 -122.61   40.65    25.7    10.8    18.3    17.5     0.0    17.85 R -9999.0 -9999.0    25.4 -9999.0 -9999.0 -9999.0 -99.000 -99.000 -99.000 -99.000 -99.000 -9999.0 -9999.0 -9999.0 -9999.0 -9999.0
04222 20050917  1.201 -122.61   40.65    25.0    12.2    18.6    17.7     0.0    20.74 U -9999.0 -9999.0 -9999.0 -9999.0 -9999.0 -9999.0 -99.000 -99.000 -99.000 -99.000 -99.000 -9999.0 -9999.0 -9999.0 -9999.0 -9999.0
04222 20050918  1.201 -122.61   40.65    28.8    11.2    20.0    19.0     0.0    21.48 U -9999.0 -9999.0 -9999.0 -9999.0 -9999.0 -9999.0 -99.000 -99.000 -99.000 -99.000 -99.000 -9999.0 -9999.0 -9999.0 -9999.0 -9999.0
04222 20050919  1.201 -122.61   40.65    32.7    12.4    22.6    21.4     0.0    21.02 U -9999.0 -9999.0 -9999.0 -9999.0 -9999.0 -9999.0 -99.000 -99.000 -99.000 -99.000 -99.000 -9999.0 -9999.0 -9999.0 -9999.0 -9999.0
04222 20050920  1.201 -122.61   40.65    33.8    14.7    24.3    23.1     0.0    20.72 U -9999.0 -9999.0 -9999.0 -9999.0 -9999.0 -9999.0 -99.000 -99.000 -99.000 -99.000 -99.000 -9999.0 -9999.0 -9999.0 -9999.0 -9999.0
04222 20050921  1.201 -122.61   40.65    29.1    12.1    20.6    20.0     0.0    14.86 U -9999.0 -9999.0 -9999.0 -9999.0 -9999.0 -9999.0 -99.000 -99.000 -99.000 -99.000 -99.000 -9999.0 -9999.0 -9999.0 -9999.0 -9999.0
04222 20050922  1.201 -122.61   40.65    28.9    13.4    21.2    20.2     0.0    17.00 U -9999.0 -9999.0 -9999.0 -9999.0 -9999.0 -9999.0 -99.000 -99.000 -99.000 -99.000 -99.000 -9999.0 -9999.0 -9999.0 -9999.0 -9999.0
04222 20050923  1.201 -122.61   40.65    24.2     8.2    16.2    16.6     0.0    15.41 U -9999.0 -9999.0 -9999.0 -9999.0 -9999.0 -9999.0 -99.000 -99.000 -99.000 -99.000 -99.000 -9999.0 -9999.0 -9999.0 -9999.0 -9999.0
04222 20050924  1.201 -122.61   40.65    24.0     5.0    14.5    14.7     0.0    20.50 U -9999.0 -9999.0 -9999.0 -9999.0 -9999.0 -9999.0 -99.000 -99.000 -99.000 -99.000 -99.000 -9999.0 -9999.0 -9999.0 -9999.0 -9999.0
04222 20050925  1.201 -122.61   40.65    28.0     7.1    17.6    17.1     0.0    20.33 U -9999.0 -9999.0 -9999.0 -9999.0 -9999.0 -9999.0 -99.000 -99.000 -99.000 -99.000 -99.000 -9999.0 -9999.0 -9999.0 -9999.0 -9999.0
04222 20050926  1.201 -122.61   40.65    27.2    11.1    19.2    18.4     0.0    10.24 U -9999.0 -9999.0 -9999.0 -9999.0 -9999.0 -9999.0 -99.000 -99.000 -99.000 -99.000 -99.000 -9999.0 -9999.0 -9999.0 -9999.0 -9999.0
04222 20050927  1.201 -122.61   40.65    28.4    11.1    19.8    18.7     0.0    15.66 U -9999.0 -9999.0 -9999.0 -9999.0 -9999.0 -9999.0 -99.000 -99.000 -99.000 -99.000 -99.000 -9999.0 -9999.0 -9999.0 -9999.0 -9999.0
04222 20050928  1.201 -122.61   40.65    34.8    14.3    24.6    22.7     0.0    19.61 U -9999.0 -9999.0 -9999.0 -9999.0 -9999.0 -9999.0 -99.000 -99.000 -99.000 -99.000 -99.000 -9999.0 -9999.0 -9999.0 -9999.0 -9999.0
04222 20050929  1.201 -122.61   40.65    35.3    14.3    24.8    22.9     0.0    19.45 U -9999.0 -9999.0 -9999.0 -9999.0 -9999.0 -9999.0 -99.000 -99.000 -99.000 -99.000 -99.000 -9999.0 -9999.0 -9999.0 -9999.0 -9999.0
04222 20050930  1.201 -122.61   40.65    31.0    15.0    23.0    21.8     0.0    17.55 U -9999.0 -9999.0 -9999.0 -9999.0 -9999.0 -9999.0 -99.000 -99.000 -99.000 -99.000 -99.000 -9999.0 -9999.0 -9999.0 -9999.0 -9999.0
04222 20051001  1.201 -122.61   40.65    22.4    13.5    18.0    18.9     0.0     6.99 U -9999.0 -9999.0 -9999.0 -9999.0 -9999.0 -9999.0 -99.000 -99.000 -99.000 -99.000 -99.000 -9999.0 -9999.0 -9999.0 -9999.0 -9999.0
04222 20051002  1.201 -122.61   40.65    20.5     8.2    14.4    13.7     0.0    12.39 U -9999.0 -9999.0 -9999.0 -9999.0 -9999.0 -9999.0 -99.000 -99.000 -99.000 -99.000 -99.000 -9999.0 -9999.0 -9999.0 -9999.0 -9999.0
04222 20051003  1.201 -122.61   40.65    18.2     6.2    12.2    12.2     0.0    14.65 U -9999.0 -9999.0 -9999.0 -9999.0 -9999.0 -9999.0 -99.000 -99.000 -99.000 -99.000 -99.000 -9999.0 -9999.0 -9999.0 -9999.0 -9999.0
04222 20051004  1.301 -122.61   40.65    22.1     4.7    13.4    12.5     0.0    15.47 U -9999.0 -9999.0 -9999.0 -9999.0 -9999.0 -9999.0 -99.000 -99.000 -99.000 -99.000 -99.000 -9999.0 -9999.0 -9999.0 -9999.0 -9999.0
04222 20051005  1.301 -122.61   40.65    28.9     7.3    18.1    17.3     0.0    17.61 R    45.4     6.5    20.9 -9999.0 -9999.0 -9999.0 -99.000 -99.000 -99.000 -99.000 -99.000 -9999.0 -9999.0 -9999.0 -9999.0 -9999.0
04222 20051006  1.301 -122.61   40.65    28.4    10.5    19.4    18.4     0.0    17.29 R    46.9     8.8    22.6 -9999.0 -9999.0 -9999.0 -99.000 -99.000 -99.000 -99.000 -99.000 -9999.0 -9999.0 -9999.0 -9999.0 -9999.0
04222 20051007  1.301 -122.61   40.65    25.8    14.8    20.3    19.1     0.0    11.58 R    44.8    12.6    21.7 -9999.0 -9999.0 -9999.0 -99.000 -99.000 -99.000 -99.000 -99.000 -9999.0 -9999.0 -9999.0 -9999.0 -9999.0
04222 20051008  1.301 -122.61   40.65    25.2    12.6    18.9    17.9     0.0    17.15 R    43.3    10.1    21.4 -9999.0 -9999.0 -9999.0 -99.000 -99.000 -99.000 -99.000 -99.000 -9999.0 -9999.0 -9999.0 -9999.0 -9999.0
04222 20051009  1.301 -122.61   40.65    25.5    11.6    18.5    17.4     0.0    16.88 R    44.1     9.7    21.5 -9999.0 -9999.0 -9999.0 -99.000 -99.000 -99.000 -99.000 -99.000 -9999.0 -9999.0 -9999.0 -9999.0 -9999.0
04222 20051010  1.301 -122.61   40.65    29.0     9.7    19.4    18.3     0.0    16.83 R    46.6     8.1    22.0 -9999.0 -9999.0 -9999.0 -99.000 -99.000 -99.000 -99.000 -99.000 -9999.0 -9999.0 -9999.0 -9999.0 -9999.0
04222 20051011  1.301 -122.61   40.65    25.6     9.9    17.7    17.0     0.0    15.96 R    44.6     9.5    21.8 -9999.0 -9999.0 -9999.0 -99.000 -99.000 -99.000 -99.000 -99.000 -9999.0 -9999.0 -9999.0 -9999.0 -9999.0
04222 20051012  1.301 -122.61   40.65    30.5    11.2    20.9    19.1     0.0    16.43 R    46.5     9.6    22.3 -9999.0 -9999.0 -9999.0 -99.000 -99.000 -99.000 -99.000 -99.000 -9999.0 -9999.0 -9999.0 -9999.0 -9999.0
04222 20051013  1.301 -122.61   40.65    27.1    11.4    19.2    18.2     0.0    15.64 R    45.0     9.9    22.2 -9999.0 -9999.0 -9999.0 -99.000 -99.000 -99.000 -99.000 -99.000 -9999.0 -9999.0 -9999.0 -9999.0 -9999.0
04222 20051014  1.301 -122.61   40.65    24.8     9.1    17.0    16.6     1.9    13.05 R    40.9     8.6    20.0 -9999.0 -9999.0 -9999.0 -99.000 -99.000 -99.000 -99.000 -99.000 -9999.0 -9999.0 -9999.0 -9999.0 -9999.0
04222 20051015  1.301 -122.61   40.65    19.1     7.5    13.3    11.5     0.5    11.03 R    32.5     6.8    14.3 -9999.0 -9999.0 -9999.0 -99.000 -99.000 -99.000 -99.000 -99.000 -9999.0 -9999.0 -9999.0 -9999.0 -9999.0
04222 20051016  1.301 -122.61   40.65    28.8     6.6    17.7    17.3     0.0    16.09 R    40.0     5.5    18.4 -9999.0 -9999.0 -9999.0 -99.000 -99.000 -99.000 -99.000 -99.000 -9999.0 -9999.0 -9999.0 -9999.0 -9999.0
04222 20051017  1.301 -122.61   40.65    30.3    10.6    20.5    19.0     0.0    15.73 R    44.1     8.6    21.0 -9999.0 -9999.0 -9999.0 -99.000 -99.000 -99.000 -99.000 -99.000 -9999.0 -9999.0 -9999.0 -9999.0 -9999.0
04222 20051018  1.301 -122.61   40.65    23.7     8.5    16.1    16.1     0.0    13.92 R    40.2     8.0    19.2 -9999.0 -9999.0 -9999.0 -99.000 -99.000 -99.000 -99.000 -99.000 -9999.0 -9999.0 -9999.0 -9999.0 -9999.0
04222 20051019  1.301 -122.61   40.65    18.4     9.0    13.7    13.5     0.0     8.68 R    37.2     8.8    16.9 -9999.0 -9999.0 -9999.0 -99.000 -99.000 -99.000 -99.000 -99.000 -9999.0 -9999.0 -9999.0 -9999.0 -9999.0
04222 20051020  1.301 -122.61   40.65    25.0     8.6    16.8    15.4     0.0    15.14 R    39.4     7.4    18.3 -9999.0 -9999.0 -9999.0 -99.000 -99.000 -99.000 -99.000 -99.000 -9999.0 -9999.0 -9999.0 -9999.0 -9999.0
04222 20051021  1.301 -122.61   40.65    28.1     9.1    18.6    16.3     0.0    14.71 R    42.1     7.5    19.3 -9999.0 -9999.0 -9999.0 -99.000 -99.000 -99.000 -99.000 -99.000 -9999.0 -9999.0 -9999.0 -9999.0 -9999.0
04222 20051022  1.301 -122.61   40.65    25.9     8.1    17.0    15.4     0.0    14.13 R    41.3     6.8    18.6 -9999.0 -9999.0 -9999.0 -99.000 -99.000 -99.000 -99.000 -99.000 -9999.0 -9999.0 -9999.0 -9999.0 -9999.0
04222 20051023  1.301 -122.61   40.65    24.9     9.1    17.0    15.4     0.0    13.69 R    40.4     7.6    18.6 -9999.0 -9999.0 -9999.0 -99.000 -99.000 -99.000 -99.000 -99.000 -9999.0 -9999.0 -9999.0 -9999.0 -9999.0
04222 20051024  1.301 -122.61   40.65    26.0     9.4    17.7    16.0     0.0    14.06 R    40.6     7.8    19.0 -9999.0 -9999.0 -9999.0 -99.000 -99.000 -99.000 -99.000 -99.000 -9999.0 -9999.0 -9999.0 -9999.0 -9999.0
04222 20051025  1.301 -122.61   40.65    19.7     7.4    13.5    13.4     0.0    11.23 R    38.0     7.2    17.5 -9999.0 -9999.0 -9999.0 -99.000 -99.000 -99.000 -99.000 -99.000 -9999.0 -9999.0 -9999.0 -9999.0 -9999.0
04222 20051026  1.301 -122.61   40.65    15.2     6.0    10.6    11.2     0.6     5.64 R    24.2     4.9    12.9 -9999.0 -9999.0 -9999.0 -99.000 -99.000 -99.000 -99.000 -99.000 -9999.0 -9999.0 -9999.0 -9999.0 -9999.0
04222 20051027  1.301 -122.61   40.65    14.0     3.5     8.8     9.0     1.2     7.02 R    33.4     2.6    11.3 -9999.0 -9999.0 -9999.0 -99.000 -99.000 -99.000 -99.000 -99.000 -9999.0 -9999.0 -9999.0 -9999.0 -9999.0
04222 20051028  1.301 -122.61   40.65    11.1     8.6     9.8     9.7     4.0     4.43 R    17.9     8.8    11.6 -9999.0 -9999.0 -9999.0 -99.000 -99.000 -99.000 -99.000 -99.000 -9999.0 -9999.0 -9999.0 -9999.0 -9999.0
04222 20051029  1.301 -122.61   40.65    16.5     6.2    11.3     9.9     0.0    12.20 R    27.6     4.7    11.3 -9999.0 -9999.0 -9999.0 -99.000 -99.000 -99.000 -99.000 -99.000 -9999.0 -9999.0 -9999.0 -9999.0 -9999.0
04222 20051030  1.301 -122.61   40.65    20.1     6.1    13.1    11.4     0.0    13.40 R    30.4     4.1    12.7 -9999.0 -9999.0 -9999.0 -99.000 -99.000 -99.000 -99.000 -99.000 -9999.0 -9999.0 -9999.0 -9999.0 -9999.0
04222 20051031  1.301 -122.61   40.65    23.4     7.9    15.6    13.8     0.0    13.43 R    34.4     5.9    15.3 -9999.0 -9999.0 -9999.0 -99.000 -99.000 -99.000 -99.000 -99.000 -9999.0 -9999.0 -9999.0 -9999.0 -9999.0
04222 20051101  1.301 -122.61   40.65    19.3     5.8    12.5    12.2     0.0     8.92 R    31.4     5.3    14.2 -9999.0 -9999.0 -9999.0 -99.000 -99.000 -99.000 -99.000 -99.000 -9999.0 -9999.0 -9999.0 -9999.0 -9999.0
04222 20051102  1.301 -122.61   40.65    15.4     5.6    10.5    11.0     6.7     6.35 R    20.2     4.3    10.0 -9999.0 -9999.0 -9999.0 -99.000 -99.000 -99.000 -99.000 -99.000 -9999.0 -9999.0 -9999.0 -9999.0 -9999.0
04222 20051103  1.301 -122.61   40.65     9.3     4.5     6.9     6.7    22.9     1.58 R    10.1     4.2     7.5 -9999.0 -9999.0 -9999.0 -99.000 -99.000 -99.000 -99.000 -99.000 -9999.0 -9999.0 -9999.0 -9999.0 -9999.0
04222 20051104  1.301 -122.61   40.65    15.6     5.9    10.7     9.0     0.0     8.45 R    21.4     6.3    10.5 -9999.0 -9999.0 -9999.0 -99.000 -99.000 -99.000 -99.000 -99.000 -9999.0 -9999.0 -9999.0 -9999.0 -9999.0
04222 20051105  1.301 -122.61   40.65    10.8     4.9     7.8     8.0     0.9     3.08 R    13.2     4.5     8.8 -9999.0 -9999.0 -9999.0 -99.000 -99.000 -99.000 -99.000 -99.000 -9999.0 -9999.0 -9999.0 -9999.0 -9999.0
04222 20051106  1.301 -122.61   40.65    12.0     8.1    10.1    10.1     9.1     2.11 R    15.4     8.0    10.8 -9999.0 -9999.0 -9999.0 -99.000 -99.000 -99.000 -99.000 -99.000 -9999.0 -9999.0 -9999.0 -9999.0 -9999.0
04222 20051107  1.301 -122.61   40.65    12.1     5.5     8.8     9.1    35.9     2.12 R    14.3     6.6    10.1 -9999.0 -9999.0 -9999.0 -99.000 -99.000 -99.000 -99.000 -99.000 -9999.0 -9999.0 -9999.0 -9999.0 -9999.0
04222 20051108  1.301 -122.61   40.65    13.7     5.2     9.5     9.2     0.0     4.23 R    14.5     5.2     8.4 -9999.0 -9999.0 -9999.0 -99.000 -99.000 -99.000 -99.000 -99.000 -9999.0 -9999.0 -9999.0 -9999.0 -9999.0
04222 20051109  1.301 -122.61   40.65    22.7     7.1    14.9    13.3     0.0    11.99 R    24.0     6.0    11.7 -9999.0 -9999.0 -9999.0 -99.000 -99.000 -99.000 -99.000 -99.000 -9999.0 -9999.0 -9999.0 -9999.0 -9999.0
04222 20051110  1.301 -122.61   40.65    21.9     5.8    13.9    12.1     0.0    11.75 R    23.7     5.7    11.4 -9999.0 -9999.0 -9999.0 -99.000 -99.000 -99.000 -99.000 -99.000 -9999.0 -9999.0 -9999.0 -9999.0 -9999.0
04222 20051111  1.301 -122.61   40.65    15.2     5.5    10.3     9.8     0.0     7.09 R    21.5     4.7     9.5 -9999.0 -9999.0 -9999.0 -99.000 -99.000 -99.000 -99.000 -99.000 -9999.0 -9999.0 -9999.0 -9999.0 -9999.0
04222 20051112  1.301 -122.61   40.65    16.6     4.5    10.6    10.4     0.0    10.48 R    20.9     3.4     9.6 -9999.0 -9999.0 -9999.0 -99.000 -99.000 -99.000 -99.000 -99.000 -9999.0 -9999.0 -9999.0 -9999.0 -9999.0
04222 20051113  1.301 -122.61   40.65    16.4     8.3    12.3    12.1     0.0     5.71 R    20.1     6.4    11.6 -9999.0 -9999.0 -9999.0 -99.000 -99.000 -99.000 -99.000 -99.000 -9999.0 -9999.0 -9999.0 -9999.0 -9999.0
04222 20051114  1.301 -122.61   40.65    21.7     7.2    14.5    14.7     0.0    10.50 R    24.2     6.2    12.9 -9999.0 -9999.0 -9999.0 -99.000 -99.000 -99.000 -99.000 -99.000 -9999.0 -9999.0 -9999.0 -9999.0 -9999.0
04222 20051115  1.301 -122.61   40.65    22.1     6.3    14.2    12.9     0.0     9.69 R    22.3     4.2    10.2 -9999.0 -9999.0 -9999.0 -99.000 -99.000 -99.000 -99.000 -99.000 -9999.0 -9999.0 -9999.0 -9999.0 -9999.0
04222 20051116  1.301 -122.61   40.65    21.2     5.7    13.5    12.1     0.0    11.49 R    25.0     2.8    10.4 -9999.0 -9999.0 -9999.0 -99.000 -99.000 -99.000 -99.000 -99.000 -9999.0 -9999.0 -9999.0 -9999.0 -9999.0
04222 20051117  1.301 -122.61   40.65    25.4     6.0    15.7    13.1     0.0    11.79 R    27.3     3.6    11.2 -9999.0 -9999.0 -9999.0 -99.000 -99.000 -99.000 -99.000 -99.000 -9999.0 -9999.0 -9999.0 -9999.0 -9999.0
04222 20051118  1.301 -122.61   40.65    21.4     7.1    14.3    12.8     0.0    10.79 R    26.1     3.4    10.8 -9999.0 -9999.0 -9999.0 -99.000 -99.000 -99.000 -99.000 -99.000 -9999.0 -9999.0 -9999.0 -9999.0 -9999.0
04222 20051119  1.301 -122.61   40.65    24.8     8.9    16.8    14.6     0.0    11.33 R    26.4     4.6    11.6 -9999.0 -9999.0 -9999.0 -99.000 -99.000 -99.000 -99.000 -99.000 -9999.0 -9999.0 -9999.0 -9999.0 -9999.0
04222 20051120  1.301 -122.61   40.65    21.1     4.5    12.8    11.6     0.0    10.82 R    26.3     2.8    10.7 -9999.0 -9999.0 -9999.0 -99.000 -99.000 -99.000 -99.000 -99.000 -9999.0 -9999.0 -9999.0 -9999.0 -9999.0
04222 20051121  1.301 -122.61   40.65    21.5     7.3    14.4    12.3     0.0    10.53 R    26.7     4.6    11.4 -9999.0 -9999.0 -9999.0 -99.000 -99.000 -99.000 -99.000 -99.000 -9999.0 -9999.0 -9999.0 -9999.0 -9999.0
04222 20051122  1.301 -122.61   40.65    20.6     6.2    13.4    11.1     0.0    10.48 R    26.3     3.9    10.6 -9999.0 -9999.0 -9999.0 -99.000 -99.000 -99.000 -99.000 -99.000 -9999.0 -9999.0 -9999.0 -9999.0 -9999.0
04222 20051123  1.301 -122.61   40.65    23.4     6.5    15.0    12.1     0.0    10.43 R    26.7     3.6    10.8 -9999.0 -9999.0 -9999.0 -99.000 -99.000 -99.000 -99.000 -99.000 -9999.0 -9999.0 -9999.0 -9999.0 -9999.0
04222 20051124  1.301 -122.61   40.65    14.9     5.1    10.0    10.0     0.4     3.88 R    18.2     3.2     9.1 -9999.0 -9999.0 -9999.0 -99.000 -99.000 -99.000 -99.000 -99.000 -9999.0 -9999.0 -9999.0 -9999.0 -9999.0
04222 20051125  1.301 -122.61   40.65    14.3     5.6    10.0     9.6    13.0     8.54 R    19.6     2.9     9.8 -9999.0 -9999.0 -9999.0 -99.000 -99.000 -99.000 -99.000 -99.000 -9999.0 -9999.0 -9999.0 -9999.0 -9999.0
04222 20051126  1.301 -122.61   40.65    11.8     0.7     6.2     5.8     0.0    10.24 R    16.4    -0.1     5.1 -9999.0 -9999.0 -9999.0 -99.000 -99.000 -99.000 -99.000 -99.000 -9999.0 -9999.0 -9999.0 -9999.0 -9999.0
04222 20051127  1.301 -122.61   40.65    12.0     1.0     6.5     5.2     0.0     7.29 R    16.9    -0.4     5.4 -9999.0 -9999.0 -9999.0 -99.000 -99.000 -99.000 -99.000 -99.000 -9999.0 -9999.0 -9999.0 -9999.0 -9999.0
04222 20051128  1.301 -122.61   40.65     4.1     0.0     2.0     2.0    36.8     0.16 R     4.3    -0.1     1.8 -9999.0 -9999.0 -9999.0 -99.000 -99.000 -99.000 -99.000 -99.000 -9999.0 -9999.0 -9999.0 -9999.0 -9999.0
04222 20051129  1.301 -122.61   40.65     6.5     0.3     3.4     2.2     1.7     3.00 R     8.6    -0.5     2.3 -9999.0 -9999.0 -9999.0 -99.000 -99.000 -99.000 -99.000 -99.000 -9999.0 -9999.0 -9999.0 -9999.0 -9999.0
04222 20051130  1.301 -122.61   40.65     5.5     0.3     2.9     3.1    13.1     2.88 R     7.2    -0.6     2.9 -9999.0 -9999.0 -9999.0 -99.000 -99.000 -99.000 -99.000 -99.000 -9999.0 -9999.0 -9999.0 -9999.0 -9999.0
04222 20051201  1.301 -122.61   40.65    11.8     2.5     7.1     7.2    39.3     1.21 R    11.0     1.7     6.0 -9999.0 -9999.0 -9999.0 -99.000 -99.000 -99.000 -99.000 -99.000 -9999.0 -9999.0 -9999.0 -9999.0 -9999.0
04222 20051202  1.301 -122.61   40.65    10.3    -0.1     5.1     4.1     0.0     6.75 R    17.0    -0.9     3.7 -9999.0 -9999.0 -9999.0 -99.000 -99.000 -99.000 -99.000 -99.000 -9999.0 -9999.0 -9999.0 -9999.0 -9999.0
04222 20051203  1.301 -122.61   40.65    10.5    -0.8     4.9     3.0     0.0     9.57 R    14.8    -1.3     3.2 -9999.0 -9999.0 -9999.0 -99.000 -99.000 -99.000 -99.000 -99.000 -9999.0 -9999.0 -9999.0 -9999.0 -9999.0
04222 20051204  1.301 -122.61   40.65    10.9    -1.1     4.9     3.7     0.0     7.04 R    12.2    -1.3     2.8 -9999.0 -9999.0 -9999.0 -99.000 -99.000 -99.000 -99.000 -99.000 -9999.0 -9999.0 -9999.0 -9999.0 -9999.0
04222 20051205  1.301 -122.61   40.65    14.8     0.8     7.8     5.8     0.0     9.45 R    15.5    -1.2     3.9 -9999.0 -9999.0 -9999.0 -99.000 -99.000 -99.000 -99.000 -99.000 -9999.0 -9999.0 -9999.0 -9999.0 -9999.0
04222 20051206  1.301 -122.61   40.65    15.2     2.3     8.7     7.5     0.0     9.43 R    16.6    -0.6     5.2 -9999.0 -9999.0 -9999.0 -99.000 -99.000 -99.000 -99.000 -99.000 -9999.0 -9999.0 -9999.0 -9999.0 -9999.0
04222 20051207  1.301 -122.61   40.65     8.9     5.0     7.0     6.7     2.9     1.68 R    10.1     5.0     6.5 -9999.0 -9999.0 -9999.0 -99.000 -99.000 -99.000 -99.000 -99.000 -9999.0 -9999.0 -9999.0 -9999.0 -9999.0
04222 20051208  1.301 -122.61   40.65    12.4     3.4     7.9     6.4     1.4     4.10 R    14.5     2.4     6.5 -9999.0 -9999.0 -9999.0 -99.000 -99.000 -99.000 -99.000 -99.000 -9999.0 -9999.0 -9999.0 -9999.0 -9999.0
04222 20051209  1.301 -122.61   40.65    16.5     3.2     9.8     8.0     0.0     9.00 R    19.2     1.6     6.5 -9999.0 -9999.0 -9999.0 -99.000 -99.000 -99.000 -99.000 -99.000 -9999.0 -9999.0 -9999.0 -9999.0 -9999.0
04222 20051210  1.301 -122.61   40.65    20.3     2.8    11.5     8.2     0.0     9.13 R    19.7     0.6     6.5 -9999.0 -9999.0 -9999.0 -99.000 -99.000 -99.000 -99.000 -99.000 -9999.0 -9999.0 -9999.0 -9999.0 -9999.0
04222 20051211  1.301 -122.61   40.65    14.9     1.7     8.3     6.6     0.0     6.53 R    18.0    -0.1     5.3 -9999.0 -9999.0 -9999.0 -99.000 -99.000 -99.000 -99.000 -99.000 -9999.0 -9999.0 -9999.0 -9999.0 -9999.0
04222 20051212  1.301 -122.61   40.65    12.2     1.4     6.8     4.9     0.0     6.49 R    15.4     0.2     4.1 -9999.0 -9999.0 -9999.0 -99.000 -99.000 -99.000 -99.000 -99.000 -9999.0 -9999.0 -9999.0 -9999.0 -9999.0
04222 20051213  1.301 -122.61   40.65    14.5     0.5     7.5     5.6     0.0     8.57 R    17.6    -0.7     5.1 -9999.0 -9999.0 -9999.0 -99.000 -99.000 -99.000 -99.000 -99.000 -9999.0 -9999.0 -9999.0 -9999.0 -9999.0
04222 20051214  1.301 -122.61   40.65    11.4     1.0     6.2     5.5     0.0     5.75 R    13.7    -0.8     3.8 -9999.0 -9999.0 -9999.0 -99.000 -99.000 -99.000 -99.000 -99.000 -9999.0 -9999.0 -9999.0 -9999.0 -9999.0
04222 20051215  1.301 -122.61   40.65    15.0    -0.3     7.4     5.1     0.0     8.87 R    16.5    -1.4     3.8 -9999.0 -9999.0 -9999.0 -99.000 -99.000 -99.000 -99.000 -99.000 -9999.0 -9999.0 -9999.0 -9999.0 -9999.0
04222 20051216  1.301 -122.61   40.65     9.7    -2.0     3.8     2.6     0.0     8.83 R    15.5    -2.0     3.2 -9999.0 -9999.0 -9999.0 -99.000 -99.000 -99.000 -99.000 -99.000 -9999.0 -9999.0 -9999.0 -9999.0 -9999.0
04222 20051217  1.301 -122.61   40.65     2.7    -2.8     0.0     0.2     4.4     1.57 R     4.6    -1.3     2.0 -9999.0 -9999.0 -9999.0 -99.000 -99.000 -99.000 -99.000 -99.000 -9999.0 -9999.0 -9999.0 -9999.0 -9999.0
04222 20051218  1.301 -122.61   40.65     6.6     1.0     3.8     3.8    50.1     1.17 R     6.2     1.8     4.4 -9999.0 -9999.0 -9999.0 -99.000 -99.000 -99.000 -99.000 -99.000 -9999.0 -9999.0 -9999.0 -9999.0 -9999.0
04222 20051219  1.301 -122.61   40.65    11.8     5.7     8.7    10.2    42.3     1.00 R    11.6     5.7     9.3 -9999.0 -9999.0 -9999.0 -99.000 -99.000 -99.000 -99.000 -99.000 -9999.0 -9999.0 -9999.0 -9999.0 -9999.0
04222 20051220  1.301 -122.61   40.65    11.6     8.9    10.2    10.0    29.9     0.57 R    11.0     7.9     9.5 -9999.0 -9999.0 -9999.0 -99.000 -99.000 -99.000 -99.000 -99.000 -9999.0 -9999.0 -9999.0 -9999.0 -9999.0
04222 20051221  1.301 -122.61   40.65    11.1     9.7    10.4    10.5    23.5     0.23 R    11.0     9.5    10.1 -9999.0 -9999.0 -9999.0 -99.000 -99.000 -99.000 -99.000 -99.000 -9999.0 -9999.0 -9999.0 -9999.0 -9999.0
04222 20051222  1.301 -122.61   40.65 -9999.0 -9999.0 -9999.0 -9999.0    22.2     1.21 R    13.2     8.6    10.6 -9999.0 -9999.0 -9999.0 -99.000 -99.000 -99.000 -99.000 -99.000 -9999.0 -9999.0 -9999.0 -9999.0 -9999.0
04222 20051223  1.301 -122.61   40.65 -9999.0 -9999.0 -9999.0 -9999.0     0.0     4.91 R    20.4     8.9    12.3 -9999.0 -9999.0 -9999.0 -99.000 -99.000 -99.000 -99.000 -99.000 -9999.0 -9999.0 -9999.0 -9999.0 -9999.0
04222 20051224  1.301 -122.61   40.65 -9999.0 -9999.0 -9999.0 -9999.0     0.6     3.84 R    16.3     6.9    10.7 -9999.0 -9999.0 -9999.0 -99.000 -99.000 -99.000 -99.000 -99.000 -9999.0 -9999.0 -9999.0 -9999.0 -9999.0
04222 20051225  1.301 -122.61   40.65 -9999.0 -9999.0 -9999.0 -9999.0    31.8     0.54 R    12.0     9.4    10.7 -9999.0 -9999.0 -9999.0 -99.000 -99.000 -99.000 -99.000 -99.000 -9999.0 -9999.0 -9999.0 -9999.0 -9999.0
04222 20051226  1.301 -122.61   40.65 -9999.0 -9999.0 -9999.0 -9999.0    15.7     3.99 R    16.6     6.7     9.6 -9999.0 -9999.0 -9999.0 -99.000 -99.000 -99.000 -99.000 -99.000 -9999.0 -9999.0 -9999.0 -9999.0 -9999.0
04222 20051227  1.301 -122.61   40.65 -9999.0 -9999.0 -9999.0 -9999.0    66.0     0.31 R     8.3     7.6     8.0 -9999.0 -9999.0 -9999.0 -99.000 -99.000 -99.000 -99.000 -99.000 -9999.0 -9999.0 -9999.0 -9999.0 -9999.0
04222 20051228  1.301 -122.61   40.65 -9999.0 -9999.0 -9999.0 -9999.0    32.5     4.00 R    16.4     2.6     8.0 -9999.0 -9999.0 -9999.0 -99.000 -99.000 -99.000 -99.000 -99.000 -9999.0 -9999.0 -9999.0 -9999.0 -9999.0
04222 20051229  1.301 -122.61   40.65     9.2     1.5     5.4     5.2     9.8     4.29 R    12.0     1.0     5.4 -9999.0 -9999.0 -9999.0 -99.000 -99.000 -99.000 -99.000 -99.000 -9999.0 -9999.0 -9999.0 -9999.0 -9999.0
04222 20051230  1.301 -122.61   40.65 -9999.0 -9999.0 -9999.0 -9999.0    64.3     0.53 R     8.9     5.6     6.9 -9999.0 -9999.0 -9999.0 -99.000 -99.000 -99.000 -99.000 -99.000 -9999.0 -9999.0 -9999.0 -9999.0 -9999.0
04222 20051231  1.301 -122.61   40.65 -9999.0 -9999.0 -9999.0 -9999.0    17.9     4.29 R    13.7     3.2     7.9 -9999.0 -9999.0 -9999.0 -99.000 -99.000 -99.000 -99.000 -99.000 -9999.0 -9999.0 -9999.0 -9999.0 -9999.0
