04236 20070101  1.301 -123.33   44.42     8.1     1.1     4.6     4.4     0.9     1.46 R     8.4     2.3     4.5 -9999.0 -9999.0 -9999.0 -99.000 -99.000 -99.000 -99.000 -99.000 -9999.0 -9999.0 -9999.0 -9999.0 -9999.0
04236 20070102  1.301 -123.33   44.42    14.1     6.3    10.2    10.9    19.7     1.24 R    12.9     4.5     9.3 -9999.0 -9999.0 -9999.0 -99.000 -99.000 -99.000 -99.000 -99.000 -9999.0 -9999.0 -9999.0 -9999.0 -9999.0
04236 20070103  1.301 -123.33   44.42    11.2     4.3     7.8     8.8    22.2     0.91 R    11.7     3.6     8.6 -9999.0 -9999.0 -9999.0 -99.000 -99.000 -99.000 -99.000 -99.000 -9999.0 -9999.0 -9999.0 -9999.0 -9999.0
04236 20070104  1.301 -123.33   44.42     6.1     0.5     3.3     3.5    11.1     1.64 R     8.5     0.1     3.8 -9999.0 -9999.0 -9999.0 -99.000 -99.000 -99.000 -99.000 -99.000 -9999.0 -9999.0 -9999.0 -9999.0 -9999.0
04236 20070105  1.301 -123.33   44.42     6.9    -0.3     3.3     3.0     9.5     2.73 R     7.1    -0.4     3.1 -9999.0 -9999.0 -9999.0 -99.000 -99.000 -99.000 -99.000 -99.000 -9999.0 -9999.0 -9999.0 -9999.0 -9999.0
04236 20070106  1.301 -123.33   44.42     9.1     4.9     7.0     7.1     7.1     3.91 R    12.5     4.4     6.9 -9999.0 -9999.0 -9999.0 -99.000 -99.000 -99.000 -99.000 -99.000 -9999.0 -9999.0 -9999.0 -9999.0 -9999.0
04236 20070107  1.301 -123.33   44.42     9.8     6.0     7.9     8.2     4.1     2.49 R    12.1     6.1     8.2 -9999.0 -9999.0 -9999.0 -99.000 -99.000 -99.000 -99.000 -99.000 -9999.0 -9999.0 -9999.0 -9999.0 -9999.0
04236 20070108  1.301 -123.33   44.42    12.1     5.6     8.9     8.9     0.3     3.47 R    15.5     4.8     9.0 -9999.0 -9999.0 -9999.0 -99.000 -99.000 -99.000 -99.000 -99.000 -9999.0 -9999.0 -9999.0 -9999.0 -9999.0
04236 20070109  1.301 -123.33   44.42    14.1     3.6     8.8     7.5     3.0     5.88 R    16.2     5.1     8.5 -9999.0 -9999.0 -9999.0 -99.000 -99.000 -99.000 -99.000 -99.000 -9999.0 -9999.0 -9999.0 -9999.0 -9999.0
04236 20070110  1.301 -123.33   44.42     3.7    -2.2     0.8     1.1     7.6     3.52 R     9.5    -5.1     1.9 -9999.0 -9999.0 -9999.0 -99.000 -99.000 -99.000 -99.000 -99.000 -9999.0 -9999.0 -9999.0 -9999.0 -9999.0
04236 20070111  1.301 -123.33   44.42     2.0    -2.2    -0.1    -0.2     3.2     4.03 R     5.2    -4.3    -0.6 -9999.0 -9999.0 -9999.0 -99.000 -99.000 -99.000 -99.000 -99.000 -9999.0 -9999.0 -9999.0 -9999.0 -9999.0
04236 20070112  1.301 -123.33   44.42    -0.1    -7.1    -3.6    -3.4     0.0     8.38 R     4.8    -5.8    -2.4 -9999.0 -9999.0 -9999.0 -99.000 -99.000 -99.000 -99.000 -99.000 -9999.0 -9999.0 -9999.0 -9999.0 -9999.0
04236 20070113  1.301 -123.33   44.42    -1.6    -7.7    -4.7    -3.8     0.0     3.32 R     2.7    -6.5    -2.3 -9999.0 -9999.0 -9999.0 -99.000 -99.000 -99.000 -99.000 -99.000 -9999.0 -9999.0 -9999.0 -9999.0 -9999.0
04236 20070114  1.301 -123.33   44.42     0.8    -5.1    -2.2    -2.4     0.0     8.04 R     4.8    -4.5    -1.2 -9999.0 -9999.0 -9999.0 -99.000 -99.000 -99.000 -99.000 -99.000 -9999.0 -9999.0 -9999.0 -9999.0 -9999.0
04236 20070115  1.301 -123.33   44.42    -0.9    -8.2    -4.6    -4.3     0.0     7.91 R     3.8    -6.7    -2.4 -9999.0 -9999.0 -9999.0 -99.000 -99.000 -99.000 -99.000 -99.000 -9999.0 -9999.0 -9999.0 -9999.0 -9999.0
04236 20070116  1.301 -123.33   44.42     2.6    -5.2    -1.3    -0.2     4.5     2.42 R     3.6    -4.0     0.3 -9999.0 -9999.0 -9999.0 -99.000 -99.000 -99.000 -99.000 -99.000 -9999.0 -9999.0 -9999.0 -9999.0 -9999.0
04236 20070117  1.301 -123.33   44.42     1.1    -0.3     0.4     0.1     0.0     1.96 R     4.7     0.5     1.7 -9999.0 -9999.0 -9999.0 -99.000 -99.000 -99.000 -99.000 -99.000 -9999.0 -9999.0 -9999.0 -9999.0 -9999.0
04236 20070118  1.301 -123.33   44.42     7.3    -0.3     3.5     2.1     0.0     6.10 R    13.4    -0.1     3.7 -9999.0 -9999.0 -9999.0 -99.000 -99.000 -99.000 -99.000 -99.000 -9999.0 -9999.0 -9999.0 -9999.0 -9999.0
04236 20070119  1.301 -123.33   44.42    10.4     0.0     5.2     4.8     0.3     3.81 R    14.6     0.5     5.4 -9999.0 -9999.0 -9999.0 -99.000 -99.000 -99.000 -99.000 -99.000 -9999.0 -9999.0 -9999.0 -9999.0 -9999.0
04236 20070120  1.301 -123.33   44.42     8.5    -0.8     3.8     3.8     0.0     6.92 R    15.9    -0.9     4.4 -9999.0 -9999.0 -9999.0 -99.000 -99.000 -99.000 -99.000 -99.000 -9999.0 -9999.0 -9999.0 -9999.0 -9999.0
04236 20070121  1.301 -123.33   44.42     7.9    -1.0     3.5     3.4     0.0     5.40 R    13.8    -0.9     4.9 -9999.0 -9999.0 -9999.0 -99.000 -99.000 -99.000 -99.000 -99.000 -9999.0 -9999.0 -9999.0 -9999.0 -9999.0
04236 20070122  1.301 -123.33   44.42    10.4    -1.0     4.7     4.1     0.0     8.32 R    15.9    -1.1     4.9 -9999.0 -9999.0 -9999.0 -99.000 -99.000 -99.000 -99.000 -99.000 -9999.0 -9999.0 -9999.0 -9999.0 -9999.0
04236 20070123  1.301 -123.33   44.42     9.4     0.3     4.8     3.9     0.0     6.54 R    14.7    -0.3     4.2 -9999.0 -9999.0 -9999.0 -99.000 -99.000 -99.000 -99.000 -99.000 -9999.0 -9999.0 -9999.0 -9999.0 -9999.0
04236 20070124  1.301 -123.33   44.42     7.8    -1.0     3.4     2.2     0.0     5.73 R    13.7    -0.9     3.5 -9999.0 -9999.0 -9999.0 -99.000 -99.000 -99.000 -99.000 -99.000 -9999.0 -9999.0 -9999.0 -9999.0 -9999.0
04236 20070125  1.301 -123.33   44.42     4.6    -0.5     2.0     2.9     0.0     1.93 R     7.8     0.0     4.4 -9999.0 -9999.0 -9999.0 -99.000 -99.000 -99.000 -99.000 -99.000 -9999.0 -9999.0 -9999.0 -9999.0 -9999.0
04236 20070126  1.301 -123.33   44.42     7.2    -0.9     3.2     3.0     0.0     5.69 R    13.5    -1.2     4.6 -9999.0 -9999.0 -9999.0 -99.000 -99.000 -99.000 -99.000 -99.000 -9999.0 -9999.0 -9999.0 -9999.0 -9999.0
04236 20070127  1.301 -123.33   44.42    11.3    -2.9     4.2     2.3     0.0     9.41 R    15.1    -3.7     2.0 -9999.0 -9999.0 -9999.0 -99.000 -99.000 -99.000 -99.000 -99.000 -9999.0 -9999.0 -9999.0 -9999.0 -9999.0
04236 20070128  1.301 -123.33   44.42     8.3    -4.4     1.9     0.9     0.0     9.71 R    13.1    -4.9     1.0 -9999.0 -9999.0 -9999.0 -99.000 -99.000 -99.000 -99.000 -99.000 -9999.0 -9999.0 -9999.0 -9999.0 -9999.0
04236 20070129  1.301 -123.33   44.42     7.2    -4.3     1.4     1.0     0.0    10.04 R    13.2    -4.7     1.8 -9999.0 -9999.0 -9999.0 -99.000 -99.000 -99.000 -99.000 -99.000 -9999.0 -9999.0 -9999.0 -9999.0 -9999.0
04236 20070130  1.301 -123.33   44.42    10.2    -3.8     3.2     2.4     0.0    10.13 R    14.5    -4.4     2.1 -9999.0 -9999.0 -9999.0 -99.000 -99.000 -99.000 -99.000 -99.000 -9999.0 -9999.0 -9999.0 -9999.0 -9999.0
04236 20070131  1.301 -123.33   44.42     8.4    -4.2     2.1     0.9     0.0    10.38 R    14.2    -4.9     1.2 -9999.0 -9999.0 -9999.0 -99.000 -99.000 -99.000 -99.000 -99.000 -9999.0 -9999.0 -9999.0 -9999.0 -9999.0
04236 20070201  1.301 -123.33   44.42     8.8    -5.2     1.8     1.6     0.0    10.60 R    13.5    -5.5     1.3 -9999.0 -9999.0 -9999.0 -99.000 -99.000 -99.000 -99.000 -99.000 -9999.0 -9999.0 -9999.0 -9999.0 -9999.0
04236 20070202  1.301 -123.33   44.42     6.7    -3.1     1.8     1.3     0.0     8.92 R    12.9    -3.4     1.9 -9999.0 -9999.0 -9999.0 -99.000 -99.000 -99.000 -99.000 -99.000 -9999.0 -9999.0 -9999.0 -9999.0 -9999.0
04236 20070203  1.301 -123.33   44.42     8.4    -0.4     4.0     4.4     0.4     2.24 R    10.3    -0.5     5.0 -9999.0 -9999.0 -9999.0 -99.000 -99.000 -99.000 -99.000 -99.000 -9999.0 -9999.0 -9999.0 -9999.0 -9999.0
04236 20070204  1.301 -123.33   44.42    12.4     1.2     6.8     6.5     0.0     8.60 R    19.6     0.5     6.8 -9999.0 -9999.0 -9999.0 -99.000 -99.000 -99.000 -99.000 -99.000 -9999.0 -9999.0 -9999.0 -9999.0 -9999.0
04236 20070205  1.301 -123.33   44.42    10.6     3.0     6.8     5.9     0.0     5.25 R    16.2     2.8     6.9 -9999.0 -9999.0 -9999.0 -99.000 -99.000 -99.000 -99.000 -99.000 -9999.0 -9999.0 -9999.0 -9999.0 -9999.0
04236 20070206  1.301 -123.33   44.42    11.9     1.6     6.8     7.0     0.3     5.77 R    18.4     2.0     8.2 -9999.0 -9999.0 -9999.0 -99.000 -99.000 -99.000 -99.000 -99.000 -9999.0 -9999.0 -9999.0 -9999.0 -9999.0
04236 20070207  1.301 -123.33   44.42    10.4     5.9     8.1     7.8     5.1     2.43 R    13.6     5.0     8.3 -9999.0 -9999.0 -9999.0 -99.000 -99.000 -99.000 -99.000 -99.000 -9999.0 -9999.0 -9999.0 -9999.0 -9999.0
04236 20070208  1.301 -123.33   44.42    11.4     4.3     7.9     7.8     0.6     6.15 R    16.1     3.2     8.9 -9999.0 -9999.0 -9999.0 -99.000 -99.000 -99.000 -99.000 -99.000 -9999.0 -9999.0 -9999.0 -9999.0 -9999.0
04236 20070209  1.301 -123.33   44.42    15.9     5.1    10.5     9.4     2.7     7.50 R    20.1     4.1     9.6 -9999.0 -9999.0 -9999.0 -99.000 -99.000 -99.000 -99.000 -99.000 -9999.0 -9999.0 -9999.0 -9999.0 -9999.0
04236 20070210  1.301 -123.33   44.42     8.4     3.0     5.7     6.1     8.0     2.22 R    11.7     3.2     7.0 -9999.0 -9999.0 -9999.0 -99.000 -99.000 -99.000 -99.000 -99.000 -9999.0 -9999.0 -9999.0 -9999.0 -9999.0
04236 20070211  1.301 -123.33   44.42     9.6     6.1     7.8     7.8     5.6     4.79 R    13.3     5.9     8.3 -9999.0 -9999.0 -9999.0 -99.000 -99.000 -99.000 -99.000 -99.000 -9999.0 -9999.0 -9999.0 -9999.0 -9999.0
04236 20070212  1.301 -123.33   44.42    12.6     5.9     9.3     8.4     4.6    10.78 R    19.8     6.2    10.3 -9999.0 -9999.0 -9999.0 -99.000 -99.000 -99.000 -99.000 -99.000 -9999.0 -9999.0 -9999.0 -9999.0 -9999.0
04236 20070213  1.301 -123.33   44.42    11.6     4.1     7.9     7.3     0.2     7.44 R    21.1     4.5     9.3 -9999.0 -9999.0 -9999.0 -99.000 -99.000 -99.000 -99.000 -99.000 -9999.0 -9999.0 -9999.0 -9999.0 -9999.0
04236 20070214  1.301 -123.33   44.42     8.9     2.4     5.7     6.7     4.3     2.51 R    10.0     3.0     7.4 -9999.0 -9999.0 -9999.0 -99.000 -99.000 -99.000 -99.000 -99.000 -9999.0 -9999.0 -9999.0 -9999.0 -9999.0
04236 20070215  1.301 -123.33   44.42    12.1     8.8    10.5    10.8    25.3     1.32 R    13.5     9.0    10.8 -9999.0 -9999.0 -9999.0 -99.000 -99.000 -99.000 -99.000 -99.000 -9999.0 -9999.0 -9999.0 -9999.0 -9999.0
04236 20070216  1.301 -123.33   44.42    14.4     8.6    11.5    11.5     3.4     6.47 R    22.0     8.9    12.7 -9999.0 -9999.0 -9999.0 -99.000 -99.000 -99.000 -99.000 -99.000 -9999.0 -9999.0 -9999.0 -9999.0 -9999.0
04236 20070217  1.301 -123.33   44.42 -9999.0 -9999.0 -9999.0 -9999.0 -9999.0 -9999.00 U -9999.0 -9999.0 -9999.0 -9999.0 -9999.0 -9999.0 -99.000 -99.000 -99.000 -99.000 -99.000 -9999.0 -9999.0 -9999.0 -9999.0 -9999.0
04236 20070218  1.301 -123.33   44.42     9.7     3.2     6.5     6.7     0.3     7.91 R    16.8     3.6     8.3 -9999.0 -9999.0 -9999.0 -99.000 -99.000 -99.000 -99.000 -99.000 -9999.0 -9999.0 -9999.0 -9999.0 -9999.0
04236 20070219  1.301 -123.33   44.42     8.7     5.6     7.1     7.1     2.3     3.62 R    11.4     5.6     7.8 -9999.0 -9999.0 -9999.0 -99.000 -99.000 -99.000 -99.000 -99.000 -9999.0 -9999.0 -9999.0 -9999.0 -9999.0
04236 20070220  1.301 -123.33   44.42     8.3     1.8     5.1     5.7    13.6     7.05 R    16.2     1.7     7.2 -9999.0 -9999.0 -9999.0 -99.000 -99.000 -99.000 -99.000 -99.000 -9999.0 -9999.0 -9999.0 -9999.0 -9999.0
04236 20070221  1.301 -123.33   44.42     6.0    -0.7     2.6     3.5     2.1     4.64 R     9.8    -0.4     4.9 -9999.0 -9999.0 -9999.0 -99.000 -99.000 -99.000 -99.000 -99.000 -9999.0 -9999.0 -9999.0 -9999.0 -9999.0
04236 20070222  1.301 -123.33   44.42     7.9     2.2     5.0     4.6     1.1     6.61 R    13.7     2.5     6.5 -9999.0 -9999.0 -9999.0 -99.000 -99.000 -99.000 -99.000 -99.000 -9999.0 -9999.0 -9999.0 -9999.0 -9999.0
04236 20070223  1.301 -123.33   44.42     6.3     0.0     3.1     3.5     6.0     7.45 R    12.9     0.2     5.2 -9999.0 -9999.0 -9999.0 -99.000 -99.000 -99.000 -99.000 -99.000 -9999.0 -9999.0 -9999.0 -9999.0 -9999.0
04236 20070224  1.301 -123.33   44.42     7.5     4.7     6.1     5.8    27.5     2.80 R    10.5     4.8     6.4 -9999.0 -9999.0 -9999.0 -99.000 -99.000 -99.000 -99.000 -99.000 -9999.0 -9999.0 -9999.0 -9999.0 -9999.0
04236 20070225  1.301 -123.33   44.42     5.8     1.9     3.8     4.1    19.5     4.46 R     9.8     2.5     5.2 -9999.0 -9999.0 -9999.0 -99.000 -99.000 -99.000 -99.000 -99.000 -9999.0 -9999.0 -9999.0 -9999.0 -9999.0
04236 20070226  1.301 -123.33   44.42     6.1     1.3     3.7     3.0     4.3     7.37 R    13.4     1.5     4.3 -9999.0 -9999.0 -9999.0 -99.000 -99.000 -99.000 -99.000 -99.000 -9999.0 -9999.0 -9999.0 -9999.0 -9999.0
04236 20070227  1.301 -123.33   44.42     4.3     0.8     2.5     2.8    14.8     2.32 R     6.6     0.9     3.3 -9999.0 -9999.0 -9999.0 -99.000 -99.000 -99.000 -99.000 -99.000 -9999.0 -9999.0 -9999.0 -9999.0 -9999.0
04236 20070228  1.301 -123.33   44.42     5.1     0.9     3.0     2.3     6.5     7.85 R    12.1     0.8     4.1 -9999.0 -9999.0 -9999.0 -99.000 -99.000 -99.000 -99.000 -99.000 -9999.0 -9999.0 -9999.0 -9999.0 -9999.0
04236 20070301  1.301 -123.33   44.42     6.9     1.5     4.2     4.4     6.8     5.04 R    11.4     2.3     6.0 -9999.0 -9999.0 -9999.0 -99.000 -99.000 -99.000 -99.000 -99.000 -9999.0 -9999.0 -9999.0 -9999.0 -9999.0
04236 20070302  1.301 -123.33   44.42     8.9     5.0     7.0     7.2     6.0     2.31 R    11.9     5.5     8.1 -9999.0 -9999.0 -9999.0 -99.000 -99.000 -99.000 -99.000 -99.000 -9999.0 -9999.0 -9999.0 -9999.0 -9999.0
04236 20070303  1.301 -123.33   44.42    14.8     7.5    11.2    10.3     0.0    12.57 R    24.7     8.5    12.9 -9999.0 -9999.0 -9999.0 -99.000 -99.000 -99.000 -99.000 -99.000 -9999.0 -9999.0 -9999.0 -9999.0 -9999.0
04236 20070304  1.301 -123.33   44.42    15.5     8.4    12.0    11.2     0.0    11.89 R    23.0    10.0    14.0 -9999.0 -9999.0 -9999.0 -99.000 -99.000 -99.000 -99.000 -99.000 -9999.0 -9999.0 -9999.0 -9999.0 -9999.0
04236 20070305  1.301 -123.33   44.42    18.0     6.4    12.2    11.1     0.0    13.41 R    23.4     6.7    13.2 -9999.0 -9999.0 -9999.0 -99.000 -99.000 -99.000 -99.000 -99.000 -9999.0 -9999.0 -9999.0 -9999.0 -9999.0
04236 20070306  1.301 -123.33   44.42    18.2     3.0    10.6    10.4     0.0    12.05 R    22.4     3.4    11.5 -9999.0 -9999.0 -9999.0 -99.000 -99.000 -99.000 -99.000 -99.000 -9999.0 -9999.0 -9999.0 -9999.0 -9999.0
04236 20070307  1.301 -123.33   44.42    12.1     3.9     8.0     9.1     4.9     7.50 R    16.3     3.8    10.5 -9999.0 -9999.0 -9999.0 -99.000 -99.000 -99.000 -99.000 -99.000 -9999.0 -9999.0 -9999.0 -9999.0 -9999.0
04236 20070308  1.301 -123.33   44.42    11.3     3.3     7.3     7.4     0.5     8.19 R    16.2     3.2     8.6 -9999.0 -9999.0 -9999.0 -99.000 -99.000 -99.000 -99.000 -99.000 -9999.0 -9999.0 -9999.0 -9999.0 -9999.0
04236 20070309  1.301 -123.33   44.42    12.4     5.6     9.0     8.7     6.9     7.74 R    18.0     6.8    10.2 -9999.0 -9999.0 -9999.0 -99.000 -99.000 -99.000 -99.000 -99.000 -9999.0 -9999.0 -9999.0 -9999.0 -9999.0
04236 20070310  1.301 -123.33   44.42    14.5     7.9    11.2    11.9     0.0     4.71 R    15.1     7.4    12.0 -9999.0 -9999.0 -9999.0 -99.000 -99.000 -99.000 -99.000 -99.000 -9999.0 -9999.0 -9999.0 -9999.0 -9999.0
04236 20070311  1.301 -123.33   44.42    21.3    13.8    17.6    16.5     0.0    12.77 R    25.7    13.1    17.0 -9999.0 -9999.0 -9999.0 -99.000 -99.000 -99.000 -99.000 -99.000 -9999.0 -9999.0 -9999.0 -9999.0 -9999.0
04236 20070312  1.301 -123.33   44.42    15.2     4.9    10.1    12.0     0.3     6.10 R    19.3     6.4    13.5 -9999.0 -9999.0 -9999.0 -99.000 -99.000 -99.000 -99.000 -99.000 -9999.0 -9999.0 -9999.0 -9999.0 -9999.0
04236 20070313  1.301 -123.33   44.42    10.2     1.3     5.8     6.2     0.0    12.03 R    17.6     2.2     8.8 -9999.0 -9999.0 -9999.0 -99.000 -99.000 -99.000 -99.000 -99.000 -9999.0 -9999.0 -9999.0 -9999.0 -9999.0
04236 20070314  1.301 -123.33   44.42    11.2     2.2     6.7     6.8     0.0     8.89 R    17.8     2.0     8.2 -9999.0 -9999.0 -9999.0 -99.000 -99.000 -99.000 -99.000 -99.000 -9999.0 -9999.0 -9999.0 -9999.0 -9999.0
04236 20070315  1.301 -123.33   44.42    15.3    -0.8     7.3     6.7     0.0    18.32 R    21.3    -0.6     8.9 -9999.0 -9999.0 -9999.0 -99.000 -99.000 -99.000 -99.000 -99.000 -9999.0 -9999.0 -9999.0 -9999.0 -9999.0
04236 20070316  1.301 -123.33   44.42    19.6     3.0    11.3    10.6     0.0    17.84 R    24.0     3.0    12.1 -9999.0 -9999.0 -9999.0 -99.000 -99.000 -99.000 -99.000 -99.000 -9999.0 -9999.0 -9999.0 -9999.0 -9999.0
04236 20070317  1.301 -123.33   44.42    18.8     4.3    11.5    11.4     0.2    17.81 R    24.9     3.7    13.1 -9999.0 -9999.0 -9999.0 -99.000 -99.000 -99.000 -99.000 -99.000 -9999.0 -9999.0 -9999.0 -9999.0 -9999.0
04236 20070318  1.301 -123.33   44.42    18.4     7.9    13.1    12.7     0.0    12.50 R    24.0     7.3    13.8 -9999.0 -9999.0 -9999.0 -99.000 -99.000 -99.000 -99.000 -99.000 -9999.0 -9999.0 -9999.0 -9999.0 -9999.0
04236 20070319  1.301 -123.33   44.42    13.8     6.2    10.0     9.5     6.3     5.12 R    17.5     5.7    10.3 -9999.0 -9999.0 -9999.0 -99.000 -99.000 -99.000 -99.000 -99.000 -9999.0 -9999.0 -9999.0 -9999.0 -9999.0
04236 20070320  1.301 -123.33   44.42    10.3     0.0     5.2     6.4     1.0    12.71 R    19.4     1.2     8.6 -9999.0 -9999.0 -9999.0 -99.000 -99.000 -99.000 -99.000 -99.000 -9999.0 -9999.0 -9999.0 -9999.0 -9999.0
04236 20070321  1.301 -123.33   44.42    11.6    -1.9     4.8     4.6     0.0    17.96 R    18.9    -1.2     7.2 -9999.0 -9999.0 -9999.0 -99.000 -99.000 -99.000 -99.000 -99.000 -9999.0 -9999.0 -9999.0 -9999.0 -9999.0
04236 20070322  1.301 -123.33   44.42    16.3     0.5     8.4     7.4     0.0    16.45 R    22.2     0.8     9.4 -9999.0 -9999.0 -9999.0 -99.000 -99.000 -99.000 -99.000 -99.000 -9999.0 -9999.0 -9999.0 -9999.0 -9999.0
04236 20070323  1.301 -123.33   44.42    17.0     3.0    10.0    10.3     0.0    12.48 R    22.3     3.0    11.3 -9999.0 -9999.0 -9999.0 -99.000 -99.000 -99.000 -99.000 -99.000 -9999.0 -9999.0 -9999.0 -9999.0 -9999.0
04236 20070324  1.301 -123.33   44.42    16.9    10.4    13.7    13.3     3.4     7.87 R    20.0    10.4    13.6 -9999.0 -9999.0 -9999.0 -99.000 -99.000 -99.000 -99.000 -99.000 -9999.0 -9999.0 -9999.0 -9999.0 -9999.0
04236 20070325  1.301 -123.33   44.42    14.7     3.9     9.3     9.7     5.9    17.55 R    23.6     4.1    12.0 -9999.0 -9999.0 -9999.0 -99.000 -99.000 -99.000 -99.000 -99.000 -9999.0 -9999.0 -9999.0 -9999.0 -9999.0
04236 20070326  1.301 -123.33   44.42     9.1     1.7     5.4     5.7     4.8     6.45 R    14.3     2.2     7.1 -9999.0 -9999.0 -9999.0 -99.000 -99.000 -99.000 -99.000 -99.000 -9999.0 -9999.0 -9999.0 -9999.0 -9999.0
04236 20070327  1.301 -123.33   44.42     9.9     2.1     6.0     5.5     1.6    10.85 R    16.5     1.5     7.0 -9999.0 -9999.0 -9999.0 -99.000 -99.000 -99.000 -99.000 -99.000 -9999.0 -9999.0 -9999.0 -9999.0 -9999.0
04236 20070328  1.301 -123.33   44.42    11.7    -0.3     5.7     5.8     0.0    19.86 R    20.6     0.4     8.2 -9999.0 -9999.0 -9999.0 -99.000 -99.000 -99.000 -99.000 -99.000 -9999.0 -9999.0 -9999.0 -9999.0 -9999.0
04236 20070329  1.301 -123.33   44.42    16.3    -0.1     8.1     7.7     0.0    20.33 R    22.4     0.2     9.6 -9999.0 -9999.0 -9999.0 -99.000 -99.000 -99.000 -99.000 -99.000 -9999.0 -9999.0 -9999.0 -9999.0 -9999.0
04236 20070330  1.301 -123.33   44.42    19.5     3.9    11.7    10.6     0.0    17.50 R    24.9     3.6    12.0 -9999.0 -9999.0 -9999.0 -99.000 -99.000 -99.000 -99.000 -99.000 -9999.0 -9999.0 -9999.0 -9999.0 -9999.0
04236 20070331  1.301 -123.33   44.42    13.0     0.2     6.6     9.2     0.2     7.34 R    16.0     0.8     9.9 -9999.0 -9999.0 -9999.0 -99.000 -99.000 -99.000 -99.000 -99.000 -9999.0 -9999.0 -9999.0 -9999.0 -9999.0
04236 20070401  1.301 -123.33   44.42    10.9    -1.5     4.7     4.6     0.0    17.53 R    20.5    -1.3     6.9 -9999.0 -9999.0 -9999.0 -99.000 -99.000 -99.000 -99.000 -99.000 -9999.0 -9999.0 -9999.0 -9999.0 -9999.0
04236 20070402  1.301 -123.33   44.42    10.7    -0.3     5.2     5.9     0.0    15.61 R    20.8     0.2     7.6 -9999.0 -9999.0 -9999.0 -99.000 -99.000 -99.000 -99.000 -99.000 -9999.0 -9999.0 -9999.0 -9999.0 -9999.0
04236 20070403  1.301 -123.33   44.42    10.5     0.0     5.3     5.9     0.0     9.90 R    17.2     0.5     7.3 -9999.0 -9999.0 -9999.0 -99.000 -99.000 -99.000 -99.000 -99.000 -9999.0 -9999.0 -9999.0 -9999.0 -9999.0
04236 20070404  1.301 -123.33   44.42    17.3     5.6    11.5    10.6     0.0    14.74 R    23.3     5.6    11.6 -9999.0 -9999.0 -9999.0 -99.000 -99.000 -99.000 -99.000 -99.000 -9999.0 -9999.0 -9999.0 -9999.0 -9999.0
04236 20070405  1.301 -123.33   44.42    21.8     3.6    12.7    12.6     0.0    22.38 R    26.6     2.8    13.3 -9999.0 -9999.0 -9999.0 -99.000 -99.000 -99.000 -99.000 -99.000 -9999.0 -9999.0 -9999.0 -9999.0 -9999.0
04236 20070406  1.301 -123.33   44.42    23.3     6.7    15.0    14.9     0.0    21.80 R    28.1     5.6    15.6 -9999.0 -9999.0 -9999.0 -99.000 -99.000 -99.000 -99.000 -99.000 -9999.0 -9999.0 -9999.0 -9999.0 -9999.0
04236 20070407  1.301 -123.33   44.42    16.5     6.9    11.7    12.3     4.0    14.21 R    21.9     6.9    13.4 -9999.0 -9999.0 -9999.0 -99.000 -99.000 -99.000 -99.000 -99.000 -9999.0 -9999.0 -9999.0 -9999.0 -9999.0
04236 20070408  1.301 -123.33   44.42    15.3     2.6     8.9     9.8     6.5     9.93 R    20.2     2.5    10.3 -9999.0 -9999.0 -9999.0 -99.000 -99.000 -99.000 -99.000 -99.000 -9999.0 -9999.0 -9999.0 -9999.0 -9999.0
04236 20070409  1.301 -123.33   44.42    13.3     4.8     9.0     8.5     4.8    16.32 R    19.3     4.7     9.7 -9999.0 -9999.0 -9999.0 -99.000 -99.000 -99.000 -99.000 -99.000 -9999.0 -9999.0 -9999.0 -9999.0 -9999.0
04236 20070410  1.301 -123.33   44.42    14.9     2.1     8.5     8.6     0.0    21.48 R    20.8     1.8     9.6 -9999.0 -9999.0 -9999.0 -99.000 -99.000 -99.000 -99.000 -99.000 -9999.0 -9999.0 -9999.0 -9999.0 -9999.0
04236 20070411  1.301 -123.33   44.42    12.7     4.9     8.8     7.6     4.3     9.82 R    16.8     4.9     8.4 -9999.0 -9999.0 -9999.0 -99.000 -99.000 -99.000 -99.000 -99.000 -9999.0 -9999.0 -9999.0 -9999.0 -9999.0
04236 20070412  1.301 -123.33   44.42    11.6     2.2     6.9     6.8     2.0     8.93 R    17.9     1.9     7.7 -9999.0 -9999.0 -9999.0 -99.000 -99.000 -99.000 -99.000 -99.000 -9999.0 -9999.0 -9999.0 -9999.0 -9999.0
04236 20070413  1.301 -123.33   44.42    18.8     1.0     9.9     9.9     0.9    19.43 R    21.6     0.8    10.3 -9999.0 -9999.0 -9999.0 -99.000 -99.000 -99.000 -99.000 -99.000 -9999.0 -9999.0 -9999.0 -9999.0 -9999.0
04236 20070414  1.301 -123.33   44.42    13.0     2.8     7.9     8.8     4.6    15.47 R    17.0     3.2    10.1 -9999.0 -9999.0 -9999.0 -99.000 -99.000 -99.000 -99.000 -99.000 -9999.0 -9999.0 -9999.0 -9999.0 -9999.0
04236 20070415  1.301 -123.33   44.42    13.0     2.4     7.7     8.0     0.0    20.90 R    19.5     1.9     9.0 -9999.0 -9999.0 -9999.0 -99.000 -99.000 -99.000 -99.000 -99.000 -9999.0 -9999.0 -9999.0 -9999.0 -9999.0
04236 20070416  1.301 -123.33   44.42    14.3     2.2     8.3     8.1     0.0     8.00 R    15.8     2.0     7.9 -9999.0 -9999.0 -9999.0 -99.000 -99.000 -99.000 -99.000 -99.000 -9999.0 -9999.0 -9999.0 -9999.0 -9999.0
04236 20070417  1.301 -123.33   44.42    10.9     2.5     6.7     6.2     5.4    14.10 R    16.6     2.2     7.2 -9999.0 -9999.0 -9999.0 -99.000 -99.000 -99.000 -99.000 -99.000 -9999.0 -9999.0 -9999.0 -9999.0 -9999.0
04236 20070418  1.301 -123.33   44.42    10.7     2.3     6.5     6.1     1.7    16.45 R    16.3     2.1     7.3 -9999.0 -9999.0 -9999.0 -99.000 -99.000 -99.000 -99.000 -99.000 -9999.0 -9999.0 -9999.0 -9999.0 -9999.0
04236 20070419  1.301 -123.33   44.42    12.9    -0.7     6.1     6.2     0.0    23.73 R    19.4    -0.3     7.5 -9999.0 -9999.0 -9999.0 -99.000 -99.000 -99.000 -99.000 -99.000 -9999.0 -9999.0 -9999.0 -9999.0 -9999.0
04236 20070420  1.301 -123.33   44.42    15.5    -0.5     7.5     7.9     0.0    24.57 R    20.7    -0.7     8.9 -9999.0 -9999.0 -9999.0 -99.000 -99.000 -99.000 -99.000 -99.000 -9999.0 -9999.0 -9999.0 -9999.0 -9999.0
04236 20070421  1.301 -123.33   44.42    10.6     5.6     8.1     8.1     8.7     4.61 R    11.7     4.3     8.3 -9999.0 -9999.0 -9999.0 -99.000 -99.000 -99.000 -99.000 -99.000 -9999.0 -9999.0 -9999.0 -9999.0 -9999.0
04236 20070422  1.301 -123.33   44.42    13.9     4.7     9.3     8.8     1.3    13.98 R    20.0     3.5     9.5 -9999.0 -9999.0 -9999.0 -99.000 -99.000 -99.000 -99.000 -99.000 -9999.0 -9999.0 -9999.0 -9999.0 -9999.0
04236 20070423  1.301 -123.33   44.42    18.1     2.5    10.3    10.5     0.0    24.07 R    21.8     1.7    11.2 -9999.0 -9999.0 -9999.0 -99.000 -99.000 -99.000 -99.000 -99.000 -9999.0 -9999.0 -9999.0 -9999.0 -9999.0
04236 20070424  1.301 -123.33   44.42    15.2     8.3    11.7    11.2     0.0    10.44 R    17.4     8.2    11.5 -9999.0 -9999.0 -9999.0 -99.000 -99.000 -99.000 -99.000 -99.000 -9999.0 -9999.0 -9999.0 -9999.0 -9999.0
04236 20070425  1.301 -123.33   44.42    13.5     3.9     8.7     9.4     0.0    12.22 R    18.6     3.2     9.5 -9999.0 -9999.0 -9999.0 -99.000 -99.000 -99.000 -99.000 -99.000 -9999.0 -9999.0 -9999.0 -9999.0 -9999.0
04236 20070426  1.301 -123.33   44.42    17.3     2.6    10.0    10.1     0.0    20.35 R    21.7     1.9    10.4 -9999.0 -9999.0 -9999.0 -99.000 -99.000 -99.000 -99.000 -99.000 -9999.0 -9999.0 -9999.0 -9999.0 -9999.0
04236 20070427  1.301 -123.33   44.42    20.7     5.0    12.9    13.3     0.0    22.58 R    24.2     4.2    13.4 -9999.0 -9999.0 -9999.0 -99.000 -99.000 -99.000 -99.000 -99.000 -9999.0 -9999.0 -9999.0 -9999.0 -9999.0
04236 20070428  1.301 -123.33   44.42    19.0     7.8    13.4    13.4     0.0    19.19 R    22.4     6.9    13.4 -9999.0 -9999.0 -9999.0 -99.000 -99.000 -99.000 -99.000 -99.000 -9999.0 -9999.0 -9999.0 -9999.0 -9999.0
04236 20070429  1.301 -123.33   44.42    17.4     5.6    11.5    11.4     0.0    22.32 R    21.2     4.6    11.7 -9999.0 -9999.0 -9999.0 -99.000 -99.000 -99.000 -99.000 -99.000 -9999.0 -9999.0 -9999.0 -9999.0 -9999.0
04236 20070430  1.301 -123.33   44.42    15.8     2.4     9.1     9.3     0.0    19.70 R    20.2     1.6    10.0 -9999.0 -9999.0 -9999.0 -99.000 -99.000 -99.000 -99.000 -99.000 -9999.0 -9999.0 -9999.0 -9999.0 -9999.0
04236 20070501  1.301 -123.33   44.42    14.6     6.1    10.4    10.5     8.9    10.31 R    16.1     6.5    10.8 -9999.0 -9999.0 -9999.0 -99.000 -99.000 -99.000 -99.000 -99.000 -9999.0 -9999.0 -9999.0 -9999.0 -9999.0
04236 20070502  1.301 -123.33   44.42    12.2     4.0     8.1     8.4     8.1    18.73 R    15.5     3.8     8.8 -9999.0 -9999.0 -9999.0 -99.000 -99.000 -99.000 -99.000 -99.000 -9999.0 -9999.0 -9999.0 -9999.0 -9999.0
04236 20070503  1.301 -123.33   44.42    12.4     2.6     7.5     7.3     2.4    16.19 R    17.7     1.8     8.2 -9999.0 -9999.0 -9999.0 -99.000 -99.000 -99.000 -99.000 -99.000 -9999.0 -9999.0 -9999.0 -9999.0 -9999.0
04236 20070504  1.301 -123.33   44.42    13.6     1.6     7.6     7.4     1.1    20.45 R    17.9     1.1     7.8 -9999.0 -9999.0 -9999.0 -99.000 -99.000 -99.000 -99.000 -99.000 -9999.0 -9999.0 -9999.0 -9999.0 -9999.0
04236 20070505  1.301 -123.33   44.42    14.4     1.0     7.7     7.9     0.0    18.89 R    18.7     0.3     8.4 -9999.0 -9999.0 -9999.0 -99.000 -99.000 -99.000 -99.000 -99.000 -9999.0 -9999.0 -9999.0 -9999.0 -9999.0
04236 20070506  1.301 -123.33   44.42    20.2     6.3    13.3    13.2     0.0    17.94 R    21.8     5.2    12.9 -9999.0 -9999.0 -9999.0 -99.000 -99.000 -99.000 -99.000 -99.000 -9999.0 -9999.0 -9999.0 -9999.0 -9999.0
04236 20070507  1.301 -123.33   44.42    25.0     7.6    16.3    17.9     0.0    28.09 R    26.3     6.4    15.9 -9999.0 -9999.0 -9999.0 -99.000 -99.000 -99.000 -99.000 -99.000 -9999.0 -9999.0 -9999.0 -9999.0 -9999.0
04236 20070508  1.301 -123.33   44.42    23.9     8.9    16.4    15.8     0.0    28.30 R    26.1     7.3    15.0 -9999.0 -9999.0 -9999.0 -99.000 -99.000 -99.000 -99.000 -99.000 -9999.0 -9999.0 -9999.0 -9999.0 -9999.0
04236 20070509  1.301 -123.33   44.42    18.0     6.0    12.0    11.5     0.0    28.12 R    21.4     4.5    11.8 -9999.0 -9999.0 -9999.0 -99.000 -99.000 -99.000 -99.000 -99.000 -9999.0 -9999.0 -9999.0 -9999.0 -9999.0
04236 20070510  1.301 -123.33   44.42    19.4     2.8    11.1    11.1     0.0    28.22 R    22.7     1.3    11.0 -9999.0 -9999.0 -9999.0 -99.000 -99.000 -99.000 -99.000 -99.000 -9999.0 -9999.0 -9999.0 -9999.0 -9999.0
04236 20070511  1.301 -123.33   44.42    17.8     2.8    10.3    10.7     0.0    20.69 R    19.9     1.1    10.2 -9999.0 -9999.0 -9999.0 -99.000 -99.000 -99.000 -99.000 -99.000 -9999.0 -9999.0 -9999.0 -9999.0 -9999.0
04236 20070512  1.301 -123.33   44.42    12.5     5.8     9.1     9.0     0.0     8.16 R    14.7     4.5     8.8 -9999.0 -9999.0 -9999.0 -99.000 -99.000 -99.000 -99.000 -99.000 -9999.0 -9999.0 -9999.0 -9999.0 -9999.0
04236 20070513  1.301 -123.33   44.42    15.0     5.6    10.3    10.3     0.0    20.96 R    20.3     4.9    10.1 -9999.0 -9999.0 -9999.0 -99.000 -99.000 -99.000 -99.000 -99.000 -9999.0 -9999.0 -9999.0 -9999.0 -9999.0
04236 20070514  1.301 -123.33   44.42    22.3     3.5    12.9    13.3     0.0    28.03 R    24.3     1.6    12.7 -9999.0 -9999.0 -9999.0 -99.000 -99.000 -99.000 -99.000 -99.000 -9999.0 -9999.0 -9999.0 -9999.0 -9999.0
04236 20070515  1.301 -123.33   44.42    22.9     5.4    14.2    13.7     0.0    28.14 R    26.9     3.8    13.6 -9999.0 -9999.0 -9999.0 -99.000 -99.000 -99.000 -99.000 -99.000 -9999.0 -9999.0 -9999.0 -9999.0 -9999.0
04236 20070516  1.301 -123.33   44.42    20.7     2.9    11.8    12.9     0.0    27.24 R    24.5     1.0    12.9 -9999.0 -9999.0 -9999.0 -99.000 -99.000 -99.000 -99.000 -99.000 -9999.0 -9999.0 -9999.0 -9999.0 -9999.0
04236 20070517  1.301 -123.33   44.42    21.1     5.0    13.0    13.6     0.0    26.42 R    27.1     3.3    13.4 -9999.0 -9999.0 -9999.0 -99.000 -99.000 -99.000 -99.000 -99.000 -9999.0 -9999.0 -9999.0 -9999.0 -9999.0
04236 20070518  1.301 -123.33   44.42    21.4     4.4    12.9    12.8     0.3    23.05 R    26.7     3.1    13.1 -9999.0 -9999.0 -9999.0 -99.000 -99.000 -99.000 -99.000 -99.000 -9999.0 -9999.0 -9999.0 -9999.0 -9999.0
04236 20070519  1.301 -123.33   44.42    17.7     8.2    12.9    12.3     0.0    21.74 R    23.1     7.2    12.8 -9999.0 -9999.0 -9999.0 -99.000 -99.000 -99.000 -99.000 -99.000 -9999.0 -9999.0 -9999.0 -9999.0 -9999.0
04236 20070520  1.301 -123.33   44.42    12.8     7.0     9.9     9.9     3.5     8.02 R    13.2     5.3     9.8 -9999.0 -9999.0 -9999.0 -99.000 -99.000 -99.000 -99.000 -99.000 -9999.0 -9999.0 -9999.0 -9999.0 -9999.0
04236 20070521  1.301 -123.33   44.42    16.1     4.2    10.1    10.2     0.0    21.68 R    20.9     2.0    10.1 -9999.0 -9999.0 -9999.0 -99.000 -99.000 -99.000 -99.000 -99.000 -9999.0 -9999.0 -9999.0 -9999.0 -9999.0
04236 20070522  1.301 -123.33   44.42    17.7     1.5     9.6    10.2     0.0    28.72 R    21.8    -0.3    10.1 -9999.0 -9999.0 -9999.0 -99.000 -99.000 -99.000 -99.000 -99.000 -9999.0 -9999.0 -9999.0 -9999.0 -9999.0
04236 20070523  1.301 -123.33   44.42    22.9     4.4    13.6    13.5     2.4    26.01 R    26.3     2.5    14.1 -9999.0 -9999.0 -9999.0 -99.000 -99.000 -99.000 -99.000 -99.000 -9999.0 -9999.0 -9999.0 -9999.0 -9999.0
04236 20070524  1.301 -123.33   44.42    23.8     8.3    16.0    15.9     0.0    27.99 R    27.7     6.8    16.1 -9999.0 -9999.0 -9999.0 -99.000 -99.000 -99.000 -99.000 -99.000 -9999.0 -9999.0 -9999.0 -9999.0 -9999.0
04236 20070525  1.301 -123.33   44.42    23.5     9.3    16.4    15.6     0.0    21.08 R    27.4     7.1    15.3 -9999.0 -9999.0 -9999.0 -99.000 -99.000 -99.000 -99.000 -99.000 -9999.0 -9999.0 -9999.0 -9999.0 -9999.0
04236 20070526  1.301 -123.33   44.42    21.3     7.4    14.3    14.7     0.0    22.51 R    27.5     5.6    15.5 -9999.0 -9999.0 -9999.0 -99.000 -99.000 -99.000 -99.000 -99.000 -9999.0 -9999.0 -9999.0 -9999.0 -9999.0
04236 20070527  1.301 -123.33   44.42    16.4     4.5    10.5    11.9     0.0    16.29 R    25.5     1.8    12.4 -9999.0 -9999.0 -9999.0 -99.000 -99.000 -99.000 -99.000 -99.000 -9999.0 -9999.0 -9999.0 -9999.0 -9999.0
04236 20070528  1.301 -123.33   44.42    18.8     1.3    10.0    11.6     0.0    30.30 R    25.6    -0.9    11.9 -9999.0 -9999.0 -9999.0 -99.000 -99.000 -99.000 -99.000 -99.000 -9999.0 -9999.0 -9999.0 -9999.0 -9999.0
04236 20070529  1.301 -123.33   44.42    28.8     5.4    17.1    17.2     0.0    30.53 R    32.7     2.7    16.9 -9999.0 -9999.0 -9999.0 -99.000 -99.000 -99.000 -99.000 -99.000 -9999.0 -9999.0 -9999.0 -9999.0 -9999.0
04236 20070530  1.301 -123.33   44.42    28.9     7.6    18.2    18.2     0.0    30.40 R    33.4     4.8    17.8 -9999.0 -9999.0 -9999.0 -99.000 -99.000 -99.000 -99.000 -99.000 -9999.0 -9999.0 -9999.0 -9999.0 -9999.0
04236 20070531  1.301 -123.33   44.42    28.0     7.2    17.6    17.7     0.0    29.85 R    33.6     4.8    18.0 -9999.0 -9999.0 -9999.0 -99.000 -99.000 -99.000 -99.000 -99.000 -9999.0 -9999.0 -9999.0 -9999.0 -9999.0
04236 20070601  1.301 -123.33   44.42    28.9     8.3    18.6    18.6     0.0    29.62 R    34.8     6.3    18.9 -9999.0 -9999.0 -9999.0 -99.000 -99.000 -99.000 -99.000 -99.000 -9999.0 -9999.0 -9999.0 -9999.0 -9999.0
04236 20070602  1.301 -123.33   44.42    28.6     8.4    18.5    18.4     0.0    29.51 R    34.5     6.3    19.0 -9999.0 -9999.0 -9999.0 -99.000 -99.000 -99.000 -99.000 -99.000 -9999.0 -9999.0 -9999.0 -9999.0 -9999.0
04236 20070603  1.301 -123.33   44.42    29.2     9.2    19.2    18.0     0.2    26.59 R    36.3     7.4    18.9 -9999.0 -9999.0 -9999.0 -99.000 -99.000 -99.000 -99.000 -99.000 -9999.0 -9999.0 -9999.0 -9999.0 -9999.0
04236 20070604  1.301 -123.33   44.42    22.0    11.0    16.5    15.7     0.0    16.01 R    32.1     9.2    16.6 -9999.0 -9999.0 -9999.0 -99.000 -99.000 -99.000 -99.000 -99.000 -9999.0 -9999.0 -9999.0 -9999.0 -9999.0
04236 20070605  1.301 -123.33   44.42    20.1     7.3    13.7    12.8     0.3    21.16 R    30.9     4.4    13.9 -9999.0 -9999.0 -9999.0 -99.000 -99.000 -99.000 -99.000 -99.000 -9999.0 -9999.0 -9999.0 -9999.0 -9999.0
04236 20070606  1.301 -123.33   44.42    18.3     5.6    11.9    11.6     0.0    21.86 R    29.5     3.1    12.7 -9999.0 -9999.0 -9999.0 -99.000 -99.000 -99.000 -99.000 -99.000 -9999.0 -9999.0 -9999.0 -9999.0 -9999.0
04236 20070607  1.301 -123.33   44.42    17.7     5.8    11.8    12.6     0.0    16.08 R    29.5     3.5    13.5 -9999.0 -9999.0 -9999.0 -99.000 -99.000 -99.000 -99.000 -99.000 -9999.0 -9999.0 -9999.0 -9999.0 -9999.0
04236 20070608  1.301 -123.33   44.42    22.7     8.5    15.6    15.1     0.0    29.28 R    33.3     5.5    17.1 -9999.0 -9999.0 -9999.0 -99.000 -99.000 -99.000 -99.000 -99.000 -9999.0 -9999.0 -9999.0 -9999.0 -9999.0
04236 20070609  1.301 -123.33   44.42    15.6     8.5    12.1    12.5     3.2     7.34 R    16.8     6.9    12.5 -9999.0 -9999.0 -9999.0 -99.000 -99.000 -99.000 -99.000 -99.000 -9999.0 -9999.0 -9999.0 -9999.0 -9999.0
04236 20070610  1.301 -123.33   44.42    19.2     9.1    14.2    13.8     0.0    21.43 R    31.0     7.9    15.3 -9999.0 -9999.0 -9999.0 -99.000 -99.000 -99.000 -99.000 -99.000 -9999.0 -9999.0 -9999.0 -9999.0 -9999.0
04236 20070611  1.301 -123.33   44.42    18.3     5.8    12.0    12.4     0.0    19.14 R    33.0     2.9    14.1 -9999.0 -9999.0 -9999.0 -99.000 -99.000 -99.000 -99.000 -99.000 -9999.0 -9999.0 -9999.0 -9999.0 -9999.0
04236 20070612  1.301 -123.33   44.42    24.8     3.8    14.3    14.5     0.0    29.15 R    36.1     1.1    16.9 -9999.0 -9999.0 -9999.0 -99.000 -99.000 -99.000 -99.000 -99.000 -9999.0 -9999.0 -9999.0 -9999.0 -9999.0
04236 20070613  1.301 -123.33   44.42    20.7     9.3    15.0    14.6     0.0    27.65 R    33.5     6.4    17.0 -9999.0 -9999.0 -9999.0 -99.000 -99.000 -99.000 -99.000 -99.000 -9999.0 -9999.0 -9999.0 -9999.0 -9999.0
04236 20070614  1.302 -123.33   44.42 -9999.0 -9999.0 -9999.0 -9999.0 -9999.0 -9999.00 U -9999.0 -9999.0 -9999.0 -9999.0 -9999.0 -9999.0 -99.000 -99.000 -99.000 -99.000 -99.000 -9999.0 -9999.0 -9999.0 -9999.0 -9999.0
04236 20070615  1.302 -123.33   44.42    19.2    11.3    15.2    14.6     1.1    13.28 R    28.9     8.8    15.8 -9999.0 -9999.0 -9999.0 -99.000 -99.000 -99.000 -99.000 -99.000 -9999.0 -9999.0 -9999.0 -9999.0 -9999.0
04236 20070616  1.302 -123.33   44.42    19.0     5.7    12.3    13.1     0.0    14.29 R    34.8     2.2    14.1 -9999.0 -9999.0 -9999.0 -99.000 -99.000 -99.000 -99.000 -99.000 -9999.0 -9999.0 -9999.0 -9999.0 -9999.0
04236 20070617  1.302 -123.33   44.42    20.9     4.6    12.7    13.7     0.0    26.68 R    36.4     1.1    16.5 -9999.0 -9999.0 -9999.0 -99.000 -99.000 -99.000 -99.000 -99.000 -9999.0 -9999.0 -9999.0 -9999.0 -9999.0
04236 20070618  1.302 -123.33   44.42    21.9     9.2    15.6    15.4     0.0    27.19 R    35.9     5.3    17.7 -9999.0 -9999.0 -9999.0 -99.000 -99.000 -99.000 -99.000 -99.000 -9999.0 -9999.0 -9999.0 -9999.0 -9999.0
04236 20070619  1.302 -123.33   44.42    28.4     6.7    17.5    17.7     0.0    30.37 R    42.4     3.6    20.2 -9999.0 -9999.0 -9999.0 -99.000 -99.000 -99.000 -99.000 -99.000 -9999.0 -9999.0 -9999.0 -9999.0 -9999.0
04236 20070620  1.302 -123.33   44.42    27.3     8.0    17.7    16.5     0.0    30.50 R    41.5     4.8    19.8 -9999.0 -9999.0 -9999.0 -99.000 -99.000 -99.000 -99.000 -99.000 -9999.0 -9999.0 -9999.0 -9999.0 -9999.0
04236 20070621  1.302 -123.33   44.42    23.4    11.7    17.5    16.3     0.0    24.87 R    39.5     8.5    20.0 -9999.0 -9999.0 -9999.0 -99.000 -99.000 -99.000 -99.000 -99.000 -9999.0 -9999.0 -9999.0 -9999.0 -9999.0
04236 20070622  1.302 -123.33   44.42    20.3     5.9    13.1    13.3     0.0    18.39 R    36.3     2.2    14.5 -9999.0 -9999.0 -9999.0 -99.000 -99.000 -99.000 -99.000 -99.000 -9999.0 -9999.0 -9999.0 -9999.0 -9999.0
04236 20070623  1.302 -123.33   44.42    21.1     3.6    12.3    12.7     0.0    23.26 R    34.2     0.2    14.2 -9999.0 -9999.0 -9999.0 -99.000 -99.000 -99.000 -99.000 -99.000 -9999.0 -9999.0 -9999.0 -9999.0 -9999.0
04236 20070624  1.302 -123.33   44.42    20.5     5.9    13.2    12.7     0.0    20.66 R    35.3     2.7    14.4 -9999.0 -9999.0 -9999.0 -99.000 -99.000 -99.000 -99.000 -99.000 -9999.0 -9999.0 -9999.0 -9999.0 -9999.0
04236 20070625  1.302 -123.33   44.42    22.2     3.8    13.0    14.2     0.0    30.74 R    37.5     0.4    16.7 -9999.0 -9999.0 -9999.0 -99.000 -99.000 -99.000 -99.000 -99.000 -9999.0 -9999.0 -9999.0 -9999.0 -9999.0
04236 20070626  1.302 -123.33   44.42    28.3     6.1    17.2    16.7     0.0    29.52 R    43.4     2.7    19.3 -9999.0 -9999.0 -9999.0 -99.000 -99.000 -99.000 -99.000 -99.000 -9999.0 -9999.0 -9999.0 -9999.0 -9999.0
04236 20070627  1.302 -123.33   44.42    24.2     6.6    15.4    16.0     0.0    26.46 R    40.1     3.3    19.4 -9999.0 -9999.0 -9999.0 -99.000 -99.000 -99.000 -99.000 -99.000 -9999.0 -9999.0 -9999.0 -9999.0 -9999.0
04236 20070628  1.302 -123.33   44.42    21.3    12.6    16.9    15.7     1.2    13.91 R    34.8    10.3    16.7 -9999.0 -9999.0 -9999.0 -99.000 -99.000 -99.000 -99.000 -99.000 -9999.0 -9999.0 -9999.0 -9999.0 -9999.0
04236 20070629  1.302 -123.33   44.42    21.2     8.4    14.8    15.1     0.0    15.96 R    34.1     4.8    15.9 -9999.0 -9999.0 -9999.0 -99.000 -99.000 -99.000 -99.000 -99.000 -9999.0 -9999.0 -9999.0 -9999.0 -9999.0
04236 20070630  1.302 -123.33   44.42    24.6     6.1    15.3    15.9     0.0    30.78 R    41.8     2.7    19.3 -9999.0 -9999.0 -9999.0 -99.000 -99.000 -99.000 -99.000 -99.000 -9999.0 -9999.0 -9999.0 -9999.0 -9999.0
04236 20070701  1.302 -123.33   44.42    24.4     7.8    16.1    16.2     0.0    26.04 R    43.8     5.0    19.0 -9999.0 -9999.0 -9999.0 -99.000 -99.000 -99.000 -99.000 -99.000 -9999.0 -9999.0 -9999.0 -9999.0 -9999.0
04236 20070702  1.302 -123.33   44.42    27.9     7.7    17.8    17.6     0.0    26.27 R    46.5     4.9    20.6 -9999.0 -9999.0 -9999.0 -99.000 -99.000 -99.000 -99.000 -99.000 -9999.0 -9999.0 -9999.0 -9999.0 -9999.0
04236 20070703  1.302 -123.33   44.42    28.8    10.1    19.4    19.8     0.0    29.35 R    46.0     7.4    23.3 -9999.0 -9999.0 -9999.0 -99.000 -99.000 -99.000 -99.000 -99.000 -9999.0 -9999.0 -9999.0 -9999.0 -9999.0
04236 20070704  1.302 -123.33   44.42    31.6    10.4    21.0    21.6     0.0    30.12 R    48.9     8.0    25.1 -9999.0 -9999.0 -9999.0 -99.000 -99.000 -99.000 -99.000 -99.000 -9999.0 -9999.0 -9999.0 -9999.0 -9999.0
04236 20070705  1.302 -123.33   44.42    31.2    12.2    21.7    21.1     0.0    29.53 R    48.2     9.2    24.7 -9999.0 -9999.0 -9999.0 -99.000 -99.000 -99.000 -99.000 -99.000 -9999.0 -9999.0 -9999.0 -9999.0 -9999.0
04236 20070706  1.302 -123.33   44.42    29.4     8.5    18.9    19.4     0.0    30.23 R    47.0     5.2    23.0 -9999.0 -9999.0 -9999.0 -99.000 -99.000 -99.000 -99.000 -99.000 -9999.0 -9999.0 -9999.0 -9999.0 -9999.0
04236 20070707  1.302 -123.33   44.42    27.8     9.1    18.5    18.5     0.0    30.28 R    44.0     6.1    22.0 -9999.0 -9999.0 -9999.0 -99.000 -99.000 -99.000 -99.000 -99.000 -9999.0 -9999.0 -9999.0 -9999.0 -9999.0
04236 20070708  1.302 -123.33   44.42    29.7     8.1    18.9    19.7     0.0    30.26 R    46.5     5.5    23.6 -9999.0 -9999.0 -9999.0 -99.000 -99.000 -99.000 -99.000 -99.000 -9999.0 -9999.0 -9999.0 -9999.0 -9999.0
04236 20070709  1.302 -123.33   44.42    29.8    15.2    22.5    22.8     0.0    30.17 R    45.2    12.4    25.8 -9999.0 -9999.0 -9999.0 -99.000 -99.000 -99.000 -99.000 -99.000 -9999.0 -9999.0 -9999.0 -9999.0 -9999.0
04236 20070710  1.302 -123.33   44.42    37.8    13.3    25.5    25.8     0.0    28.98 R    52.4     9.9    28.5 -9999.0 -9999.0 -9999.0 -99.000 -99.000 -99.000 -99.000 -99.000 -9999.0 -9999.0 -9999.0 -9999.0 -9999.0
04236 20070711  1.302 -123.33   44.42    29.6    15.8    22.7    21.7     0.0    20.58 R    46.3    14.7    25.0 -9999.0 -9999.0 -9999.0 -99.000 -99.000 -99.000 -99.000 -99.000 -9999.0 -9999.0 -9999.0 -9999.0 -9999.0
04236 20070712  1.302 -123.33   44.42    29.1    12.7    20.9    20.2     0.0    28.38 R    46.9    10.6    24.3 -9999.0 -9999.0 -9999.0 -99.000 -99.000 -99.000 -99.000 -99.000 -9999.0 -9999.0 -9999.0 -9999.0 -9999.0
04236 20070713  1.302 -123.33   44.42    29.5    10.3    19.9    19.5     0.0    26.88 R    46.1     8.3    23.3 -9999.0 -9999.0 -9999.0 -99.000 -99.000 -99.000 -99.000 -99.000 -9999.0 -9999.0 -9999.0 -9999.0 -9999.0
04236 20070714  1.302 -123.33   44.42    31.0    13.0    22.0    20.6     0.0    21.26 R    48.6    10.6    23.8 -9999.0 -9999.0 -9999.0 -99.000 -99.000 -99.000 -99.000 -99.000 -9999.0 -9999.0 -9999.0 -9999.0 -9999.0
04236 20070715  1.302 -123.33   44.42    27.2    14.0    20.6    20.1     0.0    19.57 R    46.0    11.1    23.4 -9999.0 -9999.0 -9999.0 -99.000 -99.000 -99.000 -99.000 -99.000 -9999.0 -9999.0 -9999.0 -9999.0 -9999.0
04236 20070716  1.302 -123.33   44.42    25.3    15.3    20.3    18.9     0.0    18.72 R    45.5    14.7    22.5 -9999.0 -9999.0 -9999.0 -99.000 -99.000 -99.000 -99.000 -99.000 -9999.0 -9999.0 -9999.0 -9999.0 -9999.0
04236 20070717  1.302 -123.33   44.42    19.9    14.0    16.9    16.4     3.0     8.62 R    24.9    13.1    17.1 -9999.0 -9999.0 -9999.0 -99.000 -99.000 -99.000 -99.000 -99.000 -9999.0 -9999.0 -9999.0 -9999.0 -9999.0
04236 20070718  1.302 -123.33   44.42    22.6    14.1    18.4    17.6     4.0    17.11 R    35.4    11.6    19.0 -9999.0 -9999.0 -9999.0 -99.000 -99.000 -99.000 -99.000 -99.000 -9999.0 -9999.0 -9999.0 -9999.0 -9999.0
04236 20070719  1.302 -123.33   44.42    24.8    12.3    18.5    17.8     0.4    21.30 R    42.9     9.5    20.0 -9999.0 -9999.0 -9999.0 -99.000 -99.000 -99.000 -99.000 -99.000 -9999.0 -9999.0 -9999.0 -9999.0 -9999.0
04236 20070720  1.302 -123.33   44.42    22.8    13.5    18.2    17.8     0.0     9.99 R    31.5    12.0    19.1 -9999.0 -9999.0 -9999.0 -99.000 -99.000 -99.000 -99.000 -99.000 -9999.0 -9999.0 -9999.0 -9999.0 -9999.0
04236 20070721  1.302 -123.33   44.42    25.9    16.3    21.1    20.0     0.0    12.74 R    43.2    15.0    21.6 -9999.0 -9999.0 -9999.0 -99.000 -99.000 -99.000 -99.000 -99.000 -9999.0 -9999.0 -9999.0 -9999.0 -9999.0
04236 20070722  1.302 -123.33   44.42    29.8    15.8    22.8    21.3     0.0    19.17 R    50.0    13.7    24.8 -9999.0 -9999.0 -9999.0 -99.000 -99.000 -99.000 -99.000 -99.000 -9999.0 -9999.0 -9999.0 -9999.0 -9999.0
04236 20070723  1.302 -123.33   44.42    26.6    15.6    21.1    20.4     0.0    14.63 R    49.4    13.8    23.6 -9999.0 -9999.0 -9999.0 -99.000 -99.000 -99.000 -99.000 -99.000 -9999.0 -9999.0 -9999.0 -9999.0 -9999.0
04236 20070724  1.302 -123.33   44.42    25.5    15.0    20.3    19.6     0.0    29.18 R    43.6    12.2    23.7 -9999.0 -9999.0 -9999.0 -99.000 -99.000 -99.000 -99.000 -99.000 -9999.0 -9999.0 -9999.0 -9999.0 -9999.0
04236 20070725  1.302 -123.33   44.42    29.0    10.1    19.5    19.6     0.0    28.97 R    47.5     6.7    23.3 -9999.0 -9999.0 -9999.0 -99.000 -99.000 -99.000 -99.000 -99.000 -9999.0 -9999.0 -9999.0 -9999.0 -9999.0
04236 20070726  1.302 -123.33   44.42    25.2     9.6    17.4    17.0     0.0    20.31 R    43.9     7.2    20.3 -9999.0 -9999.0 -9999.0 -99.000 -99.000 -99.000 -99.000 -99.000 -9999.0 -9999.0 -9999.0 -9999.0 -9999.0
04236 20070727  1.302 -123.33   44.42    29.2     9.3    19.3    18.7     0.0    27.32 R    48.5     6.7    23.0 -9999.0 -9999.0 -9999.0 -99.000 -99.000 -99.000 -99.000 -99.000 -9999.0 -9999.0 -9999.0 -9999.0 -9999.0
04236 20070728  1.302 -123.33   44.42    26.9    10.6    18.7    17.9     0.0    20.56 R    44.8     7.9    21.2 -9999.0 -9999.0 -9999.0 -99.000 -99.000 -99.000 -99.000 -99.000 -9999.0 -9999.0 -9999.0 -9999.0 -9999.0
04236 20070729  1.302 -123.33   44.42    23.4    12.9    18.1    17.9     0.0    13.69 R    41.7    10.3    20.2 -9999.0 -9999.0 -9999.0 -99.000 -99.000 -99.000 -99.000 -99.000 -9999.0 -9999.0 -9999.0 -9999.0 -9999.0
04236 20070730  1.302 -123.33   44.42    26.1     9.9    18.0    19.1     0.0    28.62 R    43.7     6.3    22.9 -9999.0 -9999.0 -9999.0 -99.000 -99.000 -99.000 -99.000 -99.000 -9999.0 -9999.0 -9999.0 -9999.0 -9999.0
04236 20070731  1.302 -123.33   44.42    31.2     9.8    20.5    21.9     0.0    28.75 R    47.4     6.4    24.5 -9999.0 -9999.0 -9999.0 -99.000 -99.000 -99.000 -99.000 -99.000 -9999.0 -9999.0 -9999.0 -9999.0 -9999.0
04236 20070801  1.302 -123.33   44.42    34.3    11.2    22.7    23.9     0.0    28.24 R    51.3     7.3    26.7 -9999.0 -9999.0 -9999.0 -99.000 -99.000 -99.000 -99.000 -99.000 -9999.0 -9999.0 -9999.0 -9999.0 -9999.0
04236 20070802  1.302 -123.33   44.42    33.1    11.2    22.2    21.5     0.0    27.54 R    51.7     8.3    25.0 -9999.0 -9999.0 -9999.0 -99.000 -99.000 -99.000 -99.000 -99.000 -9999.0 -9999.0 -9999.0 -9999.0 -9999.0
04236 20070803  1.302 -123.33   44.42    25.7     9.0    17.3    17.4     0.0    20.54 R    46.3     6.3    20.8 -9999.0 -9999.0 -9999.0 -99.000 -99.000 -99.000 -99.000 -99.000 -9999.0 -9999.0 -9999.0 -9999.0 -9999.0
04236 20070804  1.302 -123.33   44.42    26.5    10.7    18.6    18.9     0.0    26.41 R    45.4     7.9    23.5 -9999.0 -9999.0 -9999.0 -99.000 -99.000 -99.000 -99.000 -99.000 -9999.0 -9999.0 -9999.0 -9999.0 -9999.0
04236 20070805  1.302 -123.33   44.42    24.7     8.8    16.7    17.2     0.0    21.45 R    48.4     6.5    20.7 -9999.0 -9999.0 -9999.0 -99.000 -99.000 -99.000 -99.000 -99.000 -9999.0 -9999.0 -9999.0 -9999.0 -9999.0
04236 20070806  1.302 -123.33   44.42    23.4    11.0    17.2    16.5     0.0    12.90 R    40.9     8.5    19.1 -9999.0 -9999.0 -9999.0 -99.000 -99.000 -99.000 -99.000 -99.000 -9999.0 -9999.0 -9999.0 -9999.0 -9999.0
04236 20070807  1.302 -123.33   44.42    22.3    10.7    16.5    16.1     0.0    11.46 R    36.8     7.8    18.3 -9999.0 -9999.0 -9999.0 -99.000 -99.000 -99.000 -99.000 -99.000 -9999.0 -9999.0 -9999.0 -9999.0 -9999.0
04236 20070808  1.302 -123.33   44.42    23.9    10.3    17.1    17.4     0.0    18.94 R    45.3     7.7    20.5 -9999.0 -9999.0 -9999.0 -99.000 -99.000 -99.000 -99.000 -99.000 -9999.0 -9999.0 -9999.0 -9999.0 -9999.0
04236 20070809  1.302 -123.33   44.42    24.0     8.7    16.3    17.2     0.0    20.88 R    48.4     6.2    20.8 -9999.0 -9999.0 -9999.0 -99.000 -99.000 -99.000 -99.000 -99.000 -9999.0 -9999.0 -9999.0 -9999.0 -9999.0
04236 20070810  1.302 -123.33   44.42    24.8     6.4    15.6    16.6     0.0    26.94 R    43.5     3.3    19.9 -9999.0 -9999.0 -9999.0 -99.000 -99.000 -99.000 -99.000 -99.000 -9999.0 -9999.0 -9999.0 -9999.0 -9999.0
04236 20070811  1.302 -123.33   44.42    27.1     7.4    17.2    17.0     0.0    27.06 R    45.5     4.4    20.1 -9999.0 -9999.0 -9999.0 -99.000 -99.000 -99.000 -99.000 -99.000 -9999.0 -9999.0 -9999.0 -9999.0 -9999.0
04236 20070812  1.302 -123.33   44.42    21.3     6.2    13.8    14.3     0.0    18.68 R    41.7     3.2    16.8 -9999.0 -9999.0 -9999.0 -99.000 -99.000 -99.000 -99.000 -99.000 -9999.0 -9999.0 -9999.0 -9999.0 -9999.0
04236 20070813  1.302 -123.33   44.42    28.2     9.0    18.6    18.3     0.0    24.27 R    45.6     6.2    22.1 -9999.0 -9999.0 -9999.0 -99.000 -99.000 -99.000 -99.000 -99.000 -9999.0 -9999.0 -9999.0 -9999.0 -9999.0
04236 20070814  1.302 -123.33   44.42    31.7     9.3    20.5    20.0     0.0    25.67 R    48.9     6.6    23.4 -9999.0 -9999.0 -9999.0 -99.000 -99.000 -99.000 -99.000 -99.000 -9999.0 -9999.0 -9999.0 -9999.0 -9999.0
04236 20070815  1.302 -123.33   44.42    29.0    10.5    19.8    18.9     0.0    24.85 R    47.6     8.0    22.4 -9999.0 -9999.0 -9999.0 -99.000 -99.000 -99.000 -99.000 -99.000 -9999.0 -9999.0 -9999.0 -9999.0 -9999.0
04236 20070816  1.302 -123.33   44.42    25.4    10.9    18.1    17.7     0.0    14.14 R    43.7     8.0    19.7 -9999.0 -9999.0 -9999.0 -99.000 -99.000 -99.000 -99.000 -99.000 -9999.0 -9999.0 -9999.0 -9999.0 -9999.0
04236 20070817  1.302 -123.33   44.42    25.2     9.1    17.1    16.6     0.0    19.63 R    45.4     6.4    19.0 -9999.0 -9999.0 -9999.0 -99.000 -99.000 -99.000 -99.000 -99.000 -9999.0 -9999.0 -9999.0 -9999.0 -9999.0
04236 20070818  1.302 -123.33   44.42    23.5    10.3    16.9    16.6     1.7    15.00 R    41.7     7.5    19.1 -9999.0 -9999.0 -9999.0 -99.000 -99.000 -99.000 -99.000 -99.000 -9999.0 -9999.0 -9999.0 -9999.0 -9999.0
04236 20070819  1.302 -123.33   44.42    20.3    12.9    16.6    16.0    12.0    13.30 R    35.6    13.0    17.9 -9999.0 -9999.0 -9999.0 -99.000 -99.000 -99.000 -99.000 -99.000 -9999.0 -9999.0 -9999.0 -9999.0 -9999.0
04236 20070820  1.302 -123.33   44.42    19.2    15.9    17.5    17.1     2.6     5.34 R    25.5    14.8    17.5 -9999.0 -9999.0 -9999.0 -99.000 -99.000 -99.000 -99.000 -99.000 -9999.0 -9999.0 -9999.0 -9999.0 -9999.0
04236 20070821  1.302 -123.33   44.42    24.9    13.6    19.3    18.5     0.0    19.05 R    44.4    10.7    21.3 -9999.0 -9999.0 -9999.0 -99.000 -99.000 -99.000 -99.000 -99.000 -9999.0 -9999.0 -9999.0 -9999.0 -9999.0
04236 20070822  1.302 -123.33   44.42    24.5    10.2    17.4    17.7     0.0    21.82 R    49.1     8.0    21.0 -9999.0 -9999.0 -9999.0 -99.000 -99.000 -99.000 -99.000 -99.000 -9999.0 -9999.0 -9999.0 -9999.0 -9999.0
04236 20070823  1.302 -123.33   44.42    28.4     9.0    18.7    19.4     0.0    24.39 R    46.1     6.9    22.6 -9999.0 -9999.0 -9999.0 -99.000 -99.000 -99.000 -99.000 -99.000 -9999.0 -9999.0 -9999.0 -9999.0 -9999.0
04236 20070824  1.302 -123.33   44.42    29.9    11.0    20.5    20.5     0.0    24.50 R    48.0     8.2    23.5 -9999.0 -9999.0 -9999.0 -99.000 -99.000 -99.000 -99.000 -99.000 -9999.0 -9999.0 -9999.0 -9999.0 -9999.0
04236 20070825  1.302 -123.33   44.42    27.3     9.9    18.6    17.8     0.0    21.07 R    46.0     7.3    21.3 -9999.0 -9999.0 -9999.0 -99.000 -99.000 -99.000 -99.000 -99.000 -9999.0 -9999.0 -9999.0 -9999.0 -9999.0
04236 20070826  1.302 -123.33   44.42    23.3    13.0    18.1    18.0     0.0    17.25 R    46.9     8.8    20.9 -9999.0 -9999.0 -9999.0 -99.000 -99.000 -99.000 -99.000 -99.000 -9999.0 -9999.0 -9999.0 -9999.0 -9999.0
04236 20070827  1.302 -123.33   44.42    25.1     9.3    17.2    18.2     0.0    23.65 R    43.8     6.2    20.8 -9999.0 -9999.0 -9999.0 -99.000 -99.000 -99.000 -99.000 -99.000 -9999.0 -9999.0 -9999.0 -9999.0 -9999.0
04236 20070828  1.302 -123.33   44.42    29.9     8.9    19.4    20.6     0.0    23.51 R    47.4     5.9    22.5 -9999.0 -9999.0 -9999.0 -99.000 -99.000 -99.000 -99.000 -99.000 -9999.0 -9999.0 -9999.0 -9999.0 -9999.0
04236 20070829  1.302 -123.33   44.42    33.4    10.3    21.9    21.5     0.0    23.13 R    50.0     7.2    24.4 -9999.0 -9999.0 -9999.0 -99.000 -99.000 -99.000 -99.000 -99.000 -9999.0 -9999.0 -9999.0 -9999.0 -9999.0
04236 20070830  1.302 -123.33   44.42    32.1    11.2    21.7    21.1     0.0    22.84 R    50.9     8.7    24.4 -9999.0 -9999.0 -9999.0 -99.000 -99.000 -99.000 -99.000 -99.000 -9999.0 -9999.0 -9999.0 -9999.0 -9999.0
04236 20070831  1.302 -123.33   44.42    25.6     9.9    17.7    18.0     0.0    20.16 R    49.3     7.4    20.9 -9999.0 -9999.0 -9999.0 -99.000 -99.000 -99.000 -99.000 -99.000 -9999.0 -9999.0 -9999.0 -9999.0 -9999.0
04236 20070901  1.302 -123.33   44.42    28.0    10.4    19.2    18.1     0.0    21.75 R    45.4     7.2    21.2 -9999.0 -9999.0 -9999.0 -99.000 -99.000 -99.000 -99.000 -99.000 -9999.0 -9999.0 -9999.0 -9999.0 -9999.0
04236 20070902  1.302 -123.33   44.42    28.4     7.3    17.9    17.9     0.0    22.57 R    46.3     4.4    20.6 -9999.0 -9999.0 -9999.0 -99.000 -99.000 -99.000 -99.000 -99.000 -9999.0 -9999.0 -9999.0 -9999.0 -9999.0
04236 20070903  1.302 -123.33   44.42    30.8    10.2    20.5    19.6     1.0    19.25 R    50.0     7.6    22.7 -9999.0 -9999.0 -9999.0 -99.000 -99.000 -99.000 -99.000 -99.000 -9999.0 -9999.0 -9999.0 -9999.0 -9999.0
04236 20070904  1.302 -123.33   44.42    22.9    12.5    17.7    17.3     4.5    13.86 R    41.5    10.1    19.0 -9999.0 -9999.0 -9999.0 -99.000 -99.000 -99.000 -99.000 -99.000 -9999.0 -9999.0 -9999.0 -9999.0 -9999.0
04236 20070905  1.302 -123.33   44.42    25.8    10.2    18.0    18.0     0.0    21.22 R    42.9     8.0    21.1 -9999.0 -9999.0 -9999.0 -99.000 -99.000 -99.000 -99.000 -99.000 -9999.0 -9999.0 -9999.0 -9999.0 -9999.0
04236 20070906  1.302 -123.33   44.42    25.2     9.8    17.5    17.5     0.0    19.78 R    41.6     7.3    19.6 -9999.0 -9999.0 -9999.0 -99.000 -99.000 -99.000 -99.000 -99.000 -9999.0 -9999.0 -9999.0 -9999.0 -9999.0
04236 20070907  1.302 -123.33   44.42    24.3     6.2    15.3    16.4     0.0    22.21 R    41.7     3.4    18.5 -9999.0 -9999.0 -9999.0 -99.000 -99.000 -99.000 -99.000 -99.000 -9999.0 -9999.0 -9999.0 -9999.0 -9999.0
04236 20070908  1.302 -123.33   44.42    28.0     8.5    18.3    19.8     0.0    21.91 R    43.8     4.9    20.7 -9999.0 -9999.0 -9999.0 -99.000 -99.000 -99.000 -99.000 -99.000 -9999.0 -9999.0 -9999.0 -9999.0 -9999.0
04236 20070909  1.302 -123.33   44.42    31.4     7.1    19.3    21.8     0.0    22.34 R    47.1     2.6    22.2 -9999.0 -9999.0 -9999.0 -99.000 -99.000 -99.000 -99.000 -99.000 -9999.0 -9999.0 -9999.0 -9999.0 -9999.0
04236 20070910  1.302 -123.33   44.42    34.2     7.8    21.0    21.9     0.0    22.06 R    50.4     3.9    23.0 -9999.0 -9999.0 -9999.0 -99.000 -99.000 -99.000 -99.000 -99.000 -9999.0 -9999.0 -9999.0 -9999.0 -9999.0
04236 20070911  1.302 -123.33   44.42    30.5     7.8    19.2    17.5     0.0    21.44 R    47.6     4.0    19.9 -9999.0 -9999.0 -9999.0 -99.000 -99.000 -99.000 -99.000 -99.000 -9999.0 -9999.0 -9999.0 -9999.0 -9999.0
04236 20070912  1.302 -123.33   44.42    24.7     5.9    15.3    13.9     0.0    17.13 R    39.5     3.0    16.6 -9999.0 -9999.0 -9999.0 -99.000 -99.000 -99.000 -99.000 -99.000 -9999.0 -9999.0 -9999.0 -9999.0 -9999.0
04236 20070913  1.302 -123.33   44.42    16.8     8.8    12.8    13.7     0.0     3.38 R    22.3     6.5    14.7 -9999.0 -9999.0 -9999.0 -99.000 -99.000 -99.000 -99.000 -99.000 -9999.0 -9999.0 -9999.0 -9999.0 -9999.0
04236 20070914  1.302 -123.33   44.42    21.3     9.6    15.5    15.5     0.0     8.87 R    39.6     7.0    17.4 -9999.0 -9999.0 -9999.0 -99.000 -99.000 -99.000 -99.000 -99.000 -9999.0 -9999.0 -9999.0 -9999.0 -9999.0
04236 20070915  1.302 -123.33   44.42    21.4     9.2    15.3    15.0     0.0    11.35 R    40.4     6.8    17.0 -9999.0 -9999.0 -9999.0 -99.000 -99.000 -99.000 -99.000 -99.000 -9999.0 -9999.0 -9999.0 -9999.0 -9999.0
04236 20070916  1.302 -123.33   44.42    18.3    11.8    15.1    14.6     2.7     4.58 R    25.9    12.1    15.6 -9999.0 -9999.0 -9999.0 -99.000 -99.000 -99.000 -99.000 -99.000 -9999.0 -9999.0 -9999.0 -9999.0 -9999.0
04236 20070917  1.302 -123.33   44.42    19.4     9.9    14.6    14.7     0.0     9.58 R    35.4     8.6    15.4 -9999.0 -9999.0 -9999.0 -99.000 -99.000 -99.000 -99.000 -99.000 -9999.0 -9999.0 -9999.0 -9999.0 -9999.0
04236 20070918  1.302 -123.33   44.42    18.4     7.7    13.1    13.1     0.0    11.60 R    38.8     5.8    15.0 -9999.0 -9999.0 -9999.0 -99.000 -99.000 -99.000 -99.000 -99.000 -9999.0 -9999.0 -9999.0 -9999.0 -9999.0
04236 20070919  1.302 -123.33   44.42    21.0     9.9    15.4    14.9     0.0    18.47 R    36.1     6.5    16.6 -9999.0 -9999.0 -9999.0 -99.000 -99.000 -99.000 -99.000 -99.000 -9999.0 -9999.0 -9999.0 -9999.0 -9999.0
04236 20070920  1.302 -123.33   44.42    22.9     5.0    13.9    14.5     0.0    16.32 R    40.2     1.9    16.1 -9999.0 -9999.0 -9999.0 -99.000 -99.000 -99.000 -99.000 -99.000 -9999.0 -9999.0 -9999.0 -9999.0 -9999.0
04236 20070921  1.302 -123.33   44.42    23.4     7.7    15.5    15.0     0.0    15.08 R    38.0     4.2    16.5 -9999.0 -9999.0 -9999.0 -99.000 -99.000 -99.000 -99.000 -99.000 -9999.0 -9999.0 -9999.0 -9999.0 -9999.0
04236 20070922  1.302 -123.33   44.42    20.9     5.4    13.2    13.9     0.0    17.68 R    35.7     1.9    15.8 -9999.0 -9999.0 -9999.0 -99.000 -99.000 -99.000 -99.000 -99.000 -9999.0 -9999.0 -9999.0 -9999.0 -9999.0
04236 20070923  1.302 -123.33   44.42    19.4     2.8    11.1    10.3     0.0    14.59 R    40.9    -0.1    11.4 -9999.0 -9999.0 -9999.0 -99.000 -99.000 -99.000 -99.000 -99.000 -9999.0 -9999.0 -9999.0 -9999.0 -9999.0
04236 20070924  1.302 -123.33   44.42    21.1     2.0    11.6    11.3     0.0    18.92 R    36.6    -1.0    13.2 -9999.0 -9999.0 -9999.0 -99.000 -99.000 -99.000 -99.000 -99.000 -9999.0 -9999.0 -9999.0 -9999.0 -9999.0
04236 20070925  1.302 -123.33   44.42    22.8     3.8    13.3    13.2     0.0    18.21 R    38.3     0.6    15.2 -9999.0 -9999.0 -9999.0 -99.000 -99.000 -99.000 -99.000 -99.000 -9999.0 -9999.0 -9999.0 -9999.0 -9999.0
04236 20070926  1.302 -123.33   44.42    22.8     7.0    14.9    15.2     0.0    18.28 R    36.8     3.3    16.3 -9999.0 -9999.0 -9999.0 -99.000 -99.000 -99.000 -99.000 -99.000 -9999.0 -9999.0 -9999.0 -9999.0 -9999.0
04236 20070927  1.302 -123.33   44.42    26.0     6.5    16.2    14.7     0.0    17.59 R    40.6     3.6    16.6 -9999.0 -9999.0 -9999.0 -99.000 -99.000 -99.000 -99.000 -99.000 -9999.0 -9999.0 -9999.0 -9999.0 -9999.0
04236 20070928  1.302 -123.33   44.42    14.7     5.4    10.0    10.2    11.7    12.42 R    25.8     2.6    10.9 -9999.0 -9999.0 -9999.0 -99.000 -99.000 -99.000 -99.000 -99.000 -9999.0 -9999.0 -9999.0 -9999.0 -9999.0
04236 20070929  1.302 -123.33   44.42    15.3     6.2    10.8    10.4     1.5     7.92 R    19.2     3.9    10.8 -9999.0 -9999.0 -9999.0 -99.000 -99.000 -99.000 -99.000 -99.000 -9999.0 -9999.0 -9999.0 -9999.0 -9999.0
04236 20070930  1.302 -123.33   44.42    11.8     8.8    10.3    10.4    27.6     2.21 R    12.8     7.4    10.1 -9999.0 -9999.0 -9999.0 -99.000 -99.000 -99.000 -99.000 -99.000 -9999.0 -9999.0 -9999.0 -9999.0 -9999.0
04236 20071001  1.302 -123.33   44.42    17.9     7.0    12.5    11.8     1.2    10.88 R    27.5     5.0    12.2 -9999.0 -9999.0 -9999.0 -99.000 -99.000 -99.000 -99.000 -99.000 -9999.0 -9999.0 -9999.0 -9999.0 -9999.0
04236 20071002  1.302 -123.33   44.42    15.9     7.5    11.7    12.0     5.8     5.52 R    20.9     5.0    12.0 -9999.0 -9999.0 -9999.0 -99.000 -99.000 -99.000 -99.000 -99.000 -9999.0 -9999.0 -9999.0 -9999.0 -9999.0
04236 20071003  1.302 -123.33   44.42    16.4     7.3    11.8    11.6     3.1    13.07 R    29.9     4.6    12.2 -9999.0 -9999.0 -9999.0 -99.000 -99.000 -99.000 -99.000 -99.000 -9999.0 -9999.0 -9999.0 -9999.0 -9999.0
04236 20071004  1.302 -123.33   44.42    13.3     4.8     9.1     8.7     5.2    12.86 R    27.2     2.9    10.0 -9999.0 -9999.0 -9999.0 -99.000 -99.000 -99.000 -99.000 -99.000 -9999.0 -9999.0 -9999.0 -9999.0 -9999.0
04236 20071005  1.302 -123.33   44.42    14.9     3.7     9.3     8.5     0.0    12.89 R    28.7     1.4     9.9 -9999.0 -9999.0 -9999.0 -99.000 -99.000 -99.000 -99.000 -99.000 -9999.0 -9999.0 -9999.0 -9999.0 -9999.0
04236 20071006  1.302 -123.33   44.42    14.2     4.5     9.4     9.9     0.0     4.50 R    17.6     2.4    10.3 -9999.0 -9999.0 -9999.0 -99.000 -99.000 -99.000 -99.000 -99.000 -9999.0 -9999.0 -9999.0 -9999.0 -9999.0
04236 20071007  1.302 -123.33   44.42    18.5    10.7    14.6    13.8     1.2    10.15 R    32.5     8.1    14.7 -9999.0 -9999.0 -9999.0 -99.000 -99.000 -99.000 -99.000 -99.000 -9999.0 -9999.0 -9999.0 -9999.0 -9999.0
04236 20071008  1.302 -123.33   44.42    13.5     8.9    11.2    11.3     1.4     6.31 R    19.3     7.7    12.3 -9999.0 -9999.0 -9999.0 -99.000 -99.000 -99.000 -99.000 -99.000 -9999.0 -9999.0 -9999.0 -9999.0 -9999.0
04236 20071009  1.302 -123.33   44.42    13.9     8.7    11.3    11.5     4.5     2.03 R    18.3     7.8    11.9 -9999.0 -9999.0 -9999.0 -99.000 -99.000 -99.000 -99.000 -99.000 -9999.0 -9999.0 -9999.0 -9999.0 -9999.0
04236 20071010  1.302 -123.33   44.42    15.9     4.5    10.2    11.0     0.4     7.07 R    24.7     2.1    10.6 -9999.0 -9999.0 -9999.0 -99.000 -99.000 -99.000 -99.000 -99.000 -9999.0 -9999.0 -9999.0 -9999.0 -9999.0
04236 20071011  1.302 -123.33   44.42    12.5     4.8     8.6     9.2     0.5     5.40 R    21.1     2.2    10.1 -9999.0 -9999.0 -9999.0 -99.000 -99.000 -99.000 -99.000 -99.000 -9999.0 -9999.0 -9999.0 -9999.0 -9999.0
04236 20071012  1.302 -123.33   44.42    15.3     6.7    11.0    10.8     0.0     7.96 R    24.6     4.0    11.5 -9999.0 -9999.0 -9999.0 -99.000 -99.000 -99.000 -99.000 -99.000 -9999.0 -9999.0 -9999.0 -9999.0 -9999.0
04236 20071013  1.302 -123.33   44.42    15.7     5.7    10.7     9.5     0.0     8.35 R    27.9     3.5    10.3 -9999.0 -9999.0 -9999.0 -99.000 -99.000 -99.000 -99.000 -99.000 -9999.0 -9999.0 -9999.0 -9999.0 -9999.0
04236 20071014  1.302 -123.33   44.42    18.6     4.9    11.7    10.2     0.0     9.82 R    30.6     3.0    11.8 -9999.0 -9999.0 -9999.0 -99.000 -99.000 -99.000 -99.000 -99.000 -9999.0 -9999.0 -9999.0 -9999.0 -9999.0
04236 20071015  1.302 -123.33   44.42    16.4     8.0    12.2    11.6     0.0     5.59 R    26.2     5.2    12.0 -9999.0 -9999.0 -9999.0 -99.000 -99.000 -99.000 -99.000 -99.000 -9999.0 -9999.0 -9999.0 -9999.0 -9999.0
04236 20071016  1.302 -123.33   44.42    13.1     7.5    10.3     9.9     6.4     5.93 R    19.7     4.3     9.8 -9999.0 -9999.0 -9999.0 -99.000 -99.000 -99.000 -99.000 -99.000 -9999.0 -9999.0 -9999.0 -9999.0 -9999.0
04236 20071017  1.302 -123.33   44.42    12.5     5.2     8.9     8.8     5.9     8.80 R    21.2     1.9     9.0 -9999.0 -9999.0 -9999.0 -99.000 -99.000 -99.000 -99.000 -99.000 -9999.0 -9999.0 -9999.0 -9999.0 -9999.0
04236 20071018  1.302 -123.33   44.42    18.7     7.9    13.3    12.8    40.2     5.79 R    23.5     7.6    12.7 -9999.0 -9999.0 -9999.0 -99.000 -99.000 -99.000 -99.000 -99.000 -9999.0 -9999.0 -9999.0 -9999.0 -9999.0
04236 20071019  1.302 -123.33   44.42    15.5     7.3    11.4    11.0    16.1     4.50 R    18.9     5.6    10.7 -9999.0 -9999.0 -9999.0 -99.000 -99.000 -99.000 -99.000 -99.000 -9999.0 -9999.0 -9999.0 -9999.0 -9999.0
04236 20071020  1.302 -123.33   44.42    12.4     6.4     9.4     9.0     4.9     4.29 R    17.2     3.7     8.6 -9999.0 -9999.0 -9999.0 -99.000 -99.000 -99.000 -99.000 -99.000 -9999.0 -9999.0 -9999.0 -9999.0 -9999.0
04236 20071021  1.302 -123.33   44.42    14.5     5.1     9.8     9.8     0.0     8.07 R    22.6     2.5     9.9 -9999.0 -9999.0 -9999.0 -99.000 -99.000 -99.000 -99.000 -99.000 -9999.0 -9999.0 -9999.0 -9999.0 -9999.0
04236 20071022  1.302 -123.33   44.42    18.6     3.6    11.1    10.1     0.0    12.91 R    28.0     1.5    10.6 -9999.0 -9999.0 -9999.0 -99.000 -99.000 -99.000 -99.000 -99.000 -9999.0 -9999.0 -9999.0 -9999.0 -9999.0
04236 20071023  1.302 -123.33   44.42    22.6     5.2    13.9    12.4     0.0    12.73 R    30.7     2.6    12.3 -9999.0 -9999.0 -9999.0 -99.000 -99.000 -99.000 -99.000 -99.000 -9999.0 -9999.0 -9999.0 -9999.0 -9999.0
04236 20071024  1.302 -123.33   44.42    14.8     5.6    10.2     9.9     0.0     3.81 R    20.3     2.2     9.0 -9999.0 -9999.0 -9999.0 -99.000 -99.000 -99.000 -99.000 -99.000 -9999.0 -9999.0 -9999.0 -9999.0 -9999.0
04236 20071025  1.302 -123.33   44.42    13.1     3.5     8.3     8.8     0.0    12.94 R    23.3     0.5     8.1 -9999.0 -9999.0 -9999.0 -99.000 -99.000 -99.000 -99.000 -99.000 -9999.0 -9999.0 -9999.0 -9999.0 -9999.0
04236 20071026  1.302 -123.33   44.42    15.9     4.8    10.3    10.2     0.0    12.69 R    24.6    -0.4     8.5 -9999.0 -9999.0 -9999.0 -99.000 -99.000 -99.000 -99.000 -99.000 -9999.0 -9999.0 -9999.0 -9999.0 -9999.0
04236 20071027  1.302 -123.33   44.42    16.9     0.3     8.6     7.4     0.0    12.01 R    27.4    -2.8     6.8 -9999.0 -9999.0 -9999.0 -99.000 -99.000 -99.000 -99.000 -99.000 -9999.0 -9999.0 -9999.0 -9999.0 -9999.0
04236 20071028  1.302 -123.33   44.42    17.6    -0.5     8.6     7.6     0.0    11.23 R    26.0    -2.8     7.2 -9999.0 -9999.0 -9999.0 -99.000 -99.000 -99.000 -99.000 -99.000 -9999.0 -9999.0 -9999.0 -9999.0 -9999.0
04236 20071029  1.302 -123.33   44.42    12.6     3.2     7.9     8.5     0.5     4.21 R    20.8     0.7     8.2 -9999.0 -9999.0 -9999.0 -99.000 -99.000 -99.000 -99.000 -99.000 -9999.0 -9999.0 -9999.0 -9999.0 -9999.0
04236 20071030  1.302 -123.33   44.42    13.2     1.8     7.5     7.8     0.0     8.32 R    22.3    -1.5     6.7 -9999.0 -9999.0 -9999.0 -99.000 -99.000 -99.000 -99.000 -99.000 -9999.0 -9999.0 -9999.0 -9999.0 -9999.0
04236 20071031  1.302 -123.33   44.42    11.0    -0.3     5.3     5.2     0.0     6.62 R    20.6    -2.7     5.6 -9999.0 -9999.0 -9999.0 -99.000 -99.000 -99.000 -99.000 -99.000 -9999.0 -9999.0 -9999.0 -9999.0 -9999.0
04236 20071101  1.302 -123.33   44.42    13.2     1.4     7.3     7.1     0.0     7.68 R    23.9    -1.3     6.5 -9999.0 -9999.0 -9999.0 -99.000 -99.000 -99.000 -99.000 -99.000 -9999.0 -9999.0 -9999.0 -9999.0 -9999.0
04236 20071102  1.302 -123.33   44.42    12.4    -1.4     5.5     5.2     0.0    10.69 R    21.9    -4.4     4.6 -9999.0 -9999.0 -9999.0 -99.000 -99.000 -99.000 -99.000 -99.000 -9999.0 -9999.0 -9999.0 -9999.0 -9999.0
04236 20071103  1.302 -123.33   44.42    14.1    -1.3     6.4     5.4     0.0    10.01 R    22.8    -3.2     5.2 -9999.0 -9999.0 -9999.0 -99.000 -99.000 -99.000 -99.000 -99.000 -9999.0 -9999.0 -9999.0 -9999.0 -9999.0
04236 20071104  1.302 -123.33   44.42    11.9     1.3     6.6     5.6     0.0     4.46 R    19.8    -0.9     5.4 -9999.0 -9999.0 -9999.0 -99.000 -99.000 -99.000 -99.000 -99.000 -9999.0 -9999.0 -9999.0 -9999.0 -9999.0
04236 20071105  1.302 -123.33   44.42     9.6     1.6     5.6     7.0     0.0     2.16 R    13.8     0.1     7.8 -9999.0 -9999.0 -9999.0 -99.000 -99.000 -99.000 -99.000 -99.000 -9999.0 -9999.0 -9999.0 -9999.0 -9999.0
04236 20071106  1.302 -123.33   44.42     8.5     5.9     7.2     7.0     0.0     2.46 R    12.9     6.4     8.3 -9999.0 -9999.0 -9999.0 -99.000 -99.000 -99.000 -99.000 -99.000 -9999.0 -9999.0 -9999.0 -9999.0 -9999.0
04236 20071107  1.302 -123.33   44.42     7.6     4.2     5.9     5.7     0.0     2.51 R    11.7     4.8     7.1 -9999.0 -9999.0 -9999.0 -99.000 -99.000 -99.000 -99.000 -99.000 -9999.0 -9999.0 -9999.0 -9999.0 -9999.0
04236 20071108  1.302 -123.33   44.42    13.9     4.5     9.2     7.0     0.0     6.40 R    22.8     1.5     7.2 -9999.0 -9999.0 -9999.0 -99.000 -99.000 -99.000 -99.000 -99.000 -9999.0 -9999.0 -9999.0 -9999.0 -9999.0
04236 20071109  1.302 -123.33   44.42    12.6     6.0     9.3    10.2     1.2     1.91 R    16.0     3.0    10.1 -9999.0 -9999.0 -9999.0 -99.000 -99.000 -99.000 -99.000 -99.000 -9999.0 -9999.0 -9999.0 -9999.0 -9999.0
04236 20071110  1.302 -123.33   44.42    12.9     3.2     8.1     9.2     6.8     7.95 R    20.7    -0.1     9.0 -9999.0 -9999.0 -9999.0 -99.000 -99.000 -99.000 -99.000 -99.000 -9999.0 -9999.0 -9999.0 -9999.0 -9999.0
04236 20071111  1.302 -123.33   44.42    12.8     3.4     8.1     8.1     0.9     7.43 R    19.8     1.2     7.4 -9999.0 -9999.0 -9999.0 -99.000 -99.000 -99.000 -99.000 -99.000 -9999.0 -9999.0 -9999.0 -9999.0 -9999.0
04236 20071112  1.302 -123.33   44.42    14.1     6.3    10.2     9.9     6.2     1.01 R    13.0     3.8     8.8 -9999.0 -9999.0 -9999.0 -99.000 -99.000 -99.000 -99.000 -99.000 -9999.0 -9999.0 -9999.0 -9999.0 -9999.0
04236 20071113  1.302 -123.33   44.42    11.6     1.0     6.3     6.3     0.0     9.20 R    18.9    -2.0     5.5 -9999.0 -9999.0 -9999.0 -99.000 -99.000 -99.000 -99.000 -99.000 -9999.0 -9999.0 -9999.0 -9999.0 -9999.0
04236 20071114  1.302 -123.33   44.42     9.5    -1.1     4.2     4.9     0.3     5.58 R    15.2    -3.4     5.2 -9999.0 -9999.0 -9999.0 -99.000 -99.000 -99.000 -99.000 -99.000 -9999.0 -9999.0 -9999.0 -9999.0 -9999.0
04236 20071115  1.302 -123.33   44.42    14.1     8.3    11.2    12.0     1.9     1.64 R    14.4     6.9    11.1 -9999.0 -9999.0 -9999.0 -99.000 -99.000 -99.000 -99.000 -99.000 -9999.0 -9999.0 -9999.0 -9999.0 -9999.0
04236 20071116  1.302 -123.33   44.42    12.6    11.0    11.8    11.6    10.8     0.81 R    13.4    10.3    11.2 -9999.0 -9999.0 -9999.0 -99.000 -99.000 -99.000 -99.000 -99.000 -9999.0 -9999.0 -9999.0 -9999.0 -9999.0
04236 20071117  1.302 -123.33   44.42    15.7     6.8    11.2    11.4    16.4     2.34 R    16.8     5.7    10.9 -9999.0 -9999.0 -9999.0 -99.000 -99.000 -99.000 -99.000 -99.000 -9999.0 -9999.0 -9999.0 -9999.0 -9999.0
04236 20071118  1.302 -123.33   44.42     8.5     5.0     6.7     6.4    43.2     0.16 R     7.8     4.7     6.4 -9999.0 -9999.0 -9999.0 -99.000 -99.000 -99.000 -99.000 -99.000 -9999.0 -9999.0 -9999.0 -9999.0 -9999.0
04236 20071119  1.302 -123.33   44.42     9.7     2.2     5.9     5.7     2.5     5.80 R    16.1     0.1     6.0 -9999.0 -9999.0 -9999.0 -99.000 -99.000 -99.000 -99.000 -99.000 -9999.0 -9999.0 -9999.0 -9999.0 -9999.0
04236 20071120  1.302 -123.33   44.42     8.6     1.5     5.0     4.7     0.0     5.41 R    17.0     0.0     4.7 -9999.0 -9999.0 -9999.0 -99.000 -99.000 -99.000 -99.000 -99.000 -9999.0 -9999.0 -9999.0 -9999.0 -9999.0
04236 20071121  1.302 -123.33   44.42     8.9    -0.2     4.4     3.9     0.0     7.02 R    14.9    -3.5     2.4 -9999.0 -9999.0 -9999.0 -99.000 -99.000 -99.000 -99.000 -99.000 -9999.0 -9999.0 -9999.0 -9999.0 -9999.0
04236 20071122  1.302 -123.33   44.42     8.6    -3.7     2.4     1.5     0.0     8.73 R    14.7    -6.8    -0.1 -9999.0 -9999.0 -9999.0 -99.000 -99.000 -99.000 -99.000 -99.000 -9999.0 -9999.0 -9999.0 -9999.0 -9999.0
04236 20071123  1.302 -123.33   44.42     7.2    -5.0     1.1    -0.2     0.0     8.86 R    14.6    -8.4    -1.2 -9999.0 -9999.0 -9999.0 -99.000 -99.000 -99.000 -99.000 -99.000 -9999.0 -9999.0 -9999.0 -9999.0 -9999.0
04236 20071124  1.302 -123.33   44.42     4.3    -3.1     0.6    -0.1     0.0     3.14 R     8.7    -6.3    -0.6 -9999.0 -9999.0 -9999.0 -99.000 -99.000 -99.000 -99.000 -99.000 -9999.0 -9999.0 -9999.0 -9999.0 -9999.0
04236 20071125  1.302 -123.33   44.42     4.1    -5.3    -0.6    -2.0     0.0     5.37 R    11.7    -8.5    -2.8 -9999.0 -9999.0 -9999.0 -99.000 -99.000 -99.000 -99.000 -99.000 -9999.0 -9999.0 -9999.0 -9999.0 -9999.0
04236 20071126  1.302 -123.33   44.42     7.6    -2.5     2.5     1.6     6.0     1.04 R     6.2    -3.5     1.6 -9999.0 -9999.0 -9999.0 -99.000 -99.000 -99.000 -99.000 -99.000 -9999.0 -9999.0 -9999.0 -9999.0 -9999.0
04236 20071127  1.302 -123.33   44.42     8.6     0.3     4.5     4.0     0.9     3.96 R    16.7    -1.8     2.9 -9999.0 -9999.0 -9999.0 -99.000 -99.000 -99.000 -99.000 -99.000 -9999.0 -9999.0 -9999.0 -9999.0 -9999.0
04236 20071128  1.302 -123.33   44.42     7.7    -0.5     3.6     2.5     2.5     1.20 R     5.8    -2.0     2.6 -9999.0 -9999.0 -9999.0 -99.000 -99.000 -99.000 -99.000 -99.000 -9999.0 -9999.0 -9999.0 -9999.0 -9999.0
04236 20071129  1.302 -123.33   44.42     7.9    -2.0     3.0     4.2     3.7     4.58 R    12.8    -3.7     3.0 -9999.0 -9999.0 -9999.0 -99.000 -99.000 -99.000 -99.000 -99.000 -9999.0 -9999.0 -9999.0 -9999.0 -9999.0
04236 20071130  1.302 -123.33   44.42     3.4    -2.0     0.7     1.1     0.0     2.58 R     7.5    -3.7     1.8 -9999.0 -9999.0 -9999.0 -99.000 -99.000 -99.000 -99.000 -99.000 -9999.0 -9999.0 -9999.0 -9999.0 -9999.0
04236 20071201  1.302 -123.33   44.42     4.7     0.5     2.6     2.5    18.4     2.81 R     7.5    -0.1     2.4 -9999.0 -9999.0 -9999.0 -99.000 -99.000 -99.000 -99.000 -99.000 -9999.0 -9999.0 -9999.0 -9999.0 -9999.0
04236 20071202  1.302 -123.33   44.42    10.5     4.0     7.2     7.0    47.9     0.12 R     9.8     3.3     6.3 -9999.0 -9999.0 -9999.0 -99.000 -99.000 -99.000 -99.000 -99.000 -9999.0 -9999.0 -9999.0 -9999.0 -9999.0
04236 20071203  1.302 -123.33   44.42    13.1    10.3    11.7    12.3    68.3     0.45 R    13.3     9.3    11.7 -9999.0 -9999.0 -9999.0 -99.000 -99.000 -99.000 -99.000 -99.000 -9999.0 -9999.0 -9999.0 -9999.0 -9999.0
04236 20071204  1.302 -123.33   44.42    15.5     8.6    12.1    12.1     2.1     2.85 R    18.0     5.9    10.8 -9999.0 -9999.0 -9999.0 -99.000 -99.000 -99.000 -99.000 -99.000 -9999.0 -9999.0 -9999.0 -9999.0 -9999.0
04236 20071205  1.302 -123.33   44.42    10.6     8.5     9.5     9.4     1.5     1.55 R    14.2     7.3     9.7 -9999.0 -9999.0 -9999.0 -99.000 -99.000 -99.000 -99.000 -99.000 -9999.0 -9999.0 -9999.0 -9999.0 -9999.0
04236 20071206  1.302 -123.33   44.42    10.4     4.1     7.2     8.2     3.3     2.72 R    13.5     1.2     7.6 -9999.0 -9999.0 -9999.0 -99.000 -99.000 -99.000 -99.000 -99.000 -9999.0 -9999.0 -9999.0 -9999.0 -9999.0
04236 20071207  1.302 -123.33   44.42     8.8     3.3     6.0     6.3     3.3     3.36 R    14.5     0.8     6.2 -9999.0 -9999.0 -9999.0 -99.000 -99.000 -99.000 -99.000 -99.000 -9999.0 -9999.0 -9999.0 -9999.0 -9999.0
04236 20071208  1.302 -123.33   44.42     7.6    -1.7     3.0     3.6     0.0     6.05 R    12.7    -4.3     2.6 -9999.0 -9999.0 -9999.0 -99.000 -99.000 -99.000 -99.000 -99.000 -9999.0 -9999.0 -9999.0 -9999.0 -9999.0
04236 20071209  1.302 -123.33   44.42     3.0    -3.0     0.0     0.4     0.0     1.98 R     5.4    -5.6     0.0 -9999.0 -9999.0 -9999.0 -99.000 -99.000 -99.000 -99.000 -99.000 -9999.0 -9999.0 -9999.0 -9999.0 -9999.0
04236 20071210  1.302 -123.33   44.42     4.3    -2.5     0.9     1.8     0.0     1.57 R     7.1    -5.8     1.1 -9999.0 -9999.0 -9999.0 -99.000 -99.000 -99.000 -99.000 -99.000 -9999.0 -9999.0 -9999.0 -9999.0 -9999.0
04236 20071211  1.302 -123.33   44.42     1.5    -4.3    -1.4    -0.7     0.0     2.40 R     3.6    -7.0    -1.3 -9999.0 -9999.0 -9999.0 -99.000 -99.000 -99.000 -99.000 -99.000 -9999.0 -9999.0 -9999.0 -9999.0 -9999.0
04236 20071212  1.302 -123.33   44.42     7.8    -1.6     3.1     2.3     0.6     3.75 R    11.0    -3.7     2.5 -9999.0 -9999.0 -9999.0 -99.000 -99.000 -99.000 -99.000 -99.000 -9999.0 -9999.0 -9999.0 -9999.0 -9999.0
04236 20071213  1.302 -123.33   44.42     1.9    -1.6     0.1     0.5     0.0     1.35 R     4.9    -2.1     1.4 -9999.0 -9999.0 -9999.0 -99.000 -99.000 -99.000 -99.000 -99.000 -9999.0 -9999.0 -9999.0 -9999.0 -9999.0
04236 20071214  1.302 -123.33   44.42     7.0     0.9     3.9     3.1     0.8     2.99 R    12.4     0.7     3.8 -9999.0 -9999.0 -9999.0 -99.000 -99.000 -99.000 -99.000 -99.000 -9999.0 -9999.0 -9999.0 -9999.0 -9999.0
04236 20071215  1.302 -123.33   44.42     8.3     2.9     5.6     5.6     2.9     4.04 R    12.7     0.7     4.8 -9999.0 -9999.0 -9999.0 -99.000 -99.000 -99.000 -99.000 -99.000 -9999.0 -9999.0 -9999.0 -9999.0 -9999.0
04236 20071216  1.302 -123.33   44.42     6.7     1.5     4.1     4.8    11.7     1.73 R     7.5    -0.1     4.0 -9999.0 -9999.0 -9999.0 -99.000 -99.000 -99.000 -99.000 -99.000 -9999.0 -9999.0 -9999.0 -9999.0 -9999.0
04236 20071217  1.302 -123.33   44.42     6.4     3.1     4.7     4.9    15.2     2.25 R     8.7     2.4     4.9 -9999.0 -9999.0 -9999.0 -99.000 -99.000 -99.000 -99.000 -99.000 -9999.0 -9999.0 -9999.0 -9999.0 -9999.0
04236 20071218  1.302 -123.33   44.42     9.5     4.2     6.9     6.7     9.2     2.32 R    11.2     2.3     6.0 -9999.0 -9999.0 -9999.0 -99.000 -99.000 -99.000 -99.000 -99.000 -9999.0 -9999.0 -9999.0 -9999.0 -9999.0
04236 20071219  1.302 -123.33   44.42     7.9     4.3     6.1     6.5    33.3     0.47 R     8.5     4.1     6.2 -9999.0 -9999.0 -9999.0 -99.000 -99.000 -99.000 -99.000 -99.000 -9999.0 -9999.0 -9999.0 -9999.0 -9999.0
04236 20071220  1.302 -123.33   44.42     6.8    -0.2     3.3     3.4     4.6     4.82 R    12.7    -2.2     3.0 -9999.0 -9999.0 -9999.0 -99.000 -99.000 -99.000 -99.000 -99.000 -9999.0 -9999.0 -9999.0 -9999.0 -9999.0
04236 20071221  1.302 -123.33   44.42     5.5    -1.7     1.9     0.9     0.0     4.59 R     8.1    -4.2     0.0 -9999.0 -9999.0 -9999.0 -99.000 -99.000 -99.000 -99.000 -99.000 -9999.0 -9999.0 -9999.0 -9999.0 -9999.0
04236 20071222  1.302 -123.33   44.42     6.7    -0.3     3.2     4.6     7.0     0.78 R     6.9    -1.5     4.0 -9999.0 -9999.0 -9999.0 -99.000 -99.000 -99.000 -99.000 -99.000 -9999.0 -9999.0 -9999.0 -9999.0 -9999.0
04236 20071223  1.302 -123.33   44.42    12.0     3.9     7.9     8.3    29.1     1.27 R    11.9     3.0     8.0 -9999.0 -9999.0 -9999.0 -99.000 -99.000 -99.000 -99.000 -99.000 -9999.0 -9999.0 -9999.0 -9999.0 -9999.0
04236 20071224  1.302 -123.33   44.42     6.5    -1.5     2.5     3.3     2.6     4.54 R    11.7    -3.9     2.8 -9999.0 -9999.0 -9999.0 -99.000 -99.000 -99.000 -99.000 -99.000 -9999.0 -9999.0 -9999.0 -9999.0 -9999.0
04236 20071225  1.302 -123.33   44.42     3.5    -1.3     1.1     1.5     8.5     1.38 R     3.7    -3.4     0.9 -9999.0 -9999.0 -9999.0 -99.000 -99.000 -99.000 -99.000 -99.000 -9999.0 -9999.0 -9999.0 -9999.0 -9999.0
04236 20071226  1.302 -123.33   44.42     5.1     0.0     2.5     1.8     8.7     4.97 R    11.4    -0.9     1.8 -9999.0 -9999.0 -9999.0 -99.000 -99.000 -99.000 -99.000 -99.000 -9999.0 -9999.0 -9999.0 -9999.0 -9999.0
04236 20071227  1.302 -123.33   44.42     3.7     0.6     2.2     2.2    13.8     0.73 R     3.7     0.0     1.8 -9999.0 -9999.0 -9999.0 -99.000 -99.000 -99.000 -99.000 -99.000 -9999.0 -9999.0 -9999.0 -9999.0 -9999.0
04236 20071228  1.302 -123.33   44.42     6.6     1.8     4.2     4.4     4.2     1.73 R     8.5     0.6     3.9 -9999.0 -9999.0 -9999.0 -99.000 -99.000 -99.000 -99.000 -99.000 -9999.0 -9999.0 -9999.0 -9999.0 -9999.0
04236 20071229  1.302 -123.33   44.42     8.9     3.7     6.3     5.7     8.8     1.92 R     9.7     2.5     5.4 -9999.0 -9999.0 -9999.0 -99.000 -99.000 -99.000 -99.000 -99.000 -9999.0 -9999.0 -9999.0 -9999.0 -9999.0
04236 20071230  1.302 -123.33   44.42     6.6    -1.0     2.8     2.7     6.9     3.57 R    12.0    -3.4     2.2 -9999.0 -9999.0 -9999.0 -99.000 -99.000 -99.000 -99.000 -99.000 -9999.0 -9999.0 -9999.0 -9999.0 -9999.0
04236 20071231  1.302 -123.33   44.42     1.0    -3.7    -1.3    -0.8     0.0     2.61 R     4.4    -6.2    -0.7 -9999.0 -9999.0 -9999.0 -99.000 -99.000 -99.000 -99.000 -99.000 -9999.0 -9999.0 -9999.0 -9999.0 -9999.0
