64756 20041101  1.201  -73.74   41.79 -9999.0 -9999.0 -9999.0 -9999.0 -9999.0 -9999.00 U -9999.0 -9999.0 -9999.0 -9999.0 -9999.0 -9999.0 -99.000 -99.000 -99.000 -99.000 -99.000 -9999.0 -9999.0 -9999.0 -9999.0 -9999.0
64756 20041102  1.201  -73.74   41.79    14.0     1.3     7.7     8.6     0.0     7.08 R -9999.0 -9999.0     9.8 -9999.0 -9999.0 -9999.0 -99.000 -99.000 -99.000 -99.000 -99.000 -9999.0 -9999.0 -9999.0 -9999.0 -9999.0
64756 20041103  1.201  -73.74   41.79    11.8     2.1     7.0     8.2     0.0    12.07 R -9999.0 -9999.0     8.4 -9999.0 -9999.0 -9999.0 -99.000 -99.000 -99.000 -99.000 -99.000 -9999.0 -9999.0 -9999.0 -9999.0 -9999.0
64756 20041104  1.201  -73.74   41.79     6.3    -3.7     1.3     2.7    11.5     3.85 R -9999.0 -9999.0     3.2 -9999.0 -9999.0 -9999.0 -99.000 -99.000 -99.000 -99.000 -99.000 -9999.0 -9999.0 -9999.0 -9999.0 -9999.0
64756 20041105  1.201  -73.74   41.79    12.2     4.0     8.1     7.1     0.0     8.70 R -9999.0 -9999.0     5.6 -9999.0 -9999.0 -9999.0 -99.000 -99.000 -99.000 -99.000 -99.000 -9999.0 -9999.0 -9999.0 -9999.0 -9999.0
64756 20041106  1.201  -73.74   41.79    14.5     2.9     8.7     8.5     0.0    10.46 R -9999.0 -9999.0     6.3 -9999.0 -9999.0 -9999.0 -99.000 -99.000 -99.000 -99.000 -99.000 -9999.0 -9999.0 -9999.0 -9999.0 -9999.0
64756 20041107  1.201  -73.74   41.79    20.1     0.1    10.1    12.4     0.0    11.27 R -9999.0 -9999.0    10.1 -9999.0 -9999.0 -9999.0 -99.000 -99.000 -99.000 -99.000 -99.000 -9999.0 -9999.0 -9999.0 -9999.0 -9999.0
64756 20041108  1.201  -73.74   41.79    12.1    -3.2     4.5     4.4     0.0     9.07 R -9999.0 -9999.0     4.2 -9999.0 -9999.0 -9999.0 -99.000 -99.000 -99.000 -99.000 -99.000 -9999.0 -9999.0 -9999.0 -9999.0 -9999.0
64756 20041109  1.201  -73.74   41.79     3.6    -6.8    -1.6    -1.7     0.0    11.29 R -9999.0 -9999.0    -0.8 -9999.0 -9999.0 -9999.0 -99.000 -99.000 -99.000 -99.000 -99.000 -9999.0 -9999.0 -9999.0 -9999.0 -9999.0
64756 20041110  1.201  -73.74   41.79     5.1    -9.1    -2.0    -1.3     0.0     8.43 R -9999.0 -9999.0    -0.5 -9999.0 -9999.0 -9999.0 -99.000 -99.000 -99.000 -99.000 -99.000 -9999.0 -9999.0 -9999.0 -9999.0 -9999.0
64756 20041111  1.201  -73.74   41.79    12.7     1.2     7.0     6.4     0.0     8.20 R -9999.0 -9999.0     5.2 -9999.0 -9999.0 -9999.0 -99.000 -99.000 -99.000 -99.000 -99.000 -9999.0 -9999.0 -9999.0 -9999.0 -9999.0
64756 20041112  1.201  -73.74   41.79     4.2    -1.0     1.6    -0.1     7.9     1.12 R -9999.0 -9999.0     0.3 -9999.0 -9999.0 -9999.0 -99.000 -99.000 -99.000 -99.000 -99.000 -9999.0 -9999.0 -9999.0 -9999.0 -9999.0
64756 20041113  1.201  -73.74   41.79     3.2    -3.8    -0.3    -0.7     2.1    10.62 R -9999.0 -9999.0    -2.9 -9999.0 -9999.0 -9999.0 -99.000 -99.000 -99.000 -99.000 -99.000 -9999.0 -9999.0 -9999.0 -9999.0 -9999.0
64756 20041114  1.201  -73.74   41.79     7.9    -6.2     0.9    -0.3     0.0    10.86 R -9999.0 -9999.0    -1.7 -9999.0 -9999.0 -9999.0 -99.000 -99.000 -99.000 -99.000 -99.000 -9999.0 -9999.0 -9999.0 -9999.0 -9999.0
64756 20041115  1.201  -73.74   41.79    12.7    -5.9     3.4     2.3     0.0    10.54 R -9999.0 -9999.0     1.2 -9999.0 -9999.0 -9999.0 -99.000 -99.000 -99.000 -99.000 -99.000 -9999.0 -9999.0 -9999.0 -9999.0 -9999.0
64756 20041116  1.201  -73.74   41.79    10.4    -4.3     3.1     1.2     0.0     7.08 R -9999.0 -9999.0     0.7 -9999.0 -9999.0 -9999.0 -99.000 -99.000 -99.000 -99.000 -99.000 -9999.0 -9999.0 -9999.0 -9999.0 -9999.0
64756 20041117  1.201  -73.74   41.79    10.8    -4.2     3.3     3.5     0.0     7.82 R -9999.0 -9999.0     3.5 -9999.0 -9999.0 -9999.0 -99.000 -99.000 -99.000 -99.000 -99.000 -9999.0 -9999.0 -9999.0 -9999.0 -9999.0
64756 20041118  1.201  -73.74   41.79    11.5    -1.8     4.9     6.8     0.0     3.70 R -9999.0 -9999.0     6.4 -9999.0 -9999.0 -9999.0 -99.000 -99.000 -99.000 -99.000 -99.000 -9999.0 -9999.0 -9999.0 -9999.0 -9999.0
64756 20041119  1.201  -73.74   41.79    14.6     5.2     9.9     9.4     0.0     5.62 R -9999.0 -9999.0     8.3 -9999.0 -9999.0 -9999.0 -99.000 -99.000 -99.000 -99.000 -99.000 -9999.0 -9999.0 -9999.0 -9999.0 -9999.0
64756 20041120  1.201  -73.74   41.79     7.6     3.2     5.4     5.0     4.3     1.93 R -9999.0 -9999.0     5.2 -9999.0 -9999.0 -9999.0 -99.000 -99.000 -99.000 -99.000 -99.000 -9999.0 -9999.0 -9999.0 -9999.0 -9999.0
64756 20041121  1.201  -73.74   41.79     9.9     4.8     7.4     7.5     0.5     1.75 R -9999.0 -9999.0     8.0 -9999.0 -9999.0 -9999.0 -99.000 -99.000 -99.000 -99.000 -99.000 -9999.0 -9999.0 -9999.0 -9999.0 -9999.0
64756 20041122  1.201  -73.74   41.79    11.0     0.8     5.9     6.7     0.0     5.29 R -9999.0 -9999.0     6.9 -9999.0 -9999.0 -9999.0 -99.000 -99.000 -99.000 -99.000 -99.000 -9999.0 -9999.0 -9999.0 -9999.0 -9999.0
64756 20041123  1.201  -73.74   41.79    11.7    -2.1     4.8     5.0     0.0     9.37 R -9999.0 -9999.0     4.9 -9999.0 -9999.0 -9999.0 -99.000 -99.000 -99.000 -99.000 -99.000 -9999.0 -9999.0 -9999.0 -9999.0 -9999.0
64756 20041124  1.201  -73.74   41.79    16.1     8.3    12.2    10.8     7.1     1.28 R -9999.0 -9999.0    10.0 -9999.0 -9999.0 -9999.0 -99.000 -99.000 -99.000 -99.000 -99.000 -9999.0 -9999.0 -9999.0 -9999.0 -9999.0
64756 20041125  1.201  -73.74   41.79    17.5    -0.2     8.7    11.0     6.4     3.69 R -9999.0 -9999.0    10.4 -9999.0 -9999.0 -9999.0 -99.000 -99.000 -99.000 -99.000 -99.000 -9999.0 -9999.0 -9999.0 -9999.0 -9999.0
64756 20041126  1.201  -73.74   41.79     5.3    -4.2     0.6     0.2     0.0     7.66 R -9999.0 -9999.0    -0.2 -9999.0 -9999.0 -9999.0 -99.000 -99.000 -99.000 -99.000 -99.000 -9999.0 -9999.0 -9999.0 -9999.0 -9999.0
64756 20041127  1.201  -73.74   41.79    10.0    -5.0     2.5     3.7     0.0     6.37 R -9999.0 -9999.0     2.8 -9999.0 -9999.0 -9999.0 -99.000 -99.000 -99.000 -99.000 -99.000 -9999.0 -9999.0 -9999.0 -9999.0 -9999.0
64756 20041128  1.201  -73.74   41.79    12.2     3.6     7.9     9.7    34.9     0.52 R -9999.0 -9999.0     8.3 -9999.0 -9999.0 -9999.0 -99.000 -99.000 -99.000 -99.000 -99.000 -9999.0 -9999.0 -9999.0 -9999.0 -9999.0
64756 20041129  1.201  -73.74   41.79     7.3    -0.7     3.3     3.4     0.0     8.71 R -9999.0 -9999.0     2.4 -9999.0 -9999.0 -9999.0 -99.000 -99.000 -99.000 -99.000 -99.000 -9999.0 -9999.0 -9999.0 -9999.0 -9999.0
64756 20041130  1.201  -73.74   41.79     6.3    -2.1     2.1     2.2     0.0     3.43 R -9999.0 -9999.0     2.6 -9999.0 -9999.0 -9999.0 -99.000 -99.000 -99.000 -99.000 -99.000 -9999.0 -9999.0 -9999.0 -9999.0 -9999.0
64756 20041201  1.201  -73.74   41.79    11.5     4.0     7.8     7.7    25.1     1.71 R -9999.0 -9999.0     6.0 -9999.0 -9999.0 -9999.0 -99.000 -99.000 -99.000 -99.000 -99.000 -9999.0 -9999.0 -9999.0 -9999.0 -9999.0
64756 20041202  1.201  -73.74   41.79     6.6    -2.9     1.9     3.0     0.0     3.64 R -9999.0 -9999.0     1.3 -9999.0 -9999.0 -9999.0 -99.000 -99.000 -99.000 -99.000 -99.000 -9999.0 -9999.0 -9999.0 -9999.0 -9999.0
64756 20041203  1.201  -73.74   41.79     6.8    -4.5     1.2     0.1     0.0     5.03 R -9999.0 -9999.0    -0.8 -9999.0 -9999.0 -9999.0 -99.000 -99.000 -99.000 -99.000 -99.000 -9999.0 -9999.0 -9999.0 -9999.0 -9999.0
64756 20041204  1.201  -73.74   41.79     4.3    -7.8    -1.7    -0.5     0.3     8.85 R -9999.0 -9999.0    -1.2 -9999.0 -9999.0 -9999.0 -99.000 -99.000 -99.000 -99.000 -99.000 -9999.0 -9999.0 -9999.0 -9999.0 -9999.0
64756 20041205  1.201  -73.74   41.79    10.2    -2.7     3.8     4.2     0.0     8.10 R -9999.0 -9999.0     2.2 -9999.0 -9999.0 -9999.0 -99.000 -99.000 -99.000 -99.000 -99.000 -9999.0 -9999.0 -9999.0 -9999.0 -9999.0
64756 20041206  1.201  -73.74   41.79     0.3    -5.4    -2.5    -2.2     3.2     1.22 R -9999.0 -9999.0    -2.0 -9999.0 -9999.0 -9999.0 -99.000 -99.000 -99.000 -99.000 -99.000 -9999.0 -9999.0 -9999.0 -9999.0 -9999.0
64756 20041207  1.201  -73.74   41.79     3.9    -1.6     1.2     1.6    10.1     0.38 R -9999.0 -9999.0     1.0 -9999.0 -9999.0 -9999.0 -99.000 -99.000 -99.000 -99.000 -99.000 -9999.0 -9999.0 -9999.0 -9999.0 -9999.0
64756 20041208  1.201  -73.74   41.79    12.8    -1.7     5.6     6.9     0.0     3.67 R -9999.0 -9999.0     4.1 -9999.0 -9999.0 -9999.0 -99.000 -99.000 -99.000 -99.000 -99.000 -9999.0 -9999.0 -9999.0 -9999.0 -9999.0
64756 20041209  1.201  -73.74   41.79     6.0    -3.4     1.3     1.8     5.5     4.12 R -9999.0 -9999.0     1.5 -9999.0 -9999.0 -9999.0 -99.000 -99.000 -99.000 -99.000 -99.000 -9999.0 -9999.0 -9999.0 -9999.0 -9999.0
64756 20041210  1.201  -73.74   41.79     5.9     2.9     4.4     4.7     8.3     0.16 R -9999.0 -9999.0     4.3 -9999.0 -9999.0 -9999.0 -99.000 -99.000 -99.000 -99.000 -99.000 -9999.0 -9999.0 -9999.0 -9999.0 -9999.0
64756 20041211  1.201  -73.74   41.79     8.4     4.1     6.3     5.9     0.6     1.67 R -9999.0 -9999.0     5.7 -9999.0 -9999.0 -9999.0 -99.000 -99.000 -99.000 -99.000 -99.000 -9999.0 -9999.0 -9999.0 -9999.0 -9999.0
64756 20041212  1.201  -73.74   41.79     5.0     0.9     3.0     3.0     0.3     2.64 R -9999.0 -9999.0     2.7 -9999.0 -9999.0 -9999.0 -99.000 -99.000 -99.000 -99.000 -99.000 -9999.0 -9999.0 -9999.0 -9999.0 -9999.0
64756 20041213  1.201  -73.74   41.79     7.1     0.8     4.0     2.9     1.0     3.44 R -9999.0 -9999.0     1.8 -9999.0 -9999.0 -9999.0 -99.000 -99.000 -99.000 -99.000 -99.000 -9999.0 -9999.0 -9999.0 -9999.0 -9999.0
64756 20041214  1.201  -73.74   41.79     1.4    -9.3    -3.9    -3.3     0.0     8.38 R -9999.0 -9999.0    -2.6 -9999.0 -9999.0 -9999.0 -99.000 -99.000 -99.000 -99.000 -99.000 -9999.0 -9999.0 -9999.0 -9999.0 -9999.0
64756 20041215  1.201  -73.74   41.79    -3.0   -10.8    -6.9    -7.4     0.0     8.67 R -9999.0 -9999.0    -6.2 -9999.0 -9999.0 -9999.0 -99.000 -99.000 -99.000 -99.000 -99.000 -9999.0 -9999.0 -9999.0 -9999.0 -9999.0
64756 20041216  1.201  -73.74   41.79     3.1   -11.2    -4.0    -2.6     0.0     7.80 R -9999.0 -9999.0    -3.7 -9999.0 -9999.0 -9999.0 -99.000 -99.000 -99.000 -99.000 -99.000 -9999.0 -9999.0 -9999.0 -9999.0 -9999.0
64756 20041217  1.201  -73.74   41.79     5.1    -7.7    -1.3    -0.1     0.0     6.92 R -9999.0 -9999.0    -1.9 -9999.0 -9999.0 -9999.0 -99.000 -99.000 -99.000 -99.000 -99.000 -9999.0 -9999.0 -9999.0 -9999.0 -9999.0
64756 20041218  1.201  -73.74   41.79     3.4   -12.1    -4.3    -4.6     0.0     5.88 R -9999.0 -9999.0    -4.9 -9999.0 -9999.0 -9999.0 -99.000 -99.000 -99.000 -99.000 -99.000 -9999.0 -9999.0 -9999.0 -9999.0 -9999.0
64756 20041219  1.201  -73.74   41.79     3.6    -9.6    -3.0    -1.6     3.3     1.74 R -9999.0 -9999.0    -1.9 -9999.0 -9999.0 -9999.0 -99.000 -99.000 -99.000 -99.000 -99.000 -9999.0 -9999.0 -9999.0 -9999.0 -9999.0
64756 20041220  1.201  -73.74   41.79    -9.6   -18.6   -14.1   -14.0     1.8     8.21 R -9999.0 -9999.0   -15.2 -9999.0 -9999.0 -9999.0 -99.000 -99.000 -99.000 -99.000 -99.000 -9999.0 -9999.0 -9999.0 -9999.0 -9999.0
64756 20041221  1.201  -73.74   41.79    -3.0   -18.8   -10.9   -10.3     0.2     5.24 R -9999.0 -9999.0   -12.1 -9999.0 -9999.0 -9999.0 -99.000 -99.000 -99.000 -99.000 -99.000 -9999.0 -9999.0 -9999.0 -9999.0 -9999.0
64756 20041222  1.201  -73.74   41.79     8.1    -8.7    -0.3    -1.1     0.2     5.92 R -9999.0 -9999.0    -3.9 -9999.0 -9999.0 -9999.0 -99.000 -99.000 -99.000 -99.000 -99.000 -9999.0 -9999.0 -9999.0 -9999.0 -9999.0
64756 20041223  1.201  -73.74   41.79    14.7    -1.4     6.7     9.1    24.9     1.19 R -9999.0 -9999.0     5.9 -9999.0 -9999.0 -9999.0 -99.000 -99.000 -99.000 -99.000 -99.000 -9999.0 -9999.0 -9999.0 -9999.0 -9999.0
64756 20041224  1.201  -73.74   41.79     2.4    -9.0    -3.3    -2.8     0.0     6.07 R -9999.0 -9999.0    -2.5 -9999.0 -9999.0 -9999.0 -99.000 -99.000 -99.000 -99.000 -99.000 -9999.0 -9999.0 -9999.0 -9999.0 -9999.0
64756 20041225  1.201  -73.74   41.79    -3.2   -12.2    -7.7    -8.0     0.2     6.78 R -9999.0 -9999.0    -6.3 -9999.0 -9999.0 -9999.0 -99.000 -99.000 -99.000 -99.000 -99.000 -9999.0 -9999.0 -9999.0 -9999.0 -9999.0
64756 20041226  1.201  -73.74   41.79    -4.0   -13.3    -8.6    -8.1     1.3     2.85 R -9999.0 -9999.0    -6.3 -9999.0 -9999.0 -9999.0 -99.000 -99.000 -99.000 -99.000 -99.000 -9999.0 -9999.0 -9999.0 -9999.0 -9999.0
64756 20041227  1.201  -73.74   41.79    -6.9   -14.9   -10.9    -9.1     1.4     8.12 R -9999.0 -9999.0   -11.4 -9999.0 -9999.0 -9999.0 -99.000 -99.000 -99.000 -99.000 -99.000 -9999.0 -9999.0 -9999.0 -9999.0 -9999.0
64756 20041228  1.201  -73.74   41.79    -4.2   -19.0   -11.6   -10.3     0.3     4.52 R -9999.0 -9999.0   -11.1 -9999.0 -9999.0 -9999.0 -99.000 -99.000 -99.000 -99.000 -99.000 -9999.0 -9999.0 -9999.0 -9999.0 -9999.0
64756 20041229  1.201  -73.74   41.79     3.6    -4.3    -0.3    -0.1     8.8     1.57 R -9999.0 -9999.0    -1.5 -9999.0 -9999.0 -9999.0 -99.000 -99.000 -99.000 -99.000 -99.000 -9999.0 -9999.0 -9999.0 -9999.0 -9999.0
64756 20041230  1.201  -73.74   41.79     3.7    -4.0    -0.1     0.1     0.0     5.24 R -9999.0 -9999.0    -1.0 -9999.0 -9999.0 -9999.0 -99.000 -99.000 -99.000 -99.000 -99.000 -9999.0 -9999.0 -9999.0 -9999.0 -9999.0
64756 20041231  1.201  -73.74   41.79     9.4    -1.4     4.0     5.4     0.0     3.51 R -9999.0 -9999.0     2.4 -9999.0 -9999.0 -9999.0 -99.000 -99.000 -99.000 -99.000 -99.000 -9999.0 -9999.0 -9999.0 -9999.0 -9999.0
