04125 20040101 -9.000 -119.65   44.56 -9999.0 -9999.0 -9999.0 -9999.0 -9999.0 -9999.00 U -9999.0 -9999.0 -9999.0 -9999.0 -9999.0 -9999.0 -99.000 -99.000 -99.000 -99.000 -99.000 -9999.0 -9999.0 -9999.0 -9999.0 -9999.0
04125 20040102 -9.000 -119.65   44.56 -9999.0 -9999.0 -9999.0 -9999.0 -9999.0 -9999.00 U -9999.0 -9999.0 -9999.0 -9999.0 -9999.0 -9999.0 -99.000 -99.000 -99.000 -99.000 -99.000 -9999.0 -9999.0 -9999.0 -9999.0 -9999.0
04125 20040103 -9.000 -119.65   44.56 -9999.0 -9999.0 -9999.0 -9999.0 -9999.0 -9999.00 U -9999.0 -9999.0 -9999.0 -9999.0 -9999.0 -9999.0 -99.000 -99.000 -99.000 -99.000 -99.000 -9999.0 -9999.0 -9999.0 -9999.0 -9999.0
04125 20040104 -9.000 -119.65   44.56 -9999.0 -9999.0 -9999.0 -9999.0 -9999.0 -9999.00 U -9999.0 -9999.0 -9999.0 -9999.0 -9999.0 -9999.0 -99.000 -99.000 -99.000 -99.000 -99.000 -9999.0 -9999.0 -9999.0 -9999.0 -9999.0
04125 20040105 -9.000 -119.65   44.56 -9999.0 -9999.0 -9999.0 -9999.0 -9999.0 -9999.00 U -9999.0 -9999.0 -9999.0 -9999.0 -9999.0 -9999.0 -99.000 -99.000 -99.000 -99.000 -99.000 -9999.0 -9999.0 -9999.0 -9999.0 -9999.0
04125 20040106 -9.000 -119.65   44.56 -9999.0 -9999.0 -9999.0 -9999.0 -9999.0 -9999.00 U -9999.0 -9999.0 -9999.0 -9999.0 -9999.0 -9999.0 -99.000 -99.000 -99.000 -99.000 -99.000 -9999.0 -9999.0 -9999.0 -9999.0 -9999.0
04125 20040107 -9.000 -119.65   44.56 -9999.0 -9999.0 -9999.0 -9999.0 -9999.0 -9999.00 U -9999.0 -9999.0 -9999.0 -9999.0 -9999.0 -9999.0 -99.000 -99.000 -99.000 -99.000 -99.000 -9999.0 -9999.0 -9999.0 -9999.0 -9999.0
04125 20040108 -9.000 -119.65   44.56 -9999.0 -9999.0 -9999.0 -9999.0 -9999.0 -9999.00 U -9999.0 -9999.0 -9999.0 -9999.0 -9999.0 -9999.0 -99.000 -99.000 -99.000 -99.000 -99.000 -9999.0 -9999.0 -9999.0 -9999.0 -9999.0
04125 20040109 -9.000 -119.65   44.56 -9999.0 -9999.0 -9999.0 -9999.0 -9999.0 -9999.00 U -9999.0 -9999.0 -9999.0 -9999.0 -9999.0 -9999.0 -99.000 -99.000 -99.000 -99.000 -99.000 -9999.0 -9999.0 -9999.0 -9999.0 -9999.0
04125 20040110 -9.000 -119.65   44.56 -9999.0 -9999.0 -9999.0 -9999.0 -9999.0 -9999.00 U -9999.0 -9999.0 -9999.0 -9999.0 -9999.0 -9999.0 -99.000 -99.000 -99.000 -99.000 -99.000 -9999.0 -9999.0 -9999.0 -9999.0 -9999.0
04125 20040111 -9.000 -119.65   44.56 -9999.0 -9999.0 -9999.0 -9999.0 -9999.0 -9999.00 U -9999.0 -9999.0 -9999.0 -9999.0 -9999.0 -9999.0 -99.000 -99.000 -99.000 -99.000 -99.000 -9999.0 -9999.0 -9999.0 -9999.0 -9999.0
04125 20040112 -9.000 -119.65   44.56 -9999.0 -9999.0 -9999.0 -9999.0 -9999.0 -9999.00 U -9999.0 -9999.0 -9999.0 -9999.0 -9999.0 -9999.0 -99.000 -99.000 -99.000 -99.000 -99.000 -9999.0 -9999.0 -9999.0 -9999.0 -9999.0
04125 20040113 -9.000 -119.65   44.56 -9999.0 -9999.0 -9999.0 -9999.0 -9999.0 -9999.00 U -9999.0 -9999.0 -9999.0 -9999.0 -9999.0 -9999.0 -99.000 -99.000 -99.000 -99.000 -99.000 -9999.0 -9999.0 -9999.0 -9999.0 -9999.0
04125 20040114 -9.000 -119.65   44.56 -9999.0 -9999.0 -9999.0 -9999.0 -9999.0 -9999.00 U -9999.0 -9999.0 -9999.0 -9999.0 -9999.0 -9999.0 -99.000 -99.000 -99.000 -99.000 -99.000 -9999.0 -9999.0 -9999.0 -9999.0 -9999.0
04125 20040115 -9.000 -119.65   44.56 -9999.0 -9999.0 -9999.0 -9999.0 -9999.0 -9999.00 U -9999.0 -9999.0 -9999.0 -9999.0 -9999.0 -9999.0 -99.000 -99.000 -99.000 -99.000 -99.000 -9999.0 -9999.0 -9999.0 -9999.0 -9999.0
04125 20040116 -9.000 -119.65   44.56 -9999.0 -9999.0 -9999.0 -9999.0 -9999.0 -9999.00 U -9999.0 -9999.0 -9999.0 -9999.0 -9999.0 -9999.0 -99.000 -99.000 -99.000 -99.000 -99.000 -9999.0 -9999.0 -9999.0 -9999.0 -9999.0
04125 20040117 -9.000 -119.65   44.56 -9999.0 -9999.0 -9999.0 -9999.0 -9999.0 -9999.00 U -9999.0 -9999.0 -9999.0 -9999.0 -9999.0 -9999.0 -99.000 -99.000 -99.000 -99.000 -99.000 -9999.0 -9999.0 -9999.0 -9999.0 -9999.0
04125 20040118 -9.000 -119.65   44.56 -9999.0 -9999.0 -9999.0 -9999.0 -9999.0 -9999.00 U -9999.0 -9999.0 -9999.0 -9999.0 -9999.0 -9999.0 -99.000 -99.000 -99.000 -99.000 -99.000 -9999.0 -9999.0 -9999.0 -9999.0 -9999.0
04125 20040119 -9.000 -119.65   44.56 -9999.0 -9999.0 -9999.0 -9999.0 -9999.0 -9999.00 U -9999.0 -9999.0 -9999.0 -9999.0 -9999.0 -9999.0 -99.000 -99.000 -99.000 -99.000 -99.000 -9999.0 -9999.0 -9999.0 -9999.0 -9999.0
04125 20040120 -9.000 -119.65   44.56 -9999.0 -9999.0 -9999.0 -9999.0 -9999.0 -9999.00 U -9999.0 -9999.0 -9999.0 -9999.0 -9999.0 -9999.0 -99.000 -99.000 -99.000 -99.000 -99.000 -9999.0 -9999.0 -9999.0 -9999.0 -9999.0
04125 20040121 -9.000 -119.65   44.56 -9999.0 -9999.0 -9999.0 -9999.0 -9999.0 -9999.00 U -9999.0 -9999.0 -9999.0 -9999.0 -9999.0 -9999.0 -99.000 -99.000 -99.000 -99.000 -99.000 -9999.0 -9999.0 -9999.0 -9999.0 -9999.0
04125 20040122 -9.000 -119.65   44.56 -9999.0 -9999.0 -9999.0 -9999.0 -9999.0 -9999.00 U -9999.0 -9999.0 -9999.0 -9999.0 -9999.0 -9999.0 -99.000 -99.000 -99.000 -99.000 -99.000 -9999.0 -9999.0 -9999.0 -9999.0 -9999.0
04125 20040123 -9.000 -119.65   44.56 -9999.0 -9999.0 -9999.0 -9999.0 -9999.0 -9999.00 U -9999.0 -9999.0 -9999.0 -9999.0 -9999.0 -9999.0 -99.000 -99.000 -99.000 -99.000 -99.000 -9999.0 -9999.0 -9999.0 -9999.0 -9999.0
04125 20040124 -9.000 -119.65   44.56 -9999.0 -9999.0 -9999.0 -9999.0 -9999.0 -9999.00 U -9999.0 -9999.0 -9999.0 -9999.0 -9999.0 -9999.0 -99.000 -99.000 -99.000 -99.000 -99.000 -9999.0 -9999.0 -9999.0 -9999.0 -9999.0
04125 20040125 -9.000 -119.65   44.56 -9999.0 -9999.0 -9999.0 -9999.0 -9999.0 -9999.00 U -9999.0 -9999.0 -9999.0 -9999.0 -9999.0 -9999.0 -99.000 -99.000 -99.000 -99.000 -99.000 -9999.0 -9999.0 -9999.0 -9999.0 -9999.0
04125 20040126 -9.000 -119.65   44.56 -9999.0 -9999.0 -9999.0 -9999.0 -9999.0 -9999.00 U -9999.0 -9999.0 -9999.0 -9999.0 -9999.0 -9999.0 -99.000 -99.000 -99.000 -99.000 -99.000 -9999.0 -9999.0 -9999.0 -9999.0 -9999.0
04125 20040127 -9.000 -119.65   44.56 -9999.0 -9999.0 -9999.0 -9999.0 -9999.0 -9999.00 U -9999.0 -9999.0 -9999.0 -9999.0 -9999.0 -9999.0 -99.000 -99.000 -99.000 -99.000 -99.000 -9999.0 -9999.0 -9999.0 -9999.0 -9999.0
04125 20040128 -9.000 -119.65   44.56 -9999.0 -9999.0 -9999.0 -9999.0 -9999.0 -9999.00 U -9999.0 -9999.0 -9999.0 -9999.0 -9999.0 -9999.0 -99.000 -99.000 -99.000 -99.000 -99.000 -9999.0 -9999.0 -9999.0 -9999.0 -9999.0
04125 20040129  1.001 -119.65   44.56 -9999.0 -9999.0 -9999.0 -9999.0 -9999.0 -9999.00 U -9999.0 -9999.0 -9999.0 -9999.0 -9999.0 -9999.0 -99.000 -99.000 -99.000 -99.000 -99.000 -9999.0 -9999.0 -9999.0 -9999.0 -9999.0
04125 20040130  1.001 -119.65   44.56 -9999.0 -9999.0 -9999.0 -9999.0     3.6     7.12 R -9999.0 -9999.0     3.8 -9999.0 -9999.0 -9999.0 -99.000 -99.000 -99.000 -99.000 -99.000 -9999.0 -9999.0 -9999.0 -9999.0 -9999.0
04125 20040131  1.001 -119.65   44.56 -9999.0 -9999.0 -9999.0 -9999.0     1.6     8.26 R -9999.0 -9999.0     1.6 -9999.0 -9999.0 -9999.0 -99.000 -99.000 -99.000 -99.000 -99.000 -9999.0 -9999.0 -9999.0 -9999.0 -9999.0
04125 20040201  1.001 -119.65   44.56 -9999.0 -9999.0 -9999.0 -9999.0     1.0     5.36 R -9999.0 -9999.0     2.5 -9999.0 -9999.0 -9999.0 -99.000 -99.000 -99.000 -99.000 -99.000 -9999.0 -9999.0 -9999.0 -9999.0 -9999.0
04125 20040202  1.001 -119.65   44.56 -9999.0 -9999.0 -9999.0 -9999.0     0.2     3.34 R -9999.0 -9999.0     3.2 -9999.0 -9999.0 -9999.0 -99.000 -99.000 -99.000 -99.000 -99.000 -9999.0 -9999.0 -9999.0 -9999.0 -9999.0
04125 20040203  1.001 -119.65   44.56 -9999.0 -9999.0 -9999.0 -9999.0     0.0     4.21 R -9999.0 -9999.0     3.1 -9999.0 -9999.0 -9999.0 -99.000 -99.000 -99.000 -99.000 -99.000 -9999.0 -9999.0 -9999.0 -9999.0 -9999.0
04125 20040204  1.001 -119.65   44.56 -9999.0 -9999.0 -9999.0 -9999.0     0.6     7.28 R -9999.0 -9999.0     3.8 -9999.0 -9999.0 -9999.0 -99.000 -99.000 -99.000 -99.000 -99.000 -9999.0 -9999.0 -9999.0 -9999.0 -9999.0
04125 20040205  1.001 -119.65   44.56 -9999.0 -9999.0 -9999.0 -9999.0     0.2    10.63 R -9999.0 -9999.0     2.9 -9999.0 -9999.0 -9999.0 -99.000 -99.000 -99.000 -99.000 -99.000 -9999.0 -9999.0 -9999.0 -9999.0 -9999.0
04125 20040206  1.001 -119.65   44.56 -9999.0 -9999.0 -9999.0 -9999.0     5.1     3.22 R -9999.0 -9999.0     3.5 -9999.0 -9999.0 -9999.0 -99.000 -99.000 -99.000 -99.000 -99.000 -9999.0 -9999.0 -9999.0 -9999.0 -9999.0
04125 20040207  1.001 -119.65   44.56 -9999.0 -9999.0 -9999.0 -9999.0     0.0     5.08 R -9999.0 -9999.0     3.5 -9999.0 -9999.0 -9999.0 -99.000 -99.000 -99.000 -99.000 -99.000 -9999.0 -9999.0 -9999.0 -9999.0 -9999.0
04125 20040208  1.001 -119.65   44.56 -9999.0 -9999.0 -9999.0 -9999.0     0.0     8.40 R -9999.0 -9999.0     3.7 -9999.0 -9999.0 -9999.0 -99.000 -99.000 -99.000 -99.000 -99.000 -9999.0 -9999.0 -9999.0 -9999.0 -9999.0
04125 20040209  1.001 -119.65   44.56 -9999.0 -9999.0 -9999.0 -9999.0     0.5    10.32 R -9999.0 -9999.0     0.4 -9999.0 -9999.0 -9999.0 -99.000 -99.000 -99.000 -99.000 -99.000 -9999.0 -9999.0 -9999.0 -9999.0 -9999.0
04125 20040210  1.001 -119.65   44.56 -9999.0 -9999.0 -9999.0 -9999.0 -9999.0    10.61 R -9999.0 -9999.0     1.1 -9999.0 -9999.0 -9999.0 -99.000 -99.000 -99.000 -99.000 -99.000 -9999.0 -9999.0 -9999.0 -9999.0 -9999.0
04125 20040211  1.001 -119.65   44.56 -9999.0 -9999.0 -9999.0 -9999.0 -9999.0    10.36 R -9999.0 -9999.0     0.1 -9999.0 -9999.0 -9999.0 -99.000 -99.000 -99.000 -99.000 -99.000 -9999.0 -9999.0 -9999.0 -9999.0 -9999.0
04125 20040212  1.001 -119.65   44.56 -9999.0 -9999.0 -9999.0 -9999.0     0.5    12.40 R -9999.0 -9999.0     0.5 -9999.0 -9999.0 -9999.0 -99.000 -99.000 -99.000 -99.000 -99.000 -9999.0 -9999.0 -9999.0 -9999.0 -9999.0
04125 20040213  1.001 -119.65   44.56 -9999.0 -9999.0 -9999.0 -9999.0     0.0    10.12 R -9999.0 -9999.0     2.9 -9999.0 -9999.0 -9999.0 -99.000 -99.000 -99.000 -99.000 -99.000 -9999.0 -9999.0 -9999.0 -9999.0 -9999.0
04125 20040214  1.001 -119.65   44.56 -9999.0 -9999.0 -9999.0 -9999.0     0.2    10.47 R -9999.0 -9999.0     5.8 -9999.0 -9999.0 -9999.0 -99.000 -99.000 -99.000 -99.000 -99.000 -9999.0 -9999.0 -9999.0 -9999.0 -9999.0
04125 20040215  1.001 -119.65   44.56 -9999.0 -9999.0 -9999.0 -9999.0     0.0    12.46 R -9999.0 -9999.0     5.9 -9999.0 -9999.0 -9999.0 -99.000 -99.000 -99.000 -99.000 -99.000 -9999.0 -9999.0 -9999.0 -9999.0 -9999.0
04125 20040216  1.001 -119.65   44.56 -9999.0 -9999.0 -9999.0 -9999.0     3.1     1.25 R -9999.0 -9999.0     4.8 -9999.0 -9999.0 -9999.0 -99.000 -99.000 -99.000 -99.000 -99.000 -9999.0 -9999.0 -9999.0 -9999.0 -9999.0
04125 20040217  1.001 -119.65   44.56 -9999.0 -9999.0 -9999.0 -9999.0     5.5     3.84 R -9999.0 -9999.0     6.7 -9999.0 -9999.0 -9999.0 -99.000 -99.000 -99.000 -99.000 -99.000 -9999.0 -9999.0 -9999.0 -9999.0 -9999.0
04125 20040218  1.001 -119.65   44.56 -9999.0 -9999.0 -9999.0 -9999.0     1.0     8.20 R -9999.0 -9999.0     7.2 -9999.0 -9999.0 -9999.0 -99.000 -99.000 -99.000 -99.000 -99.000 -9999.0 -9999.0 -9999.0 -9999.0 -9999.0
04125 20040219  1.001 -119.65   44.56 -9999.0 -9999.0 -9999.0 -9999.0 -9999.0    11.38 R -9999.0 -9999.0     5.6 -9999.0 -9999.0 -9999.0 -99.000 -99.000 -99.000 -99.000 -99.000 -9999.0 -9999.0 -9999.0 -9999.0 -9999.0
04125 20040220  1.001 -119.65   44.56 -9999.0 -9999.0 -9999.0 -9999.0     0.3    13.75 R -9999.0 -9999.0     3.0 -9999.0 -9999.0 -9999.0 -99.000 -99.000 -99.000 -99.000 -99.000 -9999.0 -9999.0 -9999.0 -9999.0 -9999.0
04125 20040221  1.001 -119.65   44.56 -9999.0 -9999.0 -9999.0 -9999.0     0.0    11.54 R -9999.0 -9999.0     4.1 -9999.0 -9999.0 -9999.0 -99.000 -99.000 -99.000 -99.000 -99.000 -9999.0 -9999.0 -9999.0 -9999.0 -9999.0
04125 20040222  1.001 -119.65   44.56 -9999.0 -9999.0 -9999.0 -9999.0     0.0    11.67 R -9999.0 -9999.0     4.5 -9999.0 -9999.0 -9999.0 -99.000 -99.000 -99.000 -99.000 -99.000 -9999.0 -9999.0 -9999.0 -9999.0 -9999.0
04125 20040223  1.001 -119.65   44.56 -9999.0 -9999.0 -9999.0 -9999.0     0.2     7.10 R -9999.0 -9999.0     5.3 -9999.0 -9999.0 -9999.0 -99.000 -99.000 -99.000 -99.000 -99.000 -9999.0 -9999.0 -9999.0 -9999.0 -9999.0
04125 20040224  1.001 -119.65   44.56 -9999.0 -9999.0 -9999.0 -9999.0     0.0     6.90 R -9999.0 -9999.0     4.5 -9999.0 -9999.0 -9999.0 -99.000 -99.000 -99.000 -99.000 -99.000 -9999.0 -9999.0 -9999.0 -9999.0 -9999.0
04125 20040225  1.001 -119.65   44.56 -9999.0 -9999.0 -9999.0 -9999.0     2.8     4.21 R -9999.0 -9999.0     4.5 -9999.0 -9999.0 -9999.0 -99.000 -99.000 -99.000 -99.000 -99.000 -9999.0 -9999.0 -9999.0 -9999.0 -9999.0
04125 20040226  1.001 -119.65   44.56 -9999.0 -9999.0 -9999.0 -9999.0     0.0     4.14 R -9999.0 -9999.0     5.6 -9999.0 -9999.0 -9999.0 -99.000 -99.000 -99.000 -99.000 -99.000 -9999.0 -9999.0 -9999.0 -9999.0 -9999.0
04125 20040227  1.001 -119.65   44.56 -9999.0 -9999.0 -9999.0 -9999.0     0.5    12.53 R -9999.0 -9999.0     5.7 -9999.0 -9999.0 -9999.0 -99.000 -99.000 -99.000 -99.000 -99.000 -9999.0 -9999.0 -9999.0 -9999.0 -9999.0
04125 20040228  1.001 -119.65   44.56 -9999.0 -9999.0 -9999.0 -9999.0     0.0     5.32 R -9999.0 -9999.0     5.6 -9999.0 -9999.0 -9999.0 -99.000 -99.000 -99.000 -99.000 -99.000 -9999.0 -9999.0 -9999.0 -9999.0 -9999.0
04125 20040229  1.001 -119.65   44.56 -9999.0 -9999.0 -9999.0 -9999.0     0.5    10.94 R -9999.0 -9999.0     6.0 -9999.0 -9999.0 -9999.0 -99.000 -99.000 -99.000 -99.000 -99.000 -9999.0 -9999.0 -9999.0 -9999.0 -9999.0
04125 20040301  1.001 -119.65   44.56 -9999.0 -9999.0 -9999.0 -9999.0 -9999.0     7.66 R -9999.0 -9999.0     6.6 -9999.0 -9999.0 -9999.0 -99.000 -99.000 -99.000 -99.000 -99.000 -9999.0 -9999.0 -9999.0 -9999.0 -9999.0
04125 20040302  1.001 -119.65   44.56 -9999.0 -9999.0 -9999.0 -9999.0     0.3    12.51 R -9999.0 -9999.0     4.2 -9999.0 -9999.0 -9999.0 -99.000 -99.000 -99.000 -99.000 -99.000 -9999.0 -9999.0 -9999.0 -9999.0 -9999.0
04125 20040303  1.001 -119.65   44.56 -9999.0 -9999.0 -9999.0 -9999.0     3.4     3.63 R -9999.0 -9999.0     0.9 -9999.0 -9999.0 -9999.0 -99.000 -99.000 -99.000 -99.000 -99.000 -9999.0 -9999.0 -9999.0 -9999.0 -9999.0
04125 20040304  1.001 -119.65   44.56 -9999.0 -9999.0 -9999.0 -9999.0     0.0     7.96 R -9999.0 -9999.0     4.4 -9999.0 -9999.0 -9999.0 -99.000 -99.000 -99.000 -99.000 -99.000 -9999.0 -9999.0 -9999.0 -9999.0 -9999.0
04125 20040305  1.001 -119.65   44.56 -9999.0 -9999.0 -9999.0 -9999.0     0.0     9.32 R -9999.0 -9999.0     4.9 -9999.0 -9999.0 -9999.0 -99.000 -99.000 -99.000 -99.000 -99.000 -9999.0 -9999.0 -9999.0 -9999.0 -9999.0
04125 20040306  1.001 -119.65   44.56 -9999.0 -9999.0 -9999.0 -9999.0     0.0     9.22 R -9999.0 -9999.0     5.3 -9999.0 -9999.0 -9999.0 -99.000 -99.000 -99.000 -99.000 -99.000 -9999.0 -9999.0 -9999.0 -9999.0 -9999.0
04125 20040307  1.001 -119.65   44.56 -9999.0 -9999.0 -9999.0 -9999.0     0.0    15.48 R -9999.0 -9999.0    11.0 -9999.0 -9999.0 -9999.0 -99.000 -99.000 -99.000 -99.000 -99.000 -9999.0 -9999.0 -9999.0 -9999.0 -9999.0
04125 20040308  1.001 -119.65   44.56 -9999.0 -9999.0 -9999.0 -9999.0 -9999.0    14.92 R -9999.0 -9999.0    11.3 -9999.0 -9999.0 -9999.0 -99.000 -99.000 -99.000 -99.000 -99.000 -9999.0 -9999.0 -9999.0 -9999.0 -9999.0
04125 20040309  1.001 -119.65   44.56 -9999.0 -9999.0 -9999.0 -9999.0     0.0     9.22 R -9999.0 -9999.0     8.0 -9999.0 -9999.0 -9999.0 -99.000 -99.000 -99.000 -99.000 -99.000 -9999.0 -9999.0 -9999.0 -9999.0 -9999.0
04125 20040310  1.001 -119.65   44.56 -9999.0 -9999.0 -9999.0 -9999.0     0.5    17.59 R -9999.0 -9999.0     5.8 -9999.0 -9999.0 -9999.0 -99.000 -99.000 -99.000 -99.000 -99.000 -9999.0 -9999.0 -9999.0 -9999.0 -9999.0
04125 20040311  1.001 -119.65   44.56 -9999.0 -9999.0 -9999.0 -9999.0     0.3    15.08 R -9999.0 -9999.0     7.3 -9999.0 -9999.0 -9999.0 -99.000 -99.000 -99.000 -99.000 -99.000 -9999.0 -9999.0 -9999.0 -9999.0 -9999.0
04125 20040312  1.001 -119.65   44.56 -9999.0 -9999.0 -9999.0 -9999.0     0.0    17.75 R -9999.0 -9999.0     9.5 -9999.0 -9999.0 -9999.0 -99.000 -99.000 -99.000 -99.000 -99.000 -9999.0 -9999.0 -9999.0 -9999.0 -9999.0
04125 20040313  1.001 -119.65   44.56 -9999.0 -9999.0 -9999.0 -9999.0     0.8    15.53 R -9999.0 -9999.0     7.4 -9999.0 -9999.0 -9999.0 -99.000 -99.000 -99.000 -99.000 -99.000 -9999.0 -9999.0 -9999.0 -9999.0 -9999.0
04125 20040314  1.001 -119.65   44.56 -9999.0 -9999.0 -9999.0 -9999.0     0.0    14.00 R -9999.0 -9999.0     9.8 -9999.0 -9999.0 -9999.0 -99.000 -99.000 -99.000 -99.000 -99.000 -9999.0 -9999.0 -9999.0 -9999.0 -9999.0
04125 20040315  1.001 -119.65   44.56 -9999.0 -9999.0 -9999.0 -9999.0     0.3    15.07 R -9999.0 -9999.0     7.7 -9999.0 -9999.0 -9999.0 -99.000 -99.000 -99.000 -99.000 -99.000 -9999.0 -9999.0 -9999.0 -9999.0 -9999.0
04125 20040316  1.001 -119.65   44.56    21.3     3.7    12.5    10.8     0.0    13.64 R -9999.0 -9999.0     8.1 -9999.0 -9999.0 -9999.0 -99.000 -99.000 -99.000 -99.000 -99.000 -9999.0 -9999.0 -9999.0 -9999.0 -9999.0
04125 20040317  1.001 -119.65   44.56    21.5     3.8    12.7    11.5     0.0    17.79 R -9999.0 -9999.0    10.2 -9999.0 -9999.0 -9999.0 -99.000 -99.000 -99.000 -99.000 -99.000 -9999.0 -9999.0 -9999.0 -9999.0 -9999.0
04125 20040318  1.001 -119.65   44.56    23.7     4.3    14.0    13.8     0.0    10.86 R -9999.0 -9999.0    10.9 -9999.0 -9999.0 -9999.0 -99.000 -99.000 -99.000 -99.000 -99.000 -9999.0 -9999.0 -9999.0 -9999.0 -9999.0
04125 20040319  1.001 -119.65   44.56    13.2     0.0     6.6     6.2 -9999.0    14.97 R -9999.0 -9999.0     6.3 -9999.0 -9999.0 -9999.0 -99.000 -99.000 -99.000 -99.000 -99.000 -9999.0 -9999.0 -9999.0 -9999.0 -9999.0
04125 20040320  1.001 -119.65   44.56    18.2    -1.1     8.6     7.9     0.3    17.42 R -9999.0 -9999.0     7.8 -9999.0 -9999.0 -9999.0 -99.000 -99.000 -99.000 -99.000 -99.000 -9999.0 -9999.0 -9999.0 -9999.0 -9999.0
04125 20040321  1.001 -119.65   44.56    20.8     0.9    10.9    10.8     0.5    16.32 R -9999.0 -9999.0    10.4 -9999.0 -9999.0 -9999.0 -99.000 -99.000 -99.000 -99.000 -99.000 -9999.0 -9999.0 -9999.0 -9999.0 -9999.0
04125 20040322  1.001 -119.65   44.56    22.9     3.5    13.2    13.1     0.7    16.00 R -9999.0 -9999.0    12.1 -9999.0 -9999.0 -9999.0 -99.000 -99.000 -99.000 -99.000 -99.000 -9999.0 -9999.0 -9999.0 -9999.0 -9999.0
04125 20040323  1.001 -119.65   44.56    20.7     3.7    12.2    11.6     0.3    18.27 R -9999.0 -9999.0    10.5 -9999.0 -9999.0 -9999.0 -99.000 -99.000 -99.000 -99.000 -99.000 -9999.0 -9999.0 -9999.0 -9999.0 -9999.0
04125 20040324  1.001 -119.65   44.56    14.7     1.8     8.3     8.5     0.0    12.65 R -9999.0 -9999.0     7.6 -9999.0 -9999.0 -9999.0 -99.000 -99.000 -99.000 -99.000 -99.000 -9999.0 -9999.0 -9999.0 -9999.0 -9999.0
04125 20040325  1.001 -119.65   44.56    13.0     2.0     7.5     8.3     1.7     7.95 R -9999.0 -9999.0     7.6 -9999.0 -9999.0 -9999.0 -99.000 -99.000 -99.000 -99.000 -99.000 -9999.0 -9999.0 -9999.0 -9999.0 -9999.0
04125 20040326  1.001 -119.65   44.56    10.7     0.2     5.5     6.2     0.7    12.21 R -9999.0 -9999.0     5.5 -9999.0 -9999.0 -9999.0 -99.000 -99.000 -99.000 -99.000 -99.000 -9999.0 -9999.0 -9999.0 -9999.0 -9999.0
04125 20040327  1.001 -119.65   44.56    14.3     1.5     7.9     8.9     0.0    12.96 R -9999.0 -9999.0     7.5 -9999.0 -9999.0 -9999.0 -99.000 -99.000 -99.000 -99.000 -99.000 -9999.0 -9999.0 -9999.0 -9999.0 -9999.0
04125 20040328  1.001 -119.65   44.56    20.1    -1.0     9.6     9.7     0.8    21.39 R -9999.0 -9999.0     9.0 -9999.0 -9999.0 -9999.0 -99.000 -99.000 -99.000 -99.000 -99.000 -9999.0 -9999.0 -9999.0 -9999.0 -9999.0
04125 20040329  1.001 -119.65   44.56    25.6     4.4    15.0    16.3     0.0    17.82 R -9999.0 -9999.0    14.1 -9999.0 -9999.0 -9999.0 -99.000 -99.000 -99.000 -99.000 -99.000 -9999.0 -9999.0 -9999.0 -9999.0 -9999.0
04125 20040330  1.001 -119.65   44.56    17.2     2.0     9.6     9.5     7.7     9.20 R -9999.0 -9999.0     9.5 -9999.0 -9999.0 -9999.0 -99.000 -99.000 -99.000 -99.000 -99.000 -9999.0 -9999.0 -9999.0 -9999.0 -9999.0
04125 20040331  1.001 -119.65   44.56     9.2     0.6     4.9     4.6     0.3    16.96 R -9999.0 -9999.0     6.1 -9999.0 -9999.0 -9999.0 -99.000 -99.000 -99.000 -99.000 -99.000 -9999.0 -9999.0 -9999.0 -9999.0 -9999.0
04125 20040401  1.001 -119.65   44.56    10.4    -0.8     4.8     5.0     0.4    15.97 R -9999.0 -9999.0     5.5 -9999.0 -9999.0 -9999.0 -99.000 -99.000 -99.000 -99.000 -99.000 -9999.0 -9999.0 -9999.0 -9999.0 -9999.0
04125 20040402  1.001 -119.65   44.56    16.5    -3.2     6.7     7.6     0.8    20.62 R -9999.0 -9999.0     7.7 -9999.0 -9999.0 -9999.0 -99.000 -99.000 -99.000 -99.000 -99.000 -9999.0 -9999.0 -9999.0 -9999.0 -9999.0
04125 20040403  1.001 -119.65   44.56    20.9     4.2    12.6    11.1     0.0    17.29 R -9999.0 -9999.0    10.5 -9999.0 -9999.0 -9999.0 -99.000 -99.000 -99.000 -99.000 -99.000 -9999.0 -9999.0 -9999.0 -9999.0 -9999.0
04125 20040404  1.001 -119.65   44.56    22.4     3.4    12.9    12.9     0.7    22.23 R -9999.0 -9999.0    12.9 -9999.0 -9999.0 -9999.0 -99.000 -99.000 -99.000 -99.000 -99.000 -9999.0 -9999.0 -9999.0 -9999.0 -9999.0
04125 20040405  1.001 -119.65   44.56    19.6     5.2    12.4    12.7     0.0    13.54 R -9999.0 -9999.0    12.2 -9999.0 -9999.0 -9999.0 -99.000 -99.000 -99.000 -99.000 -99.000 -9999.0 -9999.0 -9999.0 -9999.0 -9999.0
04125 20040406  1.001 -119.65   44.56    20.9     6.2    13.6    13.5     0.0    21.42 R -9999.0 -9999.0    14.1 -9999.0 -9999.0 -9999.0 -99.000 -99.000 -99.000 -99.000 -99.000 -9999.0 -9999.0 -9999.0 -9999.0 -9999.0
04125 20040407  1.001 -119.65   44.56    19.6     1.2    10.4    11.7     0.0    20.26 R -9999.0 -9999.0    12.7 -9999.0 -9999.0 -9999.0 -99.000 -99.000 -99.000 -99.000 -99.000 -9999.0 -9999.0 -9999.0 -9999.0 -9999.0
04125 20040408  1.001 -119.65   44.56    19.6     1.6    10.6    11.0     0.0    23.51 R -9999.0 -9999.0    11.9 -9999.0 -9999.0 -9999.0 -99.000 -99.000 -99.000 -99.000 -99.000 -9999.0 -9999.0 -9999.0 -9999.0 -9999.0
04125 20040409  1.001 -119.65   44.56    19.5    -0.3     9.6    10.4     0.0    23.76 R -9999.0 -9999.0    11.5 -9999.0 -9999.0 -9999.0 -99.000 -99.000 -99.000 -99.000 -99.000 -9999.0 -9999.0 -9999.0 -9999.0 -9999.0
04125 20040410  1.001 -119.65   44.56    21.6     1.3    11.5    11.7     0.5    23.80 R -9999.0 -9999.0    12.8 -9999.0 -9999.0 -9999.0 -99.000 -99.000 -99.000 -99.000 -99.000 -9999.0 -9999.0 -9999.0 -9999.0 -9999.0
04125 20040411  1.001 -119.65   44.56    26.1     4.3    15.2    14.6     0.3    23.41 R -9999.0 -9999.0    15.8 -9999.0 -9999.0 -9999.0 -99.000 -99.000 -99.000 -99.000 -99.000 -9999.0 -9999.0 -9999.0 -9999.0 -9999.0
04125 20040412  1.001 -119.65   44.56    26.3     7.1    16.7    16.7     0.0    19.28 R -9999.0 -9999.0    17.4 -9999.0 -9999.0 -9999.0 -99.000 -99.000 -99.000 -99.000 -99.000 -9999.0 -9999.0 -9999.0 -9999.0 -9999.0
04125 20040413  1.001 -119.65   44.56    21.5     3.9    12.7    11.2     1.9    15.73 R -9999.0 -9999.0    12.6 -9999.0 -9999.0 -9999.0 -99.000 -99.000 -99.000 -99.000 -99.000 -9999.0 -9999.0 -9999.0 -9999.0 -9999.0
04125 20040414  1.001 -119.65   44.56    12.9     4.6     8.8     8.1     7.0     9.26 R -9999.0 -9999.0     8.2 -9999.0 -9999.0 -9999.0 -99.000 -99.000 -99.000 -99.000 -99.000 -9999.0 -9999.0 -9999.0 -9999.0 -9999.0
04125 20040415  1.001 -119.65   44.56    11.9     3.0     7.5     6.1     4.8    15.77 R -9999.0 -9999.0     7.3 -9999.0 -9999.0 -9999.0 -99.000 -99.000 -99.000 -99.000 -99.000 -9999.0 -9999.0 -9999.0 -9999.0 -9999.0
04125 20040416  1.001 -119.65   44.56    11.7     2.7     7.2     6.5     2.4    16.09 R -9999.0 -9999.0     8.2 -9999.0 -9999.0 -9999.0 -99.000 -99.000 -99.000 -99.000 -99.000 -9999.0 -9999.0 -9999.0 -9999.0 -9999.0
04125 20040417  1.001 -119.65   44.56    12.2     2.6     7.4     6.9     0.4    15.64 R -9999.0 -9999.0     7.9 -9999.0 -9999.0 -9999.0 -99.000 -99.000 -99.000 -99.000 -99.000 -9999.0 -9999.0 -9999.0 -9999.0 -9999.0
04125 20040418  1.001 -119.65   44.56    13.5     1.9     7.7     7.2     1.3    13.99 R -9999.0 -9999.0     7.4 -9999.0 -9999.0 -9999.0 -99.000 -99.000 -99.000 -99.000 -99.000 -9999.0 -9999.0 -9999.0 -9999.0 -9999.0
04125 20040419  1.001 -119.65   44.56    15.5     3.5     9.5     9.7     0.6    16.52 R -9999.0 -9999.0     9.5 -9999.0 -9999.0 -9999.0 -99.000 -99.000 -99.000 -99.000 -99.000 -9999.0 -9999.0 -9999.0 -9999.0 -9999.0
04125 20040420  1.001 -119.65   44.56    11.7     3.0     7.4     7.9     3.0    12.70 R -9999.0 -9999.0     8.0 -9999.0 -9999.0 -9999.0 -99.000 -99.000 -99.000 -99.000 -99.000 -9999.0 -9999.0 -9999.0 -9999.0 -9999.0
04125 20040421  1.001 -119.65   44.56    10.5     5.6     8.1     7.4     0.9    12.86 R -9999.0 -9999.0     8.1 -9999.0 -9999.0 -9999.0 -99.000 -99.000 -99.000 -99.000 -99.000 -9999.0 -9999.0 -9999.0 -9999.0 -9999.0
04125 20040422  1.001 -119.65   44.56    18.2     2.3    10.3    10.7     0.2    26.31 R -9999.0 -9999.0    10.8 -9999.0 -9999.0 -9999.0 -99.000 -99.000 -99.000 -99.000 -99.000 -9999.0 -9999.0 -9999.0 -9999.0 -9999.0
04125 20040423  1.001 -119.65   44.56    18.4     4.6    11.5    11.1     0.0    14.22 R -9999.0 -9999.0    10.1 -9999.0 -9999.0 -9999.0 -99.000 -99.000 -99.000 -99.000 -99.000 -9999.0 -9999.0 -9999.0 -9999.0 -9999.0
04125 20040424  1.001 -119.65   44.56    18.4     0.0     9.2     9.8     1.0    25.61 R -9999.0 -9999.0    10.0 -9999.0 -9999.0 -9999.0 -99.000 -99.000 -99.000 -99.000 -99.000 -9999.0 -9999.0 -9999.0 -9999.0 -9999.0
04125 20040425  1.001 -119.65   44.56    24.7     3.1    13.9    13.3     0.3    26.20 R -9999.0 -9999.0    13.4 -9999.0 -9999.0 -9999.0 -99.000 -99.000 -99.000 -99.000 -99.000 -9999.0 -9999.0 -9999.0 -9999.0 -9999.0
04125 20040426  1.001 -119.65   44.56    29.8     7.6    18.7    18.0     0.0    26.25 R -9999.0 -9999.0    17.9 -9999.0 -9999.0 -9999.0 -99.000 -99.000 -99.000 -99.000 -99.000 -9999.0 -9999.0 -9999.0 -9999.0 -9999.0
04125 20040427  1.001 -119.65   44.56    26.8     7.6    17.2    18.1     0.0    21.12 R -9999.0 -9999.0    18.4 -9999.0 -9999.0 -9999.0 -99.000 -99.000 -99.000 -99.000 -99.000 -9999.0 -9999.0 -9999.0 -9999.0 -9999.0
04125 20040428  1.001 -119.65   44.56    15.0     2.0     8.5     8.8     0.0    13.20 R -9999.0 -9999.0     9.2 -9999.0 -9999.0 -9999.0 -99.000 -99.000 -99.000 -99.000 -99.000 -9999.0 -9999.0 -9999.0 -9999.0 -9999.0
04125 20040429  1.001 -119.65   44.56    21.1    -1.0    10.1    11.3     0.5    27.76 R -9999.0 -9999.0    12.8 -9999.0 -9999.0 -9999.0 -99.000 -99.000 -99.000 -99.000 -99.000 -9999.0 -9999.0 -9999.0 -9999.0 -9999.0
04125 20040430  1.001 -119.65   44.56    25.9     4.4    15.2    15.2     0.0    27.55 R -9999.0 -9999.0    16.7 -9999.0 -9999.0 -9999.0 -99.000 -99.000 -99.000 -99.000 -99.000 -9999.0 -9999.0 -9999.0 -9999.0 -9999.0
04125 20040501  1.001 -119.65   44.56    29.0     8.2    18.6    17.8     0.0    25.54 R -9999.0 -9999.0    18.8 -9999.0 -9999.0 -9999.0 -99.000 -99.000 -99.000 -99.000 -99.000 -9999.0 -9999.0 -9999.0 -9999.0 -9999.0
04125 20040502  1.001 -119.65   44.56    28.4     7.4    17.9    18.5     0.2    27.18 R -9999.0 -9999.0    20.1 -9999.0 -9999.0 -9999.0 -99.000 -99.000 -99.000 -99.000 -99.000 -9999.0 -9999.0 -9999.0 -9999.0 -9999.0
04125 20040503  1.001 -119.65   44.56    28.1     7.4    17.8    18.6     0.0    27.15 R -9999.0 -9999.0    20.3 -9999.0 -9999.0 -9999.0 -99.000 -99.000 -99.000 -99.000 -99.000 -9999.0 -9999.0 -9999.0 -9999.0 -9999.0
04125 20040504  1.001 -119.65   44.56    25.4     6.4    15.9    15.7     0.0    26.84 R -9999.0 -9999.0    18.1 -9999.0 -9999.0 -9999.0 -99.000 -99.000 -99.000 -99.000 -99.000 -9999.0 -9999.0 -9999.0 -9999.0 -9999.0
04125 20040505  1.001 -119.65   44.56    21.3     3.2    12.3    13.0     0.0    24.77 R -9999.0 -9999.0    15.6 -9999.0 -9999.0 -9999.0 -99.000 -99.000 -99.000 -99.000 -99.000 -9999.0 -9999.0 -9999.0 -9999.0 -9999.0
04125 20040506  1.001 -119.65   44.56    20.7     4.3    12.5    12.8     0.0    12.27 R -9999.0 -9999.0    13.0 -9999.0 -9999.0 -9999.0 -99.000 -99.000 -99.000 -99.000 -99.000 -9999.0 -9999.0 -9999.0 -9999.0 -9999.0
04125 20040507  1.001 -119.65   44.56    24.2     7.7    16.0    16.9     0.0    20.22 R -9999.0 -9999.0    18.5 -9999.0 -9999.0 -9999.0 -99.000 -99.000 -99.000 -99.000 -99.000 -9999.0 -9999.0 -9999.0 -9999.0 -9999.0
04125 20040508  1.001 -119.65   44.56    20.9     8.5    14.7    14.2     0.0    22.60 R -9999.0 -9999.0    17.0 -9999.0 -9999.0 -9999.0 -99.000 -99.000 -99.000 -99.000 -99.000 -9999.0 -9999.0 -9999.0 -9999.0 -9999.0
04125 20040509  1.001 -119.65   44.56    17.8     5.0    11.4    12.5     0.3    18.70 R -9999.0 -9999.0    15.3 -9999.0 -9999.0 -9999.0 -99.000 -99.000 -99.000 -99.000 -99.000 -9999.0 -9999.0 -9999.0 -9999.0 -9999.0
04125 20040510  1.001 -119.65   44.56    14.5     7.8    11.2     9.3     6.8     9.42 R -9999.0 -9999.0     9.6 -9999.0 -9999.0 -9999.0 -99.000 -99.000 -99.000 -99.000 -99.000 -9999.0 -9999.0 -9999.0 -9999.0 -9999.0
04125 20040511  1.001 -119.65   44.56    14.8     7.1    11.0    10.9     0.0    10.02 R -9999.0 -9999.0    11.1 -9999.0 -9999.0 -9999.0 -99.000 -99.000 -99.000 -99.000 -99.000 -9999.0 -9999.0 -9999.0 -9999.0 -9999.0
04125 20040512  1.001 -119.65   44.56    16.7     5.3    11.0    11.7     0.0    16.13 R -9999.0 -9999.0    12.7 -9999.0 -9999.0 -9999.0 -99.000 -99.000 -99.000 -99.000 -99.000 -9999.0 -9999.0 -9999.0 -9999.0 -9999.0
04125 20040513  1.001 -119.65   44.56    20.9     2.0    11.5    12.3     0.0    24.68 R -9999.0 -9999.0    14.1 -9999.0 -9999.0 -9999.0 -99.000 -99.000 -99.000 -99.000 -99.000 -9999.0 -9999.0 -9999.0 -9999.0 -9999.0
04125 20040514  1.001 -119.65   44.56    23.2     3.0    13.1    14.3     0.0    27.40 R -9999.0 -9999.0    16.5 -9999.0 -9999.0 -9999.0 -99.000 -99.000 -99.000 -99.000 -99.000 -9999.0 -9999.0 -9999.0 -9999.0 -9999.0
04125 20040515  1.001 -119.65   44.56    18.8     6.6    12.7    12.4     1.4    10.54 R -9999.0 -9999.0    13.0 -9999.0 -9999.0 -9999.0 -99.000 -99.000 -99.000 -99.000 -99.000 -9999.0 -9999.0 -9999.0 -9999.0 -9999.0
04125 20040516  1.001 -119.65   44.56    18.0     5.7    11.9    11.9     0.2    18.30 R -9999.0 -9999.0    12.9 -9999.0 -9999.0 -9999.0 -99.000 -99.000 -99.000 -99.000 -99.000 -9999.0 -9999.0 -9999.0 -9999.0 -9999.0
04125 20040517  1.001 -119.65   44.56    21.3     8.2    14.8    13.1     2.8    19.93 R -9999.0 -9999.0    15.5 -9999.0 -9999.0 -9999.0 -99.000 -99.000 -99.000 -99.000 -99.000 -9999.0 -9999.0 -9999.0 -9999.0 -9999.0
04125 20040518  1.001 -119.65   44.56    11.3     8.8    10.1    10.1    36.7     4.18 R -9999.0 -9999.0    10.5 -9999.0 -9999.0 -9999.0 -99.000 -99.000 -99.000 -99.000 -99.000 -9999.0 -9999.0 -9999.0 -9999.0 -9999.0
04125 20040519  1.001 -119.65   44.56    16.2     8.3    12.3    11.8     6.7    11.50 R -9999.0 -9999.0    12.2 -9999.0 -9999.0 -9999.0 -99.000 -99.000 -99.000 -99.000 -99.000 -9999.0 -9999.0 -9999.0 -9999.0 -9999.0
04125 20040520  1.001 -119.65   44.56    19.6     9.6    14.6    13.8     5.4    20.17 R -9999.0 -9999.0    15.1 -9999.0 -9999.0 -9999.0 -99.000 -99.000 -99.000 -99.000 -99.000 -9999.0 -9999.0 -9999.0 -9999.0 -9999.0
04125 20040521  1.001 -119.65   44.56    22.6     9.0    15.8    14.9     0.3    23.48 R -9999.0 -9999.0    15.9 -9999.0 -9999.0 -9999.0 -99.000 -99.000 -99.000 -99.000 -99.000 -9999.0 -9999.0 -9999.0 -9999.0 -9999.0
04125 20040522  1.201 -119.65   44.56 -9999.0 -9999.0 -9999.0 -9999.0 -9999.0 -9999.00 U -9999.0 -9999.0 -9999.0 -9999.0 -9999.0 -9999.0 -99.000 -99.000 -99.000 -99.000 -99.000 -9999.0 -9999.0 -9999.0 -9999.0 -9999.0
04125 20040523  1.201 -119.65   44.56    14.3     5.1     9.7     9.8     1.8    11.13 R -9999.0 -9999.0    10.4 -9999.0 -9999.0 -9999.0 -99.000 -99.000 -99.000 -99.000 -99.000 -9999.0 -9999.0 -9999.0 -9999.0 -9999.0
04125 20040524  1.201 -119.65   44.56    19.7     3.1    11.4    11.5     0.0    25.77 R -9999.0 -9999.0    13.7 -9999.0 -9999.0 -9999.0 -99.000 -99.000 -99.000 -99.000 -99.000 -9999.0 -9999.0 -9999.0 -9999.0 -9999.0
04125 20040525  1.201 -119.65   44.56    22.3     4.0    13.2    14.5     0.0    29.57 R -9999.0 -9999.0    17.2 -9999.0 -9999.0 -9999.0 -99.000 -99.000 -99.000 -99.000 -99.000 -9999.0 -9999.0 -9999.0 -9999.0 -9999.0
04125 20040526  1.201 -119.65   44.56    20.6    11.1    15.9    16.6     0.0     7.29 R -9999.0 -9999.0    15.9 -9999.0 -9999.0 -9999.0 -99.000 -99.000 -99.000 -99.000 -99.000 -9999.0 -9999.0 -9999.0 -9999.0 -9999.0
04125 20040527  1.201 -119.65   44.56    19.1     8.6    13.9    13.1     7.0     9.09 R -9999.0 -9999.0    13.2 -9999.0 -9999.0 -9999.0 -99.000 -99.000 -99.000 -99.000 -99.000 -9999.0 -9999.0 -9999.0 -9999.0 -9999.0
04125 20040528  1.201 -119.65   44.56    15.2     7.6    11.4    11.1     6.9    20.88 R -9999.0 -9999.0    12.5 -9999.0 -9999.0 -9999.0 -99.000 -99.000 -99.000 -99.000 -99.000 -9999.0 -9999.0 -9999.0 -9999.0 -9999.0
04125 20040529  1.201 -119.65   44.56    16.9     5.9    11.4    11.4     0.0    18.25 R -9999.0 -9999.0    13.1 -9999.0 -9999.0 -9999.0 -99.000 -99.000 -99.000 -99.000 -99.000 -9999.0 -9999.0 -9999.0 -9999.0 -9999.0
04125 20040530  1.201 -119.65   44.56    21.1     7.9    14.5    14.3     0.0    24.52 R -9999.0 -9999.0    16.3 -9999.0 -9999.0 -9999.0 -99.000 -99.000 -99.000 -99.000 -99.000 -9999.0 -9999.0 -9999.0 -9999.0 -9999.0
04125 20040531  1.201 -119.65   44.56    21.9     6.2    14.1    14.7     0.0    27.79 R -9999.0 -9999.0    17.4 -9999.0 -9999.0 -9999.0 -99.000 -99.000 -99.000 -99.000 -99.000 -9999.0 -9999.0 -9999.0 -9999.0 -9999.0
04125 20040601  1.201 -119.65   44.56    23.1     5.5    14.3    15.6     0.0    30.92 R -9999.0 -9999.0    17.9 -9999.0 -9999.0 -9999.0 -99.000 -99.000 -99.000 -99.000 -99.000 -9999.0 -9999.0 -9999.0 -9999.0 -9999.0
04125 20040602  1.201 -119.65   44.56    28.2     7.7    18.0    19.1     0.0    30.42 R -9999.0 -9999.0    20.6 -9999.0 -9999.0 -9999.0 -99.000 -99.000 -99.000 -99.000 -99.000 -9999.0 -9999.0 -9999.0 -9999.0 -9999.0
04125 20040603  1.201 -119.65   44.56    30.0    11.9    21.0    20.2     0.0    24.11 R -9999.0 -9999.0    21.5 -9999.0 -9999.0 -9999.0 -99.000 -99.000 -99.000 -99.000 -99.000 -9999.0 -9999.0 -9999.0 -9999.0 -9999.0
04125 20040604  1.201 -119.65   44.56    32.3    13.0    22.7    22.9     0.0    29.53 R -9999.0 -9999.0    24.4 -9999.0 -9999.0 -9999.0 -99.000 -99.000 -99.000 -99.000 -99.000 -9999.0 -9999.0 -9999.0 -9999.0 -9999.0
04125 20040605  1.201 -119.65   44.56    25.3    12.6    19.0    19.3     0.6    21.41 R -9999.0 -9999.0    20.3 -9999.0 -9999.0 -9999.0 -99.000 -99.000 -99.000 -99.000 -99.000 -9999.0 -9999.0 -9999.0 -9999.0 -9999.0
04125 20040606  1.201 -119.65   44.56    20.4     7.7    14.1    13.2     1.5    21.27 R -9999.0 -9999.0    15.8 -9999.0 -9999.0 -9999.0 -99.000 -99.000 -99.000 -99.000 -99.000 -9999.0 -9999.0 -9999.0 -9999.0 -9999.0
04125 20040607  1.201 -119.65   44.56    15.5     6.8    11.2    10.6     0.2    15.78 R -9999.0 -9999.0    12.5 -9999.0 -9999.0 -9999.0 -99.000 -99.000 -99.000 -99.000 -99.000 -9999.0 -9999.0 -9999.0 -9999.0 -9999.0
04125 20040608  1.201 -119.65   44.56    18.6     7.5    13.1    13.1     0.0    20.51 R -9999.0 -9999.0    15.7 -9999.0 -9999.0 -9999.0 -99.000 -99.000 -99.000 -99.000 -99.000 -9999.0 -9999.0 -9999.0 -9999.0 -9999.0
04125 20040609  1.201 -119.65   44.56    15.5     9.0    12.3    11.9     3.4     7.32 R -9999.0 -9999.0    12.9 -9999.0 -9999.0 -9999.0 -99.000 -99.000 -99.000 -99.000 -99.000 -9999.0 -9999.0 -9999.0 -9999.0 -9999.0
04125 20040610  1.201 -119.65   44.56    20.5     9.6    15.1    14.1     0.0    17.79 R -9999.0 -9999.0    15.3 -9999.0 -9999.0 -9999.0 -99.000 -99.000 -99.000 -99.000 -99.000 -9999.0 -9999.0 -9999.0 -9999.0 -9999.0
04125 20040611  1.201 -119.65   44.56    19.1     8.2    13.7    13.6     0.0    24.94 R -9999.0 -9999.0    16.6 -9999.0 -9999.0 -9999.0 -99.000 -99.000 -99.000 -99.000 -99.000 -9999.0 -9999.0 -9999.0 -9999.0 -9999.0
04125 20040612  1.201 -119.65   44.56    21.5     4.2    12.9    14.6     0.0    22.50 R -9999.0 -9999.0    16.8 -9999.0 -9999.0 -9999.0 -99.000 -99.000 -99.000 -99.000 -99.000 -9999.0 -9999.0 -9999.0 -9999.0 -9999.0
04125 20040613  1.201 -119.65   44.56    25.0    11.1    18.1    18.3     0.0    28.52 R -9999.0 -9999.0    21.2 -9999.0 -9999.0 -9999.0 -99.000 -99.000 -99.000 -99.000 -99.000 -9999.0 -9999.0 -9999.0 -9999.0 -9999.0
04125 20040614  1.201 -119.65   44.56    22.2     9.7    16.0    15.5     0.0    30.74 R -9999.0 -9999.0    19.4 -9999.0 -9999.0 -9999.0 -99.000 -99.000 -99.000 -99.000 -99.000 -9999.0 -9999.0 -9999.0 -9999.0 -9999.0
04125 20040615  1.201 -119.65   44.56    22.1     6.2    14.2    15.1     0.0    31.62 R -9999.0 -9999.0    18.5 -9999.0 -9999.0 -9999.0 -99.000 -99.000 -99.000 -99.000 -99.000 -9999.0 -9999.0 -9999.0 -9999.0 -9999.0
04125 20040616  1.201 -119.65   44.56    26.9     4.1    15.5    17.2     0.0    32.15 R -9999.0 -9999.0    19.9 -9999.0 -9999.0 -9999.0 -99.000 -99.000 -99.000 -99.000 -99.000 -9999.0 -9999.0 -9999.0 -9999.0 -9999.0
04125 20040617  1.201 -119.65   44.56    28.4     7.3    17.9    19.5     0.0    31.92 R -9999.0 -9999.0    22.2 -9999.0 -9999.0 -9999.0 -99.000 -99.000 -99.000 -99.000 -99.000 -9999.0 -9999.0 -9999.0 -9999.0 -9999.0
04125 20040618  1.201 -119.65   44.56    26.6     8.9    17.8    19.1     0.0    30.12 R -9999.0 -9999.0    21.9 -9999.0 -9999.0 -9999.0 -99.000 -99.000 -99.000 -99.000 -99.000 -9999.0 -9999.0 -9999.0 -9999.0 -9999.0
04125 20040619  1.201 -119.65   44.56    26.4     8.1    17.3    18.6     0.0    28.19 R -9999.0 -9999.0    21.3 -9999.0 -9999.0 -9999.0 -99.000 -99.000 -99.000 -99.000 -99.000 -9999.0 -9999.0 -9999.0 -9999.0 -9999.0
04125 20040620  1.201 -119.65   44.56    28.2     7.4    17.8    19.3     0.0    31.73 R -9999.0 -9999.0    22.4 -9999.0 -9999.0 -9999.0 -99.000 -99.000 -99.000 -99.000 -99.000 -9999.0 -9999.0 -9999.0 -9999.0 -9999.0
04125 20040621  1.201 -119.65   44.56    32.8    11.9    22.4    22.7     0.0    31.25 R -9999.0 -9999.0    26.1 -9999.0 -9999.0 -9999.0 -99.000 -99.000 -99.000 -99.000 -99.000 -9999.0 -9999.0 -9999.0 -9999.0 -9999.0
04125 20040622  1.201 -119.65   44.56    36.1    14.6    25.4    25.9 -9999.0    25.44 R -9999.0 -9999.0    28.3 -9999.0 -9999.0 -9999.0 -99.000 -99.000 -99.000 -99.000 -99.000 -9999.0 -9999.0 -9999.0 -9999.0 -9999.0
04125 20040623  1.201 -119.65   44.56    38.2    16.0    27.1    27.1     0.0    29.22 R -9999.0 -9999.0    30.4 -9999.0 -9999.0 -9999.0 -99.000 -99.000 -99.000 -99.000 -99.000 -9999.0 -9999.0 -9999.0 -9999.0 -9999.0
04125 20040624  1.201 -119.65   44.56    37.0    14.9    26.0    26.5     0.0    26.58 R -9999.0 -9999.0    29.5 -9999.0 -9999.0 -9999.0 -99.000 -99.000 -99.000 -99.000 -99.000 -9999.0 -9999.0 -9999.0 -9999.0 -9999.0
04125 20040625  1.201 -119.65   44.56    35.9    12.8    24.4    25.2     0.0    29.82 R -9999.0 -9999.0    29.0 -9999.0 -9999.0 -9999.0 -99.000 -99.000 -99.000 -99.000 -99.000 -9999.0 -9999.0 -9999.0 -9999.0 -9999.0
04125 20040626  1.201 -119.65   44.56    30.2    13.2    21.7    22.7     0.0    28.94 R -9999.0 -9999.0    27.0 -9999.0 -9999.0 -9999.0 -99.000 -99.000 -99.000 -99.000 -99.000 -9999.0 -9999.0 -9999.0 -9999.0 -9999.0
04125 20040627  1.201 -119.65   44.56    29.6    12.2    20.9    21.9     0.0    30.49 R -9999.0 -9999.0    26.8 -9999.0 -9999.0 -9999.0 -99.000 -99.000 -99.000 -99.000 -99.000 -9999.0 -9999.0 -9999.0 -9999.0 -9999.0
04125 20040628  1.201 -119.65   44.56    34.3    14.8    24.6    24.5     0.0    27.41 R -9999.0 -9999.0    29.3 -9999.0 -9999.0 -9999.0 -99.000 -99.000 -99.000 -99.000 -99.000 -9999.0 -9999.0 -9999.0 -9999.0 -9999.0
04125 20040629  1.201 -119.65   44.56    33.6    15.9    24.8    23.0     3.5    23.76 R -9999.0 -9999.0    27.8 -9999.0 -9999.0 -9999.0 -99.000 -99.000 -99.000 -99.000 -99.000 -9999.0 -9999.0 -9999.0 -9999.0 -9999.0
04125 20040630  1.201 -119.65   44.56    30.8    14.0    22.4    22.5     0.0    29.21 R -9999.0 -9999.0    26.9 -9999.0 -9999.0 -9999.0 -99.000 -99.000 -99.000 -99.000 -99.000 -9999.0 -9999.0 -9999.0 -9999.0 -9999.0
04125 20040701  1.201 -119.65   44.56    31.1    15.7    23.4    22.9     0.0    23.30 R -9999.0 -9999.0    26.7 -9999.0 -9999.0 -9999.0 -99.000 -99.000 -99.000 -99.000 -99.000 -9999.0 -9999.0 -9999.0 -9999.0 -9999.0
04125 20040702  1.201 -119.65   44.56    32.0    14.1    23.1    23.1     0.0    28.06 R -9999.0 -9999.0    28.1 -9999.0 -9999.0 -9999.0 -99.000 -99.000 -99.000 -99.000 -99.000 -9999.0 -9999.0 -9999.0 -9999.0 -9999.0
04125 20040703  1.201 -119.65   44.56    29.8    15.1    22.5    22.2     0.0    27.47 R -9999.0 -9999.0    27.3 -9999.0 -9999.0 -9999.0 -99.000 -99.000 -99.000 -99.000 -99.000 -9999.0 -9999.0 -9999.0 -9999.0 -9999.0
04125 20040704  1.201 -119.65   44.56    29.2     9.4    19.3    20.8     0.0    31.29 R -9999.0 -9999.0    25.6 -9999.0 -9999.0 -9999.0 -99.000 -99.000 -99.000 -99.000 -99.000 -9999.0 -9999.0 -9999.0 -9999.0 -9999.0
04125 20040705  1.201 -119.65   44.56    32.2     9.4    20.8    22.4     0.0    31.03 R -9999.0 -9999.0    27.0 -9999.0 -9999.0 -9999.0 -99.000 -99.000 -99.000 -99.000 -99.000 -9999.0 -9999.0 -9999.0 -9999.0 -9999.0
04125 20040706  1.201 -119.65   44.56    31.9    14.0    23.0    23.7     0.0    25.67 R -9999.0 -9999.0    27.9 -9999.0 -9999.0 -9999.0 -99.000 -99.000 -99.000 -99.000 -99.000 -9999.0 -9999.0 -9999.0 -9999.0 -9999.0
04125 20040707  1.201 -119.65   44.56    24.6    13.0    18.8    19.4     0.0    30.73 R -9999.0 -9999.0    25.1 -9999.0 -9999.0 -9999.0 -99.000 -99.000 -99.000 -99.000 -99.000 -9999.0 -9999.0 -9999.0 -9999.0 -9999.0
04125 20040708  1.201 -119.65   44.56    27.9     6.9    17.4    18.6     0.0    30.15 R -9999.0 -9999.0    24.2 -9999.0 -9999.0 -9999.0 -99.000 -99.000 -99.000 -99.000 -99.000 -9999.0 -9999.0 -9999.0 -9999.0 -9999.0
04125 20040709  1.201 -119.65   44.56    30.9     8.8    19.9    20.6     0.0    29.98 R -9999.0 -9999.0    26.0 -9999.0 -9999.0 -9999.0 -99.000 -99.000 -99.000 -99.000 -99.000 -9999.0 -9999.0 -9999.0 -9999.0 -9999.0
04125 20040710  1.201 -119.65   44.56    27.5    10.8    19.2    19.4     0.0    29.38 R -9999.0 -9999.0    25.4 -9999.0 -9999.0 -9999.0 -99.000 -99.000 -99.000 -99.000 -99.000 -9999.0 -9999.0 -9999.0 -9999.0 -9999.0
04125 20040711  1.201 -119.65   44.56    28.8     7.5    18.2    19.5     0.0    30.62 R -9999.0 -9999.0    25.0 -9999.0 -9999.0 -9999.0 -99.000 -99.000 -99.000 -99.000 -99.000 -9999.0 -9999.0 -9999.0 -9999.0 -9999.0
04125 20040712  1.201 -119.65   44.56    37.0    10.8    23.9    23.9     0.0    27.89 R -9999.0 -9999.0    28.0 -9999.0 -9999.0 -9999.0 -99.000 -99.000 -99.000 -99.000 -99.000 -9999.0 -9999.0 -9999.0 -9999.0 -9999.0
04125 20040713  1.201 -119.65   44.56    36.2    15.9    26.1    26.8     0.0    29.99 R -9999.0 -9999.0    31.9 -9999.0 -9999.0 -9999.0 -99.000 -99.000 -99.000 -99.000 -99.000 -9999.0 -9999.0 -9999.0 -9999.0 -9999.0
04125 20040714  1.201 -119.65   44.56    38.7    14.2    26.5    27.6     0.0    29.94 R -9999.0 -9999.0    32.1 -9999.0 -9999.0 -9999.0 -99.000 -99.000 -99.000 -99.000 -99.000 -9999.0 -9999.0 -9999.0 -9999.0 -9999.0
04125 20040715  1.201 -119.65   44.56    37.3    14.5    25.9    26.9     0.0    29.91 R -9999.0 -9999.0    31.6 -9999.0 -9999.0 -9999.0 -99.000 -99.000 -99.000 -99.000 -99.000 -9999.0 -9999.0 -9999.0 -9999.0 -9999.0
04125 20040716  1.201 -119.65   44.56    38.0    12.8    25.4    26.6     0.0    28.42 R -9999.0 -9999.0    31.5 -9999.0 -9999.0 -9999.0 -99.000 -99.000 -99.000 -99.000 -99.000 -9999.0 -9999.0 -9999.0 -9999.0 -9999.0
04125 20040717  1.201 -119.65   44.56    37.4    20.8    29.1    29.5     0.0    18.77 R -9999.0 -9999.0    32.5 -9999.0 -9999.0 -9999.0 -99.000 -99.000 -99.000 -99.000 -99.000 -9999.0 -9999.0 -9999.0 -9999.0 -9999.0
04125 20040718  1.201 -119.65   44.56    35.1    18.3    26.7    26.8     0.0    17.25 R -9999.0 -9999.0    29.8 -9999.0 -9999.0 -9999.0 -99.000 -99.000 -99.000 -99.000 -99.000 -9999.0 -9999.0 -9999.0 -9999.0 -9999.0
04125 20040719  1.201 -119.65   44.56    31.6    16.8    24.2    21.9     1.6    19.76 R -9999.0 -9999.0    24.7 -9999.0 -9999.0 -9999.0 -99.000 -99.000 -99.000 -99.000 -99.000 -9999.0 -9999.0 -9999.0 -9999.0 -9999.0
04125 20040720  1.201 -119.65   44.56    31.1    15.1    23.1    23.3     0.0    28.60 R -9999.0 -9999.0    28.8 -9999.0 -9999.0 -9999.0 -99.000 -99.000 -99.000 -99.000 -99.000 -9999.0 -9999.0 -9999.0 -9999.0 -9999.0
04125 20040721  1.201 -119.65   44.56    31.9    12.5    22.2    23.0     0.0    29.38 R -9999.0 -9999.0    28.5 -9999.0 -9999.0 -9999.0 -99.000 -99.000 -99.000 -99.000 -99.000 -9999.0 -9999.0 -9999.0 -9999.0 -9999.0
04125 20040722  1.201 -119.65   44.56    33.3    10.1    21.7    23.4     0.0    29.72 R -9999.0 -9999.0    28.5 -9999.0 -9999.0 -9999.0 -99.000 -99.000 -99.000 -99.000 -99.000 -9999.0 -9999.0 -9999.0 -9999.0 -9999.0
04125 20040723  1.201 -119.65   44.56    36.5    13.1    24.8    26.3     0.0    29.38 R -9999.0 -9999.0    30.9 -9999.0 -9999.0 -9999.0 -99.000 -99.000 -99.000 -99.000 -99.000 -9999.0 -9999.0 -9999.0 -9999.0 -9999.0
04125 20040724  1.201 -119.65   44.56    39.5    17.1    28.3    29.5     0.0    28.73 R -9999.0 -9999.0    34.3 -9999.0 -9999.0 -9999.0 -99.000 -99.000 -99.000 -99.000 -99.000 -9999.0 -9999.0 -9999.0 -9999.0 -9999.0
04125 20040725  1.201 -119.65   44.56    36.9    19.1    28.0    28.9     0.0    27.80 R -9999.0 -9999.0    33.7 -9999.0 -9999.0 -9999.0 -99.000 -99.000 -99.000 -99.000 -99.000 -9999.0 -9999.0 -9999.0 -9999.0 -9999.0
04125 20040726  1.201 -119.65   44.56    34.6    11.6    23.1    24.7     0.0    29.45 R -9999.0 -9999.0    29.2 -9999.0 -9999.0 -9999.0 -99.000 -99.000 -99.000 -99.000 -99.000 -9999.0 -9999.0 -9999.0 -9999.0 -9999.0
04125 20040727  1.201 -119.65   44.56    34.8    12.1    23.5    24.6     0.0    28.29 R -9999.0 -9999.0    29.1 -9999.0 -9999.0 -9999.0 -99.000 -99.000 -99.000 -99.000 -99.000 -9999.0 -9999.0 -9999.0 -9999.0 -9999.0
04125 20040728  1.201 -119.65   44.56    35.5    13.4    24.5    25.9     0.0    27.42 R -9999.0 -9999.0    30.4 -9999.0 -9999.0 -9999.0 -99.000 -99.000 -99.000 -99.000 -99.000 -9999.0 -9999.0 -9999.0 -9999.0 -9999.0
04125 20040729  1.201 -119.65   44.56    35.2    14.6    24.9    26.4     0.0    26.75 R -9999.0 -9999.0    31.1 -9999.0 -9999.0 -9999.0 -99.000 -99.000 -99.000 -99.000 -99.000 -9999.0 -9999.0 -9999.0 -9999.0 -9999.0
04125 20040730  1.201 -119.65   44.56    35.3    14.6    25.0    26.0     0.0    27.47 R -9999.0 -9999.0    30.8 -9999.0 -9999.0 -9999.0 -99.000 -99.000 -99.000 -99.000 -99.000 -9999.0 -9999.0 -9999.0 -9999.0 -9999.0
04125 20040731  1.201 -119.65   44.56    36.7    13.5    25.1    26.9     0.0    27.55 R -9999.0 -9999.0    31.6 -9999.0 -9999.0 -9999.0 -99.000 -99.000 -99.000 -99.000 -99.000 -9999.0 -9999.0 -9999.0 -9999.0 -9999.0
04125 20040801  1.201 -119.65   44.56    38.3    14.1    26.2    27.2     0.0    22.56 R -9999.0 -9999.0    30.8 -9999.0 -9999.0 -9999.0 -99.000 -99.000 -99.000 -99.000 -99.000 -9999.0 -9999.0 -9999.0 -9999.0 -9999.0
04125 20040802  1.201 -119.65   44.56    33.8    15.4    24.6    24.4     0.0    15.67 R -9999.0 -9999.0    26.3 -9999.0 -9999.0 -9999.0 -99.000 -99.000 -99.000 -99.000 -99.000 -9999.0 -9999.0 -9999.0 -9999.0 -9999.0
04125 20040803  1.201 -119.65   44.56    30.1    15.6    22.9    22.4     1.5    22.13 R -9999.0 -9999.0    26.1 -9999.0 -9999.0 -9999.0 -99.000 -99.000 -99.000 -99.000 -99.000 -9999.0 -9999.0 -9999.0 -9999.0 -9999.0
04125 20040804  1.201 -119.65   44.56    32.2    12.9    22.6    21.7     4.7    21.79 R -9999.0 -9999.0    25.0 -9999.0 -9999.0 -9999.0 -99.000 -99.000 -99.000 -99.000 -99.000 -9999.0 -9999.0 -9999.0 -9999.0 -9999.0
04125 20040805  1.201 -119.65   44.56    27.4    14.1    20.8    20.6     2.3    22.95 R -9999.0 -9999.0    24.3 -9999.0 -9999.0 -9999.0 -99.000 -99.000 -99.000 -99.000 -99.000 -9999.0 -9999.0 -9999.0 -9999.0 -9999.0
04125 20040806  1.201 -119.65   44.56    27.5    14.6    21.1    20.4     0.0    16.16 R -9999.0 -9999.0    22.1 -9999.0 -9999.0 -9999.0 -99.000 -99.000 -99.000 -99.000 -99.000 -9999.0 -9999.0 -9999.0 -9999.0 -9999.0
04125 20040807  1.201 -119.65   44.56    27.9     8.6    18.3    19.5     0.0    27.94 R -9999.0 -9999.0    23.6 -9999.0 -9999.0 -9999.0 -99.000 -99.000 -99.000 -99.000 -99.000 -9999.0 -9999.0 -9999.0 -9999.0 -9999.0
04125 20040808  1.201 -119.65   44.56    32.6     8.8    20.7    21.9     0.0    28.14 R -9999.0 -9999.0    26.0 -9999.0 -9999.0 -9999.0 -99.000 -99.000 -99.000 -99.000 -99.000 -9999.0 -9999.0 -9999.0 -9999.0 -9999.0
04125 20040809  1.201 -119.65   44.56    38.3    12.3    25.3    25.6     0.0    27.33 R -9999.0 -9999.0    29.1 -9999.0 -9999.0 -9999.0 -99.000 -99.000 -99.000 -99.000 -99.000 -9999.0 -9999.0 -9999.0 -9999.0 -9999.0
04125 20040810  1.201 -119.65   44.56    36.7    13.3    25.0    26.5     0.0    26.83 R -9999.0 -9999.0    30.0 -9999.0 -9999.0 -9999.0 -99.000 -99.000 -99.000 -99.000 -99.000 -9999.0 -9999.0 -9999.0 -9999.0 -9999.0
04125 20040811  1.201 -119.65   44.56    37.0    13.7    25.4    26.9     0.0    26.53 R -9999.0 -9999.0    30.8 -9999.0 -9999.0 -9999.0 -99.000 -99.000 -99.000 -99.000 -99.000 -9999.0 -9999.0 -9999.0 -9999.0 -9999.0
04125 20040812  1.201 -119.65   44.56    39.3    14.7    27.0    28.1     0.0    25.32 R -9999.0 -9999.0    31.6 -9999.0 -9999.0 -9999.0 -99.000 -99.000 -99.000 -99.000 -99.000 -9999.0 -9999.0 -9999.0 -9999.0 -9999.0
04125 20040813  1.201 -119.65   44.56    38.9    15.2    27.1    27.8     0.0    15.98 R -9999.0 -9999.0    29.2 -9999.0 -9999.0 -9999.0 -99.000 -99.000 -99.000 -99.000 -99.000 -9999.0 -9999.0 -9999.0 -9999.0 -9999.0
04125 20040814  1.201 -119.65   44.56    30.3    19.5    24.9    26.1     0.0     6.23 R -9999.0 -9999.0    25.5 -9999.0 -9999.0 -9999.0 -99.000 -99.000 -99.000 -99.000 -99.000 -9999.0 -9999.0 -9999.0 -9999.0 -9999.0
04125 20040815  1.201 -119.65   44.56    37.3    18.2    27.8    27.6     0.0    19.55 R -9999.0 -9999.0    31.2 -9999.0 -9999.0 -9999.0 -99.000 -99.000 -99.000 -99.000 -99.000 -9999.0 -9999.0 -9999.0 -9999.0 -9999.0
04125 20040816  1.201 -119.65   44.56    32.9    22.1    27.5    25.9     0.0    12.01 R -9999.0 -9999.0    28.6 -9999.0 -9999.0 -9999.0 -99.000 -99.000 -99.000 -99.000 -99.000 -9999.0 -9999.0 -9999.0 -9999.0 -9999.0
04125 20040817  1.201 -119.65   44.56    34.0    20.2    27.1    26.5     0.0    22.78 R -9999.0 -9999.0    31.3 -9999.0 -9999.0 -9999.0 -99.000 -99.000 -99.000 -99.000 -99.000 -9999.0 -9999.0 -9999.0 -9999.0 -9999.0
04125 20040818  1.201 -119.65   44.56    34.8    13.3    24.1    25.4     0.0    23.45 R -9999.0 -9999.0    29.9 -9999.0 -9999.0 -9999.0 -99.000 -99.000 -99.000 -99.000 -99.000 -9999.0 -9999.0 -9999.0 -9999.0 -9999.0
04125 20040819  1.201 -119.65   44.56    34.4    18.3    26.4    26.7     0.0    16.97 R -9999.0 -9999.0    29.9 -9999.0 -9999.0 -9999.0 -99.000 -99.000 -99.000 -99.000 -99.000 -9999.0 -9999.0 -9999.0 -9999.0 -9999.0
04125 20040820  1.201 -119.65   44.56    35.0    19.8    27.4    27.3     0.0    22.07 R -9999.0 -9999.0    31.5 -9999.0 -9999.0 -9999.0 -99.000 -99.000 -99.000 -99.000 -99.000 -9999.0 -9999.0 -9999.0 -9999.0 -9999.0
04125 20040821  1.201 -119.65   44.56    34.7    14.3    24.5    24.4     0.0    22.58 R -9999.0 -9999.0    29.3 -9999.0 -9999.0 -9999.0 -99.000 -99.000 -99.000 -99.000 -99.000 -9999.0 -9999.0 -9999.0 -9999.0 -9999.0
04125 20040822  1.201 -119.65   44.56    18.8    14.1    16.5    16.1    12.5     3.81 R -9999.0 -9999.0    16.7 -9999.0 -9999.0 -9999.0 -99.000 -99.000 -99.000 -99.000 -99.000 -9999.0 -9999.0 -9999.0 -9999.0 -9999.0
04125 20040823  1.201 -119.65   44.56    23.8    10.9    17.4    17.8     0.0    20.84 R -9999.0 -9999.0    22.3 -9999.0 -9999.0 -9999.0 -99.000 -99.000 -99.000 -99.000 -99.000 -9999.0 -9999.0 -9999.0 -9999.0 -9999.0
04125 20040824  1.201 -119.65   44.56    23.5    14.9    19.2    18.5     0.0     9.08 R -9999.0 -9999.0    20.2 -9999.0 -9999.0 -9999.0 -99.000 -99.000 -99.000 -99.000 -99.000 -9999.0 -9999.0 -9999.0 -9999.0 -9999.0
04125 20040825  1.201 -119.65   44.56    23.0    13.2    18.1    17.1     1.7    14.20 R -9999.0 -9999.0    18.2 -9999.0 -9999.0 -9999.0 -99.000 -99.000 -99.000 -99.000 -99.000 -9999.0 -9999.0 -9999.0 -9999.0 -9999.0
04125 20040826  1.201 -119.65   44.56    21.0    12.8    16.9    16.7     0.0     9.00 R -9999.0 -9999.0    18.8 -9999.0 -9999.0 -9999.0 -99.000 -99.000 -99.000 -99.000 -99.000 -9999.0 -9999.0 -9999.0 -9999.0 -9999.0
04125 20040827  1.201 -119.65   44.56    26.0    13.0    19.5    18.7     0.0    20.26 R -9999.0 -9999.0    23.1 -9999.0 -9999.0 -9999.0 -99.000 -99.000 -99.000 -99.000 -99.000 -9999.0 -9999.0 -9999.0 -9999.0 -9999.0
04125 20040828  1.201 -119.65   44.56    28.5    11.3    19.9    19.7     0.0    23.76 R -9999.0 -9999.0    23.2 -9999.0 -9999.0 -9999.0 -99.000 -99.000 -99.000 -99.000 -99.000 -9999.0 -9999.0 -9999.0 -9999.0 -9999.0
04125 20040829  1.201 -119.65   44.56    32.6    13.0    22.8    21.9     0.0    23.20 R -9999.0 -9999.0    25.3 -9999.0 -9999.0 -9999.0 -99.000 -99.000 -99.000 -99.000 -99.000 -9999.0 -9999.0 -9999.0 -9999.0 -9999.0
04125 20040830  1.201 -119.65   44.56    34.7    14.5    24.6    24.2     0.0    23.58 R -9999.0 -9999.0    27.0 -9999.0 -9999.0 -9999.0 -99.000 -99.000 -99.000 -99.000 -99.000 -9999.0 -9999.0 -9999.0 -9999.0 -9999.0
04125 20040831  1.201 -119.65   44.56    34.0    15.1    24.6    24.6     0.0    20.51 R -9999.0 -9999.0    28.1 -9999.0 -9999.0 -9999.0 -99.000 -99.000 -99.000 -99.000 -99.000 -9999.0 -9999.0 -9999.0 -9999.0 -9999.0
04125 20040901  1.201 -119.65   44.56    29.0    11.4    20.2    20.2     0.0    18.08 R -9999.0 -9999.0    23.7 -9999.0 -9999.0 -9999.0 -99.000 -99.000 -99.000 -99.000 -99.000 -9999.0 -9999.0 -9999.0 -9999.0 -9999.0
04125 20040902  1.201 -119.65   44.56    19.1     5.4    12.3    12.6     0.0    11.22 R -9999.0 -9999.0    14.9 -9999.0 -9999.0 -9999.0 -99.000 -99.000 -99.000 -99.000 -99.000 -9999.0 -9999.0 -9999.0 -9999.0 -9999.0
04125 20040903  1.201 -119.65   44.56    22.2     7.9    15.1    15.2     0.0    21.47 R -9999.0 -9999.0    20.0 -9999.0 -9999.0 -9999.0 -99.000 -99.000 -99.000 -99.000 -99.000 -9999.0 -9999.0 -9999.0 -9999.0 -9999.0
04125 20040904  1.201 -119.65   44.56    26.4     6.8    16.6    16.9     0.0    22.60 R -9999.0 -9999.0    21.8 -9999.0 -9999.0 -9999.0 -99.000 -99.000 -99.000 -99.000 -99.000 -9999.0 -9999.0 -9999.0 -9999.0 -9999.0
04125 20040905  1.201 -119.65   44.56    24.8     6.6    15.7    16.0     0.0    22.75 R -9999.0 -9999.0    20.5 -9999.0 -9999.0 -9999.0 -99.000 -99.000 -99.000 -99.000 -99.000 -9999.0 -9999.0 -9999.0 -9999.0 -9999.0
04125 20040906  1.201 -119.65   44.56    29.4     8.5    19.0    18.0     0.0    22.36 R -9999.0 -9999.0    19.6 -9999.0 -9999.0 -9999.0 -99.000 -99.000 -99.000 -99.000 -99.000 -9999.0 -9999.0 -9999.0 -9999.0 -9999.0
04125 20040907  1.201 -119.65   44.56    32.4     9.7    21.1    18.7     0.0    15.81 R -9999.0 -9999.0    16.9 -9999.0 -9999.0 -9999.0 -99.000 -99.000 -99.000 -99.000 -99.000 -9999.0 -9999.0 -9999.0 -9999.0 -9999.0
04125 20040908  1.201 -119.65   44.56    29.5    10.1    19.8    20.1     0.0    21.14 R -9999.0 -9999.0    21.3 -9999.0 -9999.0 -9999.0 -99.000 -99.000 -99.000 -99.000 -99.000 -9999.0 -9999.0 -9999.0 -9999.0 -9999.0
04125 20040909  1.201 -119.65   44.56    25.2     9.9    17.6    18.6     0.0    14.32 R -9999.0 -9999.0    20.0 -9999.0 -9999.0 -9999.0 -99.000 -99.000 -99.000 -99.000 -99.000 -9999.0 -9999.0 -9999.0 -9999.0 -9999.0
04125 20040910  1.201 -119.65   44.56    29.7     8.9    19.3    19.9     0.0    20.71 R -9999.0 -9999.0    22.4 -9999.0 -9999.0 -9999.0 -99.000 -99.000 -99.000 -99.000 -99.000 -9999.0 -9999.0 -9999.0 -9999.0 -9999.0
04125 20040911  1.201 -119.65   44.56    26.1    15.5    20.8    20.5     0.0     9.77 R -9999.0 -9999.0    21.5 -9999.0 -9999.0 -9999.0 -99.000 -99.000 -99.000 -99.000 -99.000 -9999.0 -9999.0 -9999.0 -9999.0 -9999.0
04125 20040912  1.201 -119.65   44.56    20.7     9.8    15.3    16.1     0.0    10.74 R -9999.0 -9999.0    17.9 -9999.0 -9999.0 -9999.0 -99.000 -99.000 -99.000 -99.000 -99.000 -9999.0 -9999.0 -9999.0 -9999.0 -9999.0
04125 20040913  1.201 -119.65   44.56    19.7     9.0    14.4    13.6     2.3    12.14 R -9999.0 -9999.0    14.5 -9999.0 -9999.0 -9999.0 -99.000 -99.000 -99.000 -99.000 -99.000 -9999.0 -9999.0 -9999.0 -9999.0 -9999.0
04125 20040914  1.201 -119.65   44.56    20.7    12.4    16.6    16.0     0.0    14.79 R -9999.0 -9999.0    17.9 -9999.0 -9999.0 -9999.0 -99.000 -99.000 -99.000 -99.000 -99.000 -9999.0 -9999.0 -9999.0 -9999.0 -9999.0
04125 20040915  1.201 -119.65   44.56    21.8    10.1    16.0    16.0     0.0     8.36 R -9999.0 -9999.0    15.9 -9999.0 -9999.0 -9999.0 -99.000 -99.000 -99.000 -99.000 -99.000 -9999.0 -9999.0 -9999.0 -9999.0 -9999.0
04125 20040916  1.201 -119.65   44.56    23.6     6.8    15.2    15.2     0.0    18.92 R -9999.0 -9999.0    18.1 -9999.0 -9999.0 -9999.0 -99.000 -99.000 -99.000 -99.000 -99.000 -9999.0 -9999.0 -9999.0 -9999.0 -9999.0
04125 20040917  1.201 -119.65   44.56    19.8     9.5    14.7    15.1     0.0     5.71 R -9999.0 -9999.0    14.8 -9999.0 -9999.0 -9999.0 -99.000 -99.000 -99.000 -99.000 -99.000 -9999.0 -9999.0 -9999.0 -9999.0 -9999.0
04125 20040918  1.201 -119.65   44.56    18.8     5.9    12.4    12.8     0.0    17.60 R -9999.0 -9999.0    15.2 -9999.0 -9999.0 -9999.0 -99.000 -99.000 -99.000 -99.000 -99.000 -9999.0 -9999.0 -9999.0 -9999.0 -9999.0
04125 20040919  1.201 -119.65   44.56    18.0     3.1    10.6    10.6     0.0    15.30 R -9999.0 -9999.0    13.4 -9999.0 -9999.0 -9999.0 -99.000 -99.000 -99.000 -99.000 -99.000 -9999.0 -9999.0 -9999.0 -9999.0 -9999.0
04125 20040920  1.201 -119.65   44.56    16.0     5.2    10.6    11.3     0.0     8.52 R -9999.0 -9999.0    12.2 -9999.0 -9999.0 -9999.0 -99.000 -99.000 -99.000 -99.000 -99.000 -9999.0 -9999.0 -9999.0 -9999.0 -9999.0
04125 20040921  1.201 -119.65   44.56    20.5     2.6    11.6    11.7     0.0    19.17 R -9999.0 -9999.0    14.2 -9999.0 -9999.0 -9999.0 -99.000 -99.000 -99.000 -99.000 -99.000 -9999.0 -9999.0 -9999.0 -9999.0 -9999.0
04125 20040922  1.201 -119.65   44.56    26.9     6.3    16.6    16.7     0.0    18.78 R -9999.0 -9999.0    19.0 -9999.0 -9999.0 -9999.0 -99.000 -99.000 -99.000 -99.000 -99.000 -9999.0 -9999.0 -9999.0 -9999.0 -9999.0
04125 20040923  1.201 -119.65   44.56    25.9     7.0    16.5    17.4     0.0    18.26 R -9999.0 -9999.0    19.4 -9999.0 -9999.0 -9999.0 -99.000 -99.000 -99.000 -99.000 -99.000 -9999.0 -9999.0 -9999.0 -9999.0 -9999.0
04125 20040924  1.201 -119.65   44.56    29.5     9.3    19.4    18.3     0.0    18.31 R -9999.0 -9999.0    19.9 -9999.0 -9999.0 -9999.0 -99.000 -99.000 -99.000 -99.000 -99.000 -9999.0 -9999.0 -9999.0 -9999.0 -9999.0
04125 20040925  1.201 -119.65   44.56    31.9    11.1    21.5    20.4     0.0    18.14 R -9999.0 -9999.0    21.5 -9999.0 -9999.0 -9999.0 -99.000 -99.000 -99.000 -99.000 -99.000 -9999.0 -9999.0 -9999.0 -9999.0 -9999.0
04125 20040926  1.201 -119.65   44.56    27.9    10.0    19.0    19.0     0.0    17.55 R -9999.0 -9999.0    20.1 -9999.0 -9999.0 -9999.0 -99.000 -99.000 -99.000 -99.000 -99.000 -9999.0 -9999.0 -9999.0 -9999.0 -9999.0
04125 20040927  1.201 -119.65   44.56    29.8     8.2    19.0    19.1     0.0    17.33 R -9999.0 -9999.0    20.4 -9999.0 -9999.0 -9999.0 -99.000 -99.000 -99.000 -99.000 -99.000 -9999.0 -9999.0 -9999.0 -9999.0 -9999.0
04125 20040928  1.201 -119.65   44.56    30.6    11.4    21.0    19.3     0.0    15.92 R -9999.0 -9999.0    20.0 -9999.0 -9999.0 -9999.0 -99.000 -99.000 -99.000 -99.000 -99.000 -9999.0 -9999.0 -9999.0 -9999.0 -9999.0
04125 20040929  1.201 -119.65   44.56    27.1    10.0    18.6    17.9     0.0    15.95 R -9999.0 -9999.0    18.5 -9999.0 -9999.0 -9999.0 -99.000 -99.000 -99.000 -99.000 -99.000 -9999.0 -9999.0 -9999.0 -9999.0 -9999.0
04125 20040930  1.201 -119.65   44.56    25.0     4.7    14.9    14.8     0.0    16.73 R -9999.0 -9999.0    16.4 -9999.0 -9999.0 -9999.0 -99.000 -99.000 -99.000 -99.000 -99.000 -9999.0 -9999.0 -9999.0 -9999.0 -9999.0
04125 20041001  1.201 -119.65   44.56    24.9     5.1    15.0    14.7     0.0    16.90 R -9999.0 -9999.0    16.0 -9999.0 -9999.0 -9999.0 -99.000 -99.000 -99.000 -99.000 -99.000 -9999.0 -9999.0 -9999.0 -9999.0 -9999.0
04125 20041002  1.201 -119.65   44.56    25.9     6.2    16.1    15.1     0.0    16.76 R -9999.0 -9999.0    16.1 -9999.0 -9999.0 -9999.0 -99.000 -99.000 -99.000 -99.000 -99.000 -9999.0 -9999.0 -9999.0 -9999.0 -9999.0
04125 20041003  1.201 -119.65   44.56    26.2     7.7    17.0    15.7     0.0    16.90 R -9999.0 -9999.0    16.3 -9999.0 -9999.0 -9999.0 -99.000 -99.000 -99.000 -99.000 -99.000 -9999.0 -9999.0 -9999.0 -9999.0 -9999.0
04125 20041004  1.201 -119.65   44.56    26.8     6.3    16.6    15.3     0.0    16.92 R -9999.0 -9999.0    15.7 -9999.0 -9999.0 -9999.0 -99.000 -99.000 -99.000 -99.000 -99.000 -9999.0 -9999.0 -9999.0 -9999.0 -9999.0
04125 20041005  1.201 -119.65   44.56    28.5     6.7    17.6    16.4     0.0    16.04 R -9999.0 -9999.0    17.3 -9999.0 -9999.0 -9999.0 -99.000 -99.000 -99.000 -99.000 -99.000 -9999.0 -9999.0 -9999.0 -9999.0 -9999.0
04125 20041006  1.201 -119.65   44.56    23.1    10.7    16.9    15.6     0.0     7.97 R -9999.0 -9999.0    15.9 -9999.0 -9999.0 -9999.0 -99.000 -99.000 -99.000 -99.000 -99.000 -9999.0 -9999.0 -9999.0 -9999.0 -9999.0
04125 20041007  1.201 -119.65   44.56    24.6     6.5    15.6    15.5     0.0    14.65 R -9999.0 -9999.0    16.8 -9999.0 -9999.0 -9999.0 -99.000 -99.000 -99.000 -99.000 -99.000 -9999.0 -9999.0 -9999.0 -9999.0 -9999.0
04125 20041008  1.201 -119.65   44.56    30.0    10.6    20.3    19.5     0.0    13.76 R -9999.0 -9999.0    20.6 -9999.0 -9999.0 -9999.0 -99.000 -99.000 -99.000 -99.000 -99.000 -9999.0 -9999.0 -9999.0 -9999.0 -9999.0
04125 20041009  1.201 -119.65   44.56    15.4     3.8     9.6    10.8     1.4     7.95 R -9999.0 -9999.0    11.1 -9999.0 -9999.0 -9999.0 -99.000 -99.000 -99.000 -99.000 -99.000 -9999.0 -9999.0 -9999.0 -9999.0 -9999.0
04125 20041010  1.201 -119.65   44.56    17.5     3.1    10.3    10.5     0.0    14.57 R -9999.0 -9999.0    12.7 -9999.0 -9999.0 -9999.0 -99.000 -99.000 -99.000 -99.000 -99.000 -9999.0 -9999.0 -9999.0 -9999.0 -9999.0
04125 20041011  1.201 -119.65   44.56    20.1     2.3    11.2    10.3     0.0    14.30 R -9999.0 -9999.0    10.8 -9999.0 -9999.0 -9999.0 -99.000 -99.000 -99.000 -99.000 -99.000 -9999.0 -9999.0 -9999.0 -9999.0 -9999.0
04125 20041012  1.201 -119.65   44.56    22.9     5.9    14.4    13.8     0.0    14.58 R -9999.0 -9999.0    14.5 -9999.0 -9999.0 -9999.0 -99.000 -99.000 -99.000 -99.000 -99.000 -9999.0 -9999.0 -9999.0 -9999.0 -9999.0
04125 20041013  1.201 -119.65   44.56    22.6     3.4    13.0    12.8     0.0    14.81 R -9999.0 -9999.0    13.2 -9999.0 -9999.0 -9999.0 -99.000 -99.000 -99.000 -99.000 -99.000 -9999.0 -9999.0 -9999.0 -9999.0 -9999.0
04125 20041014  1.201 -119.65   44.56    25.4     6.4    15.9    14.4     0.0    14.70 R -9999.0 -9999.0    14.6 -9999.0 -9999.0 -9999.0 -99.000 -99.000 -99.000 -99.000 -99.000 -9999.0 -9999.0 -9999.0 -9999.0 -9999.0
04125 20041015  1.201 -119.65   44.56    24.7     7.1    15.9    15.4     0.0    13.26 R -9999.0 -9999.0    15.2 -9999.0 -9999.0 -9999.0 -99.000 -99.000 -99.000 -99.000 -99.000 -9999.0 -9999.0 -9999.0 -9999.0 -9999.0
04125 20041016  1.201 -119.65   44.56    23.9     7.6    15.8    15.0     0.0    14.18 R -9999.0 -9999.0    15.1 -9999.0 -9999.0 -9999.0 -99.000 -99.000 -99.000 -99.000 -99.000 -9999.0 -9999.0 -9999.0 -9999.0 -9999.0
04125 20041017  1.201 -119.65   44.56    19.3     7.3    13.3    12.3     3.5     4.41 R -9999.0 -9999.0    10.8 -9999.0 -9999.0 -9999.0 -99.000 -99.000 -99.000 -99.000 -99.000 -9999.0 -9999.0 -9999.0 -9999.0 -9999.0
04125 20041018  1.201 -119.65   44.56    11.5     6.7     9.1     9.7     0.0     4.00 R -9999.0 -9999.0     8.5 -9999.0 -9999.0 -9999.0 -99.000 -99.000 -99.000 -99.000 -99.000 -9999.0 -9999.0 -9999.0 -9999.0 -9999.0
04125 20041019  1.201 -119.65   44.56    11.8     7.4     9.6    10.0     0.5     4.62 R -9999.0 -9999.0     8.0 -9999.0 -9999.0 -9999.0 -99.000 -99.000 -99.000 -99.000 -99.000 -9999.0 -9999.0 -9999.0 -9999.0 -9999.0
04125 20041020  1.201 -119.65   44.56     8.8     5.2     7.0     7.0    20.4     3.00 R -9999.0 -9999.0     7.0 -9999.0 -9999.0 -9999.0 -99.000 -99.000 -99.000 -99.000 -99.000 -9999.0 -9999.0 -9999.0 -9999.0 -9999.0
04125 20041021  1.201 -119.65   44.56    11.9     5.2     8.6     8.1     0.7     5.76 R -9999.0 -9999.0     8.2 -9999.0 -9999.0 -9999.0 -99.000 -99.000 -99.000 -99.000 -99.000 -9999.0 -9999.0 -9999.0 -9999.0 -9999.0
04125 20041022  1.201 -119.65   44.56    10.5     2.4     6.5     7.5     0.7     2.24 R -9999.0 -9999.0     6.5 -9999.0 -9999.0 -9999.0 -99.000 -99.000 -99.000 -99.000 -99.000 -9999.0 -9999.0 -9999.0 -9999.0 -9999.0
04125 20041023  1.201 -119.65   44.56    10.1     3.5     6.8     7.2     2.3     4.50 R -9999.0 -9999.0     7.0 -9999.0 -9999.0 -9999.0 -99.000 -99.000 -99.000 -99.000 -99.000 -9999.0 -9999.0 -9999.0 -9999.0 -9999.0
04125 20041024  1.201 -119.65   44.56    11.1     0.8     6.0     5.1     0.0    13.05 R -9999.0 -9999.0     5.7 -9999.0 -9999.0 -9999.0 -99.000 -99.000 -99.000 -99.000 -99.000 -9999.0 -9999.0 -9999.0 -9999.0 -9999.0
04125 20041025  1.201 -119.65   44.56    13.5     0.6     7.1     7.2     0.0     9.32 R -9999.0 -9999.0     6.5 -9999.0 -9999.0 -9999.0 -99.000 -99.000 -99.000 -99.000 -99.000 -9999.0 -9999.0 -9999.0 -9999.0 -9999.0
04125 20041026  1.201 -119.65   44.56    12.5     6.6     9.6     9.3     0.0     3.03 R -9999.0 -9999.0     8.1 -9999.0 -9999.0 -9999.0 -99.000 -99.000 -99.000 -99.000 -99.000 -9999.0 -9999.0 -9999.0 -9999.0 -9999.0
04125 20041027  1.201 -119.65   44.56    11.7     5.8     8.8     8.0     0.0     7.36 R -9999.0 -9999.0     8.6 -9999.0 -9999.0 -9999.0 -99.000 -99.000 -99.000 -99.000 -99.000 -9999.0 -9999.0 -9999.0 -9999.0 -9999.0
04125 20041028  1.201 -119.65   44.56    15.1     2.4     8.8     8.2     0.0    11.53 R -9999.0 -9999.0     8.8 -9999.0 -9999.0 -9999.0 -99.000 -99.000 -99.000 -99.000 -99.000 -9999.0 -9999.0 -9999.0 -9999.0 -9999.0
04125 20041029  1.201 -119.65   44.56    14.3     6.4    10.4     9.1     0.0     9.38 R -9999.0 -9999.0     9.9 -9999.0 -9999.0 -9999.0 -99.000 -99.000 -99.000 -99.000 -99.000 -9999.0 -9999.0 -9999.0 -9999.0 -9999.0
04125 20041030  1.201 -119.65   44.56    12.6     3.7     8.2     8.8     0.0     6.63 R -9999.0 -9999.0     8.0 -9999.0 -9999.0 -9999.0 -99.000 -99.000 -99.000 -99.000 -99.000 -9999.0 -9999.0 -9999.0 -9999.0 -9999.0
04125 20041031  1.201 -119.65   44.56     9.9    -0.3     4.8     4.9     0.0    10.72 R -9999.0 -9999.0     4.2 -9999.0 -9999.0 -9999.0 -99.000 -99.000 -99.000 -99.000 -99.000 -9999.0 -9999.0 -9999.0 -9999.0 -9999.0
04125 20041101  1.201 -119.65   44.56    11.6    -0.7     5.5     6.7     0.0     5.10 R -9999.0 -9999.0     5.5 -9999.0 -9999.0 -9999.0 -99.000 -99.000 -99.000 -99.000 -99.000 -9999.0 -9999.0 -9999.0 -9999.0 -9999.0
04125 20041102  1.201 -119.65   44.56    17.2     5.3    11.3    11.9     1.4     2.71 R -9999.0 -9999.0     9.6 -9999.0 -9999.0 -9999.0 -99.000 -99.000 -99.000 -99.000 -99.000 -9999.0 -9999.0 -9999.0 -9999.0 -9999.0
04125 20041103  1.201 -119.65   44.56     8.5    -2.1     3.2     4.7     2.7     8.71 R -9999.0 -9999.0     4.4 -9999.0 -9999.0 -9999.0 -99.000 -99.000 -99.000 -99.000 -99.000 -9999.0 -9999.0 -9999.0 -9999.0 -9999.0
04125 20041104  1.201 -119.65   44.56     8.4    -4.6     1.9     1.6     0.3    10.91 R -9999.0 -9999.0     1.7 -9999.0 -9999.0 -9999.0 -99.000 -99.000 -99.000 -99.000 -99.000 -9999.0 -9999.0 -9999.0 -9999.0 -9999.0
04125 20041105  1.201 -119.65   44.56    14.7    -0.5     7.1     5.7     0.0    10.74 R -9999.0 -9999.0     4.6 -9999.0 -9999.0 -9999.0 -99.000 -99.000 -99.000 -99.000 -99.000 -9999.0 -9999.0 -9999.0 -9999.0 -9999.0
04125 20041106  1.201 -119.65   44.56    15.6     1.4     8.5     7.1     0.0    10.48 R -9999.0 -9999.0     5.7 -9999.0 -9999.0 -9999.0 -99.000 -99.000 -99.000 -99.000 -99.000 -9999.0 -9999.0 -9999.0 -9999.0 -9999.0
04125 20041107  1.201 -119.65   44.56    17.8     2.1    10.0     8.0     0.0    10.59 R -9999.0 -9999.0     6.1 -9999.0 -9999.0 -9999.0 -99.000 -99.000 -99.000 -99.000 -99.000 -9999.0 -9999.0 -9999.0 -9999.0 -9999.0
04125 20041108  1.201 -119.65   44.56    16.0     1.7     8.9     7.5     0.0    10.18 R -9999.0 -9999.0     6.0 -9999.0 -9999.0 -9999.0 -99.000 -99.000 -99.000 -99.000 -99.000 -9999.0 -9999.0 -9999.0 -9999.0 -9999.0
04125 20041109  1.201 -119.65   44.56    12.2     0.8     6.5     6.8     0.0     7.13 R -9999.0 -9999.0     6.1 -9999.0 -9999.0 -9999.0 -99.000 -99.000 -99.000 -99.000 -99.000 -9999.0 -9999.0 -9999.0 -9999.0 -9999.0
04125 20041110  1.201 -119.65   44.56     8.0     4.9     6.5     6.8     0.9     2.02 R -9999.0 -9999.0     6.9 -9999.0 -9999.0 -9999.0 -99.000 -99.000 -99.000 -99.000 -99.000 -9999.0 -9999.0 -9999.0 -9999.0 -9999.0
04125 20041111  1.201 -119.65   44.56     8.8     6.9     7.9     7.6     1.7     1.29 R -9999.0 -9999.0     7.6 -9999.0 -9999.0 -9999.0 -99.000 -99.000 -99.000 -99.000 -99.000 -9999.0 -9999.0 -9999.0 -9999.0 -9999.0
04125 20041112  1.201 -119.65   44.56     9.1     5.9     7.5     7.5     0.0     2.54 R -9999.0 -9999.0     7.7 -9999.0 -9999.0 -9999.0 -99.000 -99.000 -99.000 -99.000 -99.000 -9999.0 -9999.0 -9999.0 -9999.0 -9999.0
04125 20041113  1.201 -119.65   44.56     9.0     6.5     7.8     7.8     0.0     1.44 R -9999.0 -9999.0     7.6 -9999.0 -9999.0 -9999.0 -99.000 -99.000 -99.000 -99.000 -99.000 -9999.0 -9999.0 -9999.0 -9999.0 -9999.0
04125 20041114  1.201 -119.65   44.56    14.1     3.0     8.6     9.8     0.0     6.90 R -9999.0 -9999.0     7.7 -9999.0 -9999.0 -9999.0 -99.000 -99.000 -99.000 -99.000 -99.000 -9999.0 -9999.0 -9999.0 -9999.0 -9999.0
04125 20041115  1.201 -119.65   44.56    14.4     7.6    11.0    11.0     0.0     4.01 R -9999.0 -9999.0     9.0 -9999.0 -9999.0 -9999.0 -99.000 -99.000 -99.000 -99.000 -99.000 -9999.0 -9999.0 -9999.0 -9999.0 -9999.0
04125 20041116  1.201 -119.65   44.56    13.2     1.5     7.4     7.4     0.0     5.58 R -9999.0 -9999.0     6.6 -9999.0 -9999.0 -9999.0 -99.000 -99.000 -99.000 -99.000 -99.000 -9999.0 -9999.0 -9999.0 -9999.0 -9999.0
04125 20041117  1.201 -119.65   44.56    10.6     0.1     5.4     4.4     0.0     8.37 R -9999.0 -9999.0     3.4 -9999.0 -9999.0 -9999.0 -99.000 -99.000 -99.000 -99.000 -99.000 -9999.0 -9999.0 -9999.0 -9999.0 -9999.0
04125 20041118  1.201 -119.65   44.56     9.3     0.1     4.7     4.4     0.2     5.69 R -9999.0 -9999.0     3.1 -9999.0 -9999.0 -9999.0 -99.000 -99.000 -99.000 -99.000 -99.000 -9999.0 -9999.0 -9999.0 -9999.0 -9999.0
04125 20041119  1.201 -119.65   44.56     5.4    -3.9     0.8     0.7     0.3     4.27 R -9999.0 -9999.0    -0.1 -9999.0 -9999.0 -9999.0 -99.000 -99.000 -99.000 -99.000 -99.000 -9999.0 -9999.0 -9999.0 -9999.0 -9999.0
04125 20041120  1.201 -119.65   44.56     6.2    -6.6    -0.2    -1.3     0.7     7.81 R -9999.0 -9999.0    -2.3 -9999.0 -9999.0 -9999.0 -99.000 -99.000 -99.000 -99.000 -99.000 -9999.0 -9999.0 -9999.0 -9999.0 -9999.0
04125 20041121  1.201 -119.65   44.56     5.7    -6.3    -0.3    -0.6     0.0     8.13 R -9999.0 -9999.0    -1.7 -9999.0 -9999.0 -9999.0 -99.000 -99.000 -99.000 -99.000 -99.000 -9999.0 -9999.0 -9999.0 -9999.0 -9999.0
04125 20041122  1.201 -119.65   44.56     6.6    -0.9     2.9     2.4     0.0     4.36 R -9999.0 -9999.0     2.4 -9999.0 -9999.0 -9999.0 -99.000 -99.000 -99.000 -99.000 -99.000 -9999.0 -9999.0 -9999.0 -9999.0 -9999.0
04125 20041123  1.201 -119.65   44.56     8.3     0.9     4.6     5.3     0.0     3.10 R -9999.0 -9999.0     5.0 -9999.0 -9999.0 -9999.0 -99.000 -99.000 -99.000 -99.000 -99.000 -9999.0 -9999.0 -9999.0 -9999.0 -9999.0
04125 20041124  1.201 -119.65   44.56    11.4     5.1     8.3     7.5     0.0     2.17 R -9999.0 -9999.0     6.0 -9999.0 -9999.0 -9999.0 -99.000 -99.000 -99.000 -99.000 -99.000 -9999.0 -9999.0 -9999.0 -9999.0 -9999.0
04125 20041125  1.201 -119.65   44.56    13.6     1.9     7.8     8.6     2.8     5.36 R -9999.0 -9999.0     6.0 -9999.0 -9999.0 -9999.0 -99.000 -99.000 -99.000 -99.000 -99.000 -9999.0 -9999.0 -9999.0 -9999.0 -9999.0
04125 20041126  1.201 -119.65   44.56     7.7    -1.7     3.0     3.1     0.3     6.78 R -9999.0 -9999.0     2.1 -9999.0 -9999.0 -9999.0 -99.000 -99.000 -99.000 -99.000 -99.000 -9999.0 -9999.0 -9999.0 -9999.0 -9999.0
04125 20041127  1.201 -119.65   44.56     4.3    -2.4     1.0     1.2     1.5     1.48 R -9999.0 -9999.0     0.6 -9999.0 -9999.0 -9999.0 -99.000 -99.000 -99.000 -99.000 -99.000 -9999.0 -9999.0 -9999.0 -9999.0 -9999.0
04125 20041128  1.201 -119.65   44.56     3.8    -4.7    -0.4    -1.1     0.0     6.92 R -9999.0 -9999.0    -2.0 -9999.0 -9999.0 -9999.0 -99.000 -99.000 -99.000 -99.000 -99.000 -9999.0 -9999.0 -9999.0 -9999.0 -9999.0
04125 20041129  1.201 -119.65   44.56     3.3    -7.8    -2.2    -1.8     0.4     7.54 R -9999.0 -9999.0    -2.6 -9999.0 -9999.0 -9999.0 -99.000 -99.000 -99.000 -99.000 -99.000 -9999.0 -9999.0 -9999.0 -9999.0 -9999.0
04125 20041130  1.201 -119.65   44.56     3.7    -0.5     1.6     1.7     0.0     2.81 R -9999.0 -9999.0     1.1 -9999.0 -9999.0 -9999.0 -99.000 -99.000 -99.000 -99.000 -99.000 -9999.0 -9999.0 -9999.0 -9999.0 -9999.0
04125 20041201  1.201 -119.65   44.56     4.2     0.6     2.4     2.2     1.7     3.30 R -9999.0 -9999.0     2.6 -9999.0 -9999.0 -9999.0 -99.000 -99.000 -99.000 -99.000 -99.000 -9999.0 -9999.0 -9999.0 -9999.0 -9999.0
04125 20041202  1.201 -119.65   44.56     5.4    -1.4     2.0     2.0     0.0     6.34 R -9999.0 -9999.0     1.5 -9999.0 -9999.0 -9999.0 -99.000 -99.000 -99.000 -99.000 -99.000 -9999.0 -9999.0 -9999.0 -9999.0 -9999.0
04125 20041203  1.201 -119.65   44.56     4.3    -3.8     0.3     0.3     0.3     5.89 R -9999.0 -9999.0    -0.9 -9999.0 -9999.0 -9999.0 -99.000 -99.000 -99.000 -99.000 -99.000 -9999.0 -9999.0 -9999.0 -9999.0 -9999.0
04125 20041204  1.201 -119.65   44.56     7.3     1.0     4.2     3.6     0.0     4.00 R -9999.0 -9999.0     1.0 -9999.0 -9999.0 -9999.0 -99.000 -99.000 -99.000 -99.000 -99.000 -9999.0 -9999.0 -9999.0 -9999.0 -9999.0
04125 20041205  1.201 -119.65   44.56     3.6    -1.5     1.1     1.4     0.0     1.62 R -9999.0 -9999.0     0.0 -9999.0 -9999.0 -9999.0 -99.000 -99.000 -99.000 -99.000 -99.000 -9999.0 -9999.0 -9999.0 -9999.0 -9999.0
04125 20041206  1.201 -119.65   44.56     5.4    -2.7     1.4     2.6     8.0     2.06 R -9999.0 -9999.0     1.2 -9999.0 -9999.0 -9999.0 -99.000 -99.000 -99.000 -99.000 -99.000 -9999.0 -9999.0 -9999.0 -9999.0 -9999.0
04125 20041207  1.201 -119.65   44.56     8.4     2.1     5.3     5.5     2.0     3.47 R -9999.0 -9999.0     4.0 -9999.0 -9999.0 -9999.0 -99.000 -99.000 -99.000 -99.000 -99.000 -9999.0 -9999.0 -9999.0 -9999.0 -9999.0
04125 20041208  1.201 -119.65   44.56     9.7     4.5     7.1     6.7     4.7     1.58 R -9999.0 -9999.0     5.0 -9999.0 -9999.0 -9999.0 -99.000 -99.000 -99.000 -99.000 -99.000 -9999.0 -9999.0 -9999.0 -9999.0 -9999.0
04125 20041209  1.201 -119.65   44.56    12.2     4.4     8.3     8.0     3.4     2.22 R -9999.0 -9999.0     6.6 -9999.0 -9999.0 -9999.0 -99.000 -99.000 -99.000 -99.000 -99.000 -9999.0 -9999.0 -9999.0 -9999.0 -9999.0
04125 20041210  1.201 -119.65   44.56    15.5    10.3    12.9    13.2     0.0     2.29 R -9999.0 -9999.0    10.0 -9999.0 -9999.0 -9999.0 -99.000 -99.000 -99.000 -99.000 -99.000 -9999.0 -9999.0 -9999.0 -9999.0 -9999.0
04125 20041211  1.201 -119.65   44.56    14.3     7.4    10.9    11.6     0.3     2.06 R -9999.0 -9999.0     9.2 -9999.0 -9999.0 -9999.0 -99.000 -99.000 -99.000 -99.000 -99.000 -9999.0 -9999.0 -9999.0 -9999.0 -9999.0
04125 20041212  1.201 -119.65   44.56     7.7     1.1     4.4     5.7     0.0     3.24 R -9999.0 -9999.0     4.9 -9999.0 -9999.0 -9999.0 -99.000 -99.000 -99.000 -99.000 -99.000 -9999.0 -9999.0 -9999.0 -9999.0 -9999.0
04125 20041213  1.201 -119.65   44.56    12.6    -1.8     5.4     3.6     0.3     5.26 R -9999.0 -9999.0     2.9 -9999.0 -9999.0 -9999.0 -99.000 -99.000 -99.000 -99.000 -99.000 -9999.0 -9999.0 -9999.0 -9999.0 -9999.0
04125 20041214  1.201 -119.65   44.56    13.1     0.1     6.6     7.3     0.0     4.81 R -9999.0 -9999.0     4.6 -9999.0 -9999.0 -9999.0 -99.000 -99.000 -99.000 -99.000 -99.000 -9999.0 -9999.0 -9999.0 -9999.0 -9999.0
04125 20041215  1.201 -119.65   44.56     8.2    -0.4     3.9     2.8     0.0     6.86 R -9999.0 -9999.0     1.0 -9999.0 -9999.0 -9999.0 -99.000 -99.000 -99.000 -99.000 -99.000 -9999.0 -9999.0 -9999.0 -9999.0 -9999.0
04125 20041216  1.201 -119.65   44.56    12.7    -1.3     5.7     5.0     0.2     6.81 R -9999.0 -9999.0     2.4 -9999.0 -9999.0 -9999.0 -99.000 -99.000 -99.000 -99.000 -99.000 -9999.0 -9999.0 -9999.0 -9999.0 -9999.0
04125 20041217  1.201 -119.65   44.56    10.2     1.0     5.6     5.0     0.0     4.63 R -9999.0 -9999.0     3.3 -9999.0 -9999.0 -9999.0 -99.000 -99.000 -99.000 -99.000 -99.000 -9999.0 -9999.0 -9999.0 -9999.0 -9999.0
04125 20041218  1.201 -119.65   44.56     9.9     0.3     5.1     4.1     0.0     6.41 R -9999.0 -9999.0     2.1 -9999.0 -9999.0 -9999.0 -99.000 -99.000 -99.000 -99.000 -99.000 -9999.0 -9999.0 -9999.0 -9999.0 -9999.0
04125 20041219  1.201 -119.65   44.56    12.2     2.1     7.2     6.3     0.0     6.22 R -9999.0 -9999.0     2.8 -9999.0 -9999.0 -9999.0 -99.000 -99.000 -99.000 -99.000 -99.000 -9999.0 -9999.0 -9999.0 -9999.0 -9999.0
04125 20041220  1.201 -119.65   44.56     5.2    -3.5     0.9     1.3     0.3     3.26 R -9999.0 -9999.0    -0.4 -9999.0 -9999.0 -9999.0 -99.000 -99.000 -99.000 -99.000 -99.000 -9999.0 -9999.0 -9999.0 -9999.0 -9999.0
04125 20041221  1.201 -119.65   44.56     5.2    -5.0     0.1     0.5     0.3     2.98 R -9999.0 -9999.0    -0.9 -9999.0 -9999.0 -9999.0 -99.000 -99.000 -99.000 -99.000 -99.000 -9999.0 -9999.0 -9999.0 -9999.0 -9999.0
04125 20041222  1.201 -119.65   44.56     6.3    -4.2     1.1     1.9     0.0     3.36 R -9999.0 -9999.0     0.6 -9999.0 -9999.0 -9999.0 -99.000 -99.000 -99.000 -99.000 -99.000 -9999.0 -9999.0 -9999.0 -9999.0 -9999.0
04125 20041223  1.201 -119.65   44.56     5.0    -6.5    -0.7    -0.8     0.7     6.44 R -9999.0 -9999.0    -2.4 -9999.0 -9999.0 -9999.0 -99.000 -99.000 -99.000 -99.000 -99.000 -9999.0 -9999.0 -9999.0 -9999.0 -9999.0
04125 20041224  1.201 -119.65   44.56     7.1    -3.0     2.1     1.3     0.0     6.47 R -9999.0 -9999.0    -0.5 -9999.0 -9999.0 -9999.0 -99.000 -99.000 -99.000 -99.000 -99.000 -9999.0 -9999.0 -9999.0 -9999.0 -9999.0
04125 20041225  1.201 -119.65   44.56    13.7    -0.4     6.7     5.9     0.0     5.52 R -9999.0 -9999.0     3.5 -9999.0 -9999.0 -9999.0 -99.000 -99.000 -99.000 -99.000 -99.000 -9999.0 -9999.0 -9999.0 -9999.0 -9999.0
04125 20041226  1.201 -119.65   44.56    13.5    -1.7     5.9     7.4     0.0     7.01 R -9999.0 -9999.0     4.5 -9999.0 -9999.0 -9999.0 -99.000 -99.000 -99.000 -99.000 -99.000 -9999.0 -9999.0 -9999.0 -9999.0 -9999.0
04125 20041227  1.201 -119.65   44.56     7.0    -4.9     1.1    -0.2     0.3     6.49 R -9999.0 -9999.0    -2.5 -9999.0 -9999.0 -9999.0 -99.000 -99.000 -99.000 -99.000 -99.000 -9999.0 -9999.0 -9999.0 -9999.0 -9999.0
04125 20041228  1.201 -119.65   44.56     2.0    -6.2    -2.1    -1.3     0.2     4.07 R -9999.0 -9999.0    -1.0 -9999.0 -9999.0 -9999.0 -99.000 -99.000 -99.000 -99.000 -99.000 -9999.0 -9999.0 -9999.0 -9999.0 -9999.0
04125 20041229  1.201 -119.65   44.56     2.6    -0.3     1.2     1.2     3.1     1.45 R -9999.0 -9999.0     1.3 -9999.0 -9999.0 -9999.0 -99.000 -99.000 -99.000 -99.000 -99.000 -9999.0 -9999.0 -9999.0 -9999.0 -9999.0
04125 20041230  1.201 -119.65   44.56     3.5    -2.5     0.5     1.0     3.0     1.70 R -9999.0 -9999.0    -0.2 -9999.0 -9999.0 -9999.0 -99.000 -99.000 -99.000 -99.000 -99.000 -9999.0 -9999.0 -9999.0 -9999.0 -9999.0
04125 20041231  1.201 -119.65   44.56     5.0    -2.7     1.2     1.1     0.0     3.06 R -9999.0 -9999.0     0.2 -9999.0 -9999.0 -9999.0 -99.000 -99.000 -99.000 -99.000 -99.000 -9999.0 -9999.0 -9999.0 -9999.0 -9999.0
