63850 20140101  2.422  -83.39   33.78     8.7     0.5     4.6     4.8     0.2     3.90 C    14.3    -2.3     5.5    90.8    60.2    74.2   0.170   0.165   0.175   0.225   0.382     8.7     9.1     9.4    10.3    11.8
63850 20140102  2.422  -83.39   33.78    10.6    -2.6     4.0     5.9     8.5     1.25 C    11.7    -4.2     6.2    97.9    56.8    87.8   0.184   0.175   0.178   0.225   0.382     9.3     9.6     9.7    10.3    11.7
63850 20140103  2.422  -83.39   33.78     2.6    -6.8    -2.1    -2.4     0.0    13.21 C    13.8    -9.4    -2.1    66.4    28.7    49.1   0.182   0.175   0.180   0.230   0.383     7.4     8.0     8.7    10.1    11.7
63850 20140104  2.422  -83.39   33.78     2.7    -6.0    -1.6    -0.7     0.0     4.13 C     8.8    -8.9     0.2    76.2    45.7    58.7   0.173   0.166   0.175   0.226   0.384     6.4     7.0     7.7     9.3    11.4
63850 20140105  2.422  -83.39   33.78     7.8     0.6     4.2     3.1     0.8     2.61 C     9.5     1.5     4.9    98.5    77.0    93.4   0.169   0.163   0.173   0.222   0.384     7.3     7.6     7.9     9.0    11.1
63850 20140106  2.422  -83.39   33.78    10.9   -11.2    -0.1    -1.8     3.7    12.88 C    10.7   -12.5    -0.5    98.1    35.8    60.6   0.180   0.172   0.176   0.222   0.383     7.1     7.6     8.0     9.1    10.9
63850 20140107  2.422  -83.39   33.78    -2.3   -14.1    -8.2    -8.6     0.0    12.77 C    11.5   -15.1    -6.4    62.7    25.4    44.2   0.173   0.165   0.175   0.222   0.383     4.6     5.4     6.3     8.4    10.7
63850 20140108  2.422  -83.39   33.78     7.4   -11.3    -1.9    -2.3     0.0    13.29 C    18.9   -13.1    -2.6    85.2    15.0    43.4   0.169   0.161   0.171   0.220   0.383     4.3     4.9     5.6     7.5    10.3
63850 20140109  2.422  -83.39   33.78     9.0    -2.4     3.3     4.2     0.0     4.51 C    15.4    -7.9     4.8    53.9    27.1    42.7   0.166   0.159   0.168   0.218   0.375     5.2     5.5     5.8     7.3     9.9
63850 20140110  2.422  -83.39   33.78     8.1     3.7     5.9     6.1    19.3     2.53 C    10.6     4.0     6.7    98.3    60.4    94.7   0.199   0.187   0.183   0.233   0.370     6.6     6.7     6.8     7.6     9.6
63850 20140111  2.422  -83.39   33.78    17.4     7.3    12.3    11.9    41.7     2.33 C    17.9     4.4    10.5    98.4    49.2    88.2   0.251   0.232   0.213   0.295   0.383     8.7     8.7     8.3     8.2     9.6
63850 20140112  2.422  -83.39   33.78    14.7     3.2     9.0     8.7     0.0    13.40 C    23.2    -3.1     6.1    86.6    38.5    63.0   0.201   0.204   0.190   0.270   0.385     8.4     8.7     8.7     9.0     9.8
63850 20140113  2.422  -83.39   33.78    15.4    -1.1     7.2     7.4     3.7     8.42 C    24.0    -4.0     6.8    97.2    42.6    75.9   0.184   0.181   0.182   0.236   0.386     7.8     8.1     8.2     8.9    10.0
63850 20140114  2.422  -83.39   33.78    15.8     5.4    10.6    10.3     1.8    12.64 C    22.8    -1.9     9.1    98.1    28.9    69.7   0.190   0.183   0.184   0.234   0.386     8.8     9.0     8.9     9.1    10.1
63850 20140115  2.422  -83.39   33.78    11.3    -0.3     5.5     4.8     0.0     9.68 C    25.2    -5.3     3.0    93.4    41.3    61.8   0.179   0.173   0.179   0.231   0.387     7.7     8.1     8.4     9.1    10.2
63850 20140116  2.422  -83.39   33.78     7.5    -4.5     1.5     1.0     0.0    13.82 C    20.6    -7.7     0.8    71.7    23.4    48.6   0.173   0.166   0.176   0.226   0.387     6.7     7.2     7.6     8.7    10.1
63850 20140117  2.422  -83.39   33.78    12.6    -1.7     5.5     4.3     0.0    10.70 C    21.2    -7.4     2.8    68.7    18.5    45.2   0.169   0.162   0.172   0.223   0.387     6.4     6.8     7.2     8.3     9.9
63850 20140118  2.422  -83.39   33.78     5.8    -3.4     1.2     0.7     0.0    14.10 C    16.7    -7.8     0.4    63.5    25.1    40.8   0.166   0.159   0.169   0.220   0.387     6.0     6.5     6.9     8.1     9.7
63850 20140119  2.422  -83.39   33.78    12.8     0.7     6.8     6.3     0.0    13.93 C    23.9    -4.9     5.5    64.5    31.9    43.8   0.163   0.157   0.166   0.218   0.388     6.3     6.7     6.8     7.8     9.6
63850 20140120  2.422  -83.39   33.78    18.8    -2.9     7.9     8.4     0.0    14.44 C    27.2    -7.9     4.9    87.8    13.4    43.1   0.161   0.155   0.163   0.216   0.385     6.5     6.8     7.0     7.9     9.5
63850 20140121  2.422  -83.39   33.78    12.0    -4.0     4.0     4.5     0.0    11.48 C    22.8    -6.2     2.9    70.1    32.0    52.3   0.160   0.153   0.161   0.214   0.369     6.4     6.8     7.1     7.9     9.4
63850 20140122  2.422  -83.39   33.78     3.0    -8.1    -2.5    -2.9     0.0    14.82 C    17.6   -12.3    -2.5    64.5    13.0    35.3   0.158   0.152   0.159   0.212   0.359     5.3     5.8     6.4     7.7     9.3
63850 20140123  2.422  -83.39   33.78     4.8    -5.8    -0.5    -1.3     0.0    13.77 C    18.3   -11.6    -1.0    55.2    19.6    36.2   0.156   0.150   0.156   0.211   0.355     4.7     5.2     5.7     7.2     9.1
63850 20140124  2.422  -83.39   33.78     0.2   -11.5    -5.6    -5.2     0.0    15.31 C    16.5   -17.0    -4.6    55.0    15.8    33.0   0.155   0.148   0.155   0.209   0.353     4.1     4.7     5.3     6.8     8.9
63850 20140125  2.422  -83.39   33.78     9.3    -9.9    -0.3    -0.3     0.0     9.87 C    18.0   -17.6    -2.3    67.2    22.5    39.8   0.153   0.147   0.153   0.208   0.353     3.5     4.0     4.6     6.2     8.6
63850 20140126  2.422  -83.39   33.78    13.9    -2.5     5.7     6.1     0.0    12.16 C    23.9    -7.9     4.9    69.2    31.8    46.5   0.153   0.146   0.152   0.206   0.351     4.7     4.9     5.1     6.1     8.3
63850 20140127  2.422  -83.39   33.78    17.5     2.9    10.2     9.7     0.0    13.98 C    33.5    -0.8    10.1    65.9    32.9    48.5   0.152   0.145   0.150   0.205   0.349     6.4     6.5     6.3     6.7     8.3
63850 20140128  2.422  -83.39   33.78     3.4    -3.1     0.1    -0.2     2.7     2.57 C     7.1    -3.1     0.5    92.1    29.0    57.4   0.151   0.144   0.149   0.204   0.350     5.8     6.2     6.4     7.2     8.4
63850 20140129  2.422  -83.39   33.78    -0.7    -8.7    -4.7    -4.2     0.0     7.14 C     5.8   -12.9    -4.4    88.3    55.4    72.0   0.152   0.145   0.149   0.203   0.349     5.0     5.5     5.9     6.9     8.4
63850 20140130  2.422  -83.39   33.78     4.6   -10.5    -3.0    -3.0     0.0    15.80 C    18.8   -15.1    -3.7    93.3    30.2    60.8   0.154   0.146   0.150   0.202   0.349     3.8     4.4     5.0     6.4     8.3
63850 20140131  2.422  -83.39   33.78    14.4    -7.9     3.3     2.9     0.0    15.85 C    27.6   -11.9     1.4    83.6    14.3    45.2   0.153   0.145   0.149   0.200   0.348     4.0     4.4     4.7     6.0     8.1
63850 20140201  2.422  -83.39   33.78    14.2    -2.2     6.0     7.3     0.0     6.58 C    24.8    -8.0     7.4    87.9    24.7    50.6   0.152   0.145   0.149   0.200   0.347     5.1     5.3     5.3     6.1     7.9
63850 20140202  2.422  -83.39   33.78    18.1     6.6    12.3    11.5     0.0     7.92 C    30.3    -1.4    12.4    98.1    62.4    87.1   0.151   0.143   0.148   0.199   0.347     6.9     6.9     6.6     6.7     8.0
63850 20140203  2.422  -83.39   33.78    18.3     4.8    11.6    14.7     4.8    10.16 C    27.4     0.2    14.0    96.0    53.4    79.1   0.160   0.152   0.152   0.199   0.346     8.9     8.8     8.2     7.7     8.2
63850 20140204  2.422  -83.39   33.78     8.0     3.0     5.5     5.7     1.3     1.77 C     9.2    -0.5     5.7    97.6    83.8    92.4   0.162   0.154   0.156   0.199   0.346     7.9     8.2     8.2     8.3     8.6
63850 20140205  2.422  -83.39   33.78    12.1     1.3     6.7     6.1    10.0    12.84 C    24.2    -1.7     7.6    98.3    56.5    79.5   0.192   0.181   0.176   0.205   0.347     7.8     8.0     8.0     8.3     8.8
63850 20140206  2.422  -83.39   33.78     7.3    -1.6     2.9     2.7     0.0     8.30 C    23.9    -3.3     4.5    79.3    47.5    63.2   0.182   0.174   0.177   0.217   0.346     7.1     7.4     7.6     8.2     8.9
63850 20140207  2.422  -83.39   33.78    11.7    -2.5     4.6     4.5     0.0    13.98 C    27.3    -6.4     5.4    84.9    39.6    62.2   0.175   0.168   0.172   0.217   0.346     6.9     7.2     7.4     8.0     8.9
63850 20140208  2.422  -83.39   33.78    15.9     1.6     8.7     7.8     0.0    14.32 C    31.8    -2.2     8.9    84.8    31.7    58.1   0.171   0.164   0.169   0.216   0.347     7.4     7.6     7.6     8.0     8.9
63850 20140209  2.422  -83.39   33.78    15.8     1.4     8.6     9.0     0.0    14.07 C    29.5    -3.2     8.9    90.3    42.4    64.2   0.168   0.161   0.166   0.215   0.347     7.8     8.0     7.9     8.2     8.9
63850 20140210  2.422  -83.39   33.78    11.6     2.2     6.9     7.4     0.0     4.04 C    18.6    -3.1     7.8    91.8    60.6    78.3   0.165   0.158   0.164   0.213   0.347     7.8     8.0     8.0     8.4     9.0
63850 20140211  2.422  -83.39   33.78     5.9     0.7     3.3     2.0    11.1     2.12 C     5.8     1.1     3.0    95.0    86.9    92.2   0.191   0.179   0.177   0.220   0.347     7.2     7.6     7.8     8.4     9.1
63850 20140212  2.422  -83.39   33.78     0.7    -2.8    -1.1    -1.8    34.5     1.84 C     1.1    -2.2    -0.8    94.4    86.7    91.4   0.198   0.186   0.185   0.235   0.359     5.8     6.4     6.8     7.9     9.0
63850 20140213  2.422  -83.39   33.78     6.7    -2.6     2.0     1.8     0.7    15.86 C     1.3    -3.0    -0.8    95.6    56.0    79.3   0.203   0.189   0.187   0.241   0.380     5.1     5.7     6.1     7.3     8.8
63850 20140214  2.422  -83.39   33.78    12.0    -0.9     5.5     5.9     4.1    13.32 C    12.9    -7.3     2.2    86.2    44.8    62.3   0.200   0.190   0.189   0.249   0.380     5.0     5.4     5.7     6.7     8.5
63850 20140215  2.422  -83.39   33.78     9.1     1.2     5.1     5.2     2.5    17.98 C    22.7    -4.9     6.0    93.4    27.4    57.9   0.198   0.190   0.189   0.258   0.381     5.8     6.1     6.1     6.7     8.3
63850 20140216  2.422  -83.39   33.78    16.5     0.3     8.4     8.1     0.0    17.92 C    30.8    -4.9     7.8    63.0    24.9    43.2   0.181   0.172   0.180   0.235   0.382     6.2     6.4     6.4     6.9     8.2
63850 20140217  2.422  -83.39   33.78    17.9    -1.2     8.4     9.8     0.0    15.80 C    32.1    -4.4    10.5    87.5    32.4    51.5   0.174   0.166   0.176   0.228   0.382     6.9     6.9     6.8     7.2     8.2
63850 20140218  2.422  -83.39   33.78    21.6     2.6    12.1    12.5     3.0    17.99 C    36.8    -2.6    14.1    95.9    37.7    68.2   0.171   0.163   0.173   0.224   0.383     8.2     8.2     7.8     7.7     8.3
63850 20140219  2.422  -83.39   33.78    20.5    13.9    17.2    16.7     0.0    10.02 C    29.5     6.9    15.4    94.1    62.3    79.6   0.175   0.166   0.173   0.223   0.383     9.9     9.7     9.1     8.5     8.6
63850 20140220  2.422  -83.39   33.78    24.8    11.4    18.1    16.9     0.0    11.40 C    39.1     7.4    16.4    97.4    41.6    77.4   0.171   0.163   0.171   0.221   0.383    10.4    10.3     9.8     9.2     9.0
63850 20140221  2.422  -83.39   33.78 -9999.0 -9999.0 -9999.0 -9999.0 -9999.0 -9999.00 U -9999.0 -9999.0 -9999.0 -9999.0 -9999.0 -9999.0 -99.000 -99.000 -99.000 -99.000 -99.000 -9999.0 -9999.0 -9999.0 -9999.0 -9999.0
63850 20140222  2.422  -83.39   33.78    17.1     1.0     9.1     9.7     0.0    13.34 C    27.9    -3.7     8.2    82.5    21.8    43.0   0.178   0.173   0.178   0.247   0.324     9.7    10.0     9.9    10.1     9.9
63850 20140223  2.422  -83.39   33.78    20.1     2.5    11.3    11.7     0.0    12.52 C    33.8    -1.0    10.8    87.0    29.5    54.9   0.171   0.165   0.173   0.243   0.324     9.7     9.9     9.7     9.8    10.0
63850 20140224  2.422  -83.39   33.78    21.0     8.1    14.5    13.8     0.0    18.59 C    38.2     2.3    14.6    88.3    20.8    50.2   0.168   0.161   0.170   0.240   0.324    10.8    10.8    10.3    10.0    10.0
63850 20140225  2.422  -83.39   33.78    17.3     2.5     9.9    10.2     0.8    12.80 C    29.1    -1.3     9.6    81.2    43.1    60.6   0.165   0.158   0.166   0.239   0.323    10.2    10.4    10.2    10.2    10.2
63850 20140226  2.422  -83.39   33.78     9.3     0.9     5.1     6.0     3.5     6.23 C    15.0    -3.1     5.7    90.6    41.9    66.6   0.171   0.162   0.168   0.237   0.323     9.4     9.7     9.8    10.1    10.3
63850 20140227  2.422  -83.39   33.78    10.6    -3.5     3.6     3.3     0.0    19.94 C    27.1    -7.1     4.6    51.6    16.2    33.3   0.168   0.161   0.167   0.237   0.323     8.1     8.5     8.8     9.5    10.2
63850 20140228  2.422  -83.39   33.78    12.9    -1.5     5.7     5.6     0.0    19.00 C    32.6    -8.3     7.0    46.4    22.0    34.7   0.164   0.157   0.164   0.236   0.322     8.0     8.3     8.4     9.0    10.0
63850 20140301  2.422  -83.39   33.78    16.5     4.2    10.3     9.6     0.0    16.35 C    38.3     1.2    12.3    74.4    34.7    51.7   0.161   0.155   0.162   0.235   0.315     9.3     9.4     9.1     9.1     9.9
63850 20140302  2.422  -83.39   33.78    22.3     3.0    12.6    13.9     0.0    18.25 C    38.2    -0.3    13.8    89.3    36.6    57.4   0.159   0.152   0.159   0.234   0.311    10.2    10.2     9.8     9.6    10.0
63850 20140303  2.422  -83.39   33.78    17.6     3.3    10.5    10.9     4.6     6.28 C    22.0     4.0    10.4    96.1    64.8    77.2   0.168   0.159   0.162   0.234   0.310    10.4    10.5    10.3    10.1    10.1
63850 20140304  2.422  -83.39   33.78     5.2     0.4     2.8     2.3     1.2     8.23 C    17.6     1.0     5.4    84.5    41.5    55.3   0.167   0.159   0.163   0.234   0.308     8.8     9.2     9.4     9.9    10.3
63850 20140305  2.422  -83.39   33.78    13.4    -0.1     6.7     5.1     1.3    15.46 C    29.4     1.4     8.8    91.4    47.5    73.2   0.171   0.162   0.165   0.233   0.307     9.0     9.2     9.1     9.4    10.2
63850 20140306  2.422  -83.39   33.78     5.3     0.8     3.0     2.7    16.1     2.78 C     7.5    -1.0     2.8    94.1    38.3    72.4   0.181   0.170   0.170   0.234   0.306     7.7     8.2     8.7     9.4    10.1
63850 20140307  2.422  -83.39   33.78    13.7     2.0     7.8     7.1     5.8    11.49 C    25.5    -0.1     7.4    95.5    57.1    82.5   0.201   0.191   0.188   0.255   0.318     7.9     8.1     8.1     8.7     9.9
63850 20140308  2.422  -83.39   33.78    20.3     2.4    11.4    11.8     0.0    20.05 C    35.4    -0.6    11.9    98.3    31.8    65.2   0.179   0.172   0.179   0.248   0.322     9.1     9.2     8.8     8.9     9.8
63850 20140309  2.422  -83.39   33.78    21.7     7.1    14.4    14.5     0.0    19.50 C    38.2     1.1    14.4    84.4    33.7    55.5   0.172   0.165   0.173   0.244   0.321    10.3    10.3     9.8     9.5     9.8
63850 20140310  2.422  -83.39   33.78    22.2     7.6    14.9    15.0     0.0    20.63 C    37.1     2.1    14.0    76.1    33.4    53.7   0.166   0.160   0.169   0.241   0.320    10.9    10.9    10.4    10.0    10.1
63850 20140311  2.422  -83.39   33.78    25.2     8.9    17.0    17.4     0.0    20.06 C    39.3     1.8    17.2    83.2    33.7    57.1   0.162   0.156   0.164   0.240   0.320    11.6    11.5    10.9    10.5    10.3
63850 20140312  2.422  -83.39   33.78    22.4     4.8    13.6    14.5     9.8    12.19 C    29.3     1.4    14.5    96.4    40.9    71.8   0.189   0.178   0.177   0.241   0.320    12.7    12.7    12.0    11.2    10.6
63850 20140313  2.422  -83.39   33.78    12.0     0.7     6.3     5.7     0.0    21.80 C    28.6    -4.5     7.3    59.6    19.5    38.9   0.175   0.167   0.173   0.243   0.321    10.4    10.7    10.9    11.1    10.9
63850 20140314  2.422  -83.39   33.78    17.6    -3.0     7.3     8.3     0.0    21.61 C    34.6    -5.8     9.7    84.7    19.3    43.1   0.167   0.160   0.168   0.241   0.321    10.1    10.2    10.2    10.5    10.9
63850 20140315  2.422  -83.39   33.78    20.8     8.8    14.8    14.3     0.2    15.97 C    35.6     3.9    14.6    67.0    36.6    52.6   0.162   0.156   0.163   0.239   0.320    11.3    11.3    10.8    10.7    10.9
63850 20140316  2.422  -83.39   33.78    14.9    10.7    12.8    12.6    27.1     1.92 C    17.3    10.3    12.5    97.4    64.8    92.3   0.195   0.186   0.181   0.258   0.321    11.5    11.5    11.2    11.1    11.0
63850 20140317  2.422  -83.39   33.78    11.3     1.9     6.6     5.1     9.3     2.75 C    11.5     2.9     6.5    98.3    90.1    94.8   0.195   0.186   0.185   0.255   0.322    10.4    10.7    10.9    11.1    11.1
63850 20140318  2.422  -83.39   33.78    10.3     1.1     5.7     5.0     0.6     9.52 C    17.3     2.2     7.1    95.6    68.2    85.0   0.190   0.181   0.184   0.254   0.323     9.4     9.6     9.8    10.4    11.0
63850 20140319  2.422  -83.39   33.78    14.0     5.2     9.6     8.4     0.0    11.65 C    31.8     2.9    10.2    96.9    65.3    86.4   0.177   0.169   0.178   0.248   0.322    10.3    10.4    10.2    10.3    10.9
63850 20140320  2.422  -83.39   33.78    19.9     6.9    13.4    12.8     0.0    22.04 C    35.9    -0.7    13.5    96.4    18.5    55.9   0.170   0.163   0.173   0.245   0.322    11.2    11.2    10.8    10.6    10.9
63850 20140321  2.422  -83.39   33.78    20.1     1.7    10.9    12.3     0.0    20.53 C    36.6    -3.5    11.4    82.9    18.5    38.5   0.164   0.157   0.167   0.243   0.322    11.0    11.1    10.9    10.8    11.0
63850 20140322  2.422  -83.39   33.78    23.7     5.7    14.7    15.3     0.0    15.54 C    34.6     0.9    13.9    79.8    32.8    52.1   0.159   0.153   0.162   0.241   0.322    11.6    11.7    11.3    11.0    11.0
63850 20140323  2.422  -83.39   33.78    20.1     8.0    14.0    13.3     0.0    12.14 C    31.4    -0.4    12.1    89.1    44.7    64.2   0.156   0.149   0.157   0.239   0.321    11.8    11.9    11.6    11.3    11.2
63850 20140324  2.422  -83.39   33.78    15.1     2.9     9.0     8.7     0.0    21.43 C    33.3    -2.1    10.4    79.9    33.2    54.5   0.152   0.145   0.153   0.238   0.319    11.3    11.4    11.3    11.3    11.3
63850 20140325  2.422  -83.39   33.78    12.2     0.7     6.4     7.0     0.8    19.49 C    28.0    -4.9     8.8    93.3    30.0    55.2   0.149   0.142   0.149   0.236   0.313    11.0    11.3    11.2    11.3    11.4
63850 20140326  2.422  -83.39   33.78    12.4    -3.0     4.7     4.4     0.0    23.80 C    32.7    -8.7     6.8    59.2    15.1    33.6   0.146   0.139   0.146   0.235   0.310    10.0    10.3    10.4    10.9    11.4
63850 20140327  2.422  -83.39   33.78    18.3    -1.4     8.5     9.7     0.0    21.77 C    33.7    -4.9    11.3    81.0    21.0    42.5   0.144   0.136   0.144   0.234   0.309    10.4    10.5    10.3    10.6    11.2
63850 20140328  2.422  -83.39   33.78    14.9    10.6    12.8    13.2     7.0     2.86 C    15.7     8.0    12.7    96.1    64.5    89.8   0.160   0.146   0.146   0.232   0.307    11.2    11.3    11.0    10.9    11.2
63850 20140329  2.422  -83.39   33.78    20.6     7.3    13.9    14.8     2.6     9.23 C    28.3     4.7    14.4    97.2    60.8    82.1   0.173   0.155   0.156   0.231   0.306    12.6    12.6    11.9    11.4    11.3
63850 20140330  2.422  -83.39   33.78    19.7     5.1    12.4    11.7     0.0    24.51 C    31.4     2.5    12.6    77.2    17.9    47.2   0.166   0.153   0.156   0.231   0.306    11.8    11.9    11.7    11.6    11.5
63850 20140331  2.422  -83.39   33.78    25.0     3.1    14.1    15.4     0.0    24.18 C    39.2    -1.5    14.6    79.8    15.0    35.6   0.158   0.147   0.152   0.229   0.304    12.3    12.3    11.9    11.6    11.5
63850 20140401  2.422  -83.39   33.78    27.4     6.9    17.1    18.3     0.0    23.53 C    41.9     1.2    16.8    84.6    12.3    36.1   0.150   0.141   0.147   0.228   0.301    13.1    13.1    12.5    12.0    11.7
63850 20140402  2.422  -83.39   33.78    27.9     9.6    18.7    19.9     0.0    22.69 C    40.7     3.4    18.2    62.4    10.7    34.8   0.142   0.134   0.142   0.228   0.300    13.6    13.6    13.0    12.4    11.9
63850 20140403  2.422  -83.39   33.78    28.0    11.8    19.9    20.7     0.0    21.55 C    40.5     5.9    20.5    83.8    35.5    55.3   0.135   0.128   0.137   0.226   0.299    14.7    14.5    13.7    12.9    12.2
63850 20140404  2.422  -83.39   33.78    27.0    13.4    20.2    19.8     0.0    15.21 C    40.1     8.6    19.1    89.1    33.6    63.8   0.128   0.122   0.132   0.226   0.298    15.0    14.9    14.2    13.5    12.5
63850 20140405  2.422  -83.39   33.78    22.2    11.4    16.8    15.9     0.0    23.59 C    37.5     6.9    17.5    93.2    23.1    54.5   0.121   0.116   0.128   0.224   0.297    14.9    14.8    14.3    13.6    12.8
63850 20140406  2.422  -83.39   33.78    15.0    10.5    12.8    12.2     1.4     6.01 C    21.4     9.3    12.3    87.4    45.8    63.1   0.116   0.111   0.124   0.223   0.296    13.6    13.9    13.8    13.6    13.0
63850 20140407  2.422  -83.39   33.78    17.9     9.0    13.4    12.8    50.4     1.94 C    17.6     9.0    12.9    97.1    80.5    94.2   0.186   0.186   0.171   0.251   0.304    12.7    12.9    12.8    13.1    13.0
63850 20140408  2.422  -83.39   33.78    18.5     8.1    13.3    12.6     0.0    21.59 C    30.3     4.3    13.7    83.6    37.2    62.4   0.180   0.180   0.180   0.251   0.315    13.6    13.6    13.2    13.0    12.9
63850 20140409  2.422  -83.39   33.78    20.2     7.7    13.9    13.9     0.0    24.24 C    35.4     3.1    14.7    77.6    27.5    52.2   0.166   0.165   0.172   0.244   0.316    13.6    13.7    13.3    13.1    12.9
63850 20140410  2.422  -83.39   33.78    22.8     3.7    13.3    14.8     0.0    25.24 C    36.4    -0.1    14.8    92.0    25.9    49.9   0.157   0.155   0.164   0.241   0.316    13.8    13.8    13.4    13.2    12.9
63850 20140411  2.422  -83.39   33.78    22.9     7.8    15.3    16.3     0.0    22.66 C    35.0     3.2    15.4    83.2    39.2    56.8   0.148   0.148   0.156   0.239   0.316    14.1    14.1    13.7    13.4    13.0
63850 20140412  2.422  -83.39   33.78    26.1     8.9    17.5    18.7     0.0    23.93 C    39.6     5.5    18.6    93.1    35.0    60.1   0.139   0.140   0.148   0.237   0.314    15.0    14.8    14.2    13.6    13.2
63850 20140413  2.422  -83.39   33.78    26.0    12.9    19.4    19.9     0.0    18.77 C    40.5     7.7    19.1    85.7    42.3    62.5   0.130   0.131   0.141   0.235   0.307    15.5    15.4    14.8    14.1    13.4
63850 20140414  2.422  -83.39   33.78    22.8    15.3    19.0    18.5    14.5     7.27 C    29.5    11.6    18.1    97.6    64.5    85.6   0.142   0.136   0.137   0.233   0.304    15.8    15.7    15.1    14.5    13.6
63850 20140415  2.422  -83.39   33.78    18.1     3.4    10.7    12.6    16.0    15.62 C    21.3     1.0    13.4    96.7    50.2    77.0   0.195   0.191   0.184   0.245   0.311    15.6    15.7    15.4    14.8    13.8
63850 20140416  2.422  -83.39   33.78    15.3    -1.0     7.1     7.3     0.0    26.88 C    30.9    -3.5    10.2    94.1    28.7    55.8   0.172   0.169   0.175   0.246   0.317    13.5    13.7    13.8    14.2    14.0
63850 20140417  2.422  -83.39   33.78    18.2     1.8    10.0    11.0     0.0    25.10 C    32.6    -0.1    13.8    86.6    34.6    55.6   0.164   0.160   0.169   0.243   0.317    13.6    13.7    13.5    13.7    13.8
63850 20140418  2.422  -83.39   33.78    13.7     9.1    11.4    10.8    21.4     3.65 C    15.3     9.2    10.7    95.2    44.5    74.9   0.176   0.170   0.170   0.244   0.317    13.1    13.4    13.5    13.7    13.7
63850 20140419  2.422  -83.39   33.78    13.6     9.7    11.6    11.4     3.7     6.38 C    16.3     9.7    11.9    94.6    76.3    90.7   0.197   0.192   0.188   0.261   0.322    12.8    13.0    12.9    13.3    13.6
63850 20140420  2.422  -83.39   33.78    22.3     7.9    15.1    15.1     0.0    25.46 C    33.1     4.2    15.2    86.5    28.9    55.5   0.177   0.173   0.178   0.253   0.321    13.8    13.8    13.4    13.2    13.4
63850 20140421  2.422  -83.39   33.78    24.6     6.8    15.7    16.0     0.0    25.76 C    36.2     2.1    16.2    87.2    30.2    56.3   0.163   0.160   0.169   0.248   0.321    14.5    14.4    13.9    13.6    13.4
63850 20140422  2.422  -83.39   33.78    23.6    12.0    17.8    17.2     0.9    14.32 C    34.8     8.8    16.7    93.7    55.1    77.4   0.156   0.153   0.160   0.245   0.320    15.0    15.0    14.5    14.0    13.6
63850 20140423  2.422  -83.39   33.78    25.9    12.1    19.0    19.0     0.0    27.38 C    36.8     5.7    19.2    95.9    23.5    57.8   0.149   0.147   0.154   0.242   0.320    16.0    15.8    15.1    14.4    13.8
63850 20140424  2.422  -83.39   33.78    25.5     7.3    16.4    17.6     0.0    26.58 C    37.9     3.7    17.5    88.9    31.9    49.7   0.137   0.138   0.147   0.239   0.319    15.8    15.8    15.3    14.7    14.0
63850 20140425  2.422  -83.39   33.78    26.3    13.3    19.8    19.5     0.0    20.13 C    34.8     9.1    18.7    97.0    39.6    68.5   0.128   0.130   0.141   0.237   0.311    16.2    16.2    15.6    15.0    14.2
63850 20140426  2.422  -83.39   33.78    26.1    10.7    18.4    18.7     0.0    27.03 C    38.2     4.6    18.4    89.2    29.6    58.1   0.116   0.121   0.134   0.234   0.307    16.4    16.3    15.8    15.2    14.4
63850 20140427  2.422  -83.39   33.78    28.0    10.5    19.3    19.8     0.0    21.45 C    40.3     7.1    19.9    94.4    42.5    70.6   0.103   0.112   0.128   0.231   0.303    16.8    16.7    16.0    15.4    14.6
63850 20140428  2.422  -83.39   33.78    26.2    14.8    20.5    20.9     0.0    18.32 C    37.9    11.0    21.0    97.3    58.8    82.1   0.092   0.103   0.122   0.230   0.301    17.4    17.3    16.6    15.8    14.8
63850 20140429  2.422  -83.39   33.78    24.3    17.8    21.0    21.1     5.3    12.89 C    27.3    15.5    20.2    94.8    58.9    77.2   0.096   0.102   0.117   0.228   0.297    17.8    17.7    17.0    16.2    15.1
63850 20140430  2.422  -83.39   33.78    22.5    17.5    20.0    20.3     0.7     9.42 C    23.9    15.6    19.2    94.9    56.7    75.9   0.098   0.103   0.116   0.226   0.296    17.5    17.5    17.0    16.4    15.3
63850 20140501  2.422  -83.39   33.78    19.7    11.8    15.7    16.7     0.0    19.99 C    28.6     6.6    17.2    91.1    45.4    65.3   0.091   0.099   0.113   0.224   0.293    17.5    17.5    17.0    16.4    15.5
63850 20140502  2.422  -83.39   33.78    22.3     9.3    15.8    15.5     0.0    22.34 C    35.6     7.0    16.9    85.1    31.5    56.6   0.079   0.092   0.109   0.221   0.290    16.9    16.9    16.5    16.2    15.5
63850 20140503  2.422  -83.39   33.78    24.0     8.2    16.1    17.1     0.0    27.72 C    37.6     5.2    18.0    84.7    30.3    52.0   0.067   0.081   0.103   0.216   0.287    17.0    16.9    16.5    16.2    15.5
63850 20140504  2.422  -83.39   33.78    29.3    12.1    20.7    21.1     0.0    27.30 C    40.8     7.9    20.6    73.7    25.3    46.4   0.056   0.069   0.096   0.210   0.283    17.4    17.3    16.7    16.3    15.6
63850 20140505  2.422  -83.39   33.78    31.5    14.1    22.8    23.0     0.0    27.19 C    42.3     8.5    22.5    75.7    28.4    50.9   0.049   0.059   0.089   0.203   0.279    18.0    17.8    17.1    16.5    15.7
63850 20140506  2.422  -83.39   33.78    30.4    13.8    22.1    23.1     0.0    27.51 C    42.8     9.1    22.9    85.8    30.6    53.0   0.045   0.051   0.082   0.196   0.275    18.5    18.3    17.6    16.9    15.9
63850 20140507  2.422  -83.39   33.78    30.4    12.0    21.2    22.2     0.0    27.55 C    43.4     7.2    22.1    93.3    22.3    56.2   0.043   0.044   0.075   0.188   0.272    18.6    18.5    17.8    17.1    16.0
63850 20140508  2.422  -83.39   33.78    31.2    13.6    22.4    23.2     0.0    26.61 C    44.1     9.4    23.4    93.1    33.4    60.0   0.041   0.040   0.069   0.181   0.267    19.1    18.8    18.0    17.3    16.2
63850 20140509  2.422  -83.39   33.78    27.6    16.6    22.1    21.9     0.0    15.32 C    37.0    13.1    21.8    90.6    52.8    71.4   0.041   0.037   0.065   0.175   0.263    19.1    18.9    18.2    17.5    16.4
63850 20140510  2.422  -83.39   33.78    26.7    16.3    21.5    21.1     0.7    14.60 C    35.5    13.8    22.0    96.8    56.7    79.9   0.041   0.036   0.061   0.172   0.258    19.1    19.0    18.3    17.7    16.6
63850 20140511  2.422  -83.39   33.78    28.9    17.7    23.3    22.2     0.0    21.46 C    44.3    14.4    23.8    97.5    49.9    79.1   0.041   0.035   0.058   0.169   0.254    19.9    19.6    18.7    17.9    16.7
63850 20140512  2.422  -83.39   33.78    31.5    15.6    23.6    23.9     0.0    25.08 C    46.4    13.3    25.5    97.3    45.1    72.8   0.039   0.034   0.054   0.164   0.247    20.3    20.0    19.0    18.2    16.9
63850 20140513  2.422  -83.39   33.78    30.5    17.4    23.9    23.8     0.0    26.02 C    45.8    13.4    25.1    96.1    35.7    67.6   0.039   0.032   0.049   0.159   0.238    20.6    20.3    19.4    18.5    17.1
63850 20140514  2.422  -83.39   33.78    28.6    15.9    22.2    22.1    20.0    19.34 C    44.4    13.0    24.2    97.5    47.3    78.7   0.051   0.058   0.047   0.156   0.231    20.4    20.2    19.4    18.7    17.3
63850 20140515  2.422  -83.39   33.78    20.9    11.3    16.1    17.5    37.8    11.93 C    25.0     9.5    18.1    96.8    55.4    83.3   0.172   0.213   0.182   0.208   0.243    19.9    20.0    19.6    18.9    17.5
63850 20140516  2.422  -83.39   33.78    22.0     8.1    15.0    14.7     0.0    26.35 C    34.5     4.8    16.1    85.4    29.2    55.7   0.158   0.179   0.175   0.214   0.246    18.6    18.8    18.5    18.5    17.6
63850 20140517  2.422  -83.39   33.78    21.2     5.2    13.2    13.6     0.0    20.93 C    33.2     2.9    14.9    95.2    36.5    67.6   0.149   0.160   0.165   0.208   0.240    17.6    17.8    17.8    18.0    17.5
63850 20140518  2.422  -83.39   33.78    15.8    10.9    13.3    13.3    14.6     4.99 C    19.7     9.6    14.0    98.4    83.4    92.0   0.169   0.179   0.175   0.211   0.241    17.0    17.3    17.3    17.5    17.3
63850 20140519  2.422  -83.39   33.78    21.6    10.7    16.2    14.8     0.0    18.49 C    32.0     8.4    16.6    98.0    50.7    85.1   0.165   0.174   0.177   0.218   0.242    17.3    17.4    17.1    17.2    17.1
63850 20140520  2.422  -83.39   33.78    26.6     9.7    18.1    18.9     0.0    22.39 C    37.6     8.2    20.0    97.5    54.2    78.8   0.154   0.159   0.168   0.214   0.242    18.1    18.1    17.5    17.3    17.1
63850 20140521  2.422  -83.39   33.78    29.9    14.8    22.3    22.6     0.0    26.95 C    40.2    11.3    22.5    97.9    34.8    65.2   0.143   0.148   0.156   0.209   0.241    19.3    19.2    18.4    17.8    17.1
63850 20140522  2.422  -83.39   33.78    30.3    16.2    23.3    23.9     0.0    27.25 C    40.9    12.3    24.3    86.4    42.0    63.2   0.130   0.134   0.144   0.204   0.240    20.0    19.8    19.0    18.3    17.3
63850 20140523  2.422  -83.39   33.78    31.3    19.2    25.2    25.5     0.0    27.17 C    42.0    15.2    25.6    88.1    42.1    65.3   0.115   0.120   0.133   0.200   0.240    20.9    20.7    19.8    18.8    17.5
63850 20140524  2.422  -83.39   33.78    28.8    17.3    23.1    23.6     0.0    24.65 C    40.4    14.5    24.7    92.6    50.1    69.1   0.102   0.108   0.124   0.195   0.239    21.1    20.9    20.1    19.3    17.8
63850 20140525  2.422  -83.39   33.78    29.6    16.4    23.0    21.7    25.0    22.80 C    40.7    14.2    23.5    95.7    50.4    79.2   0.116   0.128   0.130   0.194   0.268    21.0    20.9    20.3    19.6    18.1
63850 20140526  2.422  -83.39   33.78    28.2    14.9    21.6    20.8     0.0    23.20 C    38.7    13.5    22.6    97.7    59.5    83.7   0.157   0.172   0.165   0.196   0.339    21.0    20.9    20.2    19.6    18.3
63850 20140527  2.422  -83.39   33.78    29.0    16.2    22.6    22.6     0.0    21.89 C    37.9    14.5    23.8    97.6    59.1    81.3   0.145   0.152   0.156   0.195   0.337    21.5    21.4    20.6    19.8    18.4
63850 20140528  2.422  -83.39   33.78    30.0    17.6    23.8    24.0     0.0    25.48 C    41.2    15.1    25.0    97.9    46.1    74.4   0.134   0.137   0.145   0.193   0.335    21.9    21.8    21.0    20.1    18.7
63850 20140529  2.422  -83.39   33.78    28.9    17.4    23.1    23.0     0.3    21.10 C    39.8    15.1    23.8    96.5    57.3    81.3   0.122   0.125   0.135   0.193   0.337    21.9    21.8    21.1    20.4    18.8
63850 20140530  2.422  -83.39   33.78    30.1    18.2    24.1    22.1     7.9    21.12 C    40.9    16.2    24.4    97.6    47.6    84.9   0.123   0.124   0.128   0.191   0.335    22.0    21.9    21.3    20.5    19.0
63850 20140531  2.422  -83.39   33.78    29.2    17.9    23.5    22.7     0.0    21.08 C    39.5    16.1    24.2    97.9    59.1    85.5 -99.000 -99.000 -99.000 -99.000 -99.000 -9999.0 -9999.0 -9999.0 -9999.0 -9999.0
63850 20140601  2.422  -83.39   33.78    25.9    17.4    21.7    22.0     0.0    18.10 C    38.0    14.6    23.1    94.4    55.8    76.9 -99.000 -99.000 -99.000 -99.000 -99.000 -9999.0 -9999.0 -9999.0 -9999.0 -9999.0
63850 20140602  2.422  -83.39   33.78    25.2    13.4    19.3    19.7     0.0    22.96 C    36.9    11.7    21.0    97.3    41.3    71.6 -99.000 -99.000 -99.000 -99.000 -99.000 -9999.0 -9999.0 -9999.0 -9999.0 -9999.0
63850 20140603  2.422  -83.39   33.78    28.0    16.2    22.1    22.6     0.0    19.66 C    39.6    14.2    23.6    94.7    56.9    77.5   0.092 -99.000 -99.000 -99.000 -99.000    21.7 -9999.0 -9999.0 -9999.0 -9999.0
63850 20140604  2.422  -83.39   33.78    31.2    19.6    25.4    25.4     0.0    25.85 C    42.4    16.5    26.3    94.8    49.3    73.2 -99.000 -99.000 -99.000 -99.000   0.318 -9999.0 -9999.0 -9999.0 -9999.0    19.6
63850 20140605  2.422  -83.39   33.78    31.1    20.1    25.6    25.4     5.3    21.81 C    41.5    19.7    26.0    96.4    40.3    72.1 -99.000 -99.000 -99.000 -99.000 -99.000 -9999.0 -9999.0 -9999.0 -9999.0 -9999.0
63850 20140606  2.422  -83.39   33.78    30.5    19.0    24.7    23.4    10.7    23.51 C    38.9    17.3    24.8    96.7    58.9    83.1 -99.000   0.097 -99.000 -99.000 -99.000 -9999.0    23.2 -9999.0 -9999.0 -9999.0
63850 20140607  2.422  -83.39   33.78    30.1    19.3    24.7    24.5     0.2    21.33 C    37.7    18.3    25.6    98.0    55.6    81.6   0.114   0.116   0.095   0.178   0.328    23.4    23.3    22.5    21.6    20.1
63850 20140608  2.422  -83.39   33.78    30.2    19.4    24.8    24.7     0.2    24.34 C    38.1    18.8    25.7    95.7    53.8    75.6   0.099   0.097   0.094   0.177   0.326    23.9    23.8    22.8    21.9    20.3
63850 20140609  2.422  -83.39   33.78    31.7    18.7    25.2    25.2     0.0    22.42 C    41.6    16.4    25.7    96.3    50.8    75.4   0.084   0.081   0.089   0.176   0.328    23.7    23.6    22.8    22.0    20.5
63850 20140610  2.422  -83.39   33.78    32.0    18.3    25.1    24.3     3.7    24.75 C    43.8    16.5    26.3    96.5    48.2    76.3   0.070   0.068   0.083   0.174   0.326    23.8    23.7    22.9    22.1    20.6
63850 20140611  2.422  -83.39   33.78    29.7    18.8    24.2    23.2    41.8    21.96 C    39.7    17.8    25.1    97.7    46.8    79.7   0.082   0.080   0.086   0.172   0.307    23.6    23.5    22.9    22.1    20.8
63850 20140612  2.422  -83.39   33.78    27.7    18.4    23.1    22.1     0.3    20.29 C    36.5    17.2    23.7    98.0    55.2    81.6   0.162 -99.000 -99.000 -99.000   0.219    23.4 -9999.0 -9999.0 -9999.0    20.9
63850 20140613  2.422  -83.39   33.78    28.9    18.1    23.5    22.6     0.3    18.76 C    37.8    16.8    23.3    97.1    54.9    81.7   0.152   0.165   0.169   0.199   0.208    23.4    23.4    22.8    22.1    20.9
63850 20140614  2.422  -83.39   33.78    29.8    17.3    23.6    23.4     0.0    24.96 C    41.2    15.9    25.0    98.0    52.2    79.1   0.143   0.150   0.158   0.195   0.209    23.4    23.4    22.7    22.1    21.0
63850 20140615  2.422  -83.39   33.78    31.1    18.1    24.6    24.9     0.0    26.41 C    42.6    16.9    26.7    97.8    48.9    75.7   0.131   0.136   0.145   0.192   0.208    23.9    23.8    23.0    22.3    21.0
63850 20140616  2.422  -83.39   33.78    32.0    19.6    25.8    25.8     0.0    24.79 C    42.5    18.4    27.2    97.1    45.2    75.3   0.118   0.123   0.133   0.189   0.209    24.3    24.1    23.4    22.6    21.2
63850 20140617  2.422  -83.39   33.78    32.6    19.8    26.2    25.7     0.0    25.58 C    43.3    17.8    27.1    98.0    43.7    78.3   0.105   0.110   0.124   0.186   0.208    24.4    24.3    23.6    22.8    21.3
63850 20140618  2.422  -83.39   33.78    32.5    19.4    25.9    26.1     0.0    25.53 C    44.2    17.2    27.3    97.4    45.1    73.4   0.091   0.096   0.115   0.182   0.207    24.6    24.5    23.7    22.9    21.5
63850 20140619  2.422  -83.39   33.78    33.9    18.8    26.3    25.3    22.9    26.99 C    45.2    16.4    27.0    97.1    35.3    74.7   0.097   0.110   0.114   0.179   0.206    24.5    24.4    23.8    23.0    21.6
63850 20140620  2.422  -83.39   33.78    33.2    18.4    25.8    26.2     0.0    28.10 C    41.5    17.1    27.3    97.6    40.3    71.3   0.144   0.153   0.145   0.176   0.204    24.7    24.6    23.8    23.1    21.7
63850 20140621  2.422  -83.39   33.78    33.3    21.1    27.2    26.4     0.0    25.13 C    43.2    19.1    27.5    91.5    40.1    67.6   0.125   0.129   0.133   0.175   0.203    25.1    25.0    24.2    23.4    21.8
63850 20140622  2.422  -83.39   33.78    32.0    19.9    25.9    25.8     0.0    26.12 C    43.6    17.7    27.2    87.4    40.7    65.9   0.108   0.112   0.121   0.175   0.204    24.9    24.9    24.2    23.5    22.0
63850 20140623  2.422  -83.39   33.78    31.5    18.8    25.1    24.3    15.5    22.49 C    44.5    16.9    26.7    96.9    49.6    78.7   0.104   0.114   0.115   0.173   0.203    24.8    24.8    24.1    23.5    22.0
63850 20140624  2.422  -83.39   33.78    29.1    19.4    24.2    22.9     0.0    15.98 C    38.3    18.6    24.7    97.7    65.8    88.7   0.146   0.152   0.137   0.172   0.202    24.4    24.5    23.9    23.4    22.1
63850 20140625  2.422  -83.39   33.78    31.3    21.1    26.2    25.7     0.0    26.21 C    41.3    19.7    27.1    96.7    49.3    73.4   0.130   0.130   0.129   0.173   0.202    25.1    25.0    24.2    23.5    22.1
63850 20140626  2.422  -83.39   33.78    31.2    20.4    25.8    24.6     0.0    21.92 C    43.5    18.9    25.9    92.6    48.7    75.1   0.113   0.114   0.119   0.172   0.200    24.9    24.9    24.3    23.6    22.2
63850 20140627  2.422  -83.39   33.78    32.0    20.4    26.2    24.6     0.3    21.61 C    42.0    19.5    26.8    96.1    52.2    82.0   0.099   0.101   0.110   0.172   0.201    25.1    25.0    24.3    23.6    22.3
63850 20140628  2.422  -83.39   33.78    31.1    20.4    25.8    24.3     0.3    17.10 C    52.3    19.1    26.9    97.4    58.1    84.2   0.088   0.092   0.103   0.172   0.201    25.0    25.0    24.4    23.7    22.4
63850 20140629  2.422  -83.39   33.78    31.7    19.6    25.6    24.0    20.8    21.41 C    51.9    16.8    28.5    98.1    52.7    84.4   0.103   0.115   0.109   0.172   0.200    24.9    24.9    24.3    23.7    22.4
63850 20140630  2.422  -83.39   33.78    28.0    19.2    23.6    23.0    17.8    16.39 C    42.7    18.0    25.3    98.1    72.9    92.3   0.160   0.182   0.170   0.173   0.207    24.6    24.7    24.1    23.6    22.5
63850 20140701  2.422  -83.39   33.78    32.3    20.0    26.2    26.4     0.0    26.16 C    50.2    18.3    30.7    98.1    50.6    78.4   0.159   0.176   0.182   0.186   0.214    25.6    25.5    24.6    23.7    22.5
63850 20140702  2.422  -83.39   33.78    33.9    21.0    27.5    27.4     0.0    25.06 C    53.4    18.0    31.7    97.3    40.8    73.6   0.149   0.156   0.169   0.189   0.214    26.2    26.1    25.2    24.2    22.7
63850 20140703  2.422  -83.39   33.78    32.1    19.6    25.9    26.3     0.0    25.68 C    51.9    14.7    29.5    93.7    40.9    66.7   0.141   0.144   0.154   0.189   0.214    26.1    26.1    25.3    24.5    22.9
63850 20140704  2.422  -83.39   33.78    29.6    17.3    23.4    23.4     0.0    24.62 C    50.8    15.5    27.7    90.9    46.3    68.2   0.132   0.133   0.142   0.188   0.214    25.2    25.3    24.8    24.3    23.0
63850 20140705  2.422  -83.39   33.78    30.0    18.3    24.1    23.7     0.0    28.39 C    50.1    14.9    27.6    85.0    39.9    57.6   0.122   0.124   0.133   0.187   0.214    24.9    25.0    24.5    24.1    23.0
63850 20140706  2.422  -83.39   33.78    29.9    16.8    23.3    23.5     0.0    20.30 C    50.9    14.5    26.9    95.6    49.3    76.3   0.112   0.116   0.125   0.186   0.214    24.6    24.8    24.2    23.9    23.0
63850 20140707  2.422  -83.39   33.78    32.7    18.7    25.7    25.3     0.0    19.60 C    52.1    16.5    28.5    97.4    39.5    73.8   0.104   0.109   0.118   0.184   0.214    24.9    24.9    24.3    23.9    22.9
63850 20140708  2.422  -83.39   33.78    32.6    17.8    25.2    26.0     0.0    23.31 C    50.4    13.6    28.2    95.3    41.2    67.1   0.094   0.102   0.111   0.183   0.215    25.0    25.0    24.4    23.9    22.9
63850 20140709  2.422  -83.39   33.78    33.0    20.8    26.9    25.1    16.8    19.73 C    52.0    17.1    27.5    92.5    46.8    74.6   0.108   0.124   0.113   0.182   0.214    25.1    25.2    24.6    24.0    23.0
63850 20140710  2.422  -83.39   33.78    29.7    20.8    25.2    23.5    17.4    18.16 C    45.7    19.7    26.3    97.4    58.5    86.0   0.157   0.173   0.153   0.184   0.214    25.2    25.3    24.7    24.1    23.1
63850 20140711  2.422  -83.39   33.78    32.0    20.5    26.2    25.0     0.0    22.12 C    48.2    19.3    29.3    98.0    51.5    82.9   0.160   0.174   0.174   0.193   0.214    25.7    25.6    24.9    24.2    23.1
63850 20140712  2.422  -83.39   33.78    32.3    20.2    26.3    26.0     0.0    24.86 C    50.8    18.8    29.6    97.5    43.4    75.6   0.148   0.152   0.160   0.193   0.214    26.0    26.0    25.2    24.5    23.2
63850 20140713  2.422  -83.39   33.78    32.0    19.4    25.7    25.5     0.0    26.20 C    49.6    17.0    29.4    98.1    44.7    76.1   0.137   0.138   0.146   0.192   0.214    26.0    26.0    25.2    24.6    23.3
63850 20140714  2.422  -83.39   33.78    33.2    21.0    27.1    26.8     8.0    23.91 C    49.9    18.3    29.7    95.8    45.4    72.2   0.127   0.131   0.136   0.190   0.214    26.2    26.1    25.4    24.7    23.5
63850 20140715  2.422  -83.39   33.78    30.4    21.3    25.8    25.1     0.3    17.69 C    41.8    19.5    27.1    96.0    54.1    81.0   0.141   0.144   0.136   0.189   0.214    26.0    26.0    25.4    24.8    23.6
63850 20140716  2.422  -83.39   33.78    29.5    18.7    24.1    23.8     0.0    28.35 C    45.0    16.3    26.8    97.4    31.0    64.7   0.129   0.128   0.131   0.187   0.214    25.8    25.9    25.2    24.7    23.6
63850 20140717  2.422  -83.39   33.78    29.4    16.5    23.0    22.9     0.0    23.90 C    46.3    13.7    25.6    89.1    41.0    65.3   0.115   0.116   0.123   0.186   0.214    25.1    25.2    24.7    24.5    23.6
63850 20140718  2.422  -83.39   33.78    26.7    18.3    22.5    22.0    12.6     8.43 C    35.3    16.1    23.0    96.5    69.3    88.2   0.121   0.123   0.119   0.185   0.214    24.3    24.6    24.3    24.3    23.6
63850 20140719  2.422  -83.39   33.78    24.3    19.3    21.8    21.5    46.9     5.67 C    30.5    19.5    22.8    97.6    88.9    94.3   0.194   0.211   0.188   0.217   0.254    23.7    23.9    23.7    23.8    23.5
63850 20140720  2.422  -83.39   33.78    25.5    18.1    21.8    21.5     4.5     9.39 C    29.1    18.9    23.0    97.6    83.1    92.6   0.177   0.197   0.191   0.244   0.330    23.7    23.8    23.5    23.6    23.3
63850 20140721  2.422  -83.39   33.78    28.7    21.8    25.2    24.6     0.0    14.86 C    37.9    21.4    26.3    97.5    68.3    86.1   0.165   0.174   0.182   0.234   0.331    24.8    24.7    24.0    23.6    23.2
63850 20140722  2.422  -83.39   33.78    29.1    21.0    25.0    24.0     0.0    13.48 C    39.4    20.5    25.3    97.1    64.2    85.8   0.158   0.162   0.174   0.229   0.330    24.7    24.8    24.2    23.9    23.2
63850 20140723  2.422  -83.39   33.78    30.9    20.6    25.7    25.6     0.0    22.10 C    42.0    18.9    27.1    98.1    58.1    81.7   0.151   0.153   0.165   0.226   0.323    25.4    25.3    24.5    24.0    23.3
63850 20140724  2.422  -83.39   33.78    30.4    21.7    26.1    25.2     0.0    17.95 C    39.7    19.6    25.8    96.3    60.5    81.8   0.144   0.144   0.155   0.223   0.303    25.5    25.5    24.8    24.3    23.4
63850 20140725  2.422  -83.39   33.78    30.8    19.8    25.3    25.1     0.0    22.04 C    39.7    17.8    25.9    97.9    55.9    81.1   0.135   0.135   0.146   0.221   0.284    25.4    25.4    24.8    24.3    23.5
63850 20140726  2.422  -83.39   33.78    31.8    19.4    25.6    25.9     0.0    26.41 C    39.3    17.1    26.0    98.3    38.6    73.7   0.123   0.124   0.138   0.218   0.276    25.5    25.5    24.9    24.4    23.5
63850 20140727  2.422  -83.39   33.78    32.9    19.7    26.3    26.9     0.0    24.81 C    40.3    17.9    27.0    95.5    52.3    73.1   0.109   0.111   0.130   0.215   0.270    25.7    25.7    25.0    24.5    23.7
63850 20140728  2.422  -83.39   33.78    32.3    21.4    26.8    27.3     0.0    24.79 C    39.9    16.5    27.3    84.5    42.7    65.0   0.092   0.097   0.121   0.211   0.265    26.0    26.0    25.2    24.7    23.7
63850 20140729  2.422  -83.39   33.78    29.0    17.9    23.4    23.2     0.0    25.95 C    39.3    14.3    23.7    85.1    39.5    61.4   0.075   0.082   0.112   0.206   0.260    25.0    25.2    24.8    24.6    23.7
63850 20140730  2.422  -83.39   33.78    29.2    15.0    22.1    22.0     0.0    25.20 C    39.7    12.1    22.9    84.4    44.3    65.0   0.063   0.071   0.104   0.200   0.257    24.3    24.5    24.2    24.2    23.7
63850 20140731  2.422  -83.39   33.78    27.1    18.5    22.8    21.7     0.2    12.07 C    37.5    16.5    22.6    94.1    71.2    82.0   0.057   0.063   0.098   0.197   0.255    23.9    24.2    23.9    24.0    23.7
63850 20140801  2.422  -83.39   33.78    25.2    18.8    22.0    20.7     0.7     8.30 C    31.2    18.1    21.3    95.9    70.9    86.4   0.056   0.061   0.094   0.195   0.254    23.3    23.6    23.4    23.7    23.5
63850 20140802  2.422  -83.39   33.78    25.3    18.5    21.9    21.1     0.0    11.73 C    36.1    15.6    22.7    97.6    70.9    86.2   0.056   0.060   0.092   0.194   0.251    23.2    23.4    23.2    23.4    23.3
63850 20140803  2.422  -83.39   33.78    30.2    18.1    24.1    23.5     0.0    24.24 C    44.6    15.4    26.5    97.9    51.6    80.2   0.054   0.056   0.088   0.192   0.250    24.0    24.0    23.5    23.4    23.3
63850 20140804  2.422  -83.39   33.78    30.9    18.3    24.6    24.0     0.0    20.65 C    45.0    15.6    25.6    97.9    48.3    78.6   0.051   0.050   0.082   0.190   0.246    24.1    24.2    23.7    23.5    23.2
63850 20140805  2.422  -83.39   33.78    32.4    18.5    25.5    24.9     0.0    24.40 C    46.1    14.8    26.2    97.5    31.9    68.2   0.048   0.046   0.077   0.186   0.243    24.4    24.4    23.8    23.6    23.2
63850 20140806  2.422  -83.39   33.78    33.7    17.7    25.7    25.6     0.0    23.01 C    47.4    13.1    26.6    85.6    35.8    61.1   0.045   0.042   0.070   0.181   0.240    24.3    24.3    23.8    23.6    23.3
63850 20140807  2.422  -83.39   33.78    34.9    19.9    27.4    26.1     1.6    21.25 C    48.4    17.2    28.3    95.6    37.1    71.1   0.043   0.040   0.065   0.177   0.236    24.8    24.8    24.1    23.8    23.3
63850 20140808  2.422  -83.39   33.78    31.1    20.2    25.6    23.2     6.9    14.28 C    43.8    18.3    24.7    97.1    58.8    86.9   0.047   0.044   0.061   0.174   0.233    24.5    24.6    24.2    23.9    23.3
63850 20140809  2.422  -83.39   33.78    29.5    20.5    25.0    23.8     0.0    14.19 C    38.2    19.9    25.6    98.1    65.4    86.4   0.058   0.063   0.061   0.173   0.233    24.6    24.7    24.1    23.8    23.4
63850 20140810  2.422  -83.39   33.78    27.4    20.5    24.0    23.1     0.0    12.16 C    39.7    19.1    25.1    97.7    71.4    89.2   0.058   0.056   0.063   0.173   0.233    24.5    24.6    24.1    23.9    23.4
63850 20140811  2.422  -83.39   33.78    30.8    21.0    25.9    24.7     0.0    17.37 C    45.3    20.4    27.6    97.1    59.3    84.6   0.055   0.051   0.062   0.172   0.231    25.0    25.0    24.3    23.9    23.4
63850 20140812  2.422  -83.39   33.78    31.8    21.9    26.9    26.0     0.0    19.49 C    46.0    19.7    27.9    97.2    55.9    79.2   0.051   0.045   0.060   0.171   0.228    25.3    25.3    24.6    24.1    23.5
63850 20140813  2.422  -83.39   33.78    31.2    19.6    25.4    24.8     0.0    26.65 C    46.3    14.8    27.2    88.0    23.3    58.5   0.045   0.041   0.057   0.167   0.225    25.0    25.1    24.5    24.2    23.6
63850 20140814  2.422  -83.39   33.78    29.9    15.7    22.8    22.5     0.0    24.07 C    48.5    11.4    24.9    91.9    39.5    68.2   0.041   0.036   0.053   0.163   0.222    24.3    24.4    24.1    24.0    23.6
63850 20140815  2.422  -83.39   33.78    32.2    15.4    23.8    23.5     0.0    20.48 C    49.9    11.4    25.0    96.4    33.8    66.9   0.039   0.033   0.048   0.160   0.219    24.0    24.2    23.8    23.8    23.5
63850 20140816  2.422  -83.39   33.78    32.6    16.1    24.3    24.6     0.0    21.89 C    48.1    12.8    26.1    96.4    36.0    66.2   0.038   0.033   0.045   0.158   0.217    24.2    24.3    23.8    23.7    23.5
63850 20140817  2.422  -83.39   33.78    34.4    17.9    26.2    25.5     0.0    21.78 C    50.5    13.9    27.8    95.1    38.3    69.1   0.037   0.032   0.041   0.155   0.213    24.5    24.5    24.0    23.8    23.4
63850 20140818  2.422  -83.39   33.78    33.1    20.4    26.8    25.2     2.5    18.76 C    50.4    18.4    27.9    97.8    46.3    79.8   0.036   0.030   0.038   0.153   0.211    24.9    24.9    24.3    23.9    23.4
63850 20140819  2.422  -83.39   33.78    31.3    20.4    25.8    24.6     0.0    17.25 C    45.9    18.8    26.5    96.5    52.3    79.4   0.038   0.030   0.038   0.152   0.209    24.8    24.9    24.4    24.0    23.5
63850 20140820  2.422  -83.39   33.78    34.9    20.4    27.6    25.2     0.0    17.16 C    50.7    18.5    27.6    95.4    44.9    75.9   0.036   0.030   0.036   0.152   0.207    24.9    24.9    24.4    24.0    23.6
63850 20140821  2.422  -83.39   33.78    36.7    18.9    27.8    26.3     0.0    18.73 C    54.1    15.6    28.8    95.4    37.9    70.1   0.035   0.029   0.034   0.150   0.204    25.1    25.1    24.4    24.1    23.6
63850 20140822  2.422  -83.39   33.78    36.2    21.7    28.9    28.5     0.0    22.74 C    52.9    18.4    31.2    96.0    36.7    66.5   0.035   0.030   0.033   0.148   0.201    25.6    25.5    24.7    24.2    23.6
63850 20140823  2.422  -83.39   33.78    36.5    21.9    29.2    28.2     0.0    21.95 C    54.8    18.6    31.4    89.1    33.9    66.7   0.034   0.029   0.030   0.146   0.197    25.9    25.8    25.0    24.5    23.7
63850 20140824  2.422  -83.39   33.78    32.8    21.7    27.3    25.9     2.0    16.12 C    49.6    19.8    27.6    93.6    47.6    74.4   0.033   0.027   0.031   0.145   0.195    25.6    25.6    25.0    24.6    23.9
63850 20140825  2.422  -83.39   33.78    30.4    18.6    24.5    23.9     0.0    24.37 C    47.3    17.1    27.0    89.9    33.8    60.2   0.033   0.026   0.029   0.144   0.193    24.8    24.9    24.6    24.5    23.9
63850 20140826  2.422  -83.39   33.78    31.2    16.3    23.7    23.2     0.0    24.80 C    51.3    12.1    26.6    87.9    29.8    60.0   0.032   0.026   0.027   0.144   0.190    24.5    24.6    24.2    24.2    23.9
63850 20140827  2.422  -83.39   33.78    32.2    16.0    24.1    23.4     0.0    24.33 C    53.4    11.2    26.6    92.3    31.7    62.3   0.032   0.025   0.028   0.143   0.189    24.3    24.4    24.1    24.0    23.8
63850 20140828  2.422  -83.39   33.78    34.2    14.6    24.4    24.9     0.0    24.21 C    55.5    10.6    28.0    90.4    27.7    56.1   0.031   0.026   0.025   0.142   0.186    24.5    24.5    24.0    23.9    23.7
63850 20140829  2.422  -83.39   33.78    35.4    16.6    26.0    26.1     0.0    23.28 C    56.0    11.7    29.1    91.9    23.3    54.9   0.030   0.025   0.025   0.140   0.183    24.8    24.8    24.2    24.0    23.7
63850 20140830  2.422  -83.39   33.78    32.9    18.7    25.8    26.4     0.0    19.06 C    56.6    16.4    29.9    94.7    47.2    70.4   0.030   0.025   0.023   0.139   0.182    25.2    25.2    24.5    24.1    23.7
63850 20140831  2.422  -83.39   33.78    32.5    22.1    27.3    25.8    29.0    19.17 C    49.4    20.8    29.1    98.1    47.9    81.2   0.092   0.130   0.074   0.140   0.182    25.6    25.6    24.9    24.4    23.7
63850 20140901  2.422  -83.39   33.78    34.2    20.7    27.5    26.0     0.0    17.68 C    53.3    18.7    29.3    97.9    45.4    79.0   0.104   0.106   0.091   0.143   0.185    25.7    25.7    25.2    24.7    23.9
63850 20140902  2.422  -83.39   33.78    33.8    20.0    26.9    26.1     0.0    19.34 C    52.8    18.0    29.8    97.7    45.1    76.7   0.096   0.092   0.090   0.145   0.186    25.9    25.9    25.3    24.8    24.0
63850 20140903  2.422  -83.39   33.78    32.6    20.9    26.7    25.2     1.1    19.26 C    50.1    18.9    29.0    97.0    50.0    80.5   0.086   0.081   0.085   0.147   0.187    26.1    26.1    25.5    25.0    24.1
63850 20140904  2.422  -83.39   33.78    29.2    21.2    25.2    23.8    21.1    12.54 C    48.9    19.3    26.3    98.0    66.9    89.1   0.086   0.089   0.088   0.148   0.188    25.7    25.8    25.4    25.0    24.3
63850 20140905  2.422  -83.39   33.78    31.9    19.9    25.9    25.1     0.0    20.54 C    47.8    18.5    27.7    98.4    50.6    80.9   0.123   0.144   0.137   0.151   0.188    25.5    25.6    25.1    24.8    24.3
63850 20140906  2.422  -83.39   33.78    31.5    20.3    25.9    25.4     0.0    19.05 C    49.6    18.4    28.6    98.1    54.6    81.4   0.118   0.128   0.129   0.152   0.190    25.7    25.8    25.3    24.9    24.3
63850 20140907  2.422  -83.39   33.78    31.7    21.3    26.5    24.7     0.9    15.11 C    50.2    19.6    27.5    96.4    54.9    85.1   0.112   0.116   0.121   0.154   0.190    25.8    25.9    25.4    25.0    24.3
63850 20140908  2.422  -83.39   33.78    27.1    21.0    24.1    23.3     0.0    11.68 C    41.1    21.1    25.6    97.1    70.3    87.5   0.108   0.109   0.114   0.155   0.191    25.4    25.6    25.2    25.0    24.4
63850 20140909  2.422  -83.39   33.78    28.0    19.3    23.6    22.6     0.0    14.41 C    42.8    16.6    25.4    96.6    62.5    81.2   0.103   0.102   0.109   0.155   0.191    25.0    25.2    24.9    24.8    24.4
63850 20140910  2.422  -83.39   33.78    29.0    19.5    24.2    23.6     0.0    17.45 C    46.4    17.6    26.5    96.3    58.3    82.1   0.095   0.094   0.104   0.155   0.192    25.1    25.2    24.8    24.7    24.3
63850 20140911  2.422  -83.39   33.78    32.1    19.3    25.7    25.2     0.0    18.66 C    46.3    17.0    27.1    98.2    50.5    80.7   0.085   0.084   0.097   0.155   0.192    25.3    25.3    24.9    24.7    24.3
63850 20140912  2.422  -83.39   33.78    33.5    22.2    27.9    26.5     0.0    19.67 C    49.6    20.1    29.5    95.0    49.0    76.3   0.074   0.075   0.091   0.155   0.192    25.9    25.8    25.2    24.8    24.3
63850 20140913  2.422  -83.39   33.78    30.7    20.3    25.5    23.9    27.0    11.77 C    41.9    18.8    25.1    98.1    62.6    90.9   0.107   0.119   0.119   0.157   0.192    25.4    25.5    25.2    25.0    24.4
63850 20140914  2.422  -83.39   33.78    22.6    18.4    20.5    20.3     0.0     5.47 C    26.2    19.3    21.8    98.1    83.5    92.0   0.131   0.153   0.154   0.161   0.192    24.5    24.8    24.6    24.8    24.4
63850 20140915  2.422  -83.39   33.78    23.8    18.1    21.0    20.9     0.8     6.78 C    29.7    18.8    22.7    97.4    80.1    89.5   0.128   0.142   0.147   0.161   0.193    23.9    24.1    24.0    24.2    24.3
63850 20140916  2.422  -83.39   33.78    31.1    20.9    26.0    24.4     8.2    17.60 C    40.7    18.7    25.5    98.2    52.7    81.9   0.145   0.162   0.162   0.160   0.192    24.8    24.8    24.3    24.1    24.1
63850 20140917  2.422  -83.39   33.78    29.3    19.3    24.3    23.4     0.0    17.97 C    39.6    16.9    24.3    96.0    47.1    76.5   0.134   0.144   0.153   0.162   0.192    24.6    24.8    24.4    24.4    24.1
63850 20140918  2.422  -83.39   33.78    27.5    17.8    22.7    21.8     0.0    16.78 C    38.9    15.9    23.7    97.2    51.1    82.5   0.126   0.134   0.143   0.162   0.192    24.4    24.6    24.3    24.3    24.1
63850 20140919  2.422  -83.39   33.78    28.0    17.4    22.7    21.5     1.0    15.63 C    39.5    15.6    22.9    97.2    56.5    83.5   0.119   0.126   0.134   0.163   0.192    23.9    24.1    23.9    24.1    24.0
63850 20140920  2.422  -83.39   33.78    28.1    16.0    22.1    21.3     0.0    19.00 C    37.6    12.6    21.7    93.4    44.9    74.6   0.113   0.118   0.127   0.163   0.192    23.6    23.9    23.7    23.9    24.0
63850 20140921  2.422  -83.39   33.78    29.9    14.3    22.1    22.4     0.0    20.06 C    38.1    11.3    22.3    96.5    44.1    70.8   0.104   0.109   0.121   0.163   0.192    23.3    23.5    23.3    23.6    23.9
63850 20140922  2.422  -83.39   33.78    23.7    13.5    18.6    19.9     0.0    11.33 C    32.4     9.9    20.1    95.7    54.8    82.3   0.099   0.102   0.114   0.163   0.192    23.1    23.5    23.3    23.6    23.7
63850 20140923  2.422  -83.39   33.78    23.6    12.9    18.2    17.3     0.0    13.56 C    34.2     9.7    18.0    95.0    57.4    77.1   0.093   0.096   0.110   0.164   0.192    21.9    22.4    22.4    23.1    23.6
63850 20140924  2.422  -83.39   33.78    21.9    11.4    16.7    16.7     0.0    13.54 C    32.0     9.7    18.3    91.6    55.8    71.6   0.088   0.089   0.105   0.164   0.192    21.4    21.8    21.9    22.6    23.4
63850 20140925  2.422  -83.39   33.78    22.1    16.0    19.0    18.8     0.3     5.52 C    27.6    16.5    19.9    96.7    72.8    86.5   0.083   0.085   0.102   0.163   0.193    21.6    21.9    21.8    22.4    23.2
63850 20140926  2.422  -83.39   33.78    21.6    17.8    19.7    19.3     0.2     5.92 C    28.5    17.6    20.2    95.7    74.0    85.0   0.082   0.082   0.098   0.163   0.192    21.7    22.0    21.9    22.3    23.0
63850 20140927  2.422  -83.39   33.78    25.0    17.1    21.0    20.7     0.0    12.36 C    35.2    14.0    21.7    91.1    57.6    76.7   0.076   0.077   0.095   0.163   0.192    22.0    22.2    22.0    22.2    22.9
63850 20140928  2.422  -83.39   33.78    24.2    18.3    21.3    20.6     0.4     6.56 C    28.8    18.0    21.3    94.2    69.0    80.5   0.070   0.071   0.090   0.162   0.192    22.0    22.2    22.0    22.3    22.7
63850 20140929  2.422  -83.39   33.78    20.0    17.3    18.7    19.0     5.2     3.79 C    23.0    15.1    19.8    97.9    92.3    95.1   0.079   0.073   0.088   0.163   0.192    21.8    22.0    21.9    22.3    22.7
63850 20140930  2.422  -83.39   33.78    26.9    16.4    21.6    20.6     0.3    18.71 C    35.0    13.4    21.5    98.0    50.8    82.5   0.088   0.081   0.088   0.162   0.193    22.2    22.4    22.1    22.2    22.7
63850 20141001  2.422  -83.39   33.78    28.8    14.0    21.4    20.9     0.0    19.61 C    38.0    11.5    20.8    98.2    31.7    74.2   0.076   0.073   0.085   0.160   0.192    22.0    22.2    22.0    22.2    22.7
63850 20141002  2.422  -83.39   33.78    28.9    13.7    21.3    21.3     0.0    18.38 C    41.0    11.6    21.5    98.0    46.2    76.1   0.065   0.066   0.082   0.159   0.192    22.0    22.2    21.9    22.2    22.6
63850 20141003  2.422  -83.39   33.78    25.8    18.6    22.2    21.2     6.4     6.10 C    29.5    15.9    20.7    96.0    74.0    87.9   0.080   0.071   0.080   0.159   0.192    22.1    22.3    22.0    22.2    22.5
63850 20141004  2.422  -83.39   33.78    19.2     6.3    12.7    14.0     0.0    19.90 C    26.7     2.3    14.1    90.0    28.4    60.3   0.093   0.077   0.079   0.159   0.192    20.8    21.3    21.5    22.1    22.5
63850 20141005  2.422  -83.39   33.78    20.3     3.7    12.0    11.9     0.0    19.52 C    30.8     0.6    12.1    93.4    28.6    61.3   0.080   0.069   0.077   0.159   0.192    19.0    19.6    20.0    21.2    22.3
63850 20141006  2.422  -83.39   33.78    25.2     7.7    16.5    15.9     0.0    17.41 C    33.6     4.0    14.9    88.5    34.1    62.4   0.068   0.063   0.076   0.157   0.191    19.0    19.5    19.6    20.6    22.0
63850 20141007  2.422  -83.39   33.78    26.8    11.3    19.0    18.9     0.0    17.06 C    36.0     7.6    19.4    92.8    45.5    68.8   0.060   0.057   0.073   0.156   0.190    19.8    20.0    19.9    20.5    21.7
63850 20141008  2.422  -83.39   33.78    30.3    16.3    23.3    22.6     0.0    15.33 C    40.5    11.9    22.4    94.7    45.6    72.3   0.054   0.051   0.069   0.155   0.190    20.8    20.9    20.6    20.8    21.5
63850 20141009  2.422  -83.39   33.78    30.8    17.6    24.2    22.9     0.0    13.71 C    42.3    14.8    23.6    97.1    46.3    77.5   0.050   0.047   0.065   0.154   0.189    21.5    21.6    21.1    21.2    21.5
63850 20141010  2.422  -83.39   33.78    30.1    18.3    24.2    23.3     0.0    14.14 C    40.5    14.9    23.5    97.0    44.0    74.2   0.047   0.044   0.061   0.153   0.188    22.0    22.0    21.6    21.5    21.7
63850 20141011  2.422  -83.39   33.78    30.4    17.5    23.9    22.9     0.0    15.07 C    41.2    14.3    22.9    94.6    49.4    76.3   0.043   0.039   0.057   0.151   0.187    21.9    22.0    21.6    21.6    21.8
63850 20141012  2.422  -83.39   33.78    28.2    15.9    22.0    20.4     0.0    13.96 C    42.0    14.4    22.5    98.0    59.4    85.9   0.041   0.038   0.054   0.151   0.186    21.9    22.0    21.7    21.7    21.8
63850 20141013  2.422  -83.39   33.78    29.4    15.7    22.5    21.0     0.0    11.06 C    40.2    16.2    22.5    98.3    45.7    80.1   0.040   0.035   0.052   0.150   0.185    21.7    21.9    21.6    21.7    21.8
63850 20141014  2.422  -83.39   33.78    22.9    14.2    18.5    20.0    63.3     2.01 C    23.7     9.8    19.3    97.2    80.4    91.3   0.125   0.151   0.135   0.175   0.222    21.2    21.5    21.5    21.7    21.9
63850 20141015  2.422  -83.39   33.78    21.0    10.1    15.5    15.4     0.0    12.06 C    27.2     6.9    15.2    98.3    47.6    78.6   0.147   0.170   0.180   0.220   0.275    20.0    20.4    20.6    21.2    21.8
63850 20141016  2.422  -83.39   33.78    18.5     9.7    14.1    14.4     0.0     9.39 C    23.0     5.5    13.7    92.9    54.0    75.2   0.142   0.157   0.172   0.213   0.230    19.4    19.9    20.0    20.8    21.6
63850 20141017  2.422  -83.39   33.78    25.4     7.5    16.5    16.3     0.0    17.67 C    32.1     5.9    16.2    96.8    39.3    71.5   0.138   0.149   0.166   0.208   0.224    19.0    19.3    19.4    20.3    21.4
63850 20141018  2.422  -83.39   33.78    24.8    12.0    18.4    17.7     0.0    17.03 C    31.5     8.8    17.0    95.4    35.5    65.7   0.135   0.143   0.158   0.204   0.221    19.3    19.6    19.6    20.2    21.2
63850 20141019  2.422  -83.39   33.78    21.2     5.6    13.4    13.3     0.0    17.13 C    30.6     1.7    12.8    97.2    42.0    71.1   0.130   0.138   0.149   0.201   0.221    18.5    18.9    19.2    19.9    21.0
63850 20141020  2.422  -83.39   33.78    22.6     5.7    14.1    13.8     0.0    15.70 C    31.3     2.8    12.9    98.4    45.2    78.1   0.127   0.132   0.143   0.198   0.220    18.0    18.4    18.6    19.5    20.8
63850 20141021  2.422  -83.39   33.78    24.5    10.4    17.4    16.5     0.0    16.59 C    31.2     5.7    15.8    92.3    35.7    66.6   0.123   0.127   0.137   0.196   0.219    18.3    18.6    18.7    19.3    20.6
63850 20141022  2.422  -83.39   33.78    20.2     6.1    13.2    12.9     0.0    17.10 C    29.7     0.4    11.7    94.0    31.0    63.1   0.118   0.121   0.132   0.193   0.219    17.7    18.1    18.3    19.2    20.4
63850 20141023  2.422  -83.39   33.78    21.5     3.1    12.3    12.2     0.0    16.92 C    29.6    -0.5    11.4    96.6    33.1    68.0   0.113   0.116   0.128   0.192   0.219    17.1    17.5    17.8    18.7    20.2
63850 20141024  2.422  -83.39   33.78    23.0     6.4    14.7    13.6     0.0    15.19 C    32.0     2.3    12.7    96.8    38.0    72.6   0.108   0.111   0.123   0.190   0.218    17.3    17.6    17.7    18.5    19.9
63850 20141025  2.422  -83.39   33.78    24.0     6.4    15.2    15.1     0.0    16.15 C    31.4     1.8    13.9    96.5    34.3    66.1   0.104   0.106   0.120   0.188   0.218    17.1    17.4    17.6    18.4    19.8
63850 20141026  2.422  -83.39   33.78    29.9    12.1    21.0    19.9     0.0    15.98 C    34.7     6.4    17.8    94.1    25.0    61.5   0.098   0.101   0.116   0.187   0.217    17.9    18.0    17.9    18.4    19.6
63850 20141027  2.422  -83.39   33.78    28.4    10.4    19.4    19.1     0.0    15.34 C    35.2     5.9    17.2    98.0    41.7    75.8   0.092   0.095   0.111   0.185   0.216    18.1    18.3    18.2    18.6    19.6
63850 20141028  2.422  -83.39   33.78    27.0    11.4    19.2    18.2     0.0    14.66 C    33.1     8.4    16.6    98.5    41.5    76.8   0.086   0.089   0.108   0.184   0.217    18.3    18.5    18.4    18.7    19.6
63850 20141029  2.422  -83.39   33.78    23.9    10.7    17.3    16.8     0.0     8.77 C    29.1     7.8    15.7    97.7    59.2    81.7   0.082   0.085   0.104   0.183   0.216    18.1    18.4    18.3    18.7    19.6
63850 20141030  2.422  -83.39   33.78    20.2     6.7    13.5    12.5     0.0    15.59 C    29.4     0.7    11.0    87.8    34.9    63.6   0.079   0.081   0.102   0.182   0.216    17.3    17.7    17.9    18.6    19.6
63850 20141031  2.422  -83.39   33.78    19.8     3.9    11.9    11.0     0.0    12.44 C    28.3    -0.3    10.9    94.7    34.8    67.3   0.074   0.077   0.098   0.181   0.215    16.5    16.9    17.2    18.2    19.4
63850 20141101  2.422  -83.39   33.78    12.4     3.1     7.7     6.3     0.0    14.17 C    20.0     0.7     6.9    76.8    39.7    59.9   0.070   0.072   0.095   0.181   0.215    15.6    16.2    16.7    17.8    19.2
63850 20141102  2.422  -83.39   33.78    15.4    -0.1     7.7     6.9     0.0    15.54 C    25.5    -4.2     6.6    83.6    20.3    53.9   0.068   0.069   0.093   0.179   0.214    14.8    15.3    15.9    17.2    18.9
63850 20141103  2.422  -83.39   33.78    18.3    -2.0     8.1     7.7     0.0    14.86 C    28.3    -6.9     6.3    93.5    19.1    57.8   0.066   0.066   0.090   0.179   0.214    14.3    14.8    15.3    16.6    18.6
63850 20141104  2.422  -83.39   33.78    20.9     2.2    11.5    11.2     0.0    13.70 C    29.1    -0.6     9.9    90.4    21.3    55.8   0.066   0.064   0.088   0.178   0.213    14.6    15.0    15.3    16.3    18.3
63850 20141105  2.422  -83.39   33.78    20.8     7.9    14.3    13.9     0.0     6.77 C    30.0     4.7    13.3    92.4    54.1    77.6   0.066   0.063   0.087   0.177   0.213    15.3    15.6    15.6    16.4    18.1
63850 20141106  2.422  -83.39   33.78    21.8     9.6    15.7    16.5     0.3     6.71 C    24.5     5.8    15.2    93.1    37.5    68.9   0.066   0.062   0.085   0.177   0.212    16.1    16.3    16.3    16.7    18.0
63850 20141107  2.422  -83.39   33.78    16.3     2.5     9.4     8.9     0.0    14.57 C    26.7    -2.6     8.1    92.9    35.3    60.8   0.064   0.060   0.084   0.176   0.212    15.0    15.4    15.8    16.7    18.0
63850 20141108  2.422  -83.39   33.78    15.8     0.3     8.0     7.2     0.0    10.00 C    26.0    -3.4     6.4    97.3    41.9    78.1   0.062   0.059   0.082   0.175   0.212    14.1    14.6    15.1    16.2    17.9
63850 20141109  2.422  -83.39   33.78    20.6     3.1    11.8    10.8     0.0    13.92 C    30.0    -0.7     9.5    97.0    30.2    68.7   0.061   0.056   0.079   0.174   0.211    14.3    14.7    14.9    15.9    17.7
63850 20141110  2.422  -83.39   33.78    20.9     2.9    11.9    11.2     0.0    13.68 C    30.3    -2.0     9.0    96.9    33.1    69.6   0.060   0.054   0.079   0.174   0.210    14.2    14.5    14.8    15.8    17.5
63850 20141111  2.422  -83.39   33.78    22.6     4.4    13.5    12.7     0.0    13.89 C    31.2    -1.0    10.6    95.3    30.1    65.0   0.059   0.052   0.077   0.172   0.209    14.3    14.6    14.8    15.7    17.3
63850 20141112  2.422  -83.39   33.78    23.3     7.9    15.6    14.8     0.0    10.17 C    31.5     4.8    14.2    88.2    55.3    73.6   0.059   0.051   0.076   0.171   0.209    15.0    15.2    15.2    15.8    17.2
63850 20141113  2.422  -83.39   33.78    12.3     2.6     7.5     6.7     0.0     6.96 C    20.6     1.2     7.4    92.3    51.2    71.5   0.058   0.050   0.075   0.171   0.209    14.3    14.8    15.1    15.9    17.2
63850 20141114  2.422  -83.39   33.78     9.9    -3.5     3.2     2.8     0.0     8.93 C    24.2    -7.9     2.8    78.2    42.4    58.2   0.056   0.049   0.074   0.170   0.208    13.0    13.6    14.2    15.4    17.1
63850 20141115  2.422  -83.39   33.78     8.6    -4.0     2.3     1.8     0.0    13.00 C    20.1    -6.9     2.9    83.5    31.9    54.3   0.055   0.048   0.072   0.170   0.208    12.1    12.7    13.4    14.8    16.9
63850 20141116  2.422  -83.39   33.78    10.6    -0.1     5.3     6.6     0.5     5.14 C    19.9    -3.0     7.2    85.9    39.3    59.8   0.055   0.047   0.072   0.168   0.208    12.2    12.7    13.2    14.4    16.6
63850 20141117  2.422  -83.39   33.78    16.6    -0.2     8.2     7.5    15.5     3.03 C    16.9    -2.3     7.3    98.6    56.1    83.6   0.096   0.106   0.080   0.168   0.208    12.9    13.4    13.6    14.5    16.3
63850 20141118  2.422  -83.39   33.78     3.1    -4.7    -0.8    -1.4     0.0    10.97 C    11.6   -10.6    -1.9    63.4    33.2    50.7   0.118   0.118   0.093   0.168   0.208    10.8    11.5    12.3    14.0    16.2
63850 20141119  2.422  -83.39   33.78     8.6    -7.9     0.3     0.3     0.0    13.22 C    18.8   -11.4    -0.4    80.5    25.5    48.7   0.113   0.108   0.096   0.168   0.208     9.8    10.5    11.2    13.1    15.8
63850 20141120  2.422  -83.39   33.78    16.0    -4.0     6.0     6.2     0.0    12.04 C    22.7    -8.3     3.8    84.7    33.9    53.8   0.109   0.102   0.098   0.168   0.207    10.0    10.5    11.0    12.6    15.4
63850 20141121  2.422  -83.39   33.78    17.7    -0.2     8.8     9.1     0.0    12.75 C    26.9    -4.4     6.2    88.2    26.8    49.6   0.106   0.097   0.098   0.168   0.207    10.6    11.0    11.3    12.6    15.1
63850 20141122  2.422  -83.39   33.78    15.4     0.8     8.1     8.0     0.0    12.20 C    23.7    -3.5     8.2    77.0    27.9    46.1   0.102   0.094   0.097   0.168   0.206    10.7    11.1    11.4    12.6    14.9
63850 20141123  2.422  -83.39   33.78    15.8     6.1    11.0    10.8    43.7     1.04 C    14.7     6.3    10.5    98.4    40.8    90.6   0.151   0.175   0.155   0.187   0.227    11.4    11.7    11.8    12.7    14.7
63850 20141124  2.422  -83.39   33.78    24.8    13.1    18.9    17.8     0.0    10.08 C    27.9     9.2    16.1    98.5    44.8    75.9   0.153   0.176   0.181   0.225   0.299    13.2    13.2    12.9    13.1    14.7
63850 20141125  2.422  -83.39   33.78    14.2     7.8    11.0    10.7     3.3     2.82 C    17.9     7.7     9.8    96.4    45.5    67.1   0.148   0.163   0.175   0.219   0.296    12.8    13.1    13.2    13.6    14.8
63850 20141126  2.422  -83.39   33.78    13.9     3.0     8.4     8.5     6.2    12.35 C    19.7    -1.8     8.3    97.5    24.0    66.8   0.161   0.177   0.185   0.228   0.292    12.3    12.7    12.9    13.5    14.9
63850 20141127  2.422  -83.39   33.78    10.3     0.3     5.3     5.6     0.0     8.75 C    19.6    -4.9     4.5    77.1    41.9    57.8   0.149   0.162   0.177   0.225   0.300    11.2    11.7    12.1    13.2    14.9
63850 20141128  2.422  -83.39   33.78     8.9    -3.0     2.9     2.5     0.0    12.12 C    18.4    -7.2     2.0    80.7    32.8    59.4   0.145   0.157   0.172   0.221   0.301    10.2    10.8    11.3    12.7    14.7
63850 20141129  2.422  -83.39   33.78    15.3    -3.0     6.2     6.0     0.0    11.98 C    22.6    -6.2     4.1    92.9    29.2    60.4   0.143   0.154   0.169   0.219   0.298     9.9    10.4    10.8    12.2    14.4
63850 20141130  2.422  -83.39   33.78    19.7     2.4    11.1    10.6     0.0     9.86 C    25.7    -1.9     7.1    86.8    31.5    59.0   0.141   0.151   0.165   0.217   0.291    10.5    10.8    11.0    12.0    14.1
63850 20141201  2.422  -83.39   33.78    22.6     3.5    13.1    13.0     0.0    11.37 C    29.4     0.0    10.2    96.6    45.6    73.3   0.139   0.148   0.162   0.215   0.280    11.2    11.4    11.4    12.1    13.9
63850 20141202  2.422  -83.39   33.78    22.3     5.8    14.1    14.2     0.0    11.05 C    30.2     1.4    11.3    98.4    44.1    73.2   0.138   0.146   0.158   0.214   0.271    11.8    12.0    12.0    12.5    13.9
63850 20141203  2.422  -83.39   33.78    18.4     8.3    13.4    12.3     0.3     5.49 C    22.4     5.5    12.1   100.0    71.7    93.1   0.137   0.145   0.155   0.212   0.265    12.4    12.6    12.5    12.8    14.0
63850 20141204  2.422  -83.39   33.78    19.8     9.2    14.5    14.0     0.0     6.44 C    24.5     5.2    13.4    97.5    56.6    81.3   0.137   0.144   0.153   0.211   0.261    12.8    13.0    12.8    13.1    14.1
63850 20141205  2.422  -83.39   33.78    14.7    10.4    12.5    12.4     0.0     2.15 C    17.1    10.6    12.9    97.9    82.6    93.9   0.137   0.143   0.152   0.210   0.259    13.3    13.4    13.3    13.4    14.3
63850 20141206  2.422  -83.39   33.78    13.2     9.1    11.2    10.8     1.8     1.48 C    15.0     6.6    11.1    99.9    80.1    94.5   0.138   0.143   0.151   0.209   0.258    13.1    13.3    13.3    13.6    14.4
63850 20141207  2.422  -83.39   33.78    14.9     5.6    10.2     9.6     0.0    11.65 C    21.4     1.7     8.3    87.3    42.7    63.7   0.139   0.143   0.151   0.208   0.256    12.3    12.7    12.8    13.5    14.5
63850 20141208  2.422  -83.39   33.78     6.6     3.5     5.0     5.0     0.0     3.40 C    10.5     1.3     5.3    84.9    42.8    60.8   0.136   0.141   0.149   0.207   0.255    11.1    11.6    12.0    13.1    14.4
63850 20141209  2.422  -83.39   33.78    12.0     1.7     6.8     6.8     0.0     7.08 C    19.2    -0.8     6.7    93.1    36.9    67.3   0.135   0.139   0.147   0.206   0.253    11.0    11.4    11.7    12.7    14.2
63850 20141210  2.422  -83.39   33.78    11.9    -0.3     5.8     4.8     0.0    11.55 C    20.4    -3.2     4.4    89.4    39.3    66.2   0.133   0.137   0.145   0.205   0.251    10.4    10.9    11.3    12.3    14.0
63850 20141211  2.422  -83.39   33.78    14.0    -2.5     5.7     4.4     0.0    11.63 C    20.7    -6.2     3.7    85.7    23.6    57.1   0.132   0.135   0.143   0.204   0.250     9.9    10.3    10.8    12.0    13.8
63850 20141212  2.422  -83.39   33.78    17.2    -1.8     7.7     6.9     0.0    11.66 C    23.4    -7.5     4.2    72.2    16.7    42.6   0.130   0.133   0.142   0.203   0.249     9.6    10.1    10.5    11.6    13.6
63850 20141213  2.422  -83.39   33.78    18.9    -1.4     8.7     8.7     0.0    11.57 C    25.2    -7.2     6.2    69.5    12.8    41.0   0.129   0.131   0.140   0.202   0.247     9.7    10.1    10.4    11.4    13.4
63850 20141214  2.422  -83.39   33.78    19.5    -0.8     9.3     8.0     0.0    11.58 C    26.2    -6.3     6.3    88.3    24.0    58.2   0.127   0.130   0.138   0.201   0.246     9.9    10.2    10.5    11.4    13.2
63850 20141215  2.422  -83.39   33.78    15.5    -3.5     6.0     6.0     0.0    10.54 C    23.3    -7.7     4.3    96.2    35.6    68.0   0.126   0.128   0.136   0.200   0.246     9.5     9.9    10.2    11.3    13.1
63850 20141216  2.422  -83.39   33.78    18.6     6.2    12.4    11.9     3.3     8.85 C    22.6     1.8    10.7    97.0    42.4    69.0   0.135   0.133   0.136   0.200   0.245    10.8    11.0    10.9    11.4    13.0
63850 20141217  2.422  -83.39   33.78    14.4     3.0     8.7     7.4     0.0    10.50 C    22.2    -0.1     6.9    90.3    47.3    73.0   0.135   0.133   0.138   0.199   0.244    10.4    10.7    10.9    11.5    13.0
63850 20141218  2.422  -83.39   33.78    15.1     2.2     8.6     8.1     0.0     8.53 C    23.6    -1.0     7.5    84.3    33.6    59.4   0.132   0.131   0.137   0.199   0.244    10.2    10.5    10.7    11.5    13.0
63850 20141219  2.422  -83.39   33.78    14.6     3.1     8.8     8.6     0.0     8.60 C    22.2     0.8     8.2    81.2    40.5    62.8   0.130   0.129   0.137   0.198   0.243    10.4    10.6    10.7    11.4    12.9
63850 20141220  2.422  -83.39   33.78     9.4     6.5     7.9     7.7     2.2     2.15 C    15.3     6.5     8.5    96.5    74.8    92.6   0.132   0.131   0.136   0.198   0.243    10.7    11.0    11.0    11.5    12.9
63850 20141221  2.422  -83.39   33.78    10.7     6.4     8.6     8.3     0.2     3.27 C    13.9     6.9     9.0    97.8    75.5    88.6   0.134   0.132   0.137   0.197   0.244    10.9    11.1    11.1    11.7    12.9
63850 20141222  2.422  -83.39   33.78     8.0     4.9     6.4     6.3    12.4     0.90 C     8.2     5.3     6.8    97.7    94.2    96.4   0.146   0.145   0.143   0.197   0.243    10.5    10.9    11.1    11.7    12.9
63850 20141223  2.422  -83.39   33.78     9.5     4.4     6.9     6.1    24.6     0.71 C     9.4     4.7     6.7    99.2    97.0    97.9   0.185   0.201   0.190   0.219   0.263     9.7    10.0    10.4    11.3    12.9
63850 20141224  2.422  -83.39   33.78    14.6     8.6    11.6    10.4    36.6     1.39 C    14.4     7.0    10.1   100.0    74.6    94.7   0.197   0.217   0.200   0.271   0.327    10.3    10.5    10.5    11.1    12.6
63850 20141225  2.422  -83.39   33.78    12.2     0.5     6.3     7.4     0.0    11.50 C    19.4    -3.0     6.4    93.7    47.0    68.3   0.166   0.178   0.184   0.234   0.331    10.2    10.6    10.7    11.3    12.6
63850 20141226  2.422  -83.39   33.78    14.4    -1.9     6.3     5.9     0.0    11.57 C    22.3    -4.5     4.1    97.5    40.1    74.1   0.160   0.167   0.180   0.228   0.332     9.3     9.7    10.0    11.0    12.5
63850 20141227  2.422  -83.39   33.78    17.2    -0.2     8.5     9.0     0.2     9.59 C    25.0    -3.2     8.1    96.4    40.3    72.4   0.157   0.162   0.176   0.225   0.333     9.5     9.8     9.9    10.8    12.4
63850 20141228  2.422  -83.39   33.78    15.0    10.4    12.7    13.0    37.3     1.56 C    17.3    10.2    12.8    98.5    91.7    96.5   0.197   0.209   0.204   0.272   0.335    11.1    11.1    10.9    11.0    12.3
63850 20141229  2.422  -83.39   33.78    18.6    10.6    14.6    13.9     9.8     6.65 C    24.7     5.7    13.9    98.4    64.0    87.7   0.186   0.195   0.195   0.264   0.336    12.2    12.1    11.7    11.6    12.4
63850 20141230  2.422  -83.39   33.78    11.9     5.5     8.7     9.3     0.0     3.99 C    15.0     5.6     9.6    95.5    80.2    89.0   0.168   0.173   0.184   0.238   0.335    11.6    11.9    11.8    12.0    12.6
63850 20141231  2.422  -83.39   33.78    10.4     0.9     5.7     5.3     0.0    10.75 C    22.1    -3.2     5.4    94.6    52.0    75.4   0.162   0.165   0.179   0.232   0.335    10.6    11.0    11.2    11.8    12.7
