04138 20140101  2.422 -112.54   41.62     2.8    -9.4    -3.3    -3.2     0.0     8.86 C     5.0   -11.8    -5.5    90.6    62.0    76.8 -99.000 -99.000 -99.000   0.249   0.262    -2.2    -1.8    -1.3     0.2     3.9
04138 20140102  2.422 -112.54   41.62     1.4    -8.8    -3.7    -4.8     0.0     8.55 C     4.4   -12.1    -6.6    91.9    62.0    83.6 -99.000 -99.000 -99.000 -99.000   0.265    -2.5    -1.9    -1.3     0.2     3.8
04138 20140103  2.422 -112.54   41.62     0.1   -11.5    -5.7    -4.6     0.0     3.83 C     1.2   -13.3    -6.4    91.2    40.6    80.6 -99.000 -99.000 -99.000 -99.000   0.269    -2.7    -2.0    -1.4     0.2     3.7
04138 20140104  2.422 -112.54   41.62    -0.8   -12.1    -6.5    -5.1     0.0     9.70 C     1.4   -15.9    -7.5    75.6    40.4    54.8 -99.000 -99.000 -99.000 -99.000   0.267    -2.5    -2.0    -1.4     0.1     3.7
04138 20140105  2.422 -112.54   41.62    -3.8   -16.8   -10.3   -10.2     0.0     9.31 C    -0.3   -18.9   -12.7    75.9    48.6    64.5 -99.000 -99.000 -99.000 -99.000   0.269    -3.2    -2.4    -1.6     0.1     3.6
04138 20140106  2.422 -112.54   41.62    -3.7   -15.3    -9.5    -9.9     0.0     9.32 C    -0.4   -18.6   -11.9    77.2    52.8    66.0 -99.000 -99.000 -99.000 -99.000   0.267    -3.9    -3.0    -1.9     0.0     3.6
04138 20140107  2.422 -112.54   41.62    -2.4   -11.1    -6.8    -5.8     0.0     5.36 C     0.7   -13.8    -6.4    86.2    49.4    67.3 -99.000 -99.000 -99.000 -99.000   0.265    -3.6    -2.9    -2.1    -0.2     3.5
04138 20140108  2.422 -112.54   41.62    -1.6    -8.1    -4.9    -4.1     3.4     4.81 C     3.2   -11.1    -4.3    93.5    80.0    90.2 -99.000 -99.000 -99.000 -99.000   0.262    -2.8    -2.4    -1.9    -0.3     3.4
04138 20140109  2.422 -112.54   41.62    -0.3   -10.1    -5.2    -3.2     3.8     5.30 C     1.3   -13.3    -4.7    99.4    52.7    82.1 -99.000 -99.000 -99.000 -99.000   0.266    -2.3    -2.0    -1.7    -0.3     3.3
04138 20140110  2.422 -112.54   41.62     3.9    -5.5    -0.8     0.5     0.0     8.20 C     3.4    -6.0    -1.0    76.1    56.5    65.3 -99.000 -99.000 -99.000 -99.000   0.263    -2.1    -1.8    -1.5    -0.2     3.3
04138 20140111  2.422 -112.54   41.62     4.3    -0.5     1.9     1.8     1.1     4.60 C     4.4    -3.4     0.0    88.1    62.1    69.9 -99.000 -99.000 -99.000 -99.000   0.267    -1.7    -1.5    -1.3    -0.2     3.2
04138 20140112  2.422 -112.54   41.62     1.7    -4.0    -1.2    -0.3     0.3     5.21 C     0.2    -7.7    -2.7    81.0    46.3    60.4 -99.000 -99.000 -99.000 -99.000   0.267    -1.5    -1.3    -1.2    -0.1     3.2
04138 20140113  2.422 -112.54   41.62     4.6    -5.2    -0.3     1.2     0.0     9.35 C     2.9    -9.1    -1.1    77.5    58.8    65.0 -99.000 -99.000 -99.000 -99.000   0.267    -1.4    -1.1    -1.0     0.0     3.1
04138 20140114  2.422 -112.54   41.62     3.6    -7.8    -2.1    -2.0     0.0     9.61 C     5.5   -10.8    -5.2    80.6    55.2    70.6 -99.000 -99.000 -99.000 -99.000   0.266    -1.3    -1.1    -0.9     0.1     3.1
04138 20140115  2.422 -112.54   41.62     1.9    -9.8    -3.9    -4.6     0.0     9.70 C     5.0   -14.0    -7.2    90.2    61.4    79.6 -99.000 -99.000 -99.000 -99.000   0.266    -1.6    -1.2    -0.9     0.1     3.1
04138 20140116  2.422 -112.54   41.62     1.3   -11.2    -4.9    -4.8     0.0     9.62 C     4.6   -14.5    -7.8    81.9    58.5    72.5 -99.000 -99.000 -99.000 -99.000   0.267    -2.1    -1.5    -1.0     0.2     3.1
04138 20140117  2.422 -112.54   41.62     1.2   -11.5    -5.2    -5.8     0.0    10.20 C     4.9   -15.0    -8.4    86.6    59.6    74.9 -99.000 -99.000 -99.000 -99.000   0.264    -2.4    -1.8    -1.2     0.1     3.1
04138 20140118  2.422 -112.54   41.62     1.6   -10.7    -4.6    -5.1     0.0    10.28 C     5.1   -14.1    -7.9    79.9    51.5    69.6 -99.000 -99.000 -99.000 -99.000   0.267    -2.6    -2.0    -1.4     0.1     3.1
04138 20140119  2.422 -112.54   41.62     1.0   -10.6    -4.8    -5.1     0.0    10.49 C     4.9   -14.9    -8.1    78.1    54.0    69.2 -99.000 -99.000 -99.000 -99.000   0.266    -2.7    -2.1    -1.5     0.0     3.1
04138 20140120  2.422 -112.54   41.62     3.4   -10.3    -3.4    -4.4     0.0    10.72 C     6.2   -14.1    -7.1    82.7    41.8    69.6 -99.000 -99.000 -99.000 -99.000   0.266    -2.7    -2.1    -1.5    -0.1     3.0
04138 20140121  2.422 -112.54   41.62     1.2   -11.6    -5.2    -5.4     0.0    10.73 C     3.7   -15.2    -8.3    83.6    56.5    73.1 -99.000 -99.000 -99.000 -99.000   0.266    -2.8    -2.2    -1.6    -0.2     3.0
04138 20140122  2.422 -112.54   41.62    -0.4   -12.1    -6.2    -5.1     0.0    10.38 C     3.9   -15.6    -7.4    83.7    60.2    74.5 -99.000 -99.000 -99.000 -99.000   0.263    -2.8    -2.3    -1.7    -0.2     3.0
04138 20140123  2.422 -112.54   41.62     2.5   -10.9    -4.2    -2.8     0.0    11.15 C     3.5   -15.0    -5.9    78.1    43.9    61.3 -99.000 -99.000 -99.000 -99.000   0.263    -2.5    -2.1    -1.7    -0.3     2.9
04138 20140124  2.422 -112.54   41.62 -9999.0   -12.4 -9999.0    -6.3     0.0    11.23 C     4.5   -17.4    -9.7    80.8    50.5    66.2 -99.000 -99.000 -99.000 -99.000   0.262    -2.6    -2.1    -1.7    -0.3     2.9
04138 20140125  2.422 -112.54   41.62     0.5   -12.3    -5.9    -6.0     0.0    11.05 C     5.1   -16.0    -8.6    81.2    51.5    69.3 -99.000 -99.000 -99.000 -99.000   0.261    -2.9    -2.3    -1.7    -0.3     2.8
04138 20140126  2.422 -112.54   41.62    -0.1   -11.8    -5.9    -6.2     0.0    11.23 C     3.3   -15.7    -8.6    79.6    52.5    70.2 -99.000 -99.000 -99.000 -99.000   0.260    -2.9    -2.4    -1.8    -0.4     2.8
04138 20140127  2.422 -112.54   41.62     2.2    -9.3    -3.5    -3.7     0.0    10.94 C     5.1   -13.4    -6.3    74.3    50.1    65.1 -99.000 -99.000 -99.000 -99.000   0.261    -2.7    -2.3    -1.8    -0.4     2.7
04138 20140128  2.422 -112.54   41.62     0.4   -12.6    -6.1    -5.4     0.0    10.71 C     2.7   -16.3    -7.2    63.0    36.2    51.6 -99.000 -99.000 -99.000 -99.000   0.259    -2.7    -2.2    -1.8    -0.5     2.7
04138 20140129  2.422 -112.54   41.62     3.5    -3.8    -0.2    -1.1    10.1     3.61 C     1.8    -4.4    -1.5    91.4    54.2    78.1 -99.000 -99.000 -99.000 -99.000   0.261    -2.2    -1.9    -1.7    -0.5     2.7
04138 20140130  2.422 -112.54   41.62     2.4    -5.2    -1.4    -0.5     0.0     6.51 C     1.8    -8.5    -1.4    99.9    72.4    87.4 -99.000 -99.000 -99.000 -99.000   0.259    -1.5    -1.3    -1.4    -0.5     2.6
04138 20140131  2.422 -112.54   41.62     0.6   -10.2    -4.8    -4.0     0.0     9.55 C     3.5   -12.1    -5.4    93.3    49.3    72.8 -99.000 -99.000 -99.000 -99.000   0.262    -1.3    -1.0    -1.2    -0.4     2.6
04138 20140201  2.422 -112.54   41.62    -0.9   -10.0    -5.4    -5.2     0.6     8.64 C     4.1   -13.5    -6.0    88.7    62.5    76.5 -99.000 -99.000 -99.000 -99.000   0.263    -1.3    -1.0    -1.0    -0.3     2.6
04138 20140202  2.422 -112.54   41.62    -1.4    -9.4    -5.4    -5.0     0.0     6.29 C     1.1   -11.1    -5.3    92.3    58.8    81.4 -99.000 -99.000 -99.000 -99.000   0.261    -1.4    -1.0    -0.9    -0.2     2.5
04138 20140203  2.422 -112.54   41.62    -1.8   -12.2    -7.0    -5.8     1.8     8.29 C     1.8   -14.1    -6.3    91.6    65.0    81.0 -99.000 -99.000 -99.000 -99.000   0.261    -1.6    -1.1    -0.9    -0.1     2.5
04138 20140204  2.422 -112.54   41.62    -4.6   -15.1    -9.8    -9.9     0.4     8.97 C     0.3   -19.4   -11.8    89.3    63.7    72.7 -99.000 -99.000 -99.000 -99.000   0.264    -1.7    -1.2    -1.0    -0.1     2.5
04138 20140205  2.422 -112.54   41.62    -6.7   -13.8   -10.3    -9.2     4.2     4.03 C    -3.0   -18.8    -8.8    90.0    68.8    84.4 -99.000 -99.000 -99.000 -99.000   0.262    -1.9    -1.4    -1.1    -0.1     2.6
04138 20140206  2.422 -112.54   41.62    -4.7   -12.6    -8.7    -7.6     1.8     9.44 C     0.7   -14.3    -6.5    89.6    79.0    86.3 -99.000 -99.000 -99.000 -99.000   0.262    -1.7    -1.4    -1.1    -0.1     2.5
04138 20140207  2.422 -112.54   41.62     1.1   -10.9    -4.9    -2.8     3.0     8.75 C     2.0   -13.6    -3.3    91.5    72.3    85.0 -99.000 -99.000 -99.000 -99.000   0.259    -1.5    -1.2    -1.0    -0.1     2.5
04138 20140208  2.422 -112.54   41.62     4.7     0.4     2.5     2.3    10.3     5.42 C     2.6    -0.1     0.9    96.5    65.4    83.3 -99.000 -99.000 -99.000 -99.000   0.261    -1.1    -1.0    -0.9    -0.1     2.5
04138 20140209  2.422 -112.54   41.62     5.8    -0.6     2.6     2.9     0.0     6.58 C     5.5    -0.8     1.5   100.0    61.7    82.6 -99.000 -99.000 -99.000 -99.000   0.264    -0.5    -0.5    -0.6     0.0     2.5
04138 20140210  2.422 -112.54   41.62     4.6    -5.0    -0.2     0.6     2.4    13.70 C     5.5    -6.9     0.0    96.8    57.3    81.8 -99.000 -99.000 -99.000   0.251   0.263    -0.3    -0.2    -0.4     0.1     2.5
04138 20140211  2.422 -112.54   41.62     5.2    -5.5    -0.2    -0.1     0.0    11.67 C     4.6    -6.9    -1.3    90.1    63.6    79.4 -99.000 -99.000 -99.000   0.241   0.261    -0.2     0.0    -0.3     0.2     2.5
04138 20140212  2.422 -112.54   41.62     4.3    -0.8     1.8     1.9     2.7     4.10 C     2.5    -1.8     0.5    94.1    72.9    82.9 -99.000 -99.000 -99.000   0.224   0.259     0.0     0.1    -0.1     0.3     2.6
04138 20140213  2.422 -112.54   41.62     9.3     0.5     4.9     4.8     0.0    10.16 C     6.3    -0.6     2.2    89.5    46.2    72.8 -99.000   0.278 -99.000   0.224   0.260     0.6     0.5     0.1     0.4     2.6
04138 20140214  2.422 -112.54   41.62    10.0    -0.3     4.8     3.8     2.6     4.86 C     5.9    -0.8     2.1    95.4    55.2    81.2 -99.000   0.278   0.276   0.224   0.261     0.6     0.6     0.4     0.6     2.6
04138 20140215  2.422 -112.54   41.62     8.1     2.6     5.3     5.2     0.0     5.75 C    10.1     0.9     3.7    85.1    66.1    74.7   0.246   0.275   0.276   0.225   0.262     1.2     1.0     0.7     0.8     2.7
04138 20140216  2.422 -112.54   41.62     8.3    -1.4     3.4     3.7     0.3     7.75 C     8.5    -2.2     2.4    82.8    46.4    58.5   0.244   0.280   0.275   0.227   0.263     1.1     1.1     1.0     1.0     2.7
04138 20140217  2.422 -112.54   41.62     7.3    -4.9     1.2     1.1     0.0    10.16 C    10.7    -4.3     1.0    83.8    41.3    63.1 -99.000   0.254   0.271   0.247   0.264     0.4     0.7     0.8     1.2     2.7
04138 20140218  2.422 -112.54   41.62     8.4    -2.1     3.1     2.9     0.0    12.83 C    15.1    -2.4     3.1    79.0    34.2    55.3 -99.000   0.255   0.276   0.259   0.265     0.8     1.0     0.9     1.2     2.8
04138 20140219  2.422 -112.54   41.62     3.0    -4.3    -0.7     0.1     0.4     9.94 C     7.5    -5.1     0.1    79.9    30.8    59.8   0.200   0.260   0.283   0.268   0.267     0.5     0.9     1.0     1.3     2.9
04138 20140220  2.422 -112.54   41.62     2.3    -5.4    -1.6    -1.1     0.0    14.30 C     8.8    -6.3    -0.6    66.2    40.8    51.9 -99.000   0.236   0.274   0.269   0.268     0.0     0.5     0.7     1.3     2.9
04138 20140221  2.422 -112.54   41.62     6.4    -3.1     1.6     1.5     0.0    14.29 C     9.9    -4.2     1.0    72.2    44.5    56.6 -99.000   0.217   0.257   0.269   0.265     0.1     0.4     0.6     1.2     3.0
04138 20140222  2.422 -112.54   41.62     6.7    -2.7     2.0     2.6     0.0    10.73 C    13.2    -4.3     1.5    66.3    39.1    50.6 -99.000   0.212   0.254   0.269   0.261     0.1     0.5     0.6     1.2     3.0
04138 20140223  2.422 -112.54   41.62     9.8    -0.9     4.4     4.9     0.0    15.18 C    17.7    -2.3     4.4    63.6    31.2    47.5 -99.000   0.227   0.262   0.271   0.262     1.3     1.2     0.8     1.2     3.0
04138 20140224  2.422 -112.54   41.62    12.3     1.6     7.0     7.0     0.0    12.21 C    24.2     0.0     7.1    70.3    35.9    46.5   0.204   0.248   0.281   0.270   0.262     2.8     2.4     1.7     1.5     3.0
04138 20140225  2.422 -112.54   41.62    13.8    -1.3     6.2     5.9     0.0    12.76 C    27.8    -2.5     6.0    83.3    38.8    59.6   0.206   0.246   0.281   0.271   0.260     3.5     3.3     2.6     1.9     3.1
04138 20140226  2.422 -112.54   41.62    13.3    -1.8     5.7     5.6     0.0    15.63 C    24.0    -3.1     7.0    90.0    40.9    70.6   0.199   0.242   0.280   0.273   0.264     3.9     3.7     3.0     2.4     3.2
04138 20140227  2.422 -112.54   41.62     9.3     2.0     5.7     4.9     1.0     4.28 C    12.7     0.3     4.5    91.7    53.5    79.0   0.195   0.238   0.278   0.275   0.266     3.7     3.8     3.4     2.8     3.3
04138 20140228  2.422 -112.54   41.62     9.5     0.2     4.9     4.4     2.8     9.68 C    16.9    -1.4     4.9    90.9    42.8    74.6   0.195   0.235   0.276   0.275   0.268     3.9     3.9     3.5     3.1     3.5
04138 20140301  2.422 -112.54   41.62     5.7     2.0     3.9     3.9    26.7     2.99 C     5.5     1.5     3.4    93.4    72.5    85.4   0.276   0.319   0.305   0.275   0.263     3.7     3.9     3.7     3.3     3.6
04138 20140302  2.422 -112.54   41.62     9.6    -0.1     4.8     5.3     0.5    14.47 C    16.2    -1.1     6.0    96.4    56.0    74.7   0.261   0.313   0.321   0.280   0.265     4.7     4.3     3.7     3.4     3.8
04138 20140303  2.422 -112.54   41.62    11.0     2.8     6.9     6.8     0.0    12.64 C    15.7     0.7     6.6    83.2    49.1    65.5   0.242   0.295   0.312   0.287   0.266     5.1     4.9     4.3     3.7     3.9
04138 20140304  2.422 -112.54   41.62     8.7     0.4     4.5     4.6    12.5     8.47 C    15.5     0.2     5.2    93.9    60.7    80.9   0.264   0.314   0.318   0.291   0.267     5.2     5.2     4.7     4.1     4.1
04138 20140305  2.422 -112.54   41.62    10.6    -1.2     4.7     4.7     0.0    16.10 C    19.0    -2.0     6.0    99.9    46.6    77.0   0.251   0.304   0.318   0.297   0.269     5.1     5.0     4.5     4.2     4.2
04138 20140306  2.422 -112.54   41.62     9.6     0.9     5.3     4.5     5.8     3.58 C    11.5     0.1     3.9    92.7    52.7    79.1   0.249   0.297   0.313   0.300   0.266     4.3     4.8     4.7     4.4     4.3
04138 20140307  2.422 -112.54   41.62     8.8    -0.2     4.3     4.0     0.0    13.94 C    15.5    -1.1     4.6    85.7    41.2    64.8   0.251   0.302   0.314   0.303   0.266     4.1     4.4     4.3     4.4     4.5
04138 20140308  2.422 -112.54   41.62     9.8    -1.6     4.1     4.3     0.0    18.79 C    19.7    -2.2     5.8    80.8    31.8    61.0   0.234   0.287   0.310   0.305   0.266     4.6     4.7     4.3     4.4     4.6
04138 20140309  2.422 -112.54   41.62    11.2    -2.0     4.6     5.4     0.0    13.26 C    19.8    -2.3     6.0    88.6    34.2    61.3   0.223   0.277   0.305   0.307   0.267     4.8     4.8     4.5     4.4     4.7
04138 20140310  2.422 -112.54   41.62    10.2     0.8     5.5     5.6     0.0     3.76 C    12.1    -0.9     4.7    77.7    45.7    61.3   0.216   0.269   0.302   0.308   0.266     4.9     5.2     5.0     4.6     4.8
04138 20140311  2.422 -112.54   41.62     7.3    -1.9     2.7     2.3     0.0    12.62 C    15.8    -3.2     3.1    79.2    42.6    63.4   0.207   0.261   0.298   0.308   0.271     3.4     4.0     4.3     4.6     4.8
04138 20140312  2.422 -112.54   41.62     9.8    -3.7     3.0     2.5     0.0    19.99 C    23.3    -5.3     4.6    75.8    33.4    55.7   0.199   0.254   0.295   0.308   0.271     3.4     3.8     3.9     4.5     4.9
04138 20140313  2.422 -112.54   41.62    11.0    -4.6     3.2     3.2     0.0    20.07 C    23.3    -5.3     5.5    83.2    25.1    57.5   0.195   0.249   0.293   0.307   0.272     3.8     4.1     4.0     4.3     5.0
04138 20140314  2.422 -112.54   41.62    12.7    -3.9     4.4     5.0     1.0    18.15 C    24.3    -4.7     6.1    81.2    25.1    53.5   0.193   0.244   0.290   0.305   0.271     4.3     4.4     4.2     4.4     5.0
04138 20140315  2.422 -112.54   41.62    11.7    -0.1     5.8     5.1     0.0    20.60 C    23.5    -2.7     6.2    72.7    16.9    44.6   0.191   0.241   0.288   0.307   0.270     4.5     4.7     4.5     4.5     5.0
04138 20140316  2.422 -112.54   41.62    14.5    -3.8     5.4     5.9     0.0    18.32 C    24.3    -4.8     7.0    77.9    18.8    47.1   0.188   0.236   0.286   0.306   0.273     4.6     4.7     4.5     4.6     5.0
04138 20140317  2.422 -112.54   41.62    11.2    -1.7     4.8     3.9     0.3    10.28 C    15.2    -3.8     3.7    73.9    15.3    46.0   0.184   0.233   0.284   0.306   0.277     4.3     4.8     4.8     4.7     5.1
04138 20140318  2.422 -112.54   41.62     5.7    -5.5     0.1    -0.1     0.0    12.67 C    15.4    -7.0     1.2    63.3    26.1    46.2   0.180   0.228   0.282   0.305   0.275     2.7     3.5     4.0     4.7     5.1
04138 20140319  2.422 -112.54   41.62     7.6    -7.6     0.0     0.6     0.0    20.59 C    20.6    -8.8     3.0    73.9    24.9    46.5   0.178   0.225   0.280   0.305   0.273     2.6     3.2     3.5     4.4     5.1
04138 20140320  2.422 -112.54   41.62    13.7    -5.0     4.3     5.0     0.0    19.60 C    25.2    -5.8     6.1    60.7    16.2    37.0   0.178   0.224   0.278   0.303   0.276     3.8     3.8     3.7     4.2     5.1
04138 20140321  2.422 -112.54   41.62     8.3    -3.0     2.7     2.5     0.0    18.98 C    27.5    -5.7     5.4    53.2    18.2    31.8   0.177   0.222   0.278   0.302   0.281     4.1     4.3     4.1     4.3     5.1
04138 20140322  2.422 -112.54   41.62     9.7    -3.0     3.4     3.5     0.0    22.05 C    27.5    -5.8     6.7    47.9    14.0    30.5   0.176   0.220   0.277   0.301   0.281     5.0     4.9     4.5     4.4     5.1
04138 20140323  2.422 -112.54   41.62    11.5    -6.2     2.6     3.7     0.0    22.15 C    25.6    -8.3     5.5    64.8    14.1    34.7   0.174   0.218   0.275   0.302   0.283     4.3     4.6     4.5     4.6     5.1
04138 20140324  2.422 -112.54   41.62    13.4    -2.8     5.3     6.0     0.0    21.83 C    28.4    -6.0     8.2    50.2    18.4    31.5   0.173   0.216   0.274   0.302   0.280     5.3     5.2     4.8     4.7     5.2
04138 20140325  2.422 -112.54   41.62    18.1    -2.0     8.1     8.5     0.0    22.17 C    32.8    -5.0    10.7    59.9     7.6    34.4   0.173   0.215   0.273   0.302   0.283     6.3     6.0     5.3     4.9     5.2
04138 20140326  2.422 -112.54   41.62    10.2    -1.8     4.2     4.7     3.6     8.07 C    13.0    -2.1     5.5    95.6    23.8    70.6   0.171   0.213   0.273   0.302   0.284     6.4     6.6     6.1     5.3     5.3
04138 20140327  2.422 -112.54   41.62     7.9    -1.1     3.4     2.2     4.1    13.39 C    16.3    -1.8     3.1    99.3    40.0    77.6   0.170   0.210   0.271   0.302   0.286     4.8     5.3     5.4     5.5     5.4
04138 20140328  2.422 -112.54   41.62    10.2    -2.1     4.0     4.8     0.0    21.84 C    20.1    -3.1     6.4    81.7    33.9    56.5   0.175   0.211   0.269   0.300   0.286     5.3     5.4     5.1     5.3     5.5
04138 20140329  2.422 -112.54   41.62    14.3     0.7     7.5     8.3     0.0    10.66 C    17.5    -1.0     7.7    77.5    24.6    51.2   0.175   0.212   0.269   0.300   0.289     5.9     5.9     5.5     5.4     5.6
04138 20140330  2.422 -112.54   41.62     7.1    -0.9     3.1     3.3    10.7     6.59 C     7.1    -3.0     2.2    94.1    52.9    75.6   0.185   0.211   0.268   0.300   0.288     4.2     5.2     5.5     5.5     5.6
04138 20140331  2.422 -112.54   41.62     6.9    -4.7     1.1     2.3     0.0    15.97 C    17.7    -5.6     3.1    81.3    36.8    61.6   0.227   0.218   0.267   0.300   0.290     3.6     4.1     4.4     5.3     5.7
04138 20140401  2.422 -112.54   41.62     3.7    -2.5     0.6     0.8    10.6     8.65 C     7.9    -2.5     0.8    97.3    78.2    90.0   0.247   0.257   0.270   0.299   0.292     2.9     3.8     4.3     5.1     5.7
04138 20140402  2.422 -112.54   41.62     5.9    -4.6     0.7     0.6     0.0    18.78 C    16.5    -5.0     2.7    99.9    49.9    78.2   0.249   0.290   0.283   0.299   0.291     3.7     3.8     3.8     4.7     5.7
04138 20140403  2.422 -112.54   41.62     6.7    -2.4     2.2     1.7     5.5    16.73 C    20.9    -2.6     3.9    92.1    57.2    79.9   0.248   0.288   0.286   0.299   0.291     4.2     4.4     4.2     4.6     5.6
04138 20140404  2.422 -112.54   41.62    10.3    -1.1     4.6     4.4     0.0    22.20 C    20.3    -1.7     6.6    90.7    29.6    65.4   0.248   0.292   0.292   0.300   0.289     5.6     5.3     4.7     4.7     5.6
04138 20140405  2.422 -112.54   41.62     8.1     0.7     4.4     4.0     1.5    12.40 C    20.0    -0.3     5.2    87.6    55.4    74.6   0.237   0.283   0.295   0.303   0.293     5.6     5.7     5.4     5.0     5.5
04138 20140406  2.422 -112.54   41.62    12.5    -0.1     6.2     6.2     0.0    13.59 C    20.2    -0.9     6.5    78.7    35.3    58.5   0.234   0.279   0.295   0.303   0.289     5.6     5.7     5.4     5.2     5.5
04138 20140407  2.422 -112.54   41.62    14.2     2.6     8.4     8.0     0.0    24.56 C    25.9    -0.2     9.6    81.5    36.8    55.7   0.224   0.272   0.294   0.305   0.294     7.1     6.7     5.8     5.4     5.6
04138 20140408  2.422 -112.54   41.62    19.0     1.0    10.0    10.2     0.0    23.60 C    30.0    -0.8    12.0    83.6    20.1    54.3   0.213   0.264   0.294   0.305   0.292     8.4     7.8     6.8     5.7     5.7
04138 20140409  2.422 -112.54   41.62    20.2     4.2    12.2    12.7     0.0    19.83 C    30.4     2.6    12.9    73.2    17.4    44.4   0.203   0.256   0.292   0.305   0.294     9.5     8.9     7.8     6.3     5.8
04138 20140410  2.422 -112.54   41.62    19.6     5.4    12.5    12.3     0.0    23.03 C    32.8     2.5    14.1    60.0    17.1    41.1   0.196   0.248   0.291   0.307   0.296    10.4     9.8     8.5     6.9     5.9
04138 20140411  2.422 -112.54   41.62    20.9     2.0    11.4    12.9     0.0    25.36 C    32.9     0.6    14.8    68.0    18.3    39.3   0.189   0.240   0.288   0.308   0.294    11.1    10.4     9.2     7.5     6.1
04138 20140412  2.422 -112.54   41.62    16.6     5.1    10.9    11.8     0.0    18.13 C    31.9     2.1    13.0    59.5    23.2    36.2   0.182   0.232   0.286   0.308   0.299    10.8    10.6     9.7     8.0     6.4
04138 20140413  2.422 -112.54   41.62    11.0    -2.2     4.4     5.3     0.0    21.19 C    25.3    -4.6     7.4    74.7    20.2    38.0   0.174   0.224   0.282   0.307   0.301     8.8     9.3     9.2     8.4     6.6
04138 20140414  2.422 -112.54   41.62    10.9    -4.8     3.0     3.8     0.0    26.72 C    29.4    -8.0     8.1    49.5    14.5    25.8   0.170   0.218   0.278   0.308   0.301     7.9     8.2     8.2     8.2     6.9
04138 20140415  2.422 -112.54   41.62    16.2    -2.8     6.7     7.7     0.0    19.09 C    28.4    -3.6     9.1    60.7    14.8    33.9   0.167   0.214   0.276   0.308   0.309     8.4     8.6     8.3     8.0     7.1
04138 20140416  2.422 -112.54   41.62    13.2     0.9     7.1     6.8     0.0    24.75 C    31.9    -1.5    11.8    52.8    14.8    30.6   0.166   0.210   0.274   0.308   0.308     9.8     9.5     8.7     8.0     7.2
04138 20140417  2.422 -112.54   41.62    18.1    -3.4     7.3    10.7     0.0    26.34 C    32.7    -3.9    13.4    63.7    18.7    36.8   0.163   0.206   0.273   0.308   0.305    10.3     9.9     9.1     8.3     7.3
04138 20140418  2.422 -112.54   41.62    18.7     5.1    11.9    11.2     0.0    12.42 C    30.6     3.1    13.0    77.1    18.9    53.9   0.161   0.203   0.271   0.306   0.309    11.0    10.8    10.0     8.6     7.4
04138 20140419  2.422 -112.54   41.62    19.0     2.4    10.7    11.6     0.0    24.39 C    34.5     0.3    15.0    58.9    18.5    39.7   0.159   0.199   0.269   0.308   0.307    11.6    11.1    10.0     8.9     7.5
04138 20140420  2.422 -112.54   41.62    18.9     5.8    12.3    12.8     0.0    25.11 C    37.8     3.1    16.0    63.1    11.3    27.6   0.157   0.196   0.267   0.305   0.309    12.8    12.2    10.9     9.3     7.7
04138 20140421  2.422 -112.54   41.62    19.9     0.3    10.1    12.4     0.0    23.57 C    36.0    -1.8    15.1    43.1    16.3    27.1   0.152   0.191   0.264   0.307   0.312    12.2    11.9    11.0     9.7     7.9
04138 20140422  2.422 -112.54   41.62    22.1     1.6    11.9    12.2     5.3     7.44 C    30.1     2.5    12.0    93.4    20.5    47.3   0.149   0.188   0.262   0.306   0.311    11.9    12.1    11.4    10.1     8.1
04138 20140423  2.422 -112.54   41.62    10.0    -3.0     3.5     3.7     2.9    22.70 C    22.3    -3.8     6.0    94.6    31.9    60.0   0.149   0.184   0.258   0.306   0.312     9.5    10.1    10.2    10.1     8.3
04138 20140424  2.422 -112.54   41.62    15.3    -1.7     6.8     7.5     0.0    19.50 C    24.4    -2.4     9.0    82.6    22.6    51.3   0.152   0.184   0.256   0.306   0.314     8.8     9.3     9.4     9.7     8.5
04138 20140425  2.422 -112.54   41.62    14.1     3.3     8.7     9.4     1.6    10.92 C    22.8     3.0    10.3    90.1    36.3    61.6   0.152   0.185   0.254   0.305   0.313    10.0    10.1     9.7     9.4     8.6
04138 20140426  2.422 -112.54   41.62     7.9     2.2     5.0     4.6     9.9     6.17 C    10.3     0.4     4.8    94.1    48.3    78.6   0.174   0.183   0.254   0.305   0.317     7.7     8.7     9.1     9.4     8.6
04138 20140427  2.422 -112.54   41.62    10.0    -1.4     4.3     3.7     4.3    19.48 C    18.7    -1.9     5.0    89.6    39.1    61.8   0.198   0.188   0.252   0.304   0.321     7.0     7.7     8.1     9.0     8.6
04138 20140428  2.422 -112.54   41.62     9.5    -0.2     4.6     3.5     0.0    21.33 C    17.0    -1.3     4.9    90.5    28.7    58.3   0.208   0.196   0.252   0.302   0.314     6.5     7.2     7.6     8.6     8.6
04138 20140429  2.422 -112.54   41.62    11.8    -0.9     5.4     5.9     0.0    27.46 C    25.3    -2.7     7.7    61.1    20.4    38.7   0.195   0.202   0.252   0.302   0.319     6.8     7.1     7.3     8.2     8.5
04138 20140430  2.422 -112.54   41.62    16.9    -0.1     8.4     9.6     0.0    28.94 C    30.2    -2.3    11.6    54.0    14.5    29.9   0.185   0.204   0.253   0.302   0.312     8.5     8.3     7.8     8.0     8.4
04138 20140501  2.422 -112.54   41.62    19.6     1.3    10.4    11.6     0.0    28.63 C    33.7    -0.7    14.5    59.0    18.0    36.7   0.178   0.204   0.255   0.301   0.311    11.0    10.2     9.0     8.2     8.3
04138 20140502  2.422 -112.54   41.62    23.1     3.1    13.1    13.8     0.0    28.73 C    37.9     1.1    17.1    75.4    15.7    41.1   0.170   0.201   0.256   0.303   0.313    12.9    11.9    10.4     8.8     8.3
04138 20140503  2.422 -112.54   41.62    24.9     3.9    14.4    16.0     0.0    26.06 C    37.7     3.1    17.3    77.2     9.9    34.5   0.163   0.195   0.256   0.303   0.309    13.9    13.1    11.5     9.5     8.4
04138 20140504  2.422 -112.54   41.62    22.5     9.5    16.0    16.1     0.0    19.51 C    35.6     6.9    17.5    55.3    12.6    27.1   0.156   0.190   0.254   0.304   0.309    13.9    13.3    12.0    10.2     8.5
04138 20140505  2.422 -112.54   41.62    19.5     6.7    13.1    13.8     0.0    13.89 C    30.4     4.7    14.9    63.5    17.9    36.9   0.151   0.185   0.252   0.305   0.316    13.3    13.1    12.2    10.7     8.7
04138 20140506  2.422 -112.54   41.62    15.6     5.1    10.3    10.1     0.0    20.14 C    32.1     3.7    13.3    81.9    40.9    59.5   0.149   0.181   0.250   0.304   0.317    13.1    12.9    12.1    10.9     8.9
04138 20140507  2.422 -112.54   41.62     8.6     3.5     6.0     5.4    11.3     9.77 C    14.7     2.6     7.1    92.8    71.6    86.0   0.149   0.178   0.247   0.303   0.317    10.5    11.3    11.5    11.0     9.1
04138 20140508  2.422 -112.54   41.62    13.8     2.3     8.1     8.4     0.0    19.61 C    22.1     1.9    10.0    95.2    37.5    67.3   0.169   0.180   0.247   0.302   0.312    10.6    10.8    10.6    10.7     9.3
04138 20140509  2.422 -112.54   41.62    13.7     4.5     9.1     9.1    13.2    17.24 C    20.7     3.3    10.1    89.1    42.4    71.0   0.188   0.184   0.247   0.301   0.311    11.3    11.3    10.9    10.5     9.4
04138 20140510  2.422 -112.54   41.62    11.1     2.9     7.0     6.8     0.0    21.14 C    24.2     2.7     9.4    84.2    39.9    61.8   0.215   0.201   0.247   0.301   0.310    10.8    11.0    10.7    10.5     9.4
04138 20140511  2.422 -112.54   41.62    14.2     0.5     7.4     7.2     0.0    19.48 C    19.4     0.1     8.0    78.7    25.8    50.9   0.196   0.207   0.247   0.302   0.314     8.7     9.5     9.9    10.4     9.5
04138 20140512  2.422 -112.54   41.62    11.3    -0.4     5.5     5.6     0.0    21.46 C    24.2    -1.3     8.0    87.9    39.1    59.7   0.184   0.206   0.247   0.301   0.315     8.7     9.2     9.4    10.0     9.5
04138 20140513  2.422 -112.54   41.62    14.9    -1.7     6.6     7.3     0.0    29.60 C    29.6    -2.3    11.5    85.6    23.2    53.0   0.177   0.205   0.248   0.300   0.321    10.6    10.3     9.6     9.7     9.5
04138 20140514  2.422 -112.54   41.62    18.7     0.4     9.6    10.7     0.0    29.59 C    33.3    -1.4    14.4    64.7    12.8    37.1   0.170   0.202   0.250   0.301   0.316    12.4    11.9    10.8     9.9     9.4
04138 20140515  2.422 -112.54   41.62    22.1     3.7    12.9    14.3     0.0    28.09 C    38.0     2.0    17.6    63.1    22.0    40.8   0.164   0.197   0.250   0.302   0.317    14.1    13.3    11.9    10.4     9.4
04138 20140516  2.422 -112.54   41.62    22.6     8.4    15.5    16.3     0.0    18.42 C    33.3     6.0    18.1    72.7    20.7    43.5   0.158   0.192   0.250   0.302   0.316    15.0    14.4    12.9    11.1     9.5
04138 20140517  2.422 -112.54   41.62    24.2     8.6    16.4    17.4     0.0    28.03 C    41.1     6.4    20.5    61.7    14.7    36.2   0.155   0.187   0.248   0.305   0.320    16.6    15.6    13.7    11.6     9.6
04138 20140518  2.422 -112.54   41.62    21.0     7.4    14.2    15.1     0.0    19.49 C    29.5     6.8    16.0    64.9    15.2    38.0   0.148   0.181   0.244   0.306   0.318    15.4    15.2    14.2    12.3     9.9
04138 20140519  2.422 -112.54   41.62    19.4     9.9    14.6    13.8     0.0    25.75 C    38.8     8.5    18.5    52.5    18.2    36.1   0.146   0.177   0.240   0.304   0.310    16.1    15.4    14.1    12.6    10.1
04138 20140520  2.422 -112.54   41.62    23.5     8.2    15.8    16.0     0.0    25.78 C    39.0     6.5    20.1    64.4    11.4    36.2   0.144   0.174   0.237   0.303   0.315    16.7    16.0    14.7    12.9    10.3
04138 20140521  2.422 -112.54   41.62    23.3     7.6    15.5    16.7     0.0    30.84 C    39.0     6.4    20.7    60.0     9.9    30.0   0.143   0.172   0.234   0.304   0.318    17.8    17.0    15.4    13.3    10.6
04138 20140522  2.422 -112.54   41.62    25.1    11.3    18.2    18.1     0.0    30.51 C    41.8     8.7    22.2    46.6    10.8    26.0   0.140   0.169   0.230   0.305   0.320    18.2    17.5    15.9    13.7    10.8
04138 20140523  2.422 -112.54   41.62    25.5     9.4    17.5    17.3     0.2    24.79 C    43.6     7.6    20.5    78.2    19.5    39.6   0.137   0.167   0.226   0.306   0.323    18.3    17.8    16.4    14.2    11.1
04138 20140524  2.422 -112.54   41.62    21.5     8.3    14.9    15.2     0.0    22.91 C    41.5     7.9    19.4    82.2    33.8    57.6   0.134   0.165   0.225   0.304   0.316    17.9    17.6    16.4    14.5    11.3
04138 20140525  2.422 -112.54   41.62    24.6     5.2    14.9    16.7     0.0    30.40 C    44.9     4.8    21.8    84.9    15.8    41.9   0.132   0.164   0.223   0.305   0.314    18.8    18.2    16.7    14.8    11.6
04138 20140526  2.422 -112.54   41.62    27.9     7.7    17.8    19.3     0.0    31.06 C    44.5     6.1    23.8    67.9    11.8    31.4   0.131   0.163   0.221   0.305   0.319    19.8    19.0    17.3    15.1    11.8
04138 20140527  2.422 -112.54   41.62    29.2    11.8    20.5    21.8     0.0    31.60 C    44.6     8.9    25.6    52.4     6.7    23.6   0.129   0.162   0.219   0.305   0.325    20.7    19.8    18.0    15.6    12.1
04138 20140528  2.422 -112.54   41.62    30.1    13.0    21.6    22.5     0.0    22.70 C    45.6    11.5    24.8    47.9    11.2    24.1   0.125   0.161   0.218   0.305   0.324    21.2    20.5    18.7    16.0    12.3
04138 20140529  2.422 -112.54   41.62    22.9    10.6    16.7    16.2     0.0    30.51 C    44.5     9.8    22.9    32.4    14.4    22.1   0.122   0.159   0.217   0.305   0.323    20.5    20.0    18.6    16.4    12.6
04138 20140530  2.422 -112.54   41.62    27.3     8.5    17.9    19.7     0.0    30.70 C    47.3     7.2    24.8    41.1    11.2    24.3   0.120   0.158   0.217   0.306   0.320    20.8    20.1    18.7    16.6    12.9
04138 20140531  2.422 -112.54   41.62    26.8    11.6    19.2    19.9     0.0    19.33 C    40.5    10.3    22.6    61.6     8.9    30.3   0.117   0.157   0.217   0.303   0.325    21.0    20.6    19.2    16.9    13.1
04138 20140601  2.422 -112.54   41.62    22.3     9.2    15.7    16.5     0.0    31.53 C    45.0     6.3    22.7    43.6    18.5    28.0   0.114   0.155   0.216   0.303   0.326    20.8    20.2    18.9    17.1    13.4
04138 20140602  2.422 -112.54   41.62    28.4     7.4    17.9    19.3     0.0    31.45 C    47.3     5.6    24.5    52.8     9.0    26.1   0.112   0.155   0.216   0.303   0.328    20.9    20.4    19.0    17.2    13.6
04138 20140603  2.422 -112.54   41.62    27.7    12.6    20.1    20.6     0.0    25.31 C    46.3    11.3    24.1    39.2    13.9    24.0   0.109   0.154   0.216   0.302   0.330    21.6    21.0    19.5    17.4    13.8
04138 20140604  2.422 -112.54   41.62    27.4    11.4    19.4    20.2     0.0    24.45 C    46.5     8.8    24.1    38.4    11.2    22.0   0.106   0.153   0.215   0.300   0.322    21.0    20.7    19.5    17.6    14.0
04138 20140605  2.422 -112.54   41.62    27.3     6.6    17.0    19.2     0.0    32.19 C    48.4     4.5    24.5    34.4     8.0    15.6   0.104   0.152   0.215   0.301   0.324    21.4    20.8    19.5    17.7    14.2
04138 20140606  2.422 -112.54   41.62    28.8    10.0    19.4    20.6     0.0    31.55 C    49.3     6.2    25.4    33.5     8.4    17.8   0.102   0.152   0.215   0.299   0.325    22.0    21.3    19.8    17.9    14.3
04138 20140607  2.422 -112.54   41.62    27.6    12.5    20.0    20.2     0.0    31.02 C    49.6     9.0    25.8    28.8     8.5    17.3   0.098   0.151   0.215   0.301   0.322    22.5    21.7    20.2    18.1    14.5
04138 20140608  2.422 -112.54   41.62    24.1     9.3    16.7    18.3     0.0    29.72 C    44.8     8.6    23.7    55.6    14.7    27.7   0.095   0.151   0.216   0.299   0.326    22.3    21.8    20.4    18.4    14.7
04138 20140609  2.422 -112.54   41.62    27.0     6.8    16.9    19.0     0.0    31.24 C    46.4     4.7    24.3    53.4    10.8    26.8   0.092   0.150   0.216   0.298   0.322    22.1    21.5    20.3    18.5    14.9
04138 20140610  2.422 -112.54   41.62    30.0     9.1    19.6    21.2     0.0    29.77 C    47.5     7.8    26.0    49.7    12.9    24.9   0.090   0.149   0.217   0.299   0.326    23.0    22.1    20.6    18.6    15.0
04138 20140611  2.422 -112.54   41.62    26.6     8.0    17.3    19.2     0.0    31.98 C    49.3     5.9    25.3    35.0     9.2    19.8   0.086   0.149   0.217   0.299   0.320    23.0    22.3    20.9    18.8    15.2
04138 20140612  2.422 -112.54   41.62    31.1     9.7    20.4    21.7     0.2    26.08 C    47.7     7.1    25.0    36.9    11.9    22.2   0.083   0.147   0.217   0.300   0.328    22.6    22.0    20.8    19.0    15.4
04138 20140613  2.422 -112.54   41.62    25.9    12.1    19.0    19.4     0.0    30.13 C    45.7    10.9    24.7    36.2     7.0    21.6   0.082   0.147   0.218   0.298   0.328    23.4    22.6    21.1    19.1    15.5
04138 20140614  2.422 -112.54   41.62    18.6     2.1    10.4    12.1     0.0    23.97 C    41.6     2.1    17.7    59.7    20.3    37.3   0.077   0.145   0.217   0.298   0.328    20.9    21.1    20.6    19.2    15.7
04138 20140615  2.422 -112.54   41.62    22.0     5.5    13.7    15.5     0.0    20.23 C    39.7     4.0    18.9    54.8    17.4    32.8   0.075   0.143   0.217   0.295   0.326    20.0    20.1    19.7    19.0    15.8
04138 20140616  2.422 -112.54   41.62    22.9     7.5    15.2    15.7     5.6    14.96 C    38.5     7.6    18.1    88.9    17.2    41.7   0.075   0.143   0.217   0.294   0.327    20.1    20.1    19.5    18.7    15.9
04138 20140617  2.422 -112.54   41.62    11.7     3.7     7.7     8.2     0.9    11.98 C    17.9     2.7     9.9    93.6    48.1    71.9   0.072   0.139   0.216   0.294   0.332    16.0    17.5    18.3    18.4    15.9
04138 20140618  2.422 -112.54   41.62    14.3     2.0     8.1     8.3     0.5    15.53 C    19.8     1.6     9.5   100.0    36.4    67.7   0.073   0.136   0.213   0.290   0.329    13.5    15.1    16.2    17.6    15.9
04138 20140619  2.422 -112.54   41.62    23.0     1.8    12.4    14.3     0.0    31.50 C    39.4     0.8    18.8    88.2    17.3    46.3   0.081   0.138   0.214   0.289   0.331    16.9    16.3    15.9    16.7    15.8
04138 20140620  2.422 -112.54   41.62    29.8     9.8    19.8    20.2     0.0    24.85 C    45.0     7.1    23.7    55.8     7.1    28.7   0.089   0.141   0.216   0.288   0.326    19.3    18.6    17.4    16.7    15.6
04138 20140621  2.422 -112.54   41.62    29.4    12.5    21.0    22.7     0.0    30.12 C    47.4    11.3    26.6    40.8     7.6    21.1   0.097   0.144   0.217   0.287   0.328    22.0    20.9    19.0    17.1    15.4
04138 20140622  2.422 -112.54   41.62    30.0     8.7    19.4    21.6     0.0    27.60 C    49.7     8.8    26.5    51.7    10.0    25.0   0.100   0.144   0.218   0.288   0.328    22.1    21.3    19.7    17.8    15.4
04138 20140623  2.422 -112.54   41.62    30.5    11.5    21.0    22.2     0.0    26.17 C    50.7     8.6    26.3    41.2     9.2    22.8   0.099   0.145   0.220   0.289   0.329    22.6    21.9    20.3    18.2    15.5
04138 20140624  2.422 -112.54   41.62    31.8    13.7    22.8    23.7     0.0    27.60 C    50.0    11.1    27.8    35.3     9.1    21.3   0.097   0.145   0.221   0.289   0.333    23.1    22.2    20.7    18.6    15.6
04138 20140625  2.422 -112.54   41.62    31.3    17.9    24.6    25.0     0.0    29.77 C    52.1    15.2    30.4    33.4    12.1    22.3   0.095   0.147   0.222   0.287   0.324    24.8    23.5    21.5    19.0    15.8
04138 20140626  2.422 -112.54   41.62    25.4    10.4    17.9    19.3     0.0    13.63 C    39.3     9.7    21.7    83.4    20.9    44.1   0.088   0.146   0.223   0.290   0.326    23.1    23.0    21.9    19.5    15.9
04138 20140627  2.422 -112.54   41.62    23.2     8.4    15.8    16.1     0.0    20.45 C    42.3     7.6    20.2    97.4    29.7    59.3   0.084   0.143   0.222   0.288   0.323    21.7    21.5    20.8    19.6    16.2
04138 20140628  2.422 -112.54   41.62    26.1     8.4    17.2    18.9     0.0    24.80 C    44.6     6.8    23.1    75.1    17.5    41.0   0.084   0.143   0.222   0.288   0.335    22.0    21.5    20.5    19.4    16.3
04138 20140629  2.422 -112.54   41.62    29.5    11.1    20.3    21.8     0.0    31.29 C    48.3     8.8    27.4    40.2    13.6    25.0   0.083   0.143   0.224   0.286   0.335    23.5    22.5    20.9    19.4    16.5
04138 20140630  2.422 -112.54   41.62    28.0    13.4    20.7    20.6     0.0    32.11 C    49.8     9.5    26.7    33.2     8.0    19.1   0.081   0.144   0.224   0.288   0.324    24.1    23.2    21.7    19.6    16.6
04138 20140701  2.422 -112.54   41.62    29.4    10.5    19.9    21.6     0.0    32.00 C    51.3     7.5    27.5    34.2     9.4    18.7   0.077   0.143   0.223   0.288   0.334    24.1    23.2    21.8    19.9    16.7
04138 20140702  2.422 -112.54   41.62    32.5    12.0    22.2    24.4     0.0    30.44 C    52.3    10.7    29.1    33.4    10.9    19.2   0.075   0.144   0.225   0.285   0.338    24.9    23.8    22.2    20.2    16.8
04138 20140703  2.422 -112.54   41.62    34.5    14.1    24.3    26.0     0.0    25.27 C    53.4    12.6    30.0    45.0    10.3    22.9   0.073   0.143   0.226   0.286   0.330    25.9    24.6    22.8    20.5    16.9
04138 20140704  2.422 -112.54   41.62    35.1    18.2    26.6    27.6     0.0    28.90 C    52.6    16.1    31.6    38.4     6.9    20.6   0.072   0.144   0.225   0.285   0.334    27.0    25.5    23.4    20.9    17.1
04138 20140705  2.422 -112.54   41.62    35.4    14.6    25.0    27.1     0.0    30.54 C    55.8    13.0    32.5    51.0     9.2    22.1   0.070   0.143   0.228   0.286   0.340    27.9    26.2    24.1    21.3    17.3
04138 20140706  2.422 -112.54   41.62    36.2    15.9    26.1    27.1     0.0    30.84 C    56.3    13.5    32.1    30.4     8.9    15.7   0.068   0.142   0.227   0.285   0.340    27.8    26.4    24.5    21.8    17.5
04138 20140707  2.422 -112.54   41.62    36.5    17.3    26.9    27.9     0.0    30.98 C    57.0    14.7    32.7    26.4     6.5    12.2   0.066   0.141   0.228   0.286   0.337    28.0    26.6    24.8    22.0    17.7
04138 20140708  2.422 -112.54   41.62    36.1    16.7    26.4    27.0     0.0    28.64 C    53.4    13.2    31.4    34.0     8.6    20.2   0.064   0.140   0.227   0.286   0.339    27.9    26.6    24.9    22.4    18.0
04138 20140709  2.422 -112.54   41.62    34.8    16.9    25.8    27.0     0.0    27.23 C    53.9    15.0    31.7    39.2    16.6    26.8   0.064   0.139   0.228   0.288   0.331    28.2    26.8    25.1    22.6    18.2
04138 20140710  2.422 -112.54   41.62    30.9    19.7    25.3    25.1     0.0    18.38 C    50.2    19.8    29.8    68.0    25.8    44.2   0.063   0.138   0.227   0.286   0.353    28.1    27.1    25.4    22.9    18.4
04138 20140711  2.422 -112.54   41.62 -9999.0 -9999.0 -9999.0 -9999.0 -9999.0 -9999.00 U -9999.0 -9999.0 -9999.0 -9999.0 -9999.0 -9999.0 -99.000 -99.000 -99.000 -99.000 -99.000 -9999.0 -9999.0 -9999.0 -9999.0 -9999.0
04138 20140712  2.422 -112.54   41.62    33.1    13.6    23.4    24.6     0.0    24.24 C    53.4    13.2    29.1    64.8    20.1    37.9   0.063   0.136   0.227   0.285   0.348    26.8    26.0    24.7    22.9    18.8
04138 20140713  2.422 -112.54   41.62    34.5    18.8    26.6    27.3     0.0    25.74 C    56.6    16.6    31.4    50.6    16.0    29.0   0.063   0.136   0.227   0.285   0.352    27.9    26.7    25.0    22.9    18.9
04138 20140714  2.422 -112.54   41.62    36.4    18.8    27.6    28.0     0.0    23.46 C    56.2    15.8    30.7    39.7    10.8    23.8   0.062   0.136   0.228   0.283   0.357    27.9    26.9    25.3    23.1    19.0
04138 20140715  2.422 -112.54   41.62    35.9    16.5    26.2    27.5     0.0    29.88 C    54.5    15.0    32.3    45.1     8.7    22.5   0.062   0.135   0.228   0.286   0.351    28.8    27.4    25.5    23.3    19.2
04138 20140716  2.422 -112.54   41.62    31.6    15.2    23.4    23.9     0.0    29.55 C    51.3    13.3    29.0    47.8     9.4    26.5   0.060   0.135   0.229   0.285   0.353    27.9    27.0    25.6    23.5    19.4
04138 20140717  2.422 -112.54   41.62    32.7    14.9    23.8    25.4     0.0    29.60 C    51.7    12.1    30.7    43.5    11.8    23.7   0.059   0.134   0.229   0.284   0.355    28.0    26.9    25.4    23.6    19.5
04138 20140718  2.422 -112.54   41.62    34.1    16.4    25.3    26.5     0.0    29.09 C    51.9    13.6    30.8    38.9    10.4    20.4   0.059   0.134   0.228   0.284   0.367    28.8    27.5    25.8    23.6    19.6
04138 20140719  2.422 -112.54   41.62    34.1    14.9    24.5    26.2     0.0    29.66 C    52.2    13.3    30.6    28.2     7.7    15.0   0.058   0.133   0.229   0.285   0.356    28.4    27.4    25.8    23.8    19.7
04138 20140720  2.422 -112.54   41.62    33.1    15.5    24.3    24.9     0.0    19.46 C    51.4    13.8    28.0    43.2    13.4    25.0   0.056   0.131   0.227   0.283   0.352    27.2    26.7    25.6    23.8    19.8
04138 20140721  2.422 -112.54   41.62    32.5    16.0    24.2    24.8     0.0    29.55 C    49.5    15.9    30.1    63.7    12.6    32.0   0.058   0.131   0.227   0.283   0.353    28.5    27.2    25.6    23.8    19.9
04138 20140722  2.422 -112.54   41.62    33.6    13.9    23.7    26.0     0.0    29.93 C    53.7    12.3    30.8    45.9    10.6    23.1   0.057   0.131   0.229   0.283   0.356    28.3    27.2    25.7    23.8    20.0
04138 20140723  2.422 -112.54   41.62    36.2    16.8    26.5    29.2     0.0    30.07 C    55.4    13.7    33.5    38.7     6.1    16.0   0.057   0.131   0.230   0.283   0.355    29.1    27.7    26.0    23.9    20.1
04138 20140724  2.422 -112.54   41.62    32.6    18.7    25.6    26.2     0.0    30.23 C    52.9    16.1    31.3    26.8    10.7    17.4   0.056   0.131   0.229   0.284   0.352    29.6    28.3    26.5    24.2    20.2
04138 20140725  2.422 -112.54   41.62    32.3    16.3    24.3    24.3     0.0    29.57 C    52.0    13.2    29.5    25.7     8.0    13.4   0.054   0.129   0.229   0.282   0.368    28.2    27.5    26.2    24.3    20.3
04138 20140726  2.422 -112.54   41.62    34.1    17.7    25.9    25.8     0.0    29.36 C    54.7    14.1    30.5    21.4     7.9    13.5   0.054   0.128   0.228   0.284   0.366    28.5    27.5    26.1    24.3    20.4
04138 20140727  2.422 -112.54   41.62    36.1    16.3    26.2    26.9     0.0    29.37 C    55.1    12.4    31.2    18.9     7.2    12.3   0.053   0.128   0.227   0.283   0.368    28.4    27.4    26.0    24.3    20.6
04138 20140728  2.422 -112.54   41.62    33.5    17.8    25.7    26.0     0.0    22.97 C    54.7    18.8    30.8    80.4    14.4    35.9   0.054   0.128   0.229   0.283   0.372    29.3    28.1    26.4    24.4    20.6
04138 20140729  2.422 -112.54   41.62    21.4    14.5    17.9    18.2     6.6     7.42 C    28.9    14.8    19.7    90.8    61.9    78.6   0.051   0.125   0.226   0.279   0.364    25.3    26.2    25.9    24.6    20.7
04138 20140730  2.422 -112.54   41.62    26.1    14.6    20.4    20.0     0.0    22.41 C    41.4    14.1    23.5    90.6    38.8    63.2   0.055   0.124   0.225   0.282   0.368    24.1    24.5    24.2    24.0    20.8
04138 20140731  2.422 -112.54   41.62    28.1    13.1    20.6    21.2     0.0    23.46 C    46.9    11.7    24.6    70.5    19.9    43.7   0.063   0.125   0.224   0.279   0.366    24.1    24.3    23.8    23.5    20.8
04138 20140801  2.422 -112.54   41.62    31.0    12.5    21.8    23.3     0.0    26.64 C    51.2    11.3    27.8    63.7    13.7    34.0   0.071   0.126   0.225   0.279   0.362    25.2    24.9    24.0    23.2    20.7
04138 20140802  2.422 -112.54   41.62    32.4    14.7    23.5    24.4     0.0    27.12 C    51.8    12.6    28.9    47.4    16.6    28.0   0.076   0.128   0.225   0.278   0.370    25.8    25.5    24.3    23.2    20.7
04138 20140803  2.422 -112.54   41.62    33.0    13.6    23.3    24.8     0.0    23.06 C    53.2    13.0    28.5    48.0    13.6    29.3   0.078   0.129   0.226   0.280   0.370    26.0    25.7    24.6    23.3    20.6
04138 20140804  2.422 -112.54   41.62    27.1    15.9    21.5    20.3     3.0    17.41 C    41.2    15.9    23.2    89.6    34.2    63.9   0.075   0.129   0.225   0.281   0.377    25.0    25.2    24.5    23.4    20.6
04138 20140805  2.422 -112.54   41.62    25.1    14.3    19.7    18.1    65.2    16.58 C    32.5    14.2    19.4    91.7    46.9    79.0   0.166   0.249   0.282   0.280   0.355    22.1    22.8    23.0    23.1    20.6
04138 20140806  2.422 -112.54   41.62    26.2    13.5    19.8    19.7     0.0    26.80 C    32.6    13.1    21.2    91.9    34.3    63.7   0.226   0.297   0.309   0.283   0.363    21.3    21.8    21.9    22.5    20.6
04138 20140807  2.422 -112.54   41.62    23.3    13.0    18.1    18.1     0.0    19.21 C    31.4    13.0    19.6    85.9    42.3    63.6   0.201   0.270   0.297   0.283   0.373    20.5    21.2    21.4    22.0    20.5
04138 20140808  2.422 -112.54   41.62    27.5    12.5    20.0    19.9     0.0    26.14 C    40.1    11.5    23.0    85.0    27.2    55.5   0.191   0.254   0.291   0.283   0.367    21.9    21.8    21.3    21.5    20.3
04138 20140809  2.422 -112.54   41.62    29.5    11.8    20.7    20.5     0.0    26.81 C    44.2    11.2    24.6    79.6    22.4    50.0   0.185   0.243   0.289   0.279   0.355    23.1    22.7    21.9    21.5    20.1
04138 20140810  2.422 -112.54   41.62    31.2    14.0    22.6    23.4     0.0    27.66 C    48.3    12.5    27.1    64.4    15.9    35.5   0.180   0.235   0.285   0.283   0.351    24.0    23.5    22.6    21.7    20.0
04138 20140811  2.422 -112.54   41.62    32.2    14.2    23.2    24.4     0.0    27.53 C    47.9    13.9    28.2    65.2    16.0    34.5   0.177   0.228   0.281   0.283   0.349    25.1    24.6    23.4    21.9    20.0
04138 20140812  2.422 -112.54   41.62    29.0    14.9    22.0    22.1     3.6    14.71 C    45.4    14.7    23.6    91.1    27.5    49.1   0.170   0.220   0.280   0.287   0.357    23.8    24.2    23.7    22.4    20.0
04138 20140813  2.422 -112.54   41.62    28.1    13.5    20.8    21.3     0.0    21.03 C    38.8    13.4    23.1    86.9    34.4    57.5   0.167   0.214   0.278   0.287   0.361    22.5    22.8    22.6    22.3    20.0
04138 20140814  2.422 -112.54   41.62    28.7    16.8    22.7    22.9     0.2    27.55 C    43.7    15.8    26.5    80.1    23.2    50.9   0.168   0.211   0.273   0.286   0.354    24.6    24.1    23.0    22.0    20.0
04138 20140815  2.422 -112.54   41.62    30.3    14.8    22.5    23.7     0.0    27.91 C    43.4    13.7    26.9    71.4    12.7    34.7   0.166   0.207   0.271   0.288   0.344    24.9    24.7    23.6    22.3    20.0
04138 20140816  2.422 -112.54   41.62    31.3    14.0    22.7    23.2     0.0    27.71 C    47.7    11.9    27.0    62.8    13.5    33.2   0.161   0.201   0.269   0.288   0.355    24.8    24.6    23.7    22.5    20.0
04138 20140817  2.422 -112.54   41.62    32.4    13.8    23.1    23.9     0.0    27.37 C    49.2    12.1    27.5    60.7     9.8    28.8   0.158   0.197   0.266   0.289   0.350    24.7    24.7    23.8    22.6    20.0
04138 20140818  2.422 -112.54   41.62    32.5    16.0    24.3    24.6     0.0    26.93 C    49.8    14.6    28.3    43.3     9.4    23.8   0.155   0.193   0.265   0.289   0.342    25.1    25.0    24.1    22.8    20.1
04138 20140819  2.422 -112.54   41.62    25.0    14.3    19.7    21.1     0.0    14.97 C    36.5    14.2    23.8    71.9    30.0    46.1   0.150   0.189   0.261   0.289   0.343    23.9    24.4    24.0    22.9    20.2
04138 20140820  2.422 -112.54   41.62    26.6    14.5    20.5    19.5     2.5    22.86 C    41.6    13.7    23.1    80.1    30.0    56.2   0.147   0.186   0.257   0.289   0.354    23.3    23.6    23.2    22.8    20.3
04138 20140821  2.422 -112.54   41.62    22.9    14.1    18.5    17.2     1.6    15.35 C    33.2    13.4    18.7    85.1    42.9    67.1   0.142   0.182   0.253   0.287   0.349    20.9    21.9    22.4    22.5    20.3
04138 20140822  2.422 -112.54   41.62    20.3     9.4    14.9    15.3     3.4    10.69 C    27.8     9.1    16.2    88.2    49.7    69.7   0.139   0.178   0.249   0.286   0.342    19.1    20.3    21.1    21.9    20.3
04138 20140823  2.422 -112.54   41.62    20.9     7.6    14.2    13.5     0.0    23.68 C    30.7     7.1    16.4    91.3    28.8    64.9   0.138   0.176   0.247   0.286   0.345    18.3    19.1    19.8    21.1    20.2
04138 20140824  2.422 -112.54   41.62    22.8     6.5    14.7    15.3     0.0    25.79 C    37.4     5.6    19.1    87.2    22.7    53.4   0.141   0.176   0.245   0.283   0.331    19.1    19.4    19.5    20.4    20.0
04138 20140825  2.422 -112.54   41.62    22.5    11.9    17.2    17.4     0.7    17.34 C    34.8    10.7    19.1    75.3    36.5    50.3   0.141   0.176   0.244   0.282   0.336    19.4    19.8    19.8    20.2    19.8
04138 20140826  2.422 -112.54   41.62    26.3    11.4    18.8    17.7     8.4    22.01 C    43.4    11.3    21.4    82.0    29.9    55.6   0.142   0.177   0.242   0.282   0.323    20.5    20.5    20.0    20.0    19.6
04138 20140827  2.422 -112.54   41.62    23.2    12.1    17.6    16.8     0.0    23.13 C    31.3    11.7    19.1    88.6    39.7    68.1   0.144   0.177   0.242   0.282   0.333    19.7    20.1    20.0    20.0    19.3
04138 20140828  2.422 -112.54   41.62    26.9    10.6    18.8    18.8     0.0    25.63 C    38.2     9.6    21.3    89.0    22.9    53.4   0.147   0.178   0.242   0.280   0.339    20.2    20.2    19.9    19.9    19.3
04138 20140829  2.422 -112.54   41.62    29.3    11.4    20.4    21.1     0.0    23.86 C    42.7    10.3    23.5    72.1    16.9    39.8   0.147   0.178   0.242   0.280   0.339    21.1    21.0    20.3    19.9    19.1
04138 20140830  2.422 -112.54   41.62    27.5    14.2    20.8    20.7     0.0    15.41 C    39.1    12.4    21.5    62.7    17.3    37.5   0.144   0.176   0.244   0.281   0.334    20.5    20.8    20.6    20.1    19.1
04138 20140831  2.422 -112.54   41.62    22.2    10.0    16.1    16.8     0.0    23.57 C    38.6     8.9    20.9    61.7    21.3    39.3   0.143   0.176   0.240   0.281   0.331    20.7    20.9    20.5    20.1    19.1
04138 20140901  2.422 -112.54   41.62    24.9     8.3    16.6    16.7     0.0    25.36 C    41.3     6.7    20.7    60.6    17.7    36.9   0.140   0.173   0.238   0.279   0.335    19.8    20.2    20.1    20.0    19.0
04138 20140902  2.422 -112.54   41.62    27.8     9.1    18.4    19.2     0.0    24.88 C    42.3     7.5    22.6    57.3    15.3    33.9   0.139   0.172   0.237   0.278   0.342    20.3    20.4    20.1    19.9    18.9
04138 20140903  2.422 -112.54   41.62    27.2    12.9    20.1    19.5     0.0    23.52 C    43.1    10.8    22.9    58.8    11.9    29.9   0.137   0.171   0.236   0.278   0.335    21.0    21.0    20.5    20.0    18.9
04138 20140904  2.422 -112.54   41.62    22.5     9.7    16.1    16.3     0.0    19.55 C    39.7     7.1    19.5    34.1    13.2    20.1   0.134   0.170   0.235   0.278   0.340    19.8    20.3    20.2    20.0    18.8
04138 20140905  2.422 -112.54   41.62    24.3     9.1    16.7    17.4     0.0    17.49 C    42.2     8.1    19.7    44.2    16.4    26.6   0.131   0.168   0.236   0.279   0.339    19.3    19.8    19.8    19.8    18.8
04138 20140906  2.422 -112.54   41.62    28.1    10.1    19.1    21.0     0.0    23.80 C    43.6    10.4    24.5    48.0    18.7    30.9   0.131   0.168   0.232   0.277   0.340    20.6    20.5    19.9    19.6    18.8
04138 20140907  2.422 -112.54   41.62    29.5    13.6    21.5    21.9     0.0    23.77 C    43.9    11.6    24.8    59.4    13.7    32.9   0.130   0.168   0.234   0.279   0.340    21.7    21.6    20.7    19.8    18.6
04138 20140908  2.422 -112.54   41.62    27.5    11.0    19.3    19.5     0.0    17.42 C    44.2    10.1    21.8    70.1    28.9    46.2   0.127   0.166   0.233   0.280   0.341    21.0    21.2    20.7    20.0    18.6
04138 20140909  2.422 -112.54   41.62    24.0    10.4    17.2    16.8     2.7    17.07 C    35.9     9.6    19.0    92.5    37.1    68.8   0.124   0.165   0.230   0.279   0.336    20.1    20.6    20.4    20.0    18.6
04138 20140910  2.422 -112.54   41.62    22.9     7.6    15.3    15.4     0.0    23.73 C    35.6     6.5    18.6    93.2    16.4    49.4   0.122   0.163   0.230   0.278   0.332    18.9    19.5    19.6    19.8    18.6
04138 20140911  2.422 -112.54   41.62    19.8     5.6    12.7    12.6     0.0    23.45 C    35.6     3.1    16.1    54.8    16.0    32.3   0.121   0.161   0.229   0.276   0.330    17.5    18.4    18.9    19.5    18.6
04138 20140912  2.422 -112.54   41.62    19.8     4.7    12.3    11.4     0.0    23.99 C    35.8     1.7    14.9    43.2    11.8    29.7   0.119   0.159   0.228   0.275   0.337    16.0    17.1    17.9    19.0    18.6
04138 20140913  2.422 -112.54   41.62    26.0     5.4    15.7    16.0     0.0    21.74 C    39.3     3.4    18.7    49.9    15.0    30.7   0.120   0.159   0.227   0.275   0.334    17.0    17.5    17.7    18.5    18.5
04138 20140914  2.422 -112.54   41.62    28.1     9.3    18.7    19.4     0.0    20.10 C    42.9     8.1    21.5    49.9    13.2    29.0   0.121   0.160   0.227   0.274   0.334    18.5    18.6    18.2    18.4    18.4
04138 20140915  2.422 -112.54   41.62    29.9    12.1    21.0    20.9     0.0    21.90 C    46.6     9.9    23.4    42.5    14.6    26.5   0.121   0.160   0.228   0.274   0.322    19.7    19.5    18.9    18.5    18.2
04138 20140916  2.422 -112.54   41.62    30.7    11.9    21.3    22.0     0.0    21.83 C    43.7     9.3    24.1    44.7    13.7    28.1   0.119   0.160   0.227   0.274   0.330    20.1    20.0    19.3    18.6    18.1
04138 20140917  2.422 -112.54   41.62    31.6    12.7    22.1    23.9     0.0    21.23 C    44.8    10.4    26.1    54.4    14.5    29.6   0.118   0.160   0.230   0.274   0.333    20.9    20.6    19.8    18.9    18.1
04138 20140918  2.422 -112.54   41.62    30.2    14.1    22.1    21.4     7.3    19.75 C    44.2    12.8    23.7    88.0    20.6    47.8   0.117   0.161   0.230   0.275   0.328    21.6    21.5    20.6    19.3    18.1
04138 20140919  2.422 -112.54   41.62    26.5    10.7    18.6    18.7     0.0    20.28 C    34.4    10.4    19.8    88.8    23.9    55.4   0.115   0.158   0.230   0.274   0.330    19.2    19.9    19.9    19.5    18.1
04138 20140920  2.422 -112.54   41.62    28.6    11.4    20.0    20.0     0.0    21.25 C    40.3     8.5    21.4    57.5    15.6    33.8   0.115   0.157   0.228   0.275   0.339    18.6    19.1    19.1    19.2    18.1
04138 20140921  2.422 -112.54   41.62    20.8    11.6    16.2    16.3     1.0     4.97 C    26.9    11.2    16.0    94.1    36.2    66.9   0.115   0.157   0.227   0.275   0.338    17.3    18.4    18.8    19.1    18.2
04138 20140922  2.422 -112.54   41.62    22.1     9.2    15.6    16.3     0.0    17.93 C    32.5     8.9    18.5    95.1    36.4    66.3   0.117   0.157   0.227   0.273   0.339    17.9    18.1    18.1    18.6    18.1
04138 20140923  2.422 -112.54   41.62    26.0     9.2    17.6    18.1     0.0    19.50 C    38.0     9.3    20.7    80.6    24.0    52.5   0.119   0.157   0.228   0.274   0.336    18.6    18.7    18.4    18.4    18.1
04138 20140924  2.422 -112.54   41.62    29.2    11.2    20.2    20.6     0.0    20.73 C    41.2     9.1    22.3    73.8    17.7    42.0   0.119   0.158   0.228   0.272   0.338    19.1    19.2    18.7    18.4    17.9
04138 20140925  2.422 -112.54   41.62    29.7    10.4    20.0    22.3     0.0    20.57 C    40.1     8.5    23.2    68.2    11.7    32.5   0.120   0.158   0.229   0.272   0.333    19.2    19.3    18.9    18.5    17.9
04138 20140926  2.422 -112.54   41.62    28.8    14.6    21.7    23.0     2.1    19.08 C    40.5    14.1    24.5    87.9    19.2    37.7   0.122   0.159   0.231   0.272   0.333    21.0    20.8    19.7    18.7    17.9
04138 20140927  2.422 -112.54   41.62    16.5    11.5    14.0    13.0    31.6     2.52 C    16.0    10.7    12.8    94.0    61.0    85.9   0.182   0.176   0.228   0.273   0.340    16.4    18.0    18.9    18.9    17.8
04138 20140928  2.422 -112.54   41.62    16.1     8.2    12.1    12.7     0.0     7.84 C    22.3     8.3    13.0    84.9    52.7    70.0   0.227   0.209   0.225   0.270   0.332    13.8    15.1    16.4    18.3    17.9
04138 20140929  2.422 -112.54   41.62    15.8     8.3    12.0    11.5     1.0    15.03 C    22.7     8.1    12.8    93.5    47.4    72.5   0.214   0.215   0.229   0.268   0.335    13.9    14.7    15.6    17.4    17.8
04138 20140930  2.422 -112.54   41.62    15.0     6.2    10.6    10.0     8.7    10.22 C    21.6     4.4    10.8    93.7    53.9    80.2   0.213   0.220   0.233   0.267   0.329    13.3    14.2    15.1    16.8    17.6
04138 20141001  2.422 -112.54   41.62    13.0     2.2     7.6     7.0     0.0    11.76 C    21.5     1.6     7.6    79.3    38.9    62.3   0.224   0.234   0.237   0.266   0.334    10.1    11.8    13.4    16.1    17.4
04138 20141002  2.422 -112.54   41.62    14.5    -0.2     7.1     7.4     0.0    19.04 C    19.0    -0.5     8.2    86.3    33.4    64.3   0.210   0.231   0.246   0.265   0.331     9.3    10.6    12.1    15.1    17.1
04138 20141003  2.422 -112.54   41.62    17.1     1.2     9.1     9.8     0.0    18.87 C    25.3     1.1    10.8    81.2    32.3    58.2   0.197   0.227   0.249   0.264   0.327    10.0    10.9    11.7    14.3    16.8
04138 20141004  2.422 -112.54   41.62    18.8     2.9    10.9    11.0     0.0    18.88 C    26.3     1.7    12.0    82.3    32.1    58.7   0.187   0.222   0.250   0.262   0.330    10.7    11.3    12.0    13.9    16.4
04138 20141005  2.422 -112.54   41.62    20.4     4.3    12.3    12.3     0.0    18.30 C    29.3     3.1    13.6    84.3    30.1    60.9   0.181   0.217   0.251   0.262   0.316    11.5    12.0    12.3    13.7    16.1
04138 20141006  2.422 -112.54   41.62    21.4     4.2    12.8    13.1     0.0    18.34 C    31.9     3.5    14.4    84.0    30.0    58.3   0.175   0.212   0.253   0.262   0.316    12.0    12.4    12.7    13.7    15.8
04138 20141007  2.422 -112.54   41.62    22.4     5.9    14.1    14.0     0.0    18.07 C    32.8     4.9    15.3    82.4    27.5    56.9   0.170   0.207   0.252   0.262   0.320    12.5    12.8    13.0    13.8    15.6
04138 20141008  2.422 -112.54   41.62    23.4     6.8    15.1    14.4     0.0    17.98 C    33.6     4.6    15.6    78.4    19.8    52.1   0.166   0.203   0.253   0.263   0.315    12.8    13.2    13.3    13.9    15.4
04138 20141009  2.422 -112.54   41.62    23.1     6.4    14.7    14.7     0.0    17.72 C    35.1     4.1    15.6    66.9    22.5    46.5   0.162   0.198   0.252   0.263   0.321    12.7    13.1    13.3    14.0    15.2
04138 20141010  2.422 -112.54   41.62    21.5     7.4    14.5    14.1     0.0    17.21 C    32.7     5.4    15.4    62.9    27.3    45.5   0.159   0.194   0.251   0.265   0.317    12.9    13.3    13.5    14.0    15.2
04138 20141011  2.422 -112.54   41.62    18.4     4.3    11.4    12.2     0.0    13.94 C    27.4     2.5    12.4    66.0    23.1    44.1   0.154   0.190   0.250   0.266   0.314    11.9    12.6    13.2    14.0    15.1
04138 20141012  2.422 -112.54   41.62    14.3     0.8     7.5     9.0     0.0    12.47 C    22.6     0.4     9.8    64.3    28.6    47.6   0.149   0.185   0.248   0.265   0.314    10.8    11.9    12.7    13.8    15.0
04138 20141013  2.422 -112.54   41.62    15.0    -1.4     6.8     7.2     0.0    16.23 C    25.8    -2.2     8.8    73.5    27.2    52.2   0.145   0.181   0.245   0.264   0.319     9.0    10.2    11.4    13.4    14.9
04138 20141014  2.422 -112.54   41.62    19.2     0.8    10.0    10.4     0.0    15.69 C    29.1    -0.6    11.1    72.2    21.0    48.3   0.145   0.179   0.244   0.262   0.316     9.6    10.3    11.1    12.9    14.8
04138 20141015  2.422 -112.54   41.62    22.6     7.0    14.8    16.5     0.0    10.67 C    28.7     5.4    15.7    51.0    12.6    26.5   0.146   0.179   0.244   0.262   0.311    12.0    12.1    12.0    12.8    14.6
04138 20141016  2.422 -112.54   41.62    16.3     3.5     9.9     9.1     0.0    13.32 C    27.2     2.0    10.6    62.0    24.0    44.7   0.142   0.176   0.243   0.263   0.313    10.7    11.5    11.9    12.9    14.4
04138 20141017  2.422 -112.54   41.62    19.6     1.0    10.3    10.3     0.0    14.48 C    30.4     0.4    11.7    71.4    31.8    51.5   0.140   0.174   0.241   0.262   0.316    10.2    10.9    11.4    12.7    14.3
04138 20141018  2.422 -112.54   41.62    19.9     3.8    11.8    11.4     0.0    15.04 C    30.9     2.7    12.8    76.0    32.4    55.1   0.139   0.172   0.240   0.263   0.306    10.7    11.3    11.6    12.5    14.2
04138 20141019  2.422 -112.54   41.62    21.1     3.3    12.2    12.0     0.0    15.42 C    31.6     1.6    13.0    77.6    30.1    55.5   0.138   0.170   0.238   0.263   0.306    10.6    11.2    11.5    12.5    14.1
04138 20141020  2.422 -112.54   41.62    21.9     4.2    13.1    14.0     0.0    15.10 C    32.0     2.3    14.6    71.6    27.3    46.0   0.137   0.170   0.239   0.262   0.303    11.1    11.4    11.6    12.5    14.0
04138 20141021  2.422 -112.54   41.62    20.0     2.3    11.1    12.2     0.4    10.20 C    20.0     0.2    11.8    65.7    20.6    43.4   0.137   0.170   0.239   0.262   0.300    12.0    12.4    12.4    12.6    13.8
04138 20141022  2.422 -112.54   41.62    14.2    -1.3     6.4     6.3     0.0    14.64 C    25.7    -2.9     7.7    73.1    28.5    52.0   0.131   0.165   0.235   0.263   0.306     8.5     9.8    11.0    12.6    13.8
04138 20141023  2.422 -112.54   41.62    17.2     1.6     9.4     9.4     0.0     9.59 C    27.2     0.3    10.0    66.0    29.0    47.7   0.131   0.164   0.233   0.261   0.307     9.3     9.9    10.5    12.0    13.7
04138 20141024  2.422 -112.54   41.62    21.9     3.6    12.7    12.8     0.0    14.77 C    29.7     1.0    12.9    62.2    21.2    40.9   0.131   0.164   0.233   0.262   0.309    10.2    10.6    10.8    11.8    13.6
04138 20141025  2.422 -112.54   41.62    22.8     3.2    13.0    15.9     0.0    13.45 C    28.6     1.5    14.9    66.2    21.6    37.1   0.131   0.164   0.233   0.261   0.302    11.0    11.0    11.0    11.8    13.5
04138 20141026  2.422 -112.54   41.62    15.1     1.2     8.2     9.2     0.0    13.21 C    24.3     0.1    10.9    64.1    29.1    45.4   0.131   0.165   0.234   0.262   0.302    11.6    12.1    11.9    12.0    13.3
04138 20141027  2.422 -112.54   41.62     9.4    -3.1     3.1     3.3     0.0    14.28 C    24.0    -4.3     5.4    75.5    30.0    52.2   0.125   0.160   0.232   0.263   0.303     8.0     9.3    10.6    12.0    13.3
04138 20141028  2.422 -112.54   41.62    11.9    -5.0     3.4     3.3     0.0    14.15 C    22.0    -6.5     4.6    75.1    23.5    49.2   0.123   0.158   0.228   0.261   0.300     6.3     7.9     9.4    11.5    13.2
04138 20141029  2.422 -112.54   41.62    15.2    -3.2     6.0     6.0     0.0    12.52 C    23.3    -4.3     6.5    62.5    21.5    44.1   0.122   0.156   0.225   0.259   0.300     6.2     7.3     8.6    10.9    13.1
04138 20141030  2.422 -112.54   41.62    19.4     1.3    10.3    10.1     0.0    13.23 C    29.4    -1.0    10.2    59.7    25.2    41.2   0.123   0.157   0.224   0.259   0.302     7.4     8.0     8.6    10.4    12.9
04138 20141031  2.422 -112.54   41.62    20.7     2.6    11.7    13.3     0.0    11.63 C    28.1     1.4    12.5    63.3    17.1    35.6   0.124   0.158   0.225   0.258   0.301     8.8     9.0     9.2    10.3    12.7
04138 20141101  2.422 -112.54   41.62    18.3     2.9    10.6    10.6     0.8     6.18 C    22.6     0.8     9.0    73.5    23.9    44.2   0.124   0.159   0.227   0.260   0.302     9.3     9.9    10.0    10.5    12.5
04138 20141102  2.422 -112.54   41.62     6.9    -2.7     2.1     2.3     0.0     6.14 C    12.8    -4.1     2.4    84.0    52.6    72.0   0.119   0.155   0.225   0.259   0.300     5.9     7.4     8.8    10.5    12.4
04138 20141103  2.422 -112.54   41.62     7.2    -4.1     1.5     1.9     0.0    11.69 C    17.0    -6.2     3.2    75.2    40.0    59.0   0.118   0.154   0.223   0.257   0.304     5.3     6.6     7.8    10.0    12.3
04138 20141104  2.422 -112.54   41.62     8.2    -6.5     0.9     1.2     0.0    12.13 C    17.3    -7.9     2.2    85.8    43.4    65.7   0.115   0.152   0.220   0.257   0.303     3.6     5.1     6.7     9.4    12.2
04138 20141105  2.422 -112.54   41.62    12.3    -1.9     5.2     5.0     0.0    10.76 C    23.4    -3.2     6.0    75.4    38.8    59.0   0.118   0.152   0.220   0.255   0.308     5.2     5.9     6.7     8.9    12.0
04138 20141106  2.422 -112.54   41.62    13.7    -1.9     5.9     5.0     0.0    10.97 C    22.7    -3.7     5.2    87.4    36.7    66.3   0.117   0.152   0.219   0.255   0.304     4.9     5.8     6.7     8.7    11.7
04138 20141107  2.422 -112.54   41.62    16.0    -0.7     7.7     7.8     0.0    11.95 C    25.0    -1.7     7.8    76.5    31.4    52.7   0.118   0.153   0.221   0.255   0.304     5.9     6.4     6.9     8.5    11.5
04138 20141108  2.422 -112.54   41.62    14.4    -1.5     6.4     5.7     0.0    12.27 C    23.7    -4.2     5.9    79.6    36.1    58.8   0.117   0.152   0.221   0.255   0.301     5.2     6.1     6.9     8.5    11.3
04138 20141109  2.422 -112.54   41.62    16.1    -1.3     7.4     7.9     0.0    11.60 C    23.5    -2.8     7.7    84.7    29.7    55.7   0.117   0.152   0.220   0.255   0.302     5.6     6.2     6.8     8.4    11.2
04138 20141110  2.422 -112.54   41.62    11.8    -5.8     3.0     3.1     0.0     9.66 C    19.5    -8.1     3.7    64.0    29.8    49.2   0.117   0.153   0.219   0.256   0.303     5.5     6.6     7.2     8.4    11.0
04138 20141111  2.422 -112.54   41.62     2.8    -8.5    -2.8    -2.9     0.0    11.63 C    12.4   -10.1    -1.7    67.0    31.9    48.9   0.112   0.148   0.216   0.255   0.304     1.5     3.5     5.5     8.1    10.9
04138 20141112  2.422 -112.54   41.62    -2.1   -11.2    -6.7    -7.3     0.0    11.95 C     8.2   -12.7    -5.8    52.4    28.8    39.9 -99.000   0.142   0.214   0.252   0.304    -0.3     1.9     4.2     7.4    10.8
04138 20141113  2.422 -112.54   41.62    -4.3   -10.7    -7.5    -7.2     1.9     3.44 C    -3.5   -12.1    -6.6    89.3    39.0    72.4 -99.000   0.136   0.212   0.252   0.300    -1.4     0.5     2.8     6.6    10.5
04138 20141114  2.422 -112.54   41.62     6.4    -5.3     0.6     0.4     3.3     4.13 C     4.6    -5.2     0.1    94.4    60.1    82.7 -99.000   0.140   0.212   0.249   0.295     0.7     1.5     2.7     5.8    10.3
04138 20141115  2.422 -112.54   41.62     0.8   -12.5    -5.8    -5.7     0.3    11.02 C     2.2   -13.0    -4.4    93.4    50.8    66.3 -99.000   0.144   0.213   0.250   0.296     0.6     1.9     3.1     5.6     9.9
04138 20141116  2.422 -112.54   41.62    -3.4   -14.1    -8.8    -9.3     0.0    11.14 C     4.6   -14.5    -7.6    81.4    47.1    64.0 -99.000 -99.000   0.200   0.249   0.290    -2.9    -0.6     1.7     5.2     9.6
04138 20141117  2.422 -112.54   41.62    -1.9   -14.3    -8.1    -8.4     0.0    10.87 C     4.4   -14.8    -7.0    83.6    57.1    74.7 -99.000 -99.000   0.183   0.248   0.293    -3.9    -1.7     0.6     4.5     9.4
04138 20141118  2.422 -112.54   41.62     2.6   -13.3    -5.3    -5.8     0.0    10.22 C     8.3   -13.6    -5.2    84.7    33.9    69.4 -99.000 -99.000 -99.000   0.244   0.286    -4.0    -2.1    -0.1     3.8     9.1
04138 20141119  2.422 -112.54   41.62     5.0    -8.5    -1.8    -1.9     0.0     9.62 C    10.9   -10.0    -2.0    74.3    40.3    62.2 -99.000 -99.000 -99.000   0.244   0.296    -3.0    -1.9    -0.3     3.3     8.7
04138 20141120  2.422 -112.54   41.62     6.4    -4.5     0.9    -0.1     0.0     7.36 C    13.0    -5.5    -0.4    80.3    39.4    63.5 -99.000 -99.000   0.186   0.243   0.286    -1.7    -1.0     0.0     3.0     8.4
04138 20141121  2.422 -112.54   41.62     8.1    -6.2     0.9     0.5     0.0    10.28 C    14.5    -6.9     0.3    76.8    35.2    62.5 -99.000 -99.000   0.186   0.244   0.287    -1.6    -0.8     0.2     2.8     8.1
04138 20141122  2.422 -112.54   41.62     8.0    -1.3     3.4     2.0     7.7     2.03 C     4.6    -2.0     0.5    92.9    38.6    74.5 -99.000 -99.000   0.185   0.243   0.282    -0.7    -0.3     0.5     2.8     7.8
04138 20141123  2.422 -112.54   41.62     3.6    -3.6     0.0     0.0     0.0     7.64 C     6.1    -3.3    -0.3    81.0    43.9    62.7 -99.000   0.128   0.185   0.243   0.287    -0.4     0.2     0.8     2.8     7.5
04138 20141124  2.422 -112.54   41.62     3.5    -5.6    -1.0    -0.4     0.0    10.28 C     6.4    -4.8    -0.3    79.3    44.0    61.9 -99.000   0.127   0.184   0.243   0.282    -0.9     0.1     0.9     2.9     7.3
04138 20141125  2.422 -112.54   41.62     8.7    -4.4     2.1     3.2     0.0     2.81 C     6.1    -3.9     1.6    82.6    43.1    59.7 -99.000   0.128   0.185   0.244   0.287    -0.7     0.0     0.8     2.8     7.2
04138 20141126  2.422 -112.54   41.62    12.2    -0.1     6.0     6.3     0.0     9.95 C    14.0    -1.2     4.5    71.2    36.0    56.8 -99.000   0.144   0.201   0.244   0.282     1.0     1.1     1.3     2.8     7.0
04138 20141127  2.422 -112.54   41.62    12.8    -0.9     5.9     4.9     0.0     6.18 C    16.3    -1.7     3.2    79.3    25.7    57.3   0.131   0.151   0.212   0.244   0.278     1.3     1.7     1.9     3.0     6.9
04138 20141128  2.422 -112.54   41.62    13.7     0.9     7.3     6.0     0.0     7.05 C    17.3    -0.3     4.1    62.3    21.2    45.6   0.135   0.153   0.213   0.244   0.281     1.7     2.1     2.2     3.3     6.8
04138 20141129  2.422 -112.54   41.62    13.2     5.3     9.2     8.3     0.0     6.76 C    14.6     3.1     6.3    56.5    19.3    34.2   0.139   0.156   0.215   0.243   0.280     2.6     2.7     2.7     3.5     6.8
04138 20141130  2.422 -112.54   41.62     6.2    -3.2     1.5     0.4     3.6     3.10 C     5.3    -4.1     0.6    92.2    42.8    63.1   0.139   0.157   0.215   0.244   0.280     2.1     2.7     3.1     3.8     6.8
04138 20141201  2.422 -112.54   41.62     5.9    -3.0     1.4     0.9     0.0     6.52 C     8.9    -3.1     1.3    93.8    62.1    85.6   0.137   0.157   0.213   0.245   0.281     1.9     2.4     2.8     3.9     6.8
04138 20141202  2.422 -112.54   41.62     8.5    -2.6     2.9     3.0     0.0     6.78 C    13.0    -2.4     2.5    85.4    51.8    73.8   0.139   0.157   0.214   0.246   0.279     1.7     2.3     2.7     3.9     6.8
04138 20141203  2.422 -112.54   41.62    10.0    -1.2     4.4     4.0     0.0     5.54 C    12.7    -1.5     3.9    90.5    58.6    78.5   0.144   0.159   0.216   0.246   0.279     2.8     3.0     3.0     3.9     6.8
04138 20141204  2.422 -112.54   41.62    11.4    -1.6     4.9     4.2     0.0     7.66 C    17.0    -1.7     3.9    94.4    56.7    81.0   0.145   0.161   0.217   0.246   0.281     3.0     3.3     3.4     4.1     6.7
04138 20141205  2.422 -112.54   41.62     9.8    -1.0     4.4     4.0     0.0     7.13 C    16.6    -1.8     3.9    93.4    62.2    83.8   0.144   0.161   0.217   0.247   0.281     2.6     3.1     3.4     4.3     6.7
04138 20141206  2.422 -112.54   41.62    10.8     0.4     5.6     4.8     0.0     7.85 C    14.8    -1.3     4.4    92.3    49.6    79.0   0.145   0.162   0.218   0.246   0.280     3.0     3.4     3.6     4.3     6.7
04138 20141207  2.422 -112.54   41.62    10.9    -0.9     5.0     4.0     0.0     8.80 C    16.9    -1.8     4.0    90.2    50.2    77.4   0.143   0.162   0.218   0.247   0.280     2.3     3.0     3.4     4.4     6.7
04138 20141208  2.422 -112.54   41.62    10.3    -2.2     4.1     2.9     0.0     6.95 C    16.5    -3.0     2.4    89.4    50.2    78.0   0.140   0.162   0.216   0.247   0.286     1.9     2.6     3.2     4.4     6.8
04138 20141209  2.422 -112.54   41.62     9.4    -2.0     3.7     2.8     0.0     7.94 C    14.6    -2.8     2.6    87.0    51.8    75.8   0.138   0.161   0.215   0.247   0.287     1.5     2.3     2.9     4.3     6.7
04138 20141210  2.422 -112.54   41.62     9.3    -4.1     2.6     1.6     0.0     8.02 C    15.5    -4.7     1.4    89.3    52.0    77.0   0.135   0.160   0.216   0.246   0.286     0.8     1.7     2.6     4.1     6.7
04138 20141211  2.422 -112.54   41.62    13.6    -2.8     5.4     6.9     0.0     6.89 C    17.8    -3.2     5.5    81.5    33.2    56.1   0.138   0.160   0.216   0.246   0.284     1.6     2.0     2.4     3.9     6.7
04138 20141212  2.422 -112.54   41.62    14.0     1.8     7.9    10.4     0.0     4.03 C    12.9     0.1     8.1    76.1    26.0    42.6   0.142   0.163   0.217   0.245   0.287     4.0     3.8     3.5     4.0     6.6
04138 20141213  2.422 -112.54   41.62     5.4    -0.2     2.6     2.2    10.2     3.02 C     5.9     0.0     2.5    93.5    70.7    84.0   0.157   0.163   0.220   0.247   0.284     3.7     4.1     4.1     4.3     6.6
04138 20141214  2.422 -112.54   41.62     0.8    -3.6    -1.4    -0.5     0.0     3.30 C     3.9    -3.7    -0.2    87.5    63.3    72.2   0.170   0.164   0.219   0.249   0.283     1.7     2.6     3.4     4.5     6.6
04138 20141215  2.422 -112.54   41.62     2.0    -6.4    -2.2    -2.5     0.5     8.61 C     6.3    -6.5    -1.9    92.4    59.7    81.7   0.165   0.165   0.217   0.246   0.280     0.5     1.6     2.6     4.2     6.6
04138 20141216  2.422 -112.54   41.62     1.9    -5.3    -1.7    -1.3     0.0     3.74 C     3.5    -6.1    -1.4    94.8    66.9    84.0   0.161   0.167   0.217   0.247   0.282     0.2     1.1     2.0     3.9     6.6
04138 20141217  2.422 -112.54   41.62     3.4    -5.0    -0.8    -1.3     0.0     5.13 C     6.0    -5.5    -1.3    89.2    54.0    79.7 -99.000   0.162   0.216   0.246   0.282     0.0     0.9     1.7     3.6     6.5
04138 20141218  2.422 -112.54   41.62     3.7    -4.5    -0.4    -1.2     0.0     7.75 C     8.1    -4.9    -0.8    91.2    65.3    84.0 -99.000   0.160   0.216   0.247   0.283    -0.1     0.7     1.5     3.4     6.4
04138 20141219  2.422 -112.54   41.62     3.6    -4.4    -0.4     0.2     0.5     5.41 C     8.0    -4.7     0.5    94.4    67.3    85.7 -99.000   0.160   0.215   0.245   0.281    -0.1     0.6     1.4     3.2     6.3
04138 20141220  2.422 -112.54   41.62     2.3    -0.2     1.0     1.1     2.3     1.71 C     2.8    -0.4     0.9    96.6    89.7    94.2   0.144   0.161   0.215   0.244   0.283     0.4     0.9     1.4     3.0     6.2
04138 20141221  2.422 -112.54   41.62     9.6     0.4     5.0     4.5    11.9     4.10 C    10.4    -0.1     3.9    93.6    64.9    81.5   0.223   0.177   0.218   0.242   0.279     2.2     2.1     1.9     3.0     6.1
04138 20141222  2.422 -112.54   41.62     7.0    -2.7     2.2     2.8     0.0     4.65 C    10.1    -3.2     2.1    80.5    52.2    68.8   0.226   0.215   0.219   0.244   0.277     2.2     2.6     2.7     3.3     6.0
04138 20141223  2.422 -112.54   41.62     2.1    -6.6    -2.3    -2.5     0.0     8.73 C     5.9    -6.0    -2.0    84.3    42.9    64.6   0.210   0.219   0.220   0.246   0.279     0.5     1.4     2.1     3.4     5.9
04138 20141224  2.422 -112.54   41.62     1.1    -7.5    -3.2    -2.5     0.7     4.50 C     2.6    -7.3    -2.1    88.8    57.2    76.1 -99.000   0.211   0.222   0.246   0.283    -0.1     0.7     1.5     3.2     5.9
04138 20141225  2.422 -112.54   41.62    -0.8    -6.1    -3.5    -2.7     0.9     4.23 C    -0.5    -9.2    -3.1    90.9    64.0    76.1 -99.000   0.205   0.224   0.245   0.281    -0.1     0.5     1.2     2.9     5.9
04138 20141226  2.422 -112.54   41.62    -2.1    -9.0    -5.6    -5.4     0.0     9.09 C    -0.2    -9.6    -6.0    67.6    49.5    59.8 -99.000   0.211   0.224   0.244   0.280    -0.3     0.4     1.1     2.8     5.8
04138 20141227  2.422 -112.54   41.62    -3.5   -13.5    -8.5    -6.5     0.0     6.08 C     0.2   -14.0    -6.7    84.0    54.0    67.6 -99.000 -99.000   0.221   0.244   0.278    -0.9     0.0     0.8     2.6     5.7
04138 20141228  2.422 -112.54   41.62    -0.5    -7.6    -4.1    -4.0     0.8     4.73 C     0.4    -9.8    -4.6    92.6    53.5    71.6 -99.000 -99.000   0.207   0.242   0.276    -0.9    -0.2     0.5     2.4     5.6
04138 20141229  2.422 -112.54   41.62    -2.5   -12.3    -7.4    -6.6     0.0     5.37 C     1.1   -13.9    -7.1    92.3    51.6    72.7 -99.000 -99.000   0.211   0.242   0.280    -1.1    -0.4     0.3     2.2     5.5
04138 20141230  2.422 -112.54   41.62    -8.9   -15.3   -12.1   -11.7     0.0     9.18 C    -6.6   -16.5   -12.6    62.8    36.5    48.1 -99.000 -99.000 -99.000   0.242   0.278    -2.2    -1.0     0.0     2.0     5.4
04138 20141231  2.422 -112.54   41.62    -5.8   -14.8   -10.3   -10.5     0.0     8.01 C    -3.1   -16.8   -11.8    54.1    34.1    45.6 -99.000 -99.000 -99.000   0.243   0.273    -3.6    -2.0    -0.6     1.8     5.3
