63856 20060101  1.201  -81.46   30.81    18.9    15.2    17.1    16.9     1.0     4.42 R -9999.0 -9999.0    17.1 -9999.0 -9999.0 -9999.0 -99.000 -99.000 -99.000 -99.000 -99.000 -9999.0 -9999.0 -9999.0 -9999.0 -9999.0
63856 20060102  1.201  -81.46   30.81    24.4    16.3    20.4    18.7    61.1     7.45 R -9999.0 -9999.0    19.3 -9999.0 -9999.0 -9999.0 -99.000 -99.000 -99.000 -99.000 -99.000 -9999.0 -9999.0 -9999.0 -9999.0 -9999.0
63856 20060103  1.201  -81.46   30.81    22.1     9.3    15.7    17.5     0.7    13.56 R -9999.0 -9999.0    16.9 -9999.0 -9999.0 -9999.0 -99.000 -99.000 -99.000 -99.000 -99.000 -9999.0 -9999.0 -9999.0 -9999.0 -9999.0
63856 20060104  1.201  -81.46   30.81    20.1     7.3    13.7    12.2     0.0    13.52 R -9999.0 -9999.0    12.4 -9999.0 -9999.0 -9999.0 -99.000 -99.000 -99.000 -99.000 -99.000 -9999.0 -9999.0 -9999.0 -9999.0 -9999.0
63856 20060105  1.201  -81.46   30.81    22.4    10.3    16.4    15.3     0.0    10.99 R -9999.0 -9999.0    15.1 -9999.0 -9999.0 -9999.0 -99.000 -99.000 -99.000 -99.000 -99.000 -9999.0 -9999.0 -9999.0 -9999.0 -9999.0
63856 20060106  1.201  -81.46   30.81    12.4     5.6     9.0     9.1     0.0    10.93 R -9999.0 -9999.0    10.3 -9999.0 -9999.0 -9999.0 -99.000 -99.000 -99.000 -99.000 -99.000 -9999.0 -9999.0 -9999.0 -9999.0 -9999.0
63856 20060107  1.201  -81.46   30.81    10.4     1.5     6.0     5.4     0.0    12.70 R -9999.0 -9999.0     5.9 -9999.0 -9999.0 -9999.0 -99.000 -99.000 -99.000 -99.000 -99.000 -9999.0 -9999.0 -9999.0 -9999.0 -9999.0
63856 20060108  1.201  -81.46   30.81    16.7     1.3     9.0     9.4     0.0    14.03 R -9999.0 -9999.0     9.3 -9999.0 -9999.0 -9999.0 -99.000 -99.000 -99.000 -99.000 -99.000 -9999.0 -9999.0 -9999.0 -9999.0 -9999.0
63856 20060109  1.201  -81.46   30.81    20.2     2.0    11.1    11.2     0.0    14.14 R -9999.0 -9999.0    10.7 -9999.0 -9999.0 -9999.0 -99.000 -99.000 -99.000 -99.000 -99.000 -9999.0 -9999.0 -9999.0 -9999.0 -9999.0
63856 20060110  1.201  -81.46   30.81    19.7     5.6    12.7    13.2     0.0    11.81 R -9999.0 -9999.0    13.5 -9999.0 -9999.0 -9999.0 -99.000 -99.000 -99.000 -99.000 -99.000 -9999.0 -9999.0 -9999.0 -9999.0 -9999.0
63856 20060111  1.201  -81.46   30.81    24.1    12.5    18.3    16.3     0.0     8.08 R -9999.0 -9999.0    16.2 -9999.0 -9999.0 -9999.0 -99.000 -99.000 -99.000 -99.000 -99.000 -9999.0 -9999.0 -9999.0 -9999.0 -9999.0
63856 20060112  1.201  -81.46   30.81    22.3     9.9    16.1    15.3     0.0    13.34 R -9999.0 -9999.0    16.0 -9999.0 -9999.0 -9999.0 -99.000 -99.000 -99.000 -99.000 -99.000 -9999.0 -9999.0 -9999.0 -9999.0 -9999.0
63856 20060113  1.201  -81.46   30.81    21.8    11.6    16.7    16.4    17.8     5.56 R -9999.0 -9999.0    16.3 -9999.0 -9999.0 -9999.0 -99.000 -99.000 -99.000 -99.000 -99.000 -9999.0 -9999.0 -9999.0 -9999.0 -9999.0
63856 20060114  1.201  -81.46   30.81    13.1     4.8     9.0     9.1     0.0    12.47 R -9999.0 -9999.0     9.4 -9999.0 -9999.0 -9999.0 -99.000 -99.000 -99.000 -99.000 -99.000 -9999.0 -9999.0 -9999.0 -9999.0 -9999.0
63856 20060115  1.201  -81.46   30.81    15.7     1.8     8.8     7.0     0.0    14.75 R -9999.0 -9999.0     8.4 -9999.0 -9999.0 -9999.0 -99.000 -99.000 -99.000 -99.000 -99.000 -9999.0 -9999.0 -9999.0 -9999.0 -9999.0
63856 20060116  1.201  -81.46   30.81    19.9     5.4    12.7    12.5     0.0    11.81 R -9999.0 -9999.0    13.2 -9999.0 -9999.0 -9999.0 -99.000 -99.000 -99.000 -99.000 -99.000 -9999.0 -9999.0 -9999.0 -9999.0 -9999.0
63856 20060117  1.201  -81.46   30.81    19.7     7.3    13.5    14.2     0.6    12.39 R -9999.0 -9999.0    14.6 -9999.0 -9999.0 -9999.0 -99.000 -99.000 -99.000 -99.000 -99.000 -9999.0 -9999.0 -9999.0 -9999.0 -9999.0
63856 20060118  1.201  -81.46   30.81    13.7     0.2     7.0     8.8     0.3    15.65 R -9999.0 -9999.0     9.5 -9999.0 -9999.0 -9999.0 -99.000 -99.000 -99.000 -99.000 -99.000 -9999.0 -9999.0 -9999.0 -9999.0 -9999.0
63856 20060119  1.201  -81.46   30.81    14.7    -1.2     6.8     6.4     0.0    15.68 R -9999.0 -9999.0     7.1 -9999.0 -9999.0 -9999.0 -99.000 -99.000 -99.000 -99.000 -99.000 -9999.0 -9999.0 -9999.0 -9999.0 -9999.0
63856 20060120  1.201  -81.46   30.81    20.2     3.9    12.1    13.3     0.0    14.33 R -9999.0 -9999.0    14.3 -9999.0 -9999.0 -9999.0 -99.000 -99.000 -99.000 -99.000 -99.000 -9999.0 -9999.0 -9999.0 -9999.0 -9999.0
63856 20060121  1.201  -81.46   30.81    23.2    13.1    18.2    17.6     0.0    11.79 R -9999.0 -9999.0    18.3 -9999.0 -9999.0 -9999.0 -99.000 -99.000 -99.000 -99.000 -99.000 -9999.0 -9999.0 -9999.0 -9999.0 -9999.0
63856 20060122  1.201  -81.46   30.81    20.9    14.1    17.5    16.8     0.0     6.81 R -9999.0 -9999.0    17.9 -9999.0 -9999.0 -9999.0 -99.000 -99.000 -99.000 -99.000 -99.000 -9999.0 -9999.0 -9999.0 -9999.0 -9999.0
63856 20060123  1.301  -81.46   30.81 -9999.0 -9999.0 -9999.0 -9999.0 -9999.0 -9999.00 U -9999.0 -9999.0 -9999.0 -9999.0 -9999.0 -9999.0 -99.000 -99.000 -99.000 -99.000 -99.000 -9999.0 -9999.0 -9999.0 -9999.0 -9999.0
63856 20060124  1.301  -81.46   30.81    23.0    11.5    17.2    18.4     0.5     7.14 R    30.6     8.0    18.1 -9999.0 -9999.0 -9999.0 -99.000 -99.000 -99.000 -99.000 -99.000 -9999.0 -9999.0 -9999.0 -9999.0 -9999.0
63856 20060125  1.301  -81.46   30.81    18.3     5.4    11.8    11.9     0.0    15.99 R    29.8     0.8    11.4 -9999.0 -9999.0 -9999.0 -99.000 -99.000 -99.000 -99.000 -99.000 -9999.0 -9999.0 -9999.0 -9999.0 -9999.0
63856 20060126  1.301  -81.46   30.81    12.8     1.2     7.0     6.7     0.0    15.97 R    28.6    -1.5     7.5 -9999.0 -9999.0 -9999.0 -99.000 -99.000 -99.000 -99.000 -99.000 -9999.0 -9999.0 -9999.0 -9999.0 -9999.0
63856 20060127  1.301  -81.46   30.81    14.9     1.8     8.4    11.5     0.0    15.08 R    29.8    -1.3    11.9 -9999.0 -9999.0 -9999.0 -99.000 -99.000 -99.000 -99.000 -99.000 -9999.0 -9999.0 -9999.0 -9999.0 -9999.0
63856 20060128  1.301  -81.46   30.81    17.5     7.5    12.5    13.3     0.0    14.71 R    32.9     3.5    13.9 -9999.0 -9999.0 -9999.0 -99.000 -99.000 -99.000 -99.000 -99.000 -9999.0 -9999.0 -9999.0 -9999.0 -9999.0
63856 20060129  1.301  -81.46   30.81    21.3    12.3    16.8    16.7    11.9     4.57 R    31.7     8.4    16.2 -9999.0 -9999.0 -9999.0 -99.000 -99.000 -99.000 -99.000 -99.000 -9999.0 -9999.0 -9999.0 -9999.0 -9999.0
63856 20060130  1.301  -81.46   30.81    20.1    15.2    17.7    17.4     1.6     4.36 R    23.4    12.4    17.0 -9999.0 -9999.0 -9999.0 -99.000 -99.000 -99.000 -99.000 -99.000 -9999.0 -9999.0 -9999.0 -9999.0 -9999.0
63856 20060131  1.301  -81.46   30.81    17.7     6.9    12.3    12.2     0.0    16.67 R    29.8     3.0    12.5 -9999.0 -9999.0 -9999.0 -99.000 -99.000 -99.000 -99.000 -99.000 -9999.0 -9999.0 -9999.0 -9999.0 -9999.0
63856 20060201  1.301  -81.46   30.81    15.6     2.3     8.9    10.1     0.0    16.66 R    31.5    -0.3    10.5 -9999.0 -9999.0 -9999.0 -99.000 -99.000 -99.000 -99.000 -99.000 -9999.0 -9999.0 -9999.0 -9999.0 -9999.0
63856 20060202  1.301  -81.46   30.81    18.8     7.6    13.2    14.6    39.0     7.01 R    31.6     4.1    14.6 -9999.0 -9999.0 -9999.0 -99.000 -99.000 -99.000 -99.000 -99.000 -9999.0 -9999.0 -9999.0 -9999.0 -9999.0
63856 20060203  1.301  -81.46   30.81    19.3    14.3    16.8    16.2    17.2     5.82 R    24.2    13.3    16.8 -9999.0 -9999.0 -9999.0 -99.000 -99.000 -99.000 -99.000 -99.000 -9999.0 -9999.0 -9999.0 -9999.0 -9999.0
63856 20060204  1.301  -81.46   30.81    20.3     9.3    14.8    15.7     2.4     9.06 R    25.4     6.3    15.4 -9999.0 -9999.0 -9999.0 -99.000 -99.000 -99.000 -99.000 -99.000 -9999.0 -9999.0 -9999.0 -9999.0 -9999.0
63856 20060205  1.301  -81.46   30.81    13.6     0.7     7.1     7.6     0.0    17.53 R    26.8    -1.0     8.3 -9999.0 -9999.0 -9999.0 -99.000 -99.000 -99.000 -99.000 -99.000 -9999.0 -9999.0 -9999.0 -9999.0 -9999.0
63856 20060206  1.301  -81.46   30.81    16.1    -0.1     8.0     9.5     0.0    17.17 R    31.2    -2.7    10.4 -9999.0 -9999.0 -9999.0 -99.000 -99.000 -99.000 -99.000 -99.000 -9999.0 -9999.0 -9999.0 -9999.0 -9999.0
63856 20060207  1.301  -81.46   30.81    14.8     2.6     8.7    10.8     1.7     3.45 R    17.2     0.5     9.8 -9999.0 -9999.0 -9999.0 -99.000 -99.000 -99.000 -99.000 -99.000 -9999.0 -9999.0 -9999.0 -9999.0 -9999.0
63856 20060208  1.301  -81.46   30.81    15.1     1.5     8.3     7.3     0.0    17.88 R    29.2    -1.0     7.9 -9999.0 -9999.0 -9999.0 -99.000 -99.000 -99.000 -99.000 -99.000 -9999.0 -9999.0 -9999.0 -9999.0 -9999.0
63856 20060209  1.301  -81.46   30.81    15.5     1.1     8.3     7.2     0.0    16.44 R    29.8    -2.1     7.0 -9999.0 -9999.0 -9999.0 -99.000 -99.000 -99.000 -99.000 -99.000 -9999.0 -9999.0 -9999.0 -9999.0 -9999.0
63856 20060210  1.301  -81.46   30.81    13.9     0.1     7.0     9.0     0.0    17.30 R    31.0    -2.6    10.1 -9999.0 -9999.0 -9999.0 -99.000 -99.000 -99.000 -99.000 -99.000 -9999.0 -9999.0 -9999.0 -9999.0 -9999.0
63856 20060211  1.301  -81.46   30.81    14.8     6.3    10.5    11.3     5.2     2.57 R    15.6     4.4    10.6 -9999.0 -9999.0 -9999.0 -99.000 -99.000 -99.000 -99.000 -99.000 -9999.0 -9999.0 -9999.0 -9999.0 -9999.0
63856 20060212  1.301  -81.46   30.81     9.3     1.2     5.2     4.8     0.0    15.48 R    25.9    -2.1     5.8 -9999.0 -9999.0 -9999.0 -99.000 -99.000 -99.000 -99.000 -99.000 -9999.0 -9999.0 -9999.0 -9999.0 -9999.0
63856 20060213  1.301  -81.46   30.81     9.7    -1.7     4.0     3.5     0.0    18.13 R    24.7    -4.9     4.7 -9999.0 -9999.0 -9999.0 -99.000 -99.000 -99.000 -99.000 -99.000 -9999.0 -9999.0 -9999.0 -9999.0 -9999.0
63856 20060214  1.301  -81.46   30.81    12.8    -4.2     4.3     4.8     0.0    18.74 R    30.5    -6.6     5.9 -9999.0 -9999.0 -9999.0 -99.000 -99.000 -99.000 -99.000 -99.000 -9999.0 -9999.0 -9999.0 -9999.0 -9999.0
63856 20060215  1.301  -81.46   30.81    17.0     1.0     9.0     9.1     0.0    18.26 R    34.2    -2.4    10.1 -9999.0 -9999.0 -9999.0 -99.000 -99.000 -99.000 -99.000 -99.000 -9999.0 -9999.0 -9999.0 -9999.0 -9999.0
63856 20060216  1.301  -81.46   30.81    20.4     6.7    13.5    14.4     0.0    17.84 R    37.2     3.8    16.1 -9999.0 -9999.0 -9999.0 -99.000 -99.000 -99.000 -99.000 -99.000 -9999.0 -9999.0 -9999.0 -9999.0 -9999.0
63856 20060217  1.301  -81.46   30.81    21.7     8.4    15.0    14.7     0.0    16.90 R    39.3     6.9    17.3 -9999.0 -9999.0 -9999.0 -99.000 -99.000 -99.000 -99.000 -99.000 -9999.0 -9999.0 -9999.0 -9999.0 -9999.0
63856 20060218  1.301  -81.46   30.81    26.9    10.4    18.6    17.9     1.2    15.52 R    42.2     8.3    19.9 -9999.0 -9999.0 -9999.0 -99.000 -99.000 -99.000 -99.000 -99.000 -9999.0 -9999.0 -9999.0 -9999.0 -9999.0
63856 20060219  1.301  -81.46   30.81    13.0     8.8    10.9     9.9     0.6     5.24 R    18.8     9.4    11.5 -9999.0 -9999.0 -9999.0 -99.000 -99.000 -99.000 -99.000 -99.000 -9999.0 -9999.0 -9999.0 -9999.0 -9999.0
63856 20060220  1.301  -81.46   30.81    14.2     9.0    11.6    11.6     0.0     6.14 R    23.1    10.0    14.1 -9999.0 -9999.0 -9999.0 -99.000 -99.000 -99.000 -99.000 -99.000 -9999.0 -9999.0 -9999.0 -9999.0 -9999.0
63856 20060221  1.301  -81.46   30.81    22.2    11.8    17.0    15.6     0.0     9.03 R    36.4     9.4    17.3 -9999.0 -9999.0 -9999.0 -99.000 -99.000 -99.000 -99.000 -99.000 -9999.0 -9999.0 -9999.0 -9999.0 -9999.0
63856 20060222  1.301  -81.46   30.81    27.6    13.7    20.6    19.9     0.0    17.26 R    43.9    11.4    21.9 -9999.0 -9999.0 -9999.0 -99.000 -99.000 -99.000 -99.000 -99.000 -9999.0 -9999.0 -9999.0 -9999.0 -9999.0
63856 20060223  1.301  -81.46   30.81    20.7    12.2    16.5    16.9     3.7     4.48 R    24.2    10.6    17.1 -9999.0 -9999.0 -9999.0 -99.000 -99.000 -99.000 -99.000 -99.000 -9999.0 -9999.0 -9999.0 -9999.0 -9999.0
63856 20060224  1.301  -81.46   30.81    17.4     6.6    12.0    13.0     0.0    17.65 R    37.1     4.2    14.4 -9999.0 -9999.0 -9999.0 -99.000 -99.000 -99.000 -99.000 -99.000 -9999.0 -9999.0 -9999.0 -9999.0 -9999.0
63856 20060225  1.301  -81.46   30.81    18.2    13.7    16.0    15.4     7.5     3.43 R    21.2    11.9    15.4 -9999.0 -9999.0 -9999.0 -99.000 -99.000 -99.000 -99.000 -99.000 -9999.0 -9999.0 -9999.0 -9999.0 -9999.0
63856 20060226  1.301  -81.46   30.81    16.0     7.3    11.7    12.0     8.8    14.95 R    29.4     3.5    13.8 -9999.0 -9999.0 -9999.0 -99.000 -99.000 -99.000 -99.000 -99.000 -9999.0 -9999.0 -9999.0 -9999.0 -9999.0
63856 20060227  1.301  -81.46   30.81    14.6     1.6     8.1     9.0     0.0    20.33 R    32.7     0.1    11.5 -9999.0 -9999.0 -9999.0 -99.000 -99.000 -99.000 -99.000 -99.000 -9999.0 -9999.0 -9999.0 -9999.0 -9999.0
63856 20060228  1.301  -81.46   30.81    22.2     3.5    12.9    12.5     0.0    19.19 R    38.2     1.3    13.7 -9999.0 -9999.0 -9999.0 -99.000 -99.000 -99.000 -99.000 -99.000 -9999.0 -9999.0 -9999.0 -9999.0 -9999.0
63856 20060301  1.301  -81.46   30.81    24.8     7.4    16.1    14.9     0.0    20.57 R    41.1     3.7    16.2 -9999.0 -9999.0 -9999.0 -99.000 -99.000 -99.000 -99.000 -99.000 -9999.0 -9999.0 -9999.0 -9999.0 -9999.0
63856 20060302  1.301  -81.46   30.81    27.3    11.9    19.6    19.5     0.0    17.85 R    43.2     8.5    20.5 -9999.0 -9999.0 -9999.0 -99.000 -99.000 -99.000 -99.000 -99.000 -9999.0 -9999.0 -9999.0 -9999.0 -9999.0
63856 20060303  1.301  -81.46   30.81    26.1     9.8    18.0    18.5     0.0    19.39 R    41.3     6.7    19.9 -9999.0 -9999.0 -9999.0 -99.000 -99.000 -99.000 -99.000 -99.000 -9999.0 -9999.0 -9999.0 -9999.0 -9999.0
63856 20060304  1.301  -81.46   30.81    12.9     2.9     7.9    10.0     0.0    21.21 R    32.3     0.7    12.8 -9999.0 -9999.0 -9999.0 -99.000 -99.000 -99.000 -99.000 -99.000 -9999.0 -9999.0 -9999.0 -9999.0 -9999.0
63856 20060305  1.301  -81.46   30.81    17.4     2.7    10.0    10.2     0.0    20.58 R    36.2     0.5    13.2 -9999.0 -9999.0 -9999.0 -99.000 -99.000 -99.000 -99.000 -99.000 -9999.0 -9999.0 -9999.0 -9999.0 -9999.0
63856 20060306  1.301  -81.46   30.81    24.9    11.1    18.0    17.1     0.0    16.69 R    40.3     7.1    18.4 -9999.0 -9999.0 -9999.0 -99.000 -99.000 -99.000 -99.000 -99.000 -9999.0 -9999.0 -9999.0 -9999.0 -9999.0
63856 20060307  1.301  -81.46   30.81    16.4     5.9    11.2    12.5     0.0    21.21 R    35.2     3.0    14.9 -9999.0 -9999.0 -9999.0 -99.000 -99.000 -99.000 -99.000 -99.000 -9999.0 -9999.0 -9999.0 -9999.0 -9999.0
63856 20060308  1.301  -81.46   30.81    16.8     2.1     9.4    11.9     0.0    20.75 R    38.1     0.3    14.6 -9999.0 -9999.0 -9999.0 -99.000 -99.000 -99.000 -99.000 -99.000 -9999.0 -9999.0 -9999.0 -9999.0 -9999.0
63856 20060309  1.301  -81.46   30.81    22.4     8.8    15.6    16.3     0.0    20.76 R    40.1     5.7    19.0 -9999.0 -9999.0 -9999.0 -99.000 -99.000 -99.000 -99.000 -99.000 -9999.0 -9999.0 -9999.0 -9999.0 -9999.0
63856 20060310  1.301  -81.46   30.81    22.1    14.8    18.4    18.3     0.0    13.25 R    40.2    11.0    20.0 -9999.0 -9999.0 -9999.0 -99.000 -99.000 -99.000 -99.000 -99.000 -9999.0 -9999.0 -9999.0 -9999.0 -9999.0
63856 20060311  1.301  -81.46   30.81    23.2    14.6    18.9    18.2     0.0    15.03 R    41.7    13.0    21.0 -9999.0 -9999.0 -9999.0 -99.000 -99.000 -99.000 -99.000 -99.000 -9999.0 -9999.0 -9999.0 -9999.0 -9999.0
63856 20060312  1.301  -81.46   30.81    24.1    14.8    19.4    19.1     0.0    20.72 R    42.5    12.4    22.5 -9999.0 -9999.0 -9999.0 -99.000 -99.000 -99.000 -99.000 -99.000 -9999.0 -9999.0 -9999.0 -9999.0 -9999.0
63856 20060313  1.301  -81.46   30.81    27.2    16.3    21.7    20.0     0.0    18.01 R    43.1    13.4    22.4 -9999.0 -9999.0 -9999.0 -99.000 -99.000 -99.000 -99.000 -99.000 -9999.0 -9999.0 -9999.0 -9999.0 -9999.0
63856 20060314  1.301  -81.46   30.81    27.5    12.1    19.8    19.5     3.4    11.72 R    42.9     8.3    19.8 -9999.0 -9999.0 -9999.0 -99.000 -99.000 -99.000 -99.000 -99.000 -9999.0 -9999.0 -9999.0 -9999.0 -9999.0
63856 20060315  1.301  -81.46   30.81    17.2     4.6    10.9    11.4     0.0    23.59 R    35.4     1.7    13.9 -9999.0 -9999.0 -9999.0 -99.000 -99.000 -99.000 -99.000 -99.000 -9999.0 -9999.0 -9999.0 -9999.0 -9999.0
63856 20060316  1.301  -81.46   30.81    20.8     2.7    11.7    13.0     0.0    20.13 R    39.3     0.4    15.3 -9999.0 -9999.0 -9999.0 -99.000 -99.000 -99.000 -99.000 -99.000 -9999.0 -9999.0 -9999.0 -9999.0 -9999.0
63856 20060317  1.301  -81.46   30.81    26.9     9.8    18.3    18.1     0.0    19.76 R    43.8     7.7    19.7 -9999.0 -9999.0 -9999.0 -99.000 -99.000 -99.000 -99.000 -99.000 -9999.0 -9999.0 -9999.0 -9999.0 -9999.0
63856 20060318  1.301  -81.46   30.81    17.5     9.0    13.3    14.3     0.0    21.47 R    37.0     5.1    16.8 -9999.0 -9999.0 -9999.0 -99.000 -99.000 -99.000 -99.000 -99.000 -9999.0 -9999.0 -9999.0 -9999.0 -9999.0
63856 20060319  1.301  -81.46   30.81    17.6     6.4    12.0    13.7     0.0    12.95 R    30.7     4.7    15.9 -9999.0 -9999.0 -9999.0 -99.000 -99.000 -99.000 -99.000 -99.000 -9999.0 -9999.0 -9999.0 -9999.0 -9999.0
63856 20060320  1.301  -81.46   30.81    22.0    14.2    18.1    17.4     0.0    15.27 R    41.3    12.6    20.7 -9999.0 -9999.0 -9999.0 -99.000 -99.000 -99.000 -99.000 -99.000 -9999.0 -9999.0 -9999.0 -9999.0 -9999.0
63856 20060321  1.301  -81.46   30.81    29.9    13.4    21.6    21.1     0.0    14.31 R    43.7    10.1    22.3 -9999.0 -9999.0 -9999.0 -99.000 -99.000 -99.000 -99.000 -99.000 -9999.0 -9999.0 -9999.0 -9999.0 -9999.0
63856 20060322  1.301  -81.46   30.81    18.0     9.8    13.9    14.2     0.0    23.75 R    37.5     7.7    17.9 -9999.0 -9999.0 -9999.0 -99.000 -99.000 -99.000 -99.000 -99.000 -9999.0 -9999.0 -9999.0 -9999.0 -9999.0
63856 20060323  1.301  -81.46   30.81    15.0    12.0    13.5    13.4     8.2     3.40 R    16.3     9.6    13.5 -9999.0 -9999.0 -9999.0 -99.000 -99.000 -99.000 -99.000 -99.000 -9999.0 -9999.0 -9999.0 -9999.0 -9999.0
63856 20060324  1.301  -81.46   30.81    17.9     6.3    12.1    12.5     0.0    18.16 R    35.0     3.4    15.0 -9999.0 -9999.0 -9999.0 -99.000 -99.000 -99.000 -99.000 -99.000 -9999.0 -9999.0 -9999.0 -9999.0 -9999.0
63856 20060325  1.301  -81.46   30.81    17.6     5.3    11.4    10.7     0.0    24.39 R    34.7     1.8    13.2 -9999.0 -9999.0 -9999.0 -99.000 -99.000 -99.000 -99.000 -99.000 -9999.0 -9999.0 -9999.0 -9999.0 -9999.0
63856 20060326  1.301  -81.46   30.81    13.4     2.9     8.2     8.0     0.0    24.56 R    34.8     0.1    12.3 -9999.0 -9999.0 -9999.0 -99.000 -99.000 -99.000 -99.000 -99.000 -9999.0 -9999.0 -9999.0 -9999.0 -9999.0
63856 20060327  1.301  -81.46   30.81    16.0     0.8     8.4    10.2     0.0    24.74 R    37.8    -1.8    13.8 -9999.0 -9999.0 -9999.0 -99.000 -99.000 -99.000 -99.000 -99.000 -9999.0 -9999.0 -9999.0 -9999.0 -9999.0
63856 20060328  1.301  -81.46   30.81    20.6     5.0    12.8    15.0     0.0    22.17 R    41.0     2.3    17.5 -9999.0 -9999.0 -9999.0 -99.000 -99.000 -99.000 -99.000 -99.000 -9999.0 -9999.0 -9999.0 -9999.0 -9999.0
63856 20060329  1.301  -81.46   30.81    25.0     9.6    17.3    16.6     0.0    16.65 R    46.5     7.1    19.1 -9999.0 -9999.0 -9999.0 -99.000 -99.000 -99.000 -99.000 -99.000 -9999.0 -9999.0 -9999.0 -9999.0 -9999.0
63856 20060330  1.301  -81.46   30.81    22.9    10.3    16.6    17.4     0.0    22.47 R    44.0     7.9    21.1 -9999.0 -9999.0 -9999.0 -99.000 -99.000 -99.000 -99.000 -99.000 -9999.0 -9999.0 -9999.0 -9999.0 -9999.0
63856 20060331  1.301  -81.46   30.81    23.6    14.8    19.2    19.3     0.0    22.77 R    42.8    11.6    23.0 -9999.0 -9999.0 -9999.0 -99.000 -99.000 -99.000 -99.000 -99.000 -9999.0 -9999.0 -9999.0 -9999.0 -9999.0
63856 20060401  1.301  -81.46   30.81    29.4    15.2    22.3    22.1     0.0    21.74 R    47.9    11.9    24.7 -9999.0 -9999.0 -9999.0 -99.000 -99.000 -99.000 -99.000 -99.000 -9999.0 -9999.0 -9999.0 -9999.0 -9999.0
63856 20060402  1.301  -81.46   30.81    29.9    17.5    23.7    22.0     0.0    20.91 R    46.6    15.3    25.4 -9999.0 -9999.0 -9999.0 -99.000 -99.000 -99.000 -99.000 -99.000 -9999.0 -9999.0 -9999.0 -9999.0 -9999.0
63856 20060403  1.301  -81.46   30.81    30.9    17.8    24.4    23.8     0.0    23.87 R    48.1    14.9    27.0 -9999.0 -9999.0 -9999.0 -99.000 -99.000 -99.000 -99.000 -99.000 -9999.0 -9999.0 -9999.0 -9999.0 -9999.0
63856 20060404  1.301  -81.46   30.81    21.1    10.1    15.6    17.1     0.0    25.34 R    42.4     7.1    21.4 -9999.0 -9999.0 -9999.0 -99.000 -99.000 -99.000 -99.000 -99.000 -9999.0 -9999.0 -9999.0 -9999.0 -9999.0
63856 20060405  1.301  -81.46   30.81 -9999.0     6.9 -9999.0    15.6     0.0    21.41 R    45.6     4.4    18.6 -9999.0 -9999.0 -9999.0 -99.000 -99.000 -99.000 -99.000 -99.000 -9999.0 -9999.0 -9999.0 -9999.0 -9999.0
63856 20060406  1.301  -81.46   30.81    24.4     8.2    16.3    17.5     0.0    24.96 R    45.3     4.2    20.6 -9999.0 -9999.0 -9999.0 -99.000 -99.000 -99.000 -99.000 -99.000 -9999.0 -9999.0 -9999.0 -9999.0 -9999.0
63856 20060407  1.301  -81.46   30.81    24.3    11.4    17.9    18.7     0.0    22.39 R    43.8     9.3    21.7 -9999.0 -9999.0 -9999.0 -99.000 -99.000 -99.000 -99.000 -99.000 -9999.0 -9999.0 -9999.0 -9999.0 -9999.0
63856 20060408  1.301  -81.46   30.81    30.8    12.3    21.5    20.7    39.6    18.36 R    48.4    10.5    23.4 -9999.0 -9999.0 -9999.0 -99.000 -99.000 -99.000 -99.000 -99.000 -9999.0 -9999.0 -9999.0 -9999.0 -9999.0
63856 20060409  1.301  -81.46   30.81    18.1    15.0    16.6    16.2     0.0    17.31 R    33.3    11.5    18.3 -9999.0 -9999.0 -9999.0 -99.000 -99.000 -99.000 -99.000 -99.000 -9999.0 -9999.0 -9999.0 -9999.0 -9999.0
63856 20060410  1.301  -81.46   30.81    20.0    14.7    17.3    16.6     0.0    25.35 R    39.4    11.3    19.2 -9999.0 -9999.0 -9999.0 -99.000 -99.000 -99.000 -99.000 -99.000 -9999.0 -9999.0 -9999.0 -9999.0 -9999.0
63856 20060411  1.301  -81.46   30.81    22.3    14.6    18.5    18.2     0.0    22.03 R    40.7    12.4    21.8 -9999.0 -9999.0 -9999.0 -99.000 -99.000 -99.000 -99.000 -99.000 -9999.0 -9999.0 -9999.0 -9999.0 -9999.0
63856 20060412  1.301  -81.46   30.81    23.4    13.1    18.3    18.7     0.0    22.36 R    42.0    10.0    21.8 -9999.0 -9999.0 -9999.0 -99.000 -99.000 -99.000 -99.000 -99.000 -9999.0 -9999.0 -9999.0 -9999.0 -9999.0
63856 20060413  1.301  -81.46   30.81    23.6    12.5    18.1    18.3     0.0    25.77 R    43.4     9.7    22.2 -9999.0 -9999.0 -9999.0 -99.000 -99.000 -99.000 -99.000 -99.000 -9999.0 -9999.0 -9999.0 -9999.0 -9999.0
63856 20060414  1.301  -81.46   30.81    28.3    12.2    20.3    20.0     0.0    25.16 R    45.9    10.0    23.5 -9999.0 -9999.0 -9999.0 -99.000 -99.000 -99.000 -99.000 -99.000 -9999.0 -9999.0 -9999.0 -9999.0 -9999.0
63856 20060415  1.301  -81.46   30.81    32.1    16.7    24.4    24.3     0.0    25.89 R    48.0    13.6    26.8 -9999.0 -9999.0 -9999.0 -99.000 -99.000 -99.000 -99.000 -99.000 -9999.0 -9999.0 -9999.0 -9999.0 -9999.0
63856 20060416  1.301  -81.46   30.81    30.7    17.4    24.1    23.3     0.0    26.47 R    47.4    15.6    26.7 -9999.0 -9999.0 -9999.0 -99.000 -99.000 -99.000 -99.000 -99.000 -9999.0 -9999.0 -9999.0 -9999.0 -9999.0
63856 20060417  1.301  -81.46   30.81    31.3    18.9    25.1    24.6     0.0    20.74 R    46.4    16.7    26.8 -9999.0 -9999.0 -9999.0 -99.000 -99.000 -99.000 -99.000 -99.000 -9999.0 -9999.0 -9999.0 -9999.0 -9999.0
63856 20060418  1.301  -81.46   30.81    22.8    18.2    20.5    19.9     0.0    12.24 R    36.8    17.0    22.4 -9999.0 -9999.0 -9999.0 -99.000 -99.000 -99.000 -99.000 -99.000 -9999.0 -9999.0 -9999.0 -9999.0 -9999.0
63856 20060419  1.301  -81.46   30.81    25.4    18.5    22.0    21.2     3.9    18.66 R    44.6    17.8    25.4 -9999.0 -9999.0 -9999.0 -99.000 -99.000 -99.000 -99.000 -99.000 -9999.0 -9999.0 -9999.0 -9999.0 -9999.0
63856 20060420  1.301  -81.46   30.81    23.2    18.5    20.8    20.8     0.0    23.41 R    40.0    17.0    24.1 -9999.0 -9999.0 -9999.0 -99.000 -99.000 -99.000 -99.000 -99.000 -9999.0 -9999.0 -9999.0 -9999.0 -9999.0
63856 20060421  1.301  -81.46   30.81    25.8    16.8    21.3    22.1     0.0    25.46 R    42.5    14.7    25.8 -9999.0 -9999.0 -9999.0 -99.000 -99.000 -99.000 -99.000 -99.000 -9999.0 -9999.0 -9999.0 -9999.0 -9999.0
63856 20060422  1.301  -81.46   30.81    26.4    19.8    23.1    22.5     0.9    14.32 R    40.1    18.0    23.9 -9999.0 -9999.0 -9999.0 -99.000 -99.000 -99.000 -99.000 -99.000 -9999.0 -9999.0 -9999.0 -9999.0 -9999.0
63856 20060423  1.301  -81.46   30.81    26.5    18.2    22.4    22.0     0.0    25.23 R    44.0    15.5    25.9 -9999.0 -9999.0 -9999.0 -99.000 -99.000 -99.000 -99.000 -99.000 -9999.0 -9999.0 -9999.0 -9999.0 -9999.0
63856 20060424  1.301  -81.46   30.81    30.6    18.0    24.3    23.3     0.0    25.20 R    47.9    15.6    27.1 -9999.0 -9999.0 -9999.0 -99.000 -99.000 -99.000 -99.000 -99.000 -9999.0 -9999.0 -9999.0 -9999.0 -9999.0
63856 20060425  1.301  -81.46   30.81    31.4    18.2    24.8    24.2     0.0    23.40 R    48.7    16.0    27.4 -9999.0 -9999.0 -9999.0 -99.000 -99.000 -99.000 -99.000 -99.000 -9999.0 -9999.0 -9999.0 -9999.0 -9999.0
63856 20060426  1.301  -81.46   30.81    29.0    20.5    24.7    23.3     1.8    12.87 R    42.9    19.5    24.7 -9999.0 -9999.0 -9999.0 -99.000 -99.000 -99.000 -99.000 -99.000 -9999.0 -9999.0 -9999.0 -9999.0 -9999.0
63856 20060427  1.301  -81.46   30.81    26.5    15.8    21.2    22.0     0.0    25.26 R    42.3    14.0    25.0 -9999.0 -9999.0 -9999.0 -99.000 -99.000 -99.000 -99.000 -99.000 -9999.0 -9999.0 -9999.0 -9999.0 -9999.0
63856 20060428  1.301  -81.46   30.81    23.5    12.7    18.1    20.1     0.0    27.66 R    43.1    10.6    23.7 -9999.0 -9999.0 -9999.0 -99.000 -99.000 -99.000 -99.000 -99.000 -9999.0 -9999.0 -9999.0 -9999.0 -9999.0
63856 20060429  1.301  -81.46   30.81    23.1    11.2    17.1    18.4     0.0    24.23 R    41.7     9.0    21.6 -9999.0 -9999.0 -9999.0 -99.000 -99.000 -99.000 -99.000 -99.000 -9999.0 -9999.0 -9999.0 -9999.0 -9999.0
63856 20060430  1.301  -81.46   30.81    20.8    16.9    18.8    18.6     0.0    19.24 R    41.4    15.2    21.7 -9999.0 -9999.0 -9999.0 -99.000 -99.000 -99.000 -99.000 -99.000 -9999.0 -9999.0 -9999.0 -9999.0 -9999.0
63856 20060501  1.301  -81.46   30.81    22.6    11.4    17.0    17.9     0.0    27.13 R    43.8     8.6    22.7 -9999.0 -9999.0 -9999.0 -99.000 -99.000 -99.000 -99.000 -99.000 -9999.0 -9999.0 -9999.0 -9999.0 -9999.0
63856 20060502  1.301  -81.46   30.81    23.5     9.3    16.4    17.6     0.0    27.32 R    44.6     6.1    22.0 -9999.0 -9999.0 -9999.0 -99.000 -99.000 -99.000 -99.000 -99.000 -9999.0 -9999.0 -9999.0 -9999.0 -9999.0
63856 20060503  1.301  -81.46   30.81    32.8    13.1    22.9    24.2     0.0    26.34 R    50.5    11.2    27.3 -9999.0 -9999.0 -9999.0 -99.000 -99.000 -99.000 -99.000 -99.000 -9999.0 -9999.0 -9999.0 -9999.0 -9999.0
63856 20060504  1.301  -81.46   30.81    31.8    18.3    25.0    23.2     0.0    25.87 R    51.7    16.0    28.1 -9999.0 -9999.0 -9999.0 -99.000 -99.000 -99.000 -99.000 -99.000 -9999.0 -9999.0 -9999.0 -9999.0 -9999.0
63856 20060505  1.301  -81.46   30.81    31.6    18.8    25.2    24.0     0.0    22.02 R    51.8    17.3    28.3 -9999.0 -9999.0 -9999.0 -99.000 -99.000 -99.000 -99.000 -99.000 -9999.0 -9999.0 -9999.0 -9999.0 -9999.0
63856 20060506  1.301  -81.46   30.81    31.4    20.8    26.1    24.1     0.0    25.92 R    50.2    19.4    29.1 -9999.0 -9999.0 -9999.0 -99.000 -99.000 -99.000 -99.000 -99.000 -9999.0 -9999.0 -9999.0 -9999.0 -9999.0
63856 20060507  1.301  -81.46   30.81    30.4    20.0    25.2    23.3     0.0    20.10 R    51.9    18.0    27.5 -9999.0 -9999.0 -9999.0 -99.000 -99.000 -99.000 -99.000 -99.000 -9999.0 -9999.0 -9999.0 -9999.0 -9999.0
63856 20060508  1.301  -81.46   30.81    26.2    19.6    22.9    21.5    10.0     7.35 R    40.3    18.8    23.2 -9999.0 -9999.0 -9999.0 -99.000 -99.000 -99.000 -99.000 -99.000 -9999.0 -9999.0 -9999.0 -9999.0 -9999.0
63856 20060509  1.301  -81.46   30.81    21.9    18.7    20.3    20.3     0.0     5.71 R    27.6    17.4    21.2 -9999.0 -9999.0 -9999.0 -99.000 -99.000 -99.000 -99.000 -99.000 -9999.0 -9999.0 -9999.0 -9999.0 -9999.0
63856 20060510  1.301  -81.46   30.81    25.4    17.6    21.5    21.9    25.8    14.30 R    37.2    16.9    23.8 -9999.0 -9999.0 -9999.0 -99.000 -99.000 -99.000 -99.000 -99.000 -9999.0 -9999.0 -9999.0 -9999.0 -9999.0
63856 20060511  1.301  -81.46   30.81    28.4    17.7    23.0    22.7     0.0    16.78 R    38.9    15.3    24.2 -9999.0 -9999.0 -9999.0 -99.000 -99.000 -99.000 -99.000 -99.000 -9999.0 -9999.0 -9999.0 -9999.0 -9999.0
63856 20060512  1.301  -81.46   30.81    27.2    12.5    19.8    19.8     0.0    28.47 R    42.0    10.4    23.0 -9999.0 -9999.0 -9999.0 -99.000 -99.000 -99.000 -99.000 -99.000 -9999.0 -9999.0 -9999.0 -9999.0 -9999.0
63856 20060513  1.301  -81.46   30.81    28.4    11.9    20.2    20.4     0.0    27.61 R    43.0    10.4    23.8 -9999.0 -9999.0 -9999.0 -99.000 -99.000 -99.000 -99.000 -99.000 -9999.0 -9999.0 -9999.0 -9999.0 -9999.0
63856 20060514  1.301  -81.46   30.81    29.9    14.7    22.3    22.7     0.0    25.10 R    46.0    13.3    26.5 -9999.0 -9999.0 -9999.0 -99.000 -99.000 -99.000 -99.000 -99.000 -9999.0 -9999.0 -9999.0 -9999.0 -9999.0
63856 20060515  1.301  -81.46   30.81    24.1    18.0    21.0    20.7    22.9    10.03 R    38.7    16.8    22.2 -9999.0 -9999.0 -9999.0 -99.000 -99.000 -99.000 -99.000 -99.000 -9999.0 -9999.0 -9999.0 -9999.0 -9999.0
63856 20060516  1.301  -81.46   30.81    21.6    12.1    16.9    17.2     0.0    16.39 R    31.1    11.5    19.0 -9999.0 -9999.0 -9999.0 -99.000 -99.000 -99.000 -99.000 -99.000 -9999.0 -9999.0 -9999.0 -9999.0 -9999.0
63856 20060517  1.301  -81.46   30.81    27.0    12.4    19.7    19.9     0.0    26.35 R    41.8    11.1    22.5 -9999.0 -9999.0 -9999.0 -99.000 -99.000 -99.000 -99.000 -99.000 -9999.0 -9999.0 -9999.0 -9999.0 -9999.0
63856 20060518  1.301  -81.46   30.81    28.6    15.7    22.1    22.4     0.0    28.24 R    43.5    13.7    25.5 -9999.0 -9999.0 -9999.0 -99.000 -99.000 -99.000 -99.000 -99.000 -9999.0 -9999.0 -9999.0 -9999.0 -9999.0
63856 20060519  1.301  -81.46   30.81    31.5    16.7    24.1    23.9     0.0    28.22 R    45.3    14.9    26.8 -9999.0 -9999.0 -9999.0 -99.000 -99.000 -99.000 -99.000 -99.000 -9999.0 -9999.0 -9999.0 -9999.0 -9999.0
63856 20060520  1.301  -81.46   30.81    34.1    17.2    25.7    26.0     0.0    27.66 R    47.5    15.3    28.9 -9999.0 -9999.0 -9999.0 -99.000 -99.000 -99.000 -99.000 -99.000 -9999.0 -9999.0 -9999.0 -9999.0 -9999.0
63856 20060521  1.301  -81.46   30.81    34.4    20.0    27.2    26.0     0.0    28.01 R    48.7    17.7    29.6 -9999.0 -9999.0 -9999.0 -99.000 -99.000 -99.000 -99.000 -99.000 -9999.0 -9999.0 -9999.0 -9999.0 -9999.0
63856 20060522  1.301  -81.46   30.81    33.5    19.6    26.5    25.8     0.0    25.02 R    49.1    17.4    28.7 -9999.0 -9999.0 -9999.0 -99.000 -99.000 -99.000 -99.000 -99.000 -9999.0 -9999.0 -9999.0 -9999.0 -9999.0
63856 20060523  1.301  -81.46   30.81    33.3    18.3    25.8    24.5     0.0    25.43 R    48.2    16.9    28.3 -9999.0 -9999.0 -9999.0 -99.000 -99.000 -99.000 -99.000 -99.000 -9999.0 -9999.0 -9999.0 -9999.0 -9999.0
63856 20060524  1.301  -81.46   30.81    28.1    20.2    24.2    24.9     0.0    22.40 R    45.4    19.8    29.0 -9999.0 -9999.0 -9999.0 -99.000 -99.000 -99.000 -99.000 -99.000 -9999.0 -9999.0 -9999.0 -9999.0 -9999.0
63856 20060525  1.301  -81.46   30.81    30.6    21.6    26.1    24.8     7.0    22.68 R    46.5    20.8    28.5 -9999.0 -9999.0 -9999.0 -99.000 -99.000 -99.000 -99.000 -99.000 -9999.0 -9999.0 -9999.0 -9999.0 -9999.0
63856 20060526  1.301  -81.46   30.81    32.9    21.2    27.1    25.7     0.0    24.57 R    46.4    19.7    28.7 -9999.0 -9999.0 -9999.0 -99.000 -99.000 -99.000 -99.000 -99.000 -9999.0 -9999.0 -9999.0 -9999.0 -9999.0
63856 20060527  1.301  -81.46   30.81    33.9    21.6    27.7    26.8     0.0    25.84 R    47.9    20.5    30.1 -9999.0 -9999.0 -9999.0 -99.000 -99.000 -99.000 -99.000 -99.000 -9999.0 -9999.0 -9999.0 -9999.0 -9999.0
63856 20060528  1.301  -81.46   30.81    32.2    20.8    26.5    25.7     9.4    17.08 R    45.1    20.1    27.6 -9999.0 -9999.0 -9999.0 -99.000 -99.000 -99.000 -99.000 -99.000 -9999.0 -9999.0 -9999.0 -9999.0 -9999.0
63856 20060529  1.301  -81.46   30.81    28.5    19.5    24.0    24.6     0.0    27.31 R    42.2    18.4    27.8 -9999.0 -9999.0 -9999.0 -99.000 -99.000 -99.000 -99.000 -99.000 -9999.0 -9999.0 -9999.0 -9999.0 -9999.0
63856 20060530  1.301  -81.46   30.81    28.4    18.1    23.3    23.8     0.0    25.29 R    44.3    16.7    27.5 -9999.0 -9999.0 -9999.0 -99.000 -99.000 -99.000 -99.000 -99.000 -9999.0 -9999.0 -9999.0 -9999.0 -9999.0
63856 20060531  1.301  -81.46   30.81    28.5    23.7    26.1    25.7     0.2    24.24 R    46.3    22.3    29.8 -9999.0 -9999.0 -9999.0 -99.000 -99.000 -99.000 -99.000 -99.000 -9999.0 -9999.0 -9999.0 -9999.0 -9999.0
63856 20060601  1.301  -81.46   30.81    28.6    22.9    25.8    25.8     1.3    24.37 R    45.3    22.3    29.4 -9999.0 -9999.0 -9999.0 -99.000 -99.000 -99.000 -99.000 -99.000 -9999.0 -9999.0 -9999.0 -9999.0 -9999.0
63856 20060602  1.301  -81.46   30.81    28.9    22.0    25.4    26.0     0.0    26.42 R    46.3    20.9    30.7 -9999.0 -9999.0 -9999.0 -99.000 -99.000 -99.000 -99.000 -99.000 -9999.0 -9999.0 -9999.0 -9999.0 -9999.0
63856 20060603  1.301  -81.46   30.81    28.7    21.2    24.9    24.4     0.6    13.83 R    40.8    20.4    26.6 -9999.0 -9999.0 -9999.0 -99.000 -99.000 -99.000 -99.000 -99.000 -9999.0 -9999.0 -9999.0 -9999.0 -9999.0
63856 20060604  1.301  -81.46   30.81    29.1    20.9    25.0    25.2     0.0    27.80 R    49.0    20.0    30.1 -9999.0 -9999.0 -9999.0 -99.000 -99.000 -99.000 -99.000 -99.000 -9999.0 -9999.0 -9999.0 -9999.0 -9999.0
63856 20060605  1.301  -81.46   30.81    29.2    19.6    24.4    24.8     0.0    22.95 R    48.6    17.9    28.6 -9999.0 -9999.0 -9999.0 -99.000 -99.000 -99.000 -99.000 -99.000 -9999.0 -9999.0 -9999.0 -9999.0 -9999.0
63856 20060606  1.301  -81.46   30.81    30.2    16.5    23.4    22.8 -9999.0    22.12 R    49.5    14.7    27.0 -9999.0 -9999.0 -9999.0 -99.000 -99.000 -99.000 -99.000 -99.000 -9999.0 -9999.0 -9999.0 -9999.0 -9999.0
63856 20060607  1.301  -81.46   30.81    31.4    15.6    23.5    24.4     0.0    27.85 R    51.9    13.8    29.3 -9999.0 -9999.0 -9999.0 -99.000 -99.000 -99.000 -99.000 -99.000 -9999.0 -9999.0 -9999.0 -9999.0 -9999.0
63856 20060608  1.301  -81.46   30.81    34.0    21.1    27.5    26.2     0.0    25.64 R    54.7    18.2    31.2 -9999.0 -9999.0 -9999.0 -99.000 -99.000 -99.000 -99.000 -99.000 -9999.0 -9999.0 -9999.0 -9999.0 -9999.0
63856 20060609  1.301  -81.46   30.81    32.3    21.8    27.1    26.4     0.0    27.23 R    51.7    20.2    32.3 -9999.0 -9999.0 -9999.0 -99.000 -99.000 -99.000 -99.000 -99.000 -9999.0 -9999.0 -9999.0 -9999.0 -9999.0
63856 20060610  1.301  -81.46   30.81    35.5    20.9    28.2    27.7     0.0    26.97 R    56.8    20.3    33.6 -9999.0 -9999.0 -9999.0 -99.000 -99.000 -99.000 -99.000 -99.000 -9999.0 -9999.0 -9999.0 -9999.0 -9999.0
63856 20060611  1.301  -81.46   30.81    34.8    23.5    29.2    27.0     1.4    24.02 R    57.6    22.6    32.8 -9999.0 -9999.0 -9999.0 -99.000 -99.000 -99.000 -99.000 -99.000 -9999.0 -9999.0 -9999.0 -9999.0 -9999.0
63856 20060612  1.301  -81.46   30.81    28.0    21.2    24.6    24.3     3.7     8.59 R    37.9    21.0    26.1 -9999.0 -9999.0 -9999.0 -99.000 -99.000 -99.000 -99.000 -99.000 -9999.0 -9999.0 -9999.0 -9999.0 -9999.0
63856 20060613  1.301  -81.46   30.81    28.2    21.0    24.6    25.0    43.1    16.40 R    43.1    20.6    26.7 -9999.0 -9999.0 -9999.0 -99.000 -99.000 -99.000 -99.000 -99.000 -9999.0 -9999.0 -9999.0 -9999.0 -9999.0
63856 20060614  1.301  -81.46   30.81    31.4    23.5    27.4    26.7     0.0    18.99 R    46.9    23.0    30.0 -9999.0 -9999.0 -9999.0 -99.000 -99.000 -99.000 -99.000 -99.000 -9999.0 -9999.0 -9999.0 -9999.0 -9999.0
63856 20060615  1.301  -81.46   30.81    32.5    23.5    28.0    26.9     0.0    18.52 R    49.1    22.7    30.2 -9999.0 -9999.0 -9999.0 -99.000 -99.000 -99.000 -99.000 -99.000 -9999.0 -9999.0 -9999.0 -9999.0 -9999.0
63856 20060616  1.301  -81.46   30.81    28.7    25.0    26.9    26.5     0.0    26.81 R    47.9    22.2    30.8 -9999.0 -9999.0 -9999.0 -99.000 -99.000 -99.000 -99.000 -99.000 -9999.0 -9999.0 -9999.0 -9999.0 -9999.0
63856 20060617  1.301  -81.46   30.81    28.9    24.5    26.7    26.4     0.0    28.07 R    47.9    21.7    31.1 -9999.0 -9999.0 -9999.0 -99.000 -99.000 -99.000 -99.000 -99.000 -9999.0 -9999.0 -9999.0 -9999.0 -9999.0
63856 20060618  1.301  -81.46   30.81    28.6    24.1    26.4    25.9     0.0    24.96 R    47.9    20.5    30.7 -9999.0 -9999.0 -9999.0 -99.000 -99.000 -99.000 -99.000 -99.000 -9999.0 -9999.0 -9999.0 -9999.0 -9999.0
63856 20060619  1.301  -81.46   30.81    29.0    22.9    26.0    25.9     0.9    20.74 R    45.9    22.4    29.7 -9999.0 -9999.0 -9999.0 -99.000 -99.000 -99.000 -99.000 -99.000 -9999.0 -9999.0 -9999.0 -9999.0 -9999.0
63856 20060620  1.301  -81.46   30.81    30.2    21.7    26.0    26.5     0.0    26.18 R    48.1    20.8    31.4 -9999.0 -9999.0 -9999.0 -99.000 -99.000 -99.000 -99.000 -99.000 -9999.0 -9999.0 -9999.0 -9999.0 -9999.0
63856 20060621  1.301  -81.46   30.81    30.0    22.0    26.0    26.7     0.0    26.71 R    48.1    20.8    31.6 -9999.0 -9999.0 -9999.0 -99.000 -99.000 -99.000 -99.000 -99.000 -9999.0 -9999.0 -9999.0 -9999.0 -9999.0
63856 20060622  1.301  -81.46   30.81    30.5    20.8    25.6    26.5     0.0    25.89 R    49.5    20.6    31.6 -9999.0 -9999.0 -9999.0 -99.000 -99.000 -99.000 -99.000 -99.000 -9999.0 -9999.0 -9999.0 -9999.0 -9999.0
63856 20060623  1.301  -81.46   30.81    30.1    21.4    25.7    26.6     0.0    27.57 R    49.9    20.5    32.2 -9999.0 -9999.0 -9999.0 -99.000 -99.000 -99.000 -99.000 -99.000 -9999.0 -9999.0 -9999.0 -9999.0 -9999.0
63856 20060624  1.301  -81.46   30.81    30.9    25.2    28.1    27.5     0.0    26.98 R    51.0    23.9    33.1 -9999.0 -9999.0 -9999.0 -99.000 -99.000 -99.000 -99.000 -99.000 -9999.0 -9999.0 -9999.0 -9999.0 -9999.0
63856 20060625  1.301  -81.46   30.81    29.3    23.1    26.2    26.3    32.5    17.61 R    45.1    22.9    28.8 -9999.0 -9999.0 -9999.0 -99.000 -99.000 -99.000 -99.000 -99.000 -9999.0 -9999.0 -9999.0 -9999.0 -9999.0
63856 20060626  1.301  -81.46   30.81    29.5    24.4    27.0    26.9     0.5    24.77 R    45.4    23.4    30.8 -9999.0 -9999.0 -9999.0 -99.000 -99.000 -99.000 -99.000 -99.000 -9999.0 -9999.0 -9999.0 -9999.0 -9999.0
63856 20060627  1.301  -81.46   30.81    33.0    22.1    27.6    26.3     0.0    19.27 R    49.2    21.7    29.9 -9999.0 -9999.0 -9999.0 -99.000 -99.000 -99.000 -99.000 -99.000 -9999.0 -9999.0 -9999.0 -9999.0 -9999.0
63856 20060628  1.301  -81.46   30.81    31.4    20.8    26.1    25.0    37.8    14.79 R    47.9    20.9    27.4 -9999.0 -9999.0 -9999.0 -99.000 -99.000 -99.000 -99.000 -99.000 -9999.0 -9999.0 -9999.0 -9999.0 -9999.0
63856 20060629  1.301  -81.46   30.81    31.1    22.3    26.7    25.6     0.0    25.82 R    44.8    21.5    29.5 -9999.0 -9999.0 -9999.0 -99.000 -99.000 -99.000 -99.000 -99.000 -9999.0 -9999.0 -9999.0 -9999.0 -9999.0
63856 20060630  1.301  -81.46   30.81    33.3    22.4    27.8    27.3     0.0    26.62 R    47.7    21.5    31.1 -9999.0 -9999.0 -9999.0 -99.000 -99.000 -99.000 -99.000 -99.000 -9999.0 -9999.0 -9999.0 -9999.0 -9999.0
63856 20060701  1.301  -81.46   30.81    30.2    21.2    25.7    26.6     0.0    24.48 R    47.7    20.4    30.4 -9999.0 -9999.0 -9999.0 -99.000 -99.000 -99.000 -99.000 -99.000 -9999.0 -9999.0 -9999.0 -9999.0 -9999.0
63856 20060702  1.301  -81.46   30.81    30.2    22.6    26.4    27.2     0.0    22.86 R    47.0    22.1    31.2 -9999.0 -9999.0 -9999.0 -99.000 -99.000 -99.000 -99.000 -99.000 -9999.0 -9999.0 -9999.0 -9999.0 -9999.0
63856 20060703  1.301  -81.46   30.81    31.2    21.2    26.2    26.7     0.0    27.08 R    48.3    20.6    31.7 -9999.0 -9999.0 -9999.0 -99.000 -99.000 -99.000 -99.000 -99.000 -9999.0 -9999.0 -9999.0 -9999.0 -9999.0
63856 20060704  1.301  -81.46   30.81    30.5    21.7    26.1    27.1     0.0    26.91 R    48.6    21.0    32.0 -9999.0 -9999.0 -9999.0 -99.000 -99.000 -99.000 -99.000 -99.000 -9999.0 -9999.0 -9999.0 -9999.0 -9999.0
63856 20060705  1.301  -81.46   30.81    30.3    24.3    27.3    27.7     0.0    28.04 R    49.0    22.6    32.7 -9999.0 -9999.0 -9999.0 -99.000 -99.000 -99.000 -99.000 -99.000 -9999.0 -9999.0 -9999.0 -9999.0 -9999.0
63856 20060706  1.301  -81.46   30.81    34.4    21.4    27.9    27.0    44.5    26.30 R    51.9    21.6    31.9 -9999.0 -9999.0 -9999.0 -99.000 -99.000 -99.000 -99.000 -99.000 -9999.0 -9999.0 -9999.0 -9999.0 -9999.0
63856 20060707  1.301  -81.46   30.81    26.7    22.5    24.6    24.6    11.3    10.11 R    33.1    22.7    25.8 -9999.0 -9999.0 -9999.0 -99.000 -99.000 -99.000 -99.000 -99.000 -9999.0 -9999.0 -9999.0 -9999.0 -9999.0
63856 20060708  1.301  -81.46   30.81    28.5    21.6    25.1    25.9     0.0    26.69 R    42.5    21.1    29.1 -9999.0 -9999.0 -9999.0 -99.000 -99.000 -99.000 -99.000 -99.000 -9999.0 -9999.0 -9999.0 -9999.0 -9999.0
63856 20060709  1.301  -81.46   30.81    28.9    18.6    23.8    24.7     0.0    18.45 R    43.3    17.6    27.1 -9999.0 -9999.0 -9999.0 -99.000 -99.000 -99.000 -99.000 -99.000 -9999.0 -9999.0 -9999.0 -9999.0 -9999.0
63856 20060710  1.301  -81.46   30.81    29.6    21.2    25.4    26.0     0.0    23.78 R    46.2    21.0    30.0 -9999.0 -9999.0 -9999.0 -99.000 -99.000 -99.000 -99.000 -99.000 -9999.0 -9999.0 -9999.0 -9999.0 -9999.0
63856 20060711  1.301  -81.46   30.81    30.3    21.8    26.1    26.8     0.0    23.78 R    47.5    21.0    31.1 -9999.0 -9999.0 -9999.0 -99.000 -99.000 -99.000 -99.000 -99.000 -9999.0 -9999.0 -9999.0 -9999.0 -9999.0
63856 20060712  1.301  -81.46   30.81    30.5    22.4    26.4    27.2     2.5    25.35 R    46.8    21.8    30.9 -9999.0 -9999.0 -9999.0 -99.000 -99.000 -99.000 -99.000 -99.000 -9999.0 -9999.0 -9999.0 -9999.0 -9999.0
63856 20060713  1.301  -81.46   30.81    30.8    25.5    28.1    28.1     0.0    27.76 R    47.2    24.4    32.4 -9999.0 -9999.0 -9999.0 -99.000 -99.000 -99.000 -99.000 -99.000 -9999.0 -9999.0 -9999.0 -9999.0 -9999.0
63856 20060714  1.301  -81.46   30.81    31.1    23.4    27.2    27.7     0.0    27.69 R    48.3    22.0    32.3 -9999.0 -9999.0 -9999.0 -99.000 -99.000 -99.000 -99.000 -99.000 -9999.0 -9999.0 -9999.0 -9999.0 -9999.0
63856 20060715  1.301  -81.46   30.81    34.8    24.5    29.6    28.9     0.0    25.29 R    52.5    23.3    33.4 -9999.0 -9999.0 -9999.0 -99.000 -99.000 -99.000 -99.000 -99.000 -9999.0 -9999.0 -9999.0 -9999.0 -9999.0
63856 20060716  1.301  -81.46   30.81    35.7    23.4    29.5    28.0     1.1    19.17 R    53.4    23.3    31.2 -9999.0 -9999.0 -9999.0 -99.000 -99.000 -99.000 -99.000 -99.000 -9999.0 -9999.0 -9999.0 -9999.0 -9999.0
63856 20060717  1.301  -81.46   30.81    30.9    22.3    26.6    26.9     0.0    26.09 R    48.7    22.2    31.8 -9999.0 -9999.0 -9999.0 -99.000 -99.000 -99.000 -99.000 -99.000 -9999.0 -9999.0 -9999.0 -9999.0 -9999.0
63856 20060718  1.301  -81.46   30.81    30.9    22.9    26.9    27.1     0.0    27.27 R    49.6    21.8    32.2 -9999.0 -9999.0 -9999.0 -99.000 -99.000 -99.000 -99.000 -99.000 -9999.0 -9999.0 -9999.0 -9999.0 -9999.0
63856 20060719  1.301  -81.46   30.81    31.4    21.0    26.2    26.7     0.0    25.81 R    48.9    20.2    31.4 -9999.0 -9999.0 -9999.0 -99.000 -99.000 -99.000 -99.000 -99.000 -9999.0 -9999.0 -9999.0 -9999.0 -9999.0
63856 20060720  1.301  -81.46   30.81    30.7    20.6    25.6    26.7     1.1    23.39 R    47.0    20.2    30.5 -9999.0 -9999.0 -9999.0 -99.000 -99.000 -99.000 -99.000 -99.000 -9999.0 -9999.0 -9999.0 -9999.0 -9999.0
63856 20060721  1.301  -81.46   30.81    31.1    22.4    26.7    27.5     0.0    27.45 R    50.0    21.4    32.8 -9999.0 -9999.0 -9999.0 -99.000 -99.000 -99.000 -99.000 -99.000 -9999.0 -9999.0 -9999.0 -9999.0 -9999.0
63856 20060722  1.301  -81.46   30.81    31.1    24.2    27.6    27.6     0.0    27.05 R    50.0    22.6    32.8 -9999.0 -9999.0 -9999.0 -99.000 -99.000 -99.000 -99.000 -99.000 -9999.0 -9999.0 -9999.0 -9999.0 -9999.0
63856 20060723  1.301  -81.46   30.81    33.9    22.5    28.2    26.5     0.6    16.64 R    53.1    22.3    29.5 -9999.0 -9999.0 -9999.0 -99.000 -99.000 -99.000 -99.000 -99.000 -9999.0 -9999.0 -9999.0 -9999.0 -9999.0
63856 20060724  1.301  -81.46   30.81    33.7    23.8    28.8    26.8     0.3    18.95 R    53.3    22.8    30.4 -9999.0 -9999.0 -9999.0 -99.000 -99.000 -99.000 -99.000 -99.000 -9999.0 -9999.0 -9999.0 -9999.0 -9999.0
63856 20060725  1.301  -81.46   30.81    34.6    23.1    28.9    28.2     0.0    23.64 R    54.0    22.2    32.8 -9999.0 -9999.0 -9999.0 -99.000 -99.000 -99.000 -99.000 -99.000 -9999.0 -9999.0 -9999.0 -9999.0 -9999.0
63856 20060726  1.301  -81.46   30.81    34.4    24.5    29.5    28.8     0.0    20.14 R    53.9    23.8    32.8 -9999.0 -9999.0 -9999.0 -99.000 -99.000 -99.000 -99.000 -99.000 -9999.0 -9999.0 -9999.0 -9999.0 -9999.0
63856 20060727  1.301  -81.46   30.81    32.9    22.6    27.7    28.4     0.0    25.79 R    52.5    21.5    33.6 -9999.0 -9999.0 -9999.0 -99.000 -99.000 -99.000 -99.000 -99.000 -9999.0 -9999.0 -9999.0 -9999.0 -9999.0
63856 20060728  1.301  -81.46   30.81    32.8    23.7    28.3    28.4     0.0    25.96 R    51.4    22.8    33.7 -9999.0 -9999.0 -9999.0 -99.000 -99.000 -99.000 -99.000 -99.000 -9999.0 -9999.0 -9999.0 -9999.0 -9999.0
63856 20060729  1.301  -81.46   30.81    33.0    23.0    28.0    27.2     1.5    19.66 R    52.7    22.7    31.4 -9999.0 -9999.0 -9999.0 -99.000 -99.000 -99.000 -99.000 -99.000 -9999.0 -9999.0 -9999.0 -9999.0 -9999.0
63856 20060730  1.301  -81.46   30.81    33.5    22.7    28.1    26.2     0.9    17.67 R    54.1    22.8    29.4 -9999.0 -9999.0 -9999.0 -99.000 -99.000 -99.000 -99.000 -99.000 -9999.0 -9999.0 -9999.0 -9999.0 -9999.0
63856 20060731  1.301  -81.46   30.81    32.5    22.8    27.7    26.5     0.5    16.65 R    53.3    22.6    29.3 -9999.0 -9999.0 -9999.0 -99.000 -99.000 -99.000 -99.000 -99.000 -9999.0 -9999.0 -9999.0 -9999.0 -9999.0
63856 20060801  1.301  -81.46   30.81    34.8    24.5    29.7    28.5     0.0    25.80 R    56.2    23.4    33.8 -9999.0 -9999.0 -9999.0 -99.000 -99.000 -99.000 -99.000 -99.000 -9999.0 -9999.0 -9999.0 -9999.0 -9999.0
63856 20060802  1.301  -81.46   30.81    35.1    24.2    29.7    28.9     0.0    25.78 R    57.1    22.7    34.3 -9999.0 -9999.0 -9999.0 -99.000 -99.000 -99.000 -99.000 -99.000 -9999.0 -9999.0 -9999.0 -9999.0 -9999.0
63856 20060803  1.301  -81.46   30.81    36.1    25.3    30.7    29.7     0.0    21.80 R    56.8    23.6    34.1 -9999.0 -9999.0 -9999.0 -99.000 -99.000 -99.000 -99.000 -99.000 -9999.0 -9999.0 -9999.0 -9999.0 -9999.0
63856 20060804  1.301  -81.46   30.81    36.6    23.5    30.0    28.5     0.0    21.96 R    56.5    22.8    33.4 -9999.0 -9999.0 -9999.0 -99.000 -99.000 -99.000 -99.000 -99.000 -9999.0 -9999.0 -9999.0 -9999.0 -9999.0
63856 20060805  1.301  -81.46   30.81    31.9    21.2    26.6    26.9     0.0    26.04 R    52.6    19.8    32.8 -9999.0 -9999.0 -9999.0 -99.000 -99.000 -99.000 -99.000 -99.000 -9999.0 -9999.0 -9999.0 -9999.0 -9999.0
63856 20060806  1.301  -81.46   30.81    31.6    22.3    27.0    27.6     0.0    25.75 R    52.8    21.7    33.5 -9999.0 -9999.0 -9999.0 -99.000 -99.000 -99.000 -99.000 -99.000 -9999.0 -9999.0 -9999.0 -9999.0 -9999.0
63856 20060807  1.301  -81.46   30.81    31.9    22.3    27.1    27.8     0.0    26.66 R    53.4    21.5    33.8 -9999.0 -9999.0 -9999.0 -99.000 -99.000 -99.000 -99.000 -99.000 -9999.0 -9999.0 -9999.0 -9999.0 -9999.0
63856 20060808  1.301  -81.46   30.81    32.6    24.4    28.5    28.0     0.0    22.02 R    54.5    23.0    32.9 -9999.0 -9999.0 -9999.0 -99.000 -99.000 -99.000 -99.000 -99.000 -9999.0 -9999.0 -9999.0 -9999.0 -9999.0
63856 20060809  1.301  -81.46   30.81    34.2    23.6    28.9    28.3     0.0    24.27 R    55.5    22.7    34.1 -9999.0 -9999.0 -9999.0 -99.000 -99.000 -99.000 -99.000 -99.000 -9999.0 -9999.0 -9999.0 -9999.0 -9999.0
63856 20060810  1.301  -81.46   30.81    37.0    24.8    30.9    30.0     0.0    22.01 R    56.7    23.8    35.2 -9999.0 -9999.0 -9999.0 -99.000 -99.000 -99.000 -99.000 -99.000 -9999.0 -9999.0 -9999.0 -9999.0 -9999.0
63856 20060811  1.301  -81.46   30.81    35.4    25.8    30.6    29.4     0.0    19.11 R    54.7    24.9    33.5 -9999.0 -9999.0 -9999.0 -99.000 -99.000 -99.000 -99.000 -99.000 -9999.0 -9999.0 -9999.0 -9999.0 -9999.0
63856 20060812  1.301  -81.46   30.81    35.0    23.1    29.1    27.6    34.2    19.25 R    56.2    23.3    32.1 -9999.0 -9999.0 -9999.0 -99.000 -99.000 -99.000 -99.000 -99.000 -9999.0 -9999.0 -9999.0 -9999.0 -9999.0
63856 20060813  1.301  -81.46   30.81    28.2    23.3    25.8    24.9     7.9    10.00 R    40.8    23.7    26.5 -9999.0 -9999.0 -9999.0 -99.000 -99.000 -99.000 -99.000 -99.000 -9999.0 -9999.0 -9999.0 -9999.0 -9999.0
63856 20060814  1.301  -81.46   30.81    30.4    22.7    26.6    26.9     1.4    23.78 R    46.3    22.3    30.3 -9999.0 -9999.0 -9999.0 -99.000 -99.000 -99.000 -99.000 -99.000 -9999.0 -9999.0 -9999.0 -9999.0 -9999.0
63856 20060815  1.301  -81.46   30.81    30.6    22.5    26.6    26.5     0.4    24.12 R    49.8    22.1    30.9 -9999.0 -9999.0 -9999.0 -99.000 -99.000 -99.000 -99.000 -99.000 -9999.0 -9999.0 -9999.0 -9999.0 -9999.0
63856 20060816  1.301  -81.46   30.81    30.7    21.7    26.2    26.5     0.0    25.91 R    50.1    21.1    31.9 -9999.0 -9999.0 -9999.0 -99.000 -99.000 -99.000 -99.000 -99.000 -9999.0 -9999.0 -9999.0 -9999.0 -9999.0
63856 20060817  1.301  -81.46   30.81    31.7    22.7    27.2    26.6     0.0    15.23 R    49.9    21.9    30.3 -9999.0 -9999.0 -9999.0 -99.000 -99.000 -99.000 -99.000 -99.000 -9999.0 -9999.0 -9999.0 -9999.0 -9999.0
63856 20060818  1.301  -81.46   30.81    31.6    24.5    28.1    27.7     0.0    20.20 R    49.5    24.1    31.5 -9999.0 -9999.0 -9999.0 -99.000 -99.000 -99.000 -99.000 -99.000 -9999.0 -9999.0 -9999.0 -9999.0 -9999.0
63856 20060819  1.301  -81.46   30.81    31.4    24.3    27.8    27.0    17.4    15.05 R    45.2    23.6    29.0 -9999.0 -9999.0 -9999.0 -99.000 -99.000 -99.000 -99.000 -99.000 -9999.0 -9999.0 -9999.0 -9999.0 -9999.0
63856 20060820  1.301  -81.46   30.81    30.9    24.1    27.5    27.2     0.0    21.01 R    46.7    23.5    30.9 -9999.0 -9999.0 -9999.0 -99.000 -99.000 -99.000 -99.000 -99.000 -9999.0 -9999.0 -9999.0 -9999.0 -9999.0
63856 20060821  1.301  -81.46   30.81    31.7    23.2    27.4    27.7     0.0    24.80 R    49.0    22.2    32.0 -9999.0 -9999.0 -9999.0 -99.000 -99.000 -99.000 -99.000 -99.000 -9999.0 -9999.0 -9999.0 -9999.0 -9999.0
63856 20060822  1.301  -81.46   30.81    31.4    23.4    27.4    27.5     0.0    22.16 R    49.8    22.6    31.8 -9999.0 -9999.0 -9999.0 -99.000 -99.000 -99.000 -99.000 -99.000 -9999.0 -9999.0 -9999.0 -9999.0 -9999.0
63856 20060823  1.301  -81.46   30.81    34.2    24.2    29.2    27.8     0.0    18.02 R    51.9    23.3    31.6 -9999.0 -9999.0 -9999.0 -99.000 -99.000 -99.000 -99.000 -99.000 -9999.0 -9999.0 -9999.0 -9999.0 -9999.0
63856 20060824  1.301  -81.46   30.81    32.5    23.3    27.9    26.4     7.7    19.57 R    51.3    23.4    30.5 -9999.0 -9999.0 -9999.0 -99.000 -99.000 -99.000 -99.000 -99.000 -9999.0 -9999.0 -9999.0 -9999.0 -9999.0
63856 20060825  1.301  -81.46   30.81    29.0    23.7    26.3    25.7     3.2    14.90 R    41.4    23.6    28.3 -9999.0 -9999.0 -9999.0 -99.000 -99.000 -99.000 -99.000 -99.000 -9999.0 -9999.0 -9999.0 -9999.0 -9999.0
63856 20060826  1.301  -81.46   30.81    30.5    23.2    26.9    27.1     3.3    21.11 R    47.8    22.8    30.2 -9999.0 -9999.0 -9999.0 -99.000 -99.000 -99.000 -99.000 -99.000 -9999.0 -9999.0 -9999.0 -9999.0 -9999.0
63856 20060827  1.301  -81.46   30.81    30.9    24.8    27.9    28.0     1.6    23.15 R    47.6    24.5    31.7 -9999.0 -9999.0 -9999.0 -99.000 -99.000 -99.000 -99.000 -99.000 -9999.0 -9999.0 -9999.0 -9999.0 -9999.0
63856 20060828  1.301  -81.46   30.81    31.3    24.6    27.9    28.4     0.0    23.46 R    48.5    24.0    32.5 -9999.0 -9999.0 -9999.0 -99.000 -99.000 -99.000 -99.000 -99.000 -9999.0 -9999.0 -9999.0 -9999.0 -9999.0
63856 20060829  1.301  -81.46   30.81    33.5    24.9    29.2    28.6     0.0    20.86 R    50.0    24.0    32.4 -9999.0 -9999.0 -9999.0 -99.000 -99.000 -99.000 -99.000 -99.000 -9999.0 -9999.0 -9999.0 -9999.0 -9999.0
63856 20060830  1.301  -81.46   30.81    29.9    23.3    26.6    26.6    54.2     9.59 R    41.1    22.9    28.0 -9999.0 -9999.0 -9999.0 -99.000 -99.000 -99.000 -99.000 -99.000 -9999.0 -9999.0 -9999.0 -9999.0 -9999.0
63856 20060831  1.301  -81.46   30.81    32.5    22.9    27.7    26.1    14.5    14.55 R    44.0    22.5    27.8 -9999.0 -9999.0 -9999.0 -99.000 -99.000 -99.000 -99.000 -99.000 -9999.0 -9999.0 -9999.0 -9999.0 -9999.0
63856 20060901  1.301  -81.46   30.81    30.8    21.4    26.1    26.1     0.0    16.08 R    45.4    21.2    28.7 -9999.0 -9999.0 -9999.0 -99.000 -99.000 -99.000 -99.000 -99.000 -9999.0 -9999.0 -9999.0 -9999.0 -9999.0
63856 20060902  1.301  -81.46   30.81    30.6    22.8    26.7    26.5    14.9    18.49 R    46.3    22.1    29.1 -9999.0 -9999.0 -9999.0 -99.000 -99.000 -99.000 -99.000 -99.000 -9999.0 -9999.0 -9999.0 -9999.0 -9999.0
63856 20060903  1.301  -81.46   30.81    31.3    22.4    26.8    27.2     0.0    23.46 R    45.8    22.2    30.4 -9999.0 -9999.0 -9999.0 -99.000 -99.000 -99.000 -99.000 -99.000 -9999.0 -9999.0 -9999.0 -9999.0 -9999.0
63856 20060904  1.301  -81.46   30.81    30.0    22.2    26.1    26.7     0.0    22.46 R    45.2    21.8    30.5 -9999.0 -9999.0 -9999.0 -99.000 -99.000 -99.000 -99.000 -99.000 -9999.0 -9999.0 -9999.0 -9999.0 -9999.0
63856 20060905  1.301  -81.46   30.81    30.4    24.2    27.3    27.2     0.0    23.40 R    46.6    23.1    31.2 -9999.0 -9999.0 -9999.0 -99.000 -99.000 -99.000 -99.000 -99.000 -9999.0 -9999.0 -9999.0 -9999.0 -9999.0
63856 20060906  1.301  -81.46   30.81    30.3    22.5    26.4    26.5     0.8    20.17 R    47.5    21.8    30.8 -9999.0 -9999.0 -9999.0 -99.000 -99.000 -99.000 -99.000 -99.000 -9999.0 -9999.0 -9999.0 -9999.0 -9999.0
63856 20060907  1.301  -81.46   30.81    28.6    23.7    26.1    25.2     4.0     5.85 R    34.4    23.4    25.9 -9999.0 -9999.0 -9999.0 -99.000 -99.000 -99.000 -99.000 -99.000 -9999.0 -9999.0 -9999.0 -9999.0 -9999.0
63856 20060908  1.301  -81.46   30.81    28.4    22.4    25.4    24.7     2.4     9.89 R    41.7    21.6    26.1 -9999.0 -9999.0 -9999.0 -99.000 -99.000 -99.000 -99.000 -99.000 -9999.0 -9999.0 -9999.0 -9999.0 -9999.0
63856 20060909  1.301  -81.46   30.81    29.4    22.2    25.8    26.0     0.0    18.13 R    42.9    22.0    28.3 -9999.0 -9999.0 -9999.0 -99.000 -99.000 -99.000 -99.000 -99.000 -9999.0 -9999.0 -9999.0 -9999.0 -9999.0
63856 20060910  1.301  -81.46   30.81    29.7    25.6    27.6    27.1     0.0    13.77 R    45.3    23.9    29.0 -9999.0 -9999.0 -9999.0 -99.000 -99.000 -99.000 -99.000 -99.000 -9999.0 -9999.0 -9999.0 -9999.0 -9999.0
63856 20060911  1.301  -81.46   30.81    29.6    26.0    27.8    27.1     0.0    21.04 R    44.9    23.5    29.9 -9999.0 -9999.0 -9999.0 -99.000 -99.000 -99.000 -99.000 -99.000 -9999.0 -9999.0 -9999.0 -9999.0 -9999.0
63856 20060912  1.301  -81.46   30.81    29.1    24.8    26.9    26.5     0.3    14.62 R    45.4    23.8    28.4 -9999.0 -9999.0 -9999.0 -99.000 -99.000 -99.000 -99.000 -99.000 -9999.0 -9999.0 -9999.0 -9999.0 -9999.0
63856 20060913  1.301  -81.46   30.81    28.3    24.5    26.4    26.5     0.0     9.52 R    36.5    24.1    27.7 -9999.0 -9999.0 -9999.0 -99.000 -99.000 -99.000 -99.000 -99.000 -9999.0 -9999.0 -9999.0 -9999.0 -9999.0
63856 20060914  1.301  -81.46   30.81    30.6    21.1    25.9    25.3     0.0    18.09 R    45.6    20.2    28.8 -9999.0 -9999.0 -9999.0 -99.000 -99.000 -99.000 -99.000 -99.000 -9999.0 -9999.0 -9999.0 -9999.0 -9999.0
63856 20060915  1.301  -81.46   30.81    28.2    19.2    23.7    24.5     0.0    22.04 R    44.4    17.8    28.0 -9999.0 -9999.0 -9999.0 -99.000 -99.000 -99.000 -99.000 -99.000 -9999.0 -9999.0 -9999.0 -9999.0 -9999.0
63856 20060916  1.301  -81.46   30.81    29.4    21.0    25.2    25.6     0.0    19.71 R    45.5    20.3    28.8 -9999.0 -9999.0 -9999.0 -99.000 -99.000 -99.000 -99.000 -99.000 -9999.0 -9999.0 -9999.0 -9999.0 -9999.0
63856 20060917  1.301  -81.46   30.81    29.1    18.9    24.0    25.0     0.0    15.52 R    44.1    17.9    27.4 -9999.0 -9999.0 -9999.0 -99.000 -99.000 -99.000 -99.000 -99.000 -9999.0 -9999.0 -9999.0 -9999.0 -9999.0
63856 20060918  1.301  -81.46   30.81    30.1    21.7    25.9    25.9     3.5    17.18 R    45.4    20.7    28.7 -9999.0 -9999.0 -9999.0 -99.000 -99.000 -99.000 -99.000 -99.000 -9999.0 -9999.0 -9999.0 -9999.0 -9999.0
63856 20060919  1.301  -81.46   30.81    31.7    22.5    27.1    24.8    22.2    10.49 R    44.0    22.4    26.0 -9999.0 -9999.0 -9999.0 -99.000 -99.000 -99.000 -99.000 -99.000 -9999.0 -9999.0 -9999.0 -9999.0 -9999.0
63856 20060920  1.301  -81.46   30.81    28.8    15.1    21.9    23.0     0.0    23.09 R    40.6    13.5    25.4 -9999.0 -9999.0 -9999.0 -99.000 -99.000 -99.000 -99.000 -99.000 -9999.0 -9999.0 -9999.0 -9999.0 -9999.0
63856 20060921  1.301  -81.46   30.81    28.7    14.5    21.6    22.7     0.0    22.79 R    42.4    12.4    24.9 -9999.0 -9999.0 -9999.0 -99.000 -99.000 -99.000 -99.000 -99.000 -9999.0 -9999.0 -9999.0 -9999.0 -9999.0
63856 20060922  1.301  -81.46   30.81    29.3    19.6    24.4    26.3     0.0    21.64 R    43.2    18.8    28.7 -9999.0 -9999.0 -9999.0 -99.000 -99.000 -99.000 -99.000 -99.000 -9999.0 -9999.0 -9999.0 -9999.0 -9999.0
63856 20060923  1.301  -81.46   30.81    29.9    21.2    25.5    26.7     0.0    19.04 R    44.1    19.9    29.1 -9999.0 -9999.0 -9999.0 -99.000 -99.000 -99.000 -99.000 -99.000 -9999.0 -9999.0 -9999.0 -9999.0 -9999.0
63856 20060924  1.301  -81.46   30.81    31.6    21.5    26.6    26.6     0.0    21.45 R    45.9    19.4    29.3 -9999.0 -9999.0 -9999.0 -99.000 -99.000 -99.000 -99.000 -99.000 -9999.0 -9999.0 -9999.0 -9999.0 -9999.0
63856 20060925  1.301  -81.46   30.81    32.3    22.4    27.4    25.7     0.3    17.23 R    47.3    20.9    28.5 -9999.0 -9999.0 -9999.0 -99.000 -99.000 -99.000 -99.000 -99.000 -9999.0 -9999.0 -9999.0 -9999.0 -9999.0
63856 20060926  1.301  -81.46   30.81    28.9    20.4    24.6    24.4     0.0    16.47 R    45.3    20.1    26.9 -9999.0 -9999.0 -9999.0 -99.000 -99.000 -99.000 -99.000 -99.000 -9999.0 -9999.0 -9999.0 -9999.0 -9999.0
63856 20060927  1.301  -81.46   30.81    29.2    20.2    24.7    25.0    14.6    18.23 R    44.0    19.3    27.9 -9999.0 -9999.0 -9999.0 -99.000 -99.000 -99.000 -99.000 -99.000 -9999.0 -9999.0 -9999.0 -9999.0 -9999.0
63856 20060928  1.301  -81.46   30.81    29.5    19.9    24.7    24.0     0.6    21.30 R    40.4    19.3    26.3 -9999.0 -9999.0 -9999.0 -99.000 -99.000 -99.000 -99.000 -99.000 -9999.0 -9999.0 -9999.0 -9999.0 -9999.0
63856 20060929  1.301  -81.46   30.81    25.2    15.9    20.6    20.6     0.0    21.38 R    38.0    15.1    23.4 -9999.0 -9999.0 -9999.0 -99.000 -99.000 -99.000 -99.000 -99.000 -9999.0 -9999.0 -9999.0 -9999.0 -9999.0
63856 20060930  1.301  -81.46   30.81    27.5    15.5    21.5    22.5     0.0    20.46 R    40.7    14.6    24.8 -9999.0 -9999.0 -9999.0 -99.000 -99.000 -99.000 -99.000 -99.000 -9999.0 -9999.0 -9999.0 -9999.0 -9999.0
63856 20061001  1.301  -81.46   30.81    28.6    17.9    23.2    23.7     0.0    20.48 R    41.5    17.0    26.2 -9999.0 -9999.0 -9999.0 -99.000 -99.000 -99.000 -99.000 -99.000 -9999.0 -9999.0 -9999.0 -9999.0 -9999.0
63856 20061002  1.301  -81.46   30.81    29.4    18.7    24.1    24.9     0.0    19.52 R    42.2    18.0    27.3 -9999.0 -9999.0 -9999.0 -99.000 -99.000 -99.000 -99.000 -99.000 -9999.0 -9999.0 -9999.0 -9999.0 -9999.0
63856 20061003  1.301  -81.46   30.81    29.0    24.4    26.7    26.2     0.0    17.26 R    41.3    21.4    27.6 -9999.0 -9999.0 -9999.0 -99.000 -99.000 -99.000 -99.000 -99.000 -9999.0 -9999.0 -9999.0 -9999.0 -9999.0
63856 20061004  1.301  -81.46   30.81    28.4    16.6    22.5    24.2     0.0    19.33 R    41.7    15.2    26.0 -9999.0 -9999.0 -9999.0 -99.000 -99.000 -99.000 -99.000 -99.000 -9999.0 -9999.0 -9999.0 -9999.0 -9999.0
63856 20061005  1.301  -81.46   30.81    28.0    17.1    22.5    22.8     0.0    20.60 R    41.6    15.1    25.2 -9999.0 -9999.0 -9999.0 -99.000 -99.000 -99.000 -99.000 -99.000 -9999.0 -9999.0 -9999.0 -9999.0 -9999.0
63856 20061006  1.301  -81.46   30.81    31.1    16.5    23.8    23.8     0.0    19.15 R    43.4    15.4    26.0 -9999.0 -9999.0 -9999.0 -99.000 -99.000 -99.000 -99.000 -99.000 -9999.0 -9999.0 -9999.0 -9999.0 -9999.0
63856 20061007  1.301  -81.46   30.81    24.0    17.5    20.8    20.1     0.0    13.73 R    36.6    16.1    22.6 -9999.0 -9999.0 -9999.0 -99.000 -99.000 -99.000 -99.000 -99.000 -9999.0 -9999.0 -9999.0 -9999.0 -9999.0
63856 20061008  1.301  -81.46   30.81    22.6    12.7    17.7    17.5     0.0    18.86 R    38.3    10.9    20.3 -9999.0 -9999.0 -9999.0 -99.000 -99.000 -99.000 -99.000 -99.000 -9999.0 -9999.0 -9999.0 -9999.0 -9999.0
63856 20061009  1.301  -81.46   30.81    24.5    13.5    19.0    18.5     0.0    12.51 R    38.7    11.9    20.6 -9999.0 -9999.0 -9999.0 -99.000 -99.000 -99.000 -99.000 -99.000 -9999.0 -9999.0 -9999.0 -9999.0 -9999.0
63856 20061010  1.301  -81.46   30.81    24.2    14.1    19.2    18.5     0.0    12.15 R    37.3    12.9    20.0 -9999.0 -9999.0 -9999.0 -99.000 -99.000 -99.000 -99.000 -99.000 -9999.0 -9999.0 -9999.0 -9999.0 -9999.0
63856 20061011  1.301  -81.46   30.81    27.2    14.1    20.7    20.7     0.0    12.71 R    40.9    13.1    22.2 -9999.0 -9999.0 -9999.0 -99.000 -99.000 -99.000 -99.000 -99.000 -9999.0 -9999.0 -9999.0 -9999.0 -9999.0
63856 20061012  1.301  -81.46   30.81    30.0    16.6    23.3    22.9     0.0    19.17 R    42.5    15.4    25.3 -9999.0 -9999.0 -9999.0 -99.000 -99.000 -99.000 -99.000 -99.000 -9999.0 -9999.0 -9999.0 -9999.0 -9999.0
63856 20061013  1.301  -81.46   30.81    27.2    13.5    20.3    20.3     0.0    14.44 R    40.0    12.4    22.1 -9999.0 -9999.0 -9999.0 -99.000 -99.000 -99.000 -99.000 -99.000 -9999.0 -9999.0 -9999.0 -9999.0 -9999.0
63856 20061014  1.301  -81.46   30.81    23.6     8.9    16.3    16.2     0.0    20.21 R    36.7     6.9    18.1 -9999.0 -9999.0 -9999.0 -99.000 -99.000 -99.000 -99.000 -99.000 -9999.0 -9999.0 -9999.0 -9999.0 -9999.0
63856 20061015  1.301  -81.46   30.81    23.5     7.3    15.4    15.4     0.0    16.25 R    38.1     5.5    16.4 -9999.0 -9999.0 -9999.0 -99.000 -99.000 -99.000 -99.000 -99.000 -9999.0 -9999.0 -9999.0 -9999.0 -9999.0
63856 20061016  1.301  -81.46   30.81    25.6    10.5    18.0    21.8     0.0    10.01 R    36.9     8.4    22.3 -9999.0 -9999.0 -9999.0 -99.000 -99.000 -99.000 -99.000 -99.000 -9999.0 -9999.0 -9999.0 -9999.0 -9999.0
63856 20061017  1.301  -81.46   30.81    27.4    23.4    25.4    24.7     0.0     8.43 R    35.7    21.4    25.4 -9999.0 -9999.0 -9999.0 -99.000 -99.000 -99.000 -99.000 -99.000 -9999.0 -9999.0 -9999.0 -9999.0 -9999.0
63856 20061018  1.301  -81.46   30.81    25.7    21.1    23.4    23.4    12.8     4.23 R    29.9    21.1    23.8 -9999.0 -9999.0 -9999.0 -99.000 -99.000 -99.000 -99.000 -99.000 -9999.0 -9999.0 -9999.0 -9999.0 -9999.0
63856 20061019  1.301  -81.46   30.81    27.8    22.8    25.3    24.8     0.0    15.36 R    38.5    22.4    27.1 -9999.0 -9999.0 -9999.0 -99.000 -99.000 -99.000 -99.000 -99.000 -9999.0 -9999.0 -9999.0 -9999.0 -9999.0
63856 20061020  1.301  -81.46   30.81    30.7    20.3    25.5    25.0     5.0    13.75 R    40.7    19.1    26.3 -9999.0 -9999.0 -9999.0 -99.000 -99.000 -99.000 -99.000 -99.000 -9999.0 -9999.0 -9999.0 -9999.0 -9999.0
63856 20061021  1.301  -81.46   30.81    25.4    15.5    20.4    21.0     0.0    17.60 R    36.7    15.0    23.1 -9999.0 -9999.0 -9999.0 -99.000 -99.000 -99.000 -99.000 -99.000 -9999.0 -9999.0 -9999.0 -9999.0 -9999.0
63856 20061022  1.301  -81.46   30.81    32.1    18.4    25.2    24.5     0.0    15.30 R    41.7    17.7    26.1 -9999.0 -9999.0 -9999.0 -99.000 -99.000 -99.000 -99.000 -99.000 -9999.0 -9999.0 -9999.0 -9999.0 -9999.0
63856 20061023  1.301  -81.46   30.81    20.4     9.7    15.1    16.2     0.0    15.79 R    31.9     8.5    18.3 -9999.0 -9999.0 -9999.0 -99.000 -99.000 -99.000 -99.000 -99.000 -9999.0 -9999.0 -9999.0 -9999.0 -9999.0
63856 20061024  1.301  -81.46   30.81    20.7     5.3    13.0    12.2     0.0    18.65 R    31.7     3.7    14.1 -9999.0 -9999.0 -9999.0 -99.000 -99.000 -99.000 -99.000 -99.000 -9999.0 -9999.0 -9999.0 -9999.0 -9999.0
63856 20061025  1.301  -81.46   30.81    19.2     5.7    12.5    12.5     0.0    17.65 R    31.7     3.8    14.6 -9999.0 -9999.0 -9999.0 -99.000 -99.000 -99.000 -99.000 -99.000 -9999.0 -9999.0 -9999.0 -9999.0 -9999.0
63856 20061026  1.301  -81.46   30.81    21.6    12.3    17.0    17.9     0.0    12.15 R    35.0    11.9    20.0 -9999.0 -9999.0 -9999.0 -99.000 -99.000 -99.000 -99.000 -99.000 -9999.0 -9999.0 -9999.0 -9999.0 -9999.0
63856 20061027  1.301  -81.46   30.81    25.7    18.9    22.3    22.5    22.8    11.04 R    35.7    18.8    23.8 -9999.0 -9999.0 -9999.0 -99.000 -99.000 -99.000 -99.000 -99.000 -9999.0 -9999.0 -9999.0 -9999.0 -9999.0
63856 20061028  1.301  -81.46   30.81    21.1    12.4    16.7    17.6    13.5    17.65 R    30.3    10.8    19.0 -9999.0 -9999.0 -9999.0 -99.000 -99.000 -99.000 -99.000 -99.000 -9999.0 -9999.0 -9999.0 -9999.0 -9999.0
63856 20061029  1.301  -81.46   30.81    21.1     6.1    13.6    13.6     0.0    18.18 R    32.3     5.5    15.3 -9999.0 -9999.0 -9999.0 -99.000 -99.000 -99.000 -99.000 -99.000 -9999.0 -9999.0 -9999.0 -9999.0 -9999.0
63856 20061030  1.301  -81.46   30.81    23.4     7.7    15.5    15.3     0.0    17.62 R    34.2     5.8    16.4 -9999.0 -9999.0 -9999.0 -99.000 -99.000 -99.000 -99.000 -99.000 -9999.0 -9999.0 -9999.0 -9999.0 -9999.0
63856 20061031  1.301  -81.46   30.81    25.8    13.0    19.4    20.0     0.0    15.48 R    36.9    11.6    21.2 -9999.0 -9999.0 -9999.0 -99.000 -99.000 -99.000 -99.000 -99.000 -9999.0 -9999.0 -9999.0 -9999.0 -9999.0
63856 20061101  1.301  -81.46   30.81    25.8    13.7    19.7    20.1     0.0    14.75 R    36.4    12.9    21.5 -9999.0 -9999.0 -9999.0 -99.000 -99.000 -99.000 -99.000 -99.000 -9999.0 -9999.0 -9999.0 -9999.0 -9999.0
63856 20061102  1.301  -81.46   30.81    26.8    15.1    20.9    20.1     0.0    14.03 R    36.5    13.6    21.4 -9999.0 -9999.0 -9999.0 -99.000 -99.000 -99.000 -99.000 -99.000 -9999.0 -9999.0 -9999.0 -9999.0 -9999.0
63856 20061103  1.301  -81.46   30.81    17.4    12.0    14.7    14.7     0.0    11.74 R    24.9     9.5    15.4 -9999.0 -9999.0 -9999.0 -99.000 -99.000 -99.000 -99.000 -99.000 -9999.0 -9999.0 -9999.0 -9999.0 -9999.0
63856 20061104  1.301  -81.46   30.81    19.4     9.0    14.2    16.1     0.0    14.80 R    29.8     8.0    17.4 -9999.0 -9999.0 -9999.0 -99.000 -99.000 -99.000 -99.000 -99.000 -9999.0 -9999.0 -9999.0 -9999.0 -9999.0
63856 20061105  1.301  -81.46   30.81    19.4    14.9    17.2    17.6     1.4     5.87 R    24.9    15.4    18.2 -9999.0 -9999.0 -9999.0 -99.000 -99.000 -99.000 -99.000 -99.000 -9999.0 -9999.0 -9999.0 -9999.0 -9999.0
63856 20061106  1.301  -81.46   30.81    22.5    16.0    19.2    19.2     0.0    12.08 R    30.7    15.5    20.2 -9999.0 -9999.0 -9999.0 -99.000 -99.000 -99.000 -99.000 -99.000 -9999.0 -9999.0 -9999.0 -9999.0 -9999.0
63856 20061107  1.301  -81.46   30.81    21.0    17.5    19.3    19.5     1.2     3.55 R    24.5    16.4    19.8 -9999.0 -9999.0 -9999.0 -99.000 -99.000 -99.000 -99.000 -99.000 -9999.0 -9999.0 -9999.0 -9999.0 -9999.0
63856 20061108  1.301  -81.46   30.81    18.6    13.6    16.1    16.0     0.0    11.30 R    28.2    12.2    16.7 -9999.0 -9999.0 -9999.0 -99.000 -99.000 -99.000 -99.000 -99.000 -9999.0 -9999.0 -9999.0 -9999.0 -9999.0
63856 20061109  1.301  -81.46   30.81    24.5    10.8    17.6    15.7     0.0    16.12 R    32.3     9.6    16.6 -9999.0 -9999.0 -9999.0 -99.000 -99.000 -99.000 -99.000 -99.000 -9999.0 -9999.0 -9999.0 -9999.0 -9999.0
63856 20061110  1.301  -81.46   30.81    24.6    10.1    17.3    17.3     0.0    13.34 R    34.0     9.0    18.1 -9999.0 -9999.0 -9999.0 -99.000 -99.000 -99.000 -99.000 -99.000 -9999.0 -9999.0 -9999.0 -9999.0 -9999.0
63856 20061111  1.301  -81.46   30.81    24.1    12.5    18.3    18.6     0.0    14.82 R    33.9    11.1    19.7 -9999.0 -9999.0 -9999.0 -99.000 -99.000 -99.000 -99.000 -99.000 -9999.0 -9999.0 -9999.0 -9999.0 -9999.0
63856 20061112  1.301  -81.46   30.81    19.9     6.3    13.1    13.0     0.0    14.97 R    28.4     3.6    14.2 -9999.0 -9999.0 -9999.0 -99.000 -99.000 -99.000 -99.000 -99.000 -9999.0 -9999.0 -9999.0 -9999.0 -9999.0
63856 20061113  1.301  -81.46   30.81    18.8     5.8    12.3    11.8     0.0    16.36 R    29.9     2.8    13.0 -9999.0 -9999.0 -9999.0 -99.000 -99.000 -99.000 -99.000 -99.000 -9999.0 -9999.0 -9999.0 -9999.0 -9999.0
63856 20061114  1.301  -81.46   30.81    21.1     6.6    13.8    14.7     0.0    15.39 R    31.7     4.1    15.4 -9999.0 -9999.0 -9999.0 -99.000 -99.000 -99.000 -99.000 -99.000 -9999.0 -9999.0 -9999.0 -9999.0 -9999.0
63856 20061115  1.301  -81.46   30.81    23.7     8.2    16.0    17.8     1.9    12.00 R    33.0     6.8    18.6 -9999.0 -9999.0 -9999.0 -99.000 -99.000 -99.000 -99.000 -99.000 -9999.0 -9999.0 -9999.0 -9999.0 -9999.0
63856 20061116  1.301  -81.46   30.81    22.5     9.8    16.2    18.1     1.4     9.97 R    27.8     8.5    18.2 -9999.0 -9999.0 -9999.0 -99.000 -99.000 -99.000 -99.000 -99.000 -9999.0 -9999.0 -9999.0 -9999.0 -9999.0
63856 20061117  1.301  -81.46   30.81    16.6     3.9    10.2    10.0     0.0    15.47 R    25.3     2.7    11.1 -9999.0 -9999.0 -9999.0 -99.000 -99.000 -99.000 -99.000 -99.000 -9999.0 -9999.0 -9999.0 -9999.0 -9999.0
63856 20061118  1.301  -81.46   30.81    17.7     3.6    10.6     9.4     0.0    15.15 R    27.0     1.4    10.0 -9999.0 -9999.0 -9999.0 -99.000 -99.000 -99.000 -99.000 -99.000 -9999.0 -9999.0 -9999.0 -9999.0 -9999.0
63856 20061119  1.301  -81.46   30.81    20.3     2.0    11.1    11.2     0.0    14.87 R    29.4     0.0    11.5 -9999.0 -9999.0 -9999.0 -99.000 -99.000 -99.000 -99.000 -99.000 -9999.0 -9999.0 -9999.0 -9999.0 -9999.0
63856 20061120  1.301  -81.46   30.81    15.6     4.3     9.9     9.7     0.0    14.88 R    25.0     3.1    11.1 -9999.0 -9999.0 -9999.0 -99.000 -99.000 -99.000 -99.000 -99.000 -9999.0 -9999.0 -9999.0 -9999.0 -9999.0
63856 20061121  1.301  -81.46   30.81     9.3     4.5     6.9     6.8     1.9     3.48 R    13.6     4.4     7.3 -9999.0 -9999.0 -9999.0 -99.000 -99.000 -99.000 -99.000 -99.000 -9999.0 -9999.0 -9999.0 -9999.0 -9999.0
63856 20061122  1.301  -81.46   30.81    11.6     5.4     8.5     8.6     0.2     4.03 R    16.2     5.4     9.1 -9999.0 -9999.0 -9999.0 -99.000 -99.000 -99.000 -99.000 -99.000 -9999.0 -9999.0 -9999.0 -9999.0 -9999.0
63856 20061123  1.301  -81.46   30.81    14.5     3.7     9.1     8.7     0.0    13.05 R    24.3     2.2     9.5 -9999.0 -9999.0 -9999.0 -99.000 -99.000 -99.000 -99.000 -99.000 -9999.0 -9999.0 -9999.0 -9999.0 -9999.0
63856 20061124  1.301  -81.46   30.81    18.6     4.4    11.5    10.9     0.0    14.45 R    28.0     2.6    11.4 -9999.0 -9999.0 -9999.0 -99.000 -99.000 -99.000 -99.000 -99.000 -9999.0 -9999.0 -9999.0 -9999.0 -9999.0
63856 20061125  1.301  -81.46   30.81    19.9     5.8    12.9    14.1     0.0    14.46 R    28.7     3.7    14.2 -9999.0 -9999.0 -9999.0 -99.000 -99.000 -99.000 -99.000 -99.000 -9999.0 -9999.0 -9999.0 -9999.0 -9999.0
63856 20061126  1.301  -81.46   30.81    19.9     9.9    14.9    14.9     0.0    12.24 R    27.9     6.6    15.4 -9999.0 -9999.0 -9999.0 -99.000 -99.000 -99.000 -99.000 -99.000 -9999.0 -9999.0 -9999.0 -9999.0 -9999.0
63856 20061127  1.301  -81.46   30.81    22.1    16.0    19.0    18.1     1.8    11.98 R    29.8    15.6    19.3 -9999.0 -9999.0 -9999.0 -99.000 -99.000 -99.000 -99.000 -99.000 -9999.0 -9999.0 -9999.0 -9999.0 -9999.0
63856 20061128  1.301  -81.46   30.81    24.5    15.8    20.1    19.6     0.4    12.25 R    33.4    14.5    21.2 -9999.0 -9999.0 -9999.0 -99.000 -99.000 -99.000 -99.000 -99.000 -9999.0 -9999.0 -9999.0 -9999.0 -9999.0
63856 20061129  1.301  -81.46   30.81    24.6    16.0    20.3    20.5     0.2    10.60 R    33.2    14.5    21.5 -9999.0 -9999.0 -9999.0 -99.000 -99.000 -99.000 -99.000 -99.000 -9999.0 -9999.0 -9999.0 -9999.0 -9999.0
63856 20061130  1.301  -81.46   30.81    24.2    19.0    21.6    20.8     2.5     9.95 R    32.4    18.3    21.9 -9999.0 -9999.0 -9999.0 -99.000 -99.000 -99.000 -99.000 -99.000 -9999.0 -9999.0 -9999.0 -9999.0 -9999.0
63856 20061201  1.301  -81.46   30.81    27.7    20.0    23.9    22.3     0.5     7.78 R    34.7    19.1    22.6 -9999.0 -9999.0 -9999.0 -99.000 -99.000 -99.000 -99.000 -99.000 -9999.0 -9999.0 -9999.0 -9999.0 -9999.0
63856 20061202  1.301  -81.46   30.81    20.3    11.6    15.9    14.9     1.3     2.68 R    20.0    12.5    15.7 -9999.0 -9999.0 -9999.0 -99.000 -99.000 -99.000 -99.000 -99.000 -9999.0 -9999.0 -9999.0 -9999.0 -9999.0
63856 20061203  1.301  -81.46   30.81    17.2    12.4    14.8    16.0     0.8     2.62 R    19.9    12.9    16.6 -9999.0 -9999.0 -9999.0 -99.000 -99.000 -99.000 -99.000 -99.000 -9999.0 -9999.0 -9999.0 -9999.0 -9999.0
63856 20061204  1.301  -81.46   30.81    16.3     4.3    10.3    10.7     0.0    12.50 R    23.3     2.2    11.7 -9999.0 -9999.0 -9999.0 -99.000 -99.000 -99.000 -99.000 -99.000 -9999.0 -9999.0 -9999.0 -9999.0 -9999.0
63856 20061205  1.301  -81.46   30.81    15.8     2.6     9.2     8.3     0.0    14.19 R    24.3     1.6     9.1 -9999.0 -9999.0 -9999.0 -99.000 -99.000 -99.000 -99.000 -99.000 -9999.0 -9999.0 -9999.0 -9999.0 -9999.0
63856 20061206  1.301  -81.46   30.81    20.8     3.6    12.2    12.2     0.0    12.26 R    30.1     1.7    12.8 -9999.0 -9999.0 -9999.0 -99.000 -99.000 -99.000 -99.000 -99.000 -9999.0 -9999.0 -9999.0 -9999.0 -9999.0
63856 20061207  1.301  -81.46   30.81    16.0     9.3    12.6    13.0     0.0     4.30 R    19.6     7.8    12.8 -9999.0 -9999.0 -9999.0 -99.000 -99.000 -99.000 -99.000 -99.000 -9999.0 -9999.0 -9999.0 -9999.0 -9999.0
63856 20061208  1.301  -81.46   30.81     9.4    -0.4     4.5     3.6     0.0    11.74 R    16.2    -3.1     4.1 -9999.0 -9999.0 -9999.0 -99.000 -99.000 -99.000 -99.000 -99.000 -9999.0 -9999.0 -9999.0 -9999.0 -9999.0
63856 20061209  1.301  -81.46   30.81    13.0     0.6     6.8     6.8     0.0    12.98 R    21.0    -1.7     7.0 -9999.0 -9999.0 -9999.0 -99.000 -99.000 -99.000 -99.000 -99.000 -9999.0 -9999.0 -9999.0 -9999.0 -9999.0
63856 20061210  1.301  -81.46   30.81    17.5     4.5    11.0    12.6     0.0    11.36 R    26.2     2.8    13.0 -9999.0 -9999.0 -9999.0 -99.000 -99.000 -99.000 -99.000 -99.000 -9999.0 -9999.0 -9999.0 -9999.0 -9999.0
63856 20061211  1.301  -81.46   30.81    21.3    11.4    16.3    16.0     0.0    13.25 R    31.2     8.8    16.6 -9999.0 -9999.0 -9999.0 -99.000 -99.000 -99.000 -99.000 -99.000 -9999.0 -9999.0 -9999.0 -9999.0 -9999.0
63856 20061212  1.301  -81.46   30.81    20.3    15.3    17.8    16.9     0.0     9.54 R    29.2    13.2    17.6 -9999.0 -9999.0 -9999.0 -99.000 -99.000 -99.000 -99.000 -99.000 -9999.0 -9999.0 -9999.0 -9999.0 -9999.0
63856 20061213  1.301  -81.46   30.81    21.4    16.0    18.7    18.0     0.0     5.75 R    29.8    15.7    19.0 -9999.0 -9999.0 -9999.0 -99.000 -99.000 -99.000 -99.000 -99.000 -9999.0 -9999.0 -9999.0 -9999.0 -9999.0
63856 20061214  1.301  -81.46   30.81    18.8    15.8    17.3    16.6     2.0     4.25 R    22.5    16.0    17.5 -9999.0 -9999.0 -9999.0 -99.000 -99.000 -99.000 -99.000 -99.000 -9999.0 -9999.0 -9999.0 -9999.0 -9999.0
63856 20061215  1.301  -81.46   30.81    20.5    10.9    15.7    15.9     0.0     5.14 R    26.2     9.7    16.4 -9999.0 -9999.0 -9999.0 -99.000 -99.000 -99.000 -99.000 -99.000 -9999.0 -9999.0 -9999.0 -9999.0 -9999.0
63856 20061216  1.301  -81.46   30.81    20.1     8.5    14.3    14.3     0.0    10.70 R    28.9     6.9    14.6 -9999.0 -9999.0 -9999.0 -99.000 -99.000 -99.000 -99.000 -99.000 -9999.0 -9999.0 -9999.0 -9999.0 -9999.0
63856 20061217  1.301  -81.46   30.81    23.0    12.0    17.5    17.2     0.0    12.45 R    31.1    10.6    17.9 -9999.0 -9999.0 -9999.0 -99.000 -99.000 -99.000 -99.000 -99.000 -9999.0 -9999.0 -9999.0 -9999.0 -9999.0
63856 20061218  1.301  -81.46   30.81    24.1    10.4    17.3    16.5     0.0    11.36 R    32.2     9.2    16.9 -9999.0 -9999.0 -9999.0 -99.000 -99.000 -99.000 -99.000 -99.000 -9999.0 -9999.0 -9999.0 -9999.0 -9999.0
63856 20061219  1.301  -81.46   30.81    23.7     8.8    16.2    15.0     0.0    12.77 R    32.7     7.7    15.8 -9999.0 -9999.0 -9999.0 -99.000 -99.000 -99.000 -99.000 -99.000 -9999.0 -9999.0 -9999.0 -9999.0 -9999.0
63856 20061220  1.301  -81.46   30.81    20.4     7.9    14.1    15.5     5.6     6.19 R    24.7     7.0    15.5 -9999.0 -9999.0 -9999.0 -99.000 -99.000 -99.000 -99.000 -99.000 -9999.0 -9999.0 -9999.0 -9999.0 -9999.0
63856 20061221  1.301  -81.46   30.81    20.0    15.6    17.8    17.7    17.5     4.04 R    24.1    15.6    18.0 -9999.0 -9999.0 -9999.0 -99.000 -99.000 -99.000 -99.000 -99.000 -9999.0 -9999.0 -9999.0 -9999.0 -9999.0
63856 20061222  1.301  -81.46   30.81    20.8    17.2    19.0    19.0    12.6     5.58 R    24.7    16.6    19.4 -9999.0 -9999.0 -9999.0 -99.000 -99.000 -99.000 -99.000 -99.000 -9999.0 -9999.0 -9999.0 -9999.0 -9999.0
63856 20061223  1.301  -81.46   30.81    24.2    14.8    19.5    19.4     3.6     8.06 R    30.3    14.2    20.1 -9999.0 -9999.0 -9999.0 -99.000 -99.000 -99.000 -99.000 -99.000 -9999.0 -9999.0 -9999.0 -9999.0 -9999.0
63856 20061224  1.301  -81.46   30.81    17.9    12.8    15.4    15.6     2.9     3.80 R    19.2    11.9    15.6 -9999.0 -9999.0 -9999.0 -99.000 -99.000 -99.000 -99.000 -99.000 -9999.0 -9999.0 -9999.0 -9999.0 -9999.0
63856 20061225  1.301  -81.46   30.81    21.1    16.5    18.8    19.0    59.7     1.88 R    20.6    15.3    18.7 -9999.0 -9999.0 -9999.0 -99.000 -99.000 -99.000 -99.000 -99.000 -9999.0 -9999.0 -9999.0 -9999.0 -9999.0
63856 20061226  1.301  -81.46   30.81    16.6     5.9    11.2    11.6     0.0    12.16 R    20.3     5.0    12.3 -9999.0 -9999.0 -9999.0 -99.000 -99.000 -99.000 -99.000 -99.000 -9999.0 -9999.0 -9999.0 -9999.0 -9999.0
63856 20061227  1.301  -81.46   30.81    12.9     2.7     7.8     6.4     0.0    13.78 R    21.2     1.1     7.7 -9999.0 -9999.0 -9999.0 -99.000 -99.000 -99.000 -99.000 -99.000 -9999.0 -9999.0 -9999.0 -9999.0 -9999.0
63856 20061228  1.301  -81.46   30.81    17.3     2.0     9.6    11.1     0.0    13.18 R    24.5     0.2    11.4 -9999.0 -9999.0 -9999.0 -99.000 -99.000 -99.000 -99.000 -99.000 -9999.0 -9999.0 -9999.0 -9999.0 -9999.0
63856 20061229  1.301  -81.46   30.81    21.7    14.5    18.1    17.5     0.0    11.99 R    29.5    12.6    18.2 -9999.0 -9999.0 -9999.0 -99.000 -99.000 -99.000 -99.000 -99.000 -9999.0 -9999.0 -9999.0 -9999.0 -9999.0
63856 20061230  1.301  -81.46   30.81    20.4    16.5    18.4    18.3     4.6     5.99 R    24.1    15.8    18.6 -9999.0 -9999.0 -9999.0 -99.000 -99.000 -99.000 -99.000 -99.000 -9999.0 -9999.0 -9999.0 -9999.0 -9999.0
63856 20061231  1.301  -81.46   30.81    21.9    16.4    19.1    19.0     0.0     9.09 R    28.3    15.7    19.9 -9999.0 -9999.0 -9999.0 -99.000 -99.000 -99.000 -99.000 -99.000 -9999.0 -9999.0 -9999.0 -9999.0 -9999.0
