03048 20060101  1.201 -106.89   34.36    15.6     2.5     9.1    11.2     0.0    12.77 R -9999.0 -9999.0     7.6 -9999.0 -9999.0 -9999.0 -99.000 -99.000 -99.000 -99.000 -99.000 -9999.0 -9999.0 -9999.0 -9999.0 -9999.0
03048 20060102  1.201 -106.89   34.36    16.8    -3.8     6.5     7.5     0.0    12.19 R -9999.0 -9999.0     5.6 -9999.0 -9999.0 -9999.0 -99.000 -99.000 -99.000 -99.000 -99.000 -9999.0 -9999.0 -9999.0 -9999.0 -9999.0
03048 20060103  1.201 -106.89   34.36    20.7     3.6    12.2    11.2     0.0    10.99 R -9999.0 -9999.0     7.7 -9999.0 -9999.0 -9999.0 -99.000 -99.000 -99.000 -99.000 -99.000 -9999.0 -9999.0 -9999.0 -9999.0 -9999.0
03048 20060104  1.201 -106.89   34.36    15.8    -4.9     5.5     5.2     0.0    12.88 R -9999.0 -9999.0     3.6 -9999.0 -9999.0 -9999.0 -99.000 -99.000 -99.000 -99.000 -99.000 -9999.0 -9999.0 -9999.0 -9999.0 -9999.0
03048 20060105  1.201 -106.89   34.36    11.1    -5.6     2.8     3.7     0.0    12.99 R -9999.0 -9999.0     2.4 -9999.0 -9999.0 -9999.0 -99.000 -99.000 -99.000 -99.000 -99.000 -9999.0 -9999.0 -9999.0 -9999.0 -9999.0
03048 20060106  1.201 -106.89   34.36    13.8    -7.9     3.0     2.1     0.0    13.04 R -9999.0 -9999.0     1.2 -9999.0 -9999.0 -9999.0 -99.000 -99.000 -99.000 -99.000 -99.000 -9999.0 -9999.0 -9999.0 -9999.0 -9999.0
03048 20060107  1.201 -106.89   34.36    16.0    -8.3     3.9     4.6     0.0    11.97 R -9999.0 -9999.0     2.5 -9999.0 -9999.0 -9999.0 -99.000 -99.000 -99.000 -99.000 -99.000 -9999.0 -9999.0 -9999.0 -9999.0 -9999.0
03048 20060108  1.201 -106.89   34.36    18.0     3.0    10.5    12.2     0.0    13.14 R -9999.0 -9999.0     7.5 -9999.0 -9999.0 -9999.0 -99.000 -99.000 -99.000 -99.000 -99.000 -9999.0 -9999.0 -9999.0 -9999.0 -9999.0
03048 20060109  1.201 -106.89   34.36     8.1    -7.1     0.5     2.5     0.0    13.44 R -9999.0 -9999.0     1.0 -9999.0 -9999.0 -9999.0 -99.000 -99.000 -99.000 -99.000 -99.000 -9999.0 -9999.0 -9999.0 -9999.0 -9999.0
03048 20060110  1.201 -106.89   34.36     9.4   -12.2    -1.4    -1.6     0.0    13.56 R -9999.0 -9999.0    -2.2 -9999.0 -9999.0 -9999.0 -99.000 -99.000 -99.000 -99.000 -99.000 -9999.0 -9999.0 -9999.0 -9999.0 -9999.0
03048 20060111  1.201 -106.89   34.36    13.2   -11.8     0.7     0.4     0.0    13.34 R -9999.0 -9999.0    -1.3 -9999.0 -9999.0 -9999.0 -99.000 -99.000 -99.000 -99.000 -99.000 -9999.0 -9999.0 -9999.0 -9999.0 -9999.0
03048 20060112  1.201 -106.89   34.36    15.9    -7.8     4.1     5.7     0.0    12.69 R -9999.0 -9999.0     3.2 -9999.0 -9999.0 -9999.0 -99.000 -99.000 -99.000 -99.000 -99.000 -9999.0 -9999.0 -9999.0 -9999.0 -9999.0
03048 20060113  1.201 -106.89   34.36    12.4    -7.6     2.4     2.4     0.0    13.61 R -9999.0 -9999.0     1.1 -9999.0 -9999.0 -9999.0 -99.000 -99.000 -99.000 -99.000 -99.000 -9999.0 -9999.0 -9999.0 -9999.0 -9999.0
03048 20060114  1.201 -106.89   34.36    14.3    -5.0     4.7     3.9     0.0     8.15 R -9999.0 -9999.0     3.2 -9999.0 -9999.0 -9999.0 -99.000 -99.000 -99.000 -99.000 -99.000 -9999.0 -9999.0 -9999.0 -9999.0 -9999.0
03048 20060115  1.201 -106.89   34.36    16.4     2.2     9.3     9.1     0.0    12.61 R -9999.0 -9999.0     6.5 -9999.0 -9999.0 -9999.0 -99.000 -99.000 -99.000 -99.000 -99.000 -9999.0 -9999.0 -9999.0 -9999.0 -9999.0
03048 20060116  1.201 -106.89   34.36     7.5    -4.3     1.6     3.1     0.0     9.04 R -9999.0 -9999.0     1.7 -9999.0 -9999.0 -9999.0 -99.000 -99.000 -99.000 -99.000 -99.000 -9999.0 -9999.0 -9999.0 -9999.0 -9999.0
03048 20060117  1.201 -106.89   34.36     8.1    -9.9    -0.9    -1.1     0.0    14.04 R -9999.0 -9999.0    -1.5 -9999.0 -9999.0 -9999.0 -99.000 -99.000 -99.000 -99.000 -99.000 -9999.0 -9999.0 -9999.0 -9999.0 -9999.0
03048 20060118  1.201 -106.89   34.36    12.1    -9.3     1.4     1.8     0.0    10.61 R -9999.0 -9999.0     0.5 -9999.0 -9999.0 -9999.0 -99.000 -99.000 -99.000 -99.000 -99.000 -9999.0 -9999.0 -9999.0 -9999.0 -9999.0
03048 20060119  1.201 -106.89   34.36    16.7     1.5     9.1     9.5     0.0    12.34 R -9999.0 -9999.0     7.6 -9999.0 -9999.0 -9999.0 -99.000 -99.000 -99.000 -99.000 -99.000 -9999.0 -9999.0 -9999.0 -9999.0 -9999.0
03048 20060120  1.201 -106.89   34.36     7.6    -7.2     0.2     1.2     0.0    14.35 R -9999.0 -9999.0     0.7 -9999.0 -9999.0 -9999.0 -99.000 -99.000 -99.000 -99.000 -99.000 -9999.0 -9999.0 -9999.0 -9999.0 -9999.0
03048 20060121  1.201 -106.89   34.36     5.1    -9.2    -2.0    -3.1     0.0     8.90 R -9999.0 -9999.0    -2.7 -9999.0 -9999.0 -9999.0 -99.000 -99.000 -99.000 -99.000 -99.000 -9999.0 -9999.0 -9999.0 -9999.0 -9999.0
03048 20060122  1.201 -106.89   34.36     9.0   -12.5    -1.7    -1.5     0.0    14.13 R -9999.0 -9999.0    -1.7 -9999.0 -9999.0 -9999.0 -99.000 -99.000 -99.000 -99.000 -99.000 -9999.0 -9999.0 -9999.0 -9999.0 -9999.0
03048 20060123  1.201 -106.89   34.36     9.8    -9.2     0.3    -0.4     0.0    14.53 R -9999.0 -9999.0    -0.8 -9999.0 -9999.0 -9999.0 -99.000 -99.000 -99.000 -99.000 -99.000 -9999.0 -9999.0 -9999.0 -9999.0 -9999.0
03048 20060124  1.201 -106.89   34.36    12.3   -11.0     0.7     1.5     0.0    13.60 R -9999.0 -9999.0     0.5 -9999.0 -9999.0 -9999.0 -99.000 -99.000 -99.000 -99.000 -99.000 -9999.0 -9999.0 -9999.0 -9999.0 -9999.0
03048 20060125  1.201 -106.89   34.36     8.3     1.2     4.8     4.6     0.4     3.52 R -9999.0 -9999.0     3.1 -9999.0 -9999.0 -9999.0 -99.000 -99.000 -99.000 -99.000 -99.000 -9999.0 -9999.0 -9999.0 -9999.0 -9999.0
03048 20060126  1.201 -106.89   34.36    12.1    -2.6     4.8     5.4     0.0    14.39 R -9999.0 -9999.0     5.7 -9999.0 -9999.0 -9999.0 -99.000 -99.000 -99.000 -99.000 -99.000 -9999.0 -9999.0 -9999.0 -9999.0 -9999.0
03048 20060127  1.201 -106.89   34.36    14.0    -7.5     3.3     2.9     0.0    10.79 R -9999.0 -9999.0     2.2 -9999.0 -9999.0 -9999.0 -99.000 -99.000 -99.000 -99.000 -99.000 -9999.0 -9999.0 -9999.0 -9999.0 -9999.0
03048 20060128  1.201 -106.89   34.36    11.2    -2.0     4.6     5.1     0.0    15.25 R -9999.0 -9999.0     4.1 -9999.0 -9999.0 -9999.0 -99.000 -99.000 -99.000 -99.000 -99.000 -9999.0 -9999.0 -9999.0 -9999.0 -9999.0
03048 20060129  1.201 -106.89   34.36    14.7    -6.6     4.1     4.6     0.0    12.41 R -9999.0 -9999.0     3.4 -9999.0 -9999.0 -9999.0 -99.000 -99.000 -99.000 -99.000 -99.000 -9999.0 -9999.0 -9999.0 -9999.0 -9999.0
03048 20060130  1.201 -106.89   34.36    13.7    -5.6     4.1     4.1     0.0    14.86 R -9999.0 -9999.0     4.5 -9999.0 -9999.0 -9999.0 -99.000 -99.000 -99.000 -99.000 -99.000 -9999.0 -9999.0 -9999.0 -9999.0 -9999.0
03048 20060131  1.201 -106.89   34.36    17.4    -6.5     5.5     5.8     0.0    14.10 R -9999.0 -9999.0     6.2 -9999.0 -9999.0 -9999.0 -99.000 -99.000 -99.000 -99.000 -99.000 -9999.0 -9999.0 -9999.0 -9999.0 -9999.0
03048 20060201  1.201 -106.89   34.36    17.8    -5.0     6.4     7.2     0.0    12.03 R -9999.0 -9999.0     5.8 -9999.0 -9999.0 -9999.0 -99.000 -99.000 -99.000 -99.000 -99.000 -9999.0 -9999.0 -9999.0 -9999.0 -9999.0
03048 20060202  1.201 -106.89   34.36    19.7     0.1     9.9    10.7     0.0    10.39 R -9999.0 -9999.0     8.4 -9999.0 -9999.0 -9999.0 -99.000 -99.000 -99.000 -99.000 -99.000 -9999.0 -9999.0 -9999.0 -9999.0 -9999.0
03048 20060203  1.201 -106.89   34.36    13.9    -0.1     6.9     7.5     0.0    15.83 R -9999.0 -9999.0     7.0 -9999.0 -9999.0 -9999.0 -99.000 -99.000 -99.000 -99.000 -99.000 -9999.0 -9999.0 -9999.0 -9999.0 -9999.0
03048 20060204  1.201 -106.89   34.36    15.0    -4.5     5.3     6.4     0.0    16.22 R -9999.0 -9999.0     6.9 -9999.0 -9999.0 -9999.0 -99.000 -99.000 -99.000 -99.000 -99.000 -9999.0 -9999.0 -9999.0 -9999.0 -9999.0
03048 20060205  1.201 -106.89   34.36    18.4     0.6     9.5     9.1     0.0    14.55 R -9999.0 -9999.0     7.6 -9999.0 -9999.0 -9999.0 -99.000 -99.000 -99.000 -99.000 -99.000 -9999.0 -9999.0 -9999.0 -9999.0 -9999.0
03048 20060206  1.201 -106.89   34.36    10.5    -8.6     1.0     1.5     0.0    16.94 R -9999.0 -9999.0     2.7 -9999.0 -9999.0 -9999.0 -99.000 -99.000 -99.000 -99.000 -99.000 -9999.0 -9999.0 -9999.0 -9999.0 -9999.0
03048 20060207  1.201 -106.89   34.36    14.1   -10.1     2.0     1.9     0.0    15.65 R -9999.0 -9999.0     2.4 -9999.0 -9999.0 -9999.0 -99.000 -99.000 -99.000 -99.000 -99.000 -9999.0 -9999.0 -9999.0 -9999.0 -9999.0
03048 20060208  1.201 -106.89   34.36    16.9    -8.6     4.2     3.5     0.0    17.18 R -9999.0 -9999.0     3.9 -9999.0 -9999.0 -9999.0 -99.000 -99.000 -99.000 -99.000 -99.000 -9999.0 -9999.0 -9999.0 -9999.0 -9999.0
03048 20060209  1.201 -106.89   34.36    13.1    -7.9     2.6     3.8     0.0    10.17 R -9999.0 -9999.0     3.9 -9999.0 -9999.0 -9999.0 -99.000 -99.000 -99.000 -99.000 -99.000 -9999.0 -9999.0 -9999.0 -9999.0 -9999.0
03048 20060210  1.201 -106.89   34.36    13.4    -3.7     4.9     4.7     0.0    17.31 R -9999.0 -9999.0     6.5 -9999.0 -9999.0 -9999.0 -99.000 -99.000 -99.000 -99.000 -99.000 -9999.0 -9999.0 -9999.0 -9999.0 -9999.0
03048 20060211  1.201 -106.89   34.36     6.1   -11.0    -2.4    -2.2     0.0    17.68 R -9999.0 -9999.0     0.6 -9999.0 -9999.0 -9999.0 -99.000 -99.000 -99.000 -99.000 -99.000 -9999.0 -9999.0 -9999.0 -9999.0 -9999.0
03048 20060212  1.201 -106.89   34.36    11.3   -12.2    -0.4    -0.4     0.0    17.92 R -9999.0 -9999.0     1.6 -9999.0 -9999.0 -9999.0 -99.000 -99.000 -99.000 -99.000 -99.000 -9999.0 -9999.0 -9999.0 -9999.0 -9999.0
03048 20060213  1.201 -106.89   34.36    15.6   -10.5     2.6     2.8     0.0    17.86 R -9999.0 -9999.0     4.2 -9999.0 -9999.0 -9999.0 -99.000 -99.000 -99.000 -99.000 -99.000 -9999.0 -9999.0 -9999.0 -9999.0 -9999.0
03048 20060214  1.201 -106.89   34.36    15.0    -7.6     3.7     5.7     0.0    13.28 R -9999.0 -9999.0     4.9 -9999.0 -9999.0 -9999.0 -99.000 -99.000 -99.000 -99.000 -99.000 -9999.0 -9999.0 -9999.0 -9999.0 -9999.0
03048 20060215  1.201 -106.89   34.36    21.1     3.2    12.2    13.4     0.0    18.01 R -9999.0 -9999.0    11.1 -9999.0 -9999.0 -9999.0 -99.000 -99.000 -99.000 -99.000 -99.000 -9999.0 -9999.0 -9999.0 -9999.0 -9999.0
03048 20060216  1.201 -106.89   34.36    15.6     0.6     8.1     8.9     0.0    17.97 R -9999.0 -9999.0    10.2 -9999.0 -9999.0 -9999.0 -99.000 -99.000 -99.000 -99.000 -99.000 -9999.0 -9999.0 -9999.0 -9999.0 -9999.0
03048 20060217  1.201 -106.89   34.36    11.2    -0.3     5.5     5.9     0.0     8.20 R -9999.0 -9999.0     7.7 -9999.0 -9999.0 -9999.0 -99.000 -99.000 -99.000 -99.000 -99.000 -9999.0 -9999.0 -9999.0 -9999.0 -9999.0
03048 20060218  1.201 -106.89   34.36    15.3     2.4     8.9     8.9     0.0    15.07 R -9999.0 -9999.0    11.1 -9999.0 -9999.0 -9999.0 -99.000 -99.000 -99.000 -99.000 -99.000 -9999.0 -9999.0 -9999.0 -9999.0 -9999.0
03048 20060219  1.201 -106.89   34.36    19.5     2.4    11.0    10.8     0.0    17.51 R -9999.0 -9999.0    11.4 -9999.0 -9999.0 -9999.0 -99.000 -99.000 -99.000 -99.000 -99.000 -9999.0 -9999.0 -9999.0 -9999.0 -9999.0
03048 20060220  1.201 -106.89   34.36    13.5    -4.4     4.6     6.9     0.0    16.34 R -9999.0 -9999.0     8.0 -9999.0 -9999.0 -9999.0 -99.000 -99.000 -99.000 -99.000 -99.000 -9999.0 -9999.0 -9999.0 -9999.0 -9999.0
03048 20060221  1.201 -106.89   34.36    14.9    -7.1     3.9     5.0     0.0    18.32 R -9999.0 -9999.0     6.8 -9999.0 -9999.0 -9999.0 -99.000 -99.000 -99.000 -99.000 -99.000 -9999.0 -9999.0 -9999.0 -9999.0 -9999.0
03048 20060222  1.201 -106.89   34.36    14.2    -6.5     3.9     4.0     0.0    19.43 R -9999.0 -9999.0     6.2 -9999.0 -9999.0 -9999.0 -99.000 -99.000 -99.000 -99.000 -99.000 -9999.0 -9999.0 -9999.0 -9999.0 -9999.0
03048 20060223  1.201 -106.89   34.36    14.1    -6.6     3.8     3.1     0.0    14.54 R -9999.0 -9999.0     4.3 -9999.0 -9999.0 -9999.0 -99.000 -99.000 -99.000 -99.000 -99.000 -9999.0 -9999.0 -9999.0 -9999.0 -9999.0
03048 20060224  1.201 -106.89   34.36    17.1    -5.3     5.9     6.1     0.0    17.79 R -9999.0 -9999.0     9.9 -9999.0 -9999.0 -9999.0 -99.000 -99.000 -99.000 -99.000 -99.000 -9999.0 -9999.0 -9999.0 -9999.0 -9999.0
03048 20060225  1.201 -106.89   34.36    18.1    -3.8     7.2     7.6     0.0    19.92 R -9999.0 -9999.0     9.8 -9999.0 -9999.0 -9999.0 -99.000 -99.000 -99.000 -99.000 -99.000 -9999.0 -9999.0 -9999.0 -9999.0 -9999.0
03048 20060226  1.201 -106.89   34.36    18.0    -4.2     6.9     7.2     0.0    14.20 R -9999.0 -9999.0     8.3 -9999.0 -9999.0 -9999.0 -99.000 -99.000 -99.000 -99.000 -99.000 -9999.0 -9999.0 -9999.0 -9999.0 -9999.0
03048 20060227  1.201 -106.89   34.36    22.5    -0.3    11.1    12.6     0.0    19.89 R -9999.0 -9999.0    14.5 -9999.0 -9999.0 -9999.0 -99.000 -99.000 -99.000 -99.000 -99.000 -9999.0 -9999.0 -9999.0 -9999.0 -9999.0
03048 20060228  1.201 -106.89   34.36    25.4     0.6    13.0    14.9     0.0    16.64 R -9999.0 -9999.0    16.5 -9999.0 -9999.0 -9999.0 -99.000 -99.000 -99.000 -99.000 -99.000 -9999.0 -9999.0 -9999.0 -9999.0 -9999.0
03048 20060301  1.201 -106.89   34.36    20.4     6.5    13.5    13.9     0.3    11.48 R -9999.0 -9999.0    15.0 -9999.0 -9999.0 -9999.0 -99.000 -99.000 -99.000 -99.000 -99.000 -9999.0 -9999.0 -9999.0 -9999.0 -9999.0
03048 20060302  1.201 -106.89   34.36    21.0     5.4    13.2    14.0     0.0    20.05 R -9999.0 -9999.0    16.7 -9999.0 -9999.0 -9999.0 -99.000 -99.000 -99.000 -99.000 -99.000 -9999.0 -9999.0 -9999.0 -9999.0 -9999.0
03048 20060303  1.201 -106.89   34.36    21.9     3.8    12.9    14.0     0.0    14.92 R -9999.0 -9999.0    14.3 -9999.0 -9999.0 -9999.0 -99.000 -99.000 -99.000 -99.000 -99.000 -9999.0 -9999.0 -9999.0 -9999.0 -9999.0
03048 20060304  1.201 -106.89   34.36    21.8     2.3    12.1    13.4     0.0    14.00 R -9999.0 -9999.0    13.4 -9999.0 -9999.0 -9999.0 -99.000 -99.000 -99.000 -99.000 -99.000 -9999.0 -9999.0 -9999.0 -9999.0 -9999.0
03048 20060305  1.201 -106.89   34.36    21.2    -3.1     9.1    10.1     0.0    21.45 R -9999.0 -9999.0    12.9 -9999.0 -9999.0 -9999.0 -99.000 -99.000 -99.000 -99.000 -99.000 -9999.0 -9999.0 -9999.0 -9999.0 -9999.0
03048 20060306  1.201 -106.89   34.36    25.1    -0.8    12.2    13.3     0.0    20.44 R -9999.0 -9999.0    15.7 -9999.0 -9999.0 -9999.0 -99.000 -99.000 -99.000 -99.000 -99.000 -9999.0 -9999.0 -9999.0 -9999.0 -9999.0
03048 20060307  1.201 -106.89   34.36    18.5     7.9    13.2    13.7     0.0     8.39 R -9999.0 -9999.0    12.6 -9999.0 -9999.0 -9999.0 -99.000 -99.000 -99.000 -99.000 -99.000 -9999.0 -9999.0 -9999.0 -9999.0 -9999.0
03048 20060308  1.301 -106.89   34.36 -9999.0 -9999.0 -9999.0 -9999.0 -9999.0 -9999.00 U -9999.0 -9999.0 -9999.0 -9999.0 -9999.0 -9999.0 -99.000 -99.000 -99.000 -99.000 -99.000 -9999.0 -9999.0 -9999.0 -9999.0 -9999.0
03048 20060309  1.301 -106.89   34.36    10.9     2.1     6.5     6.3     0.0     7.34 R    21.1    -2.0     6.3 -9999.0 -9999.0 -9999.0 -99.000 -99.000 -99.000 -99.000 -99.000 -9999.0 -9999.0 -9999.0 -9999.0 -9999.0
03048 20060310  1.301 -106.89   34.36    15.9     3.5     9.7     9.2     0.0    21.89 R    33.7    -0.3    11.6 -9999.0 -9999.0 -9999.0 -99.000 -99.000 -99.000 -99.000 -99.000 -9999.0 -9999.0 -9999.0 -9999.0 -9999.0
03048 20060311  1.301 -106.89   34.36    14.2    -0.9     6.7     8.0     0.0    18.37 R    33.8    -3.9    10.0 -9999.0 -9999.0 -9999.0 -99.000 -99.000 -99.000 -99.000 -99.000 -9999.0 -9999.0 -9999.0 -9999.0 -9999.0
03048 20060312  1.301 -106.89   34.36     8.3    -0.6     3.8     3.4     0.0    22.13 R    28.5    -4.2     7.1 -9999.0 -9999.0 -9999.0 -99.000 -99.000 -99.000 -99.000 -99.000 -9999.0 -9999.0 -9999.0 -9999.0 -9999.0
03048 20060313  1.301 -106.89   34.36     9.8    -8.2     0.8     1.7     0.0    23.06 R    34.2    -9.7     7.4 -9999.0 -9999.0 -9999.0 -99.000 -99.000 -99.000 -99.000 -99.000 -9999.0 -9999.0 -9999.0 -9999.0 -9999.0
03048 20060314  1.301 -106.89   34.36    15.9    -9.0     3.4     5.3     0.0    22.66 R    40.1    -9.6    11.6 -9999.0 -9999.0 -9999.0 -99.000 -99.000 -99.000 -99.000 -99.000 -9999.0 -9999.0 -9999.0 -9999.0 -9999.0
03048 20060315  1.301 -106.89   34.36    22.6     5.8    14.2    13.8     0.0    20.04 R    39.3     1.4    15.1 -9999.0 -9999.0 -9999.0 -99.000 -99.000 -99.000 -99.000 -99.000 -9999.0 -9999.0 -9999.0 -9999.0 -9999.0
03048 20060316  1.301 -106.89   34.36    21.3    -3.4     8.9    11.2     0.0    21.34 R    45.9    -4.9    15.6 -9999.0 -9999.0 -9999.0 -99.000 -99.000 -99.000 -99.000 -99.000 -9999.0 -9999.0 -9999.0 -9999.0 -9999.0
03048 20060317  1.301 -106.89   34.36    20.6     5.4    13.0    13.5     0.0    11.38 R    33.6     4.7    13.1 -9999.0 -9999.0 -9999.0 -99.000 -99.000 -99.000 -99.000 -99.000 -9999.0 -9999.0 -9999.0 -9999.0 -9999.0
03048 20060318  1.301 -106.89   34.36    20.2     7.5    13.8    13.7     0.0    13.38 R    34.6     2.1    13.3 -9999.0 -9999.0 -9999.0 -99.000 -99.000 -99.000 -99.000 -99.000 -9999.0 -9999.0 -9999.0 -9999.0 -9999.0
03048 20060319  1.301 -106.89   34.36    13.5    -0.3     6.6     7.3     0.0    14.82 R    33.6    -2.5    10.6 -9999.0 -9999.0 -9999.0 -99.000 -99.000 -99.000 -99.000 -99.000 -9999.0 -9999.0 -9999.0 -9999.0 -9999.0
03048 20060320  1.301 -106.89   34.36    11.7     2.6     7.1     6.9     0.0    22.76 R    31.8    -0.3    10.5 -9999.0 -9999.0 -9999.0 -99.000 -99.000 -99.000 -99.000 -99.000 -9999.0 -9999.0 -9999.0 -9999.0 -9999.0
03048 20060321  1.301 -106.89   34.36    16.6    -3.6     6.5     7.7     0.0    23.90 R    42.6    -5.5    13.6 -9999.0 -9999.0 -9999.0 -99.000 -99.000 -99.000 -99.000 -99.000 -9999.0 -9999.0 -9999.0 -9999.0 -9999.0
03048 20060322  1.301 -106.89   34.36     6.0    -0.9     2.5     2.3     4.0     9.97 R    15.5    -1.0     4.2 -9999.0 -9999.0 -9999.0 -99.000 -99.000 -99.000 -99.000 -99.000 -9999.0 -9999.0 -9999.0 -9999.0 -9999.0
03048 20060323  1.301 -106.89   34.36    14.5    -3.5     5.5     5.7     0.0    23.97 R    38.0    -3.9    11.6 -9999.0 -9999.0 -9999.0 -99.000 -99.000 -99.000 -99.000 -99.000 -9999.0 -9999.0 -9999.0 -9999.0 -9999.0
03048 20060324  1.301 -106.89   34.36    18.3    -1.5     8.4     9.5     0.0    24.26 R    42.0    -2.9    15.0 -9999.0 -9999.0 -9999.0 -99.000 -99.000 -99.000 -99.000 -99.000 -9999.0 -9999.0 -9999.0 -9999.0 -9999.0
03048 20060325  1.301 -106.89   34.36    22.8    -0.1    11.3    13.4     0.0    23.76 R    48.6    -1.0    18.2 -9999.0 -9999.0 -9999.0 -99.000 -99.000 -99.000 -99.000 -99.000 -9999.0 -9999.0 -9999.0 -9999.0 -9999.0
03048 20060326  1.301 -106.89   34.36    22.8     9.8    16.3    16.9     0.0    23.46 R    44.2     6.8    19.4 -9999.0 -9999.0 -9999.0 -99.000 -99.000 -99.000 -99.000 -99.000 -9999.0 -9999.0 -9999.0 -9999.0 -9999.0
03048 20060327  1.301 -106.89   34.36    19.8     3.4    11.6    12.4     0.0    16.01 R    46.5     2.1    16.7 -9999.0 -9999.0 -9999.0 -99.000 -99.000 -99.000 -99.000 -99.000 -9999.0 -9999.0 -9999.0 -9999.0 -9999.0
03048 20060328  1.301 -106.89   34.36    20.5     6.5    13.5    13.8     0.0    12.81 R    41.3     5.8    16.8 -9999.0 -9999.0 -9999.0 -99.000 -99.000 -99.000 -99.000 -99.000 -9999.0 -9999.0 -9999.0 -9999.0 -9999.0
03048 20060329  1.301 -106.89   34.36    22.4     5.4    13.9    14.5     0.0    16.78 R    42.9     3.3    16.2 -9999.0 -9999.0 -9999.0 -99.000 -99.000 -99.000 -99.000 -99.000 -9999.0 -9999.0 -9999.0 -9999.0 -9999.0
03048 20060330  1.301 -106.89   34.36    17.0     4.8    10.9    11.0     0.0    20.00 R    41.8     2.8    15.8 -9999.0 -9999.0 -9999.0 -99.000 -99.000 -99.000 -99.000 -99.000 -9999.0 -9999.0 -9999.0 -9999.0 -9999.0
03048 20060331  1.301 -106.89   34.36    23.2     1.0    12.1    13.1     0.0    24.35 R    53.0    -0.4    19.3 -9999.0 -9999.0 -9999.0 -99.000 -99.000 -99.000 -99.000 -99.000 -9999.0 -9999.0 -9999.0 -9999.0 -9999.0
03048 20060401  1.301 -106.89   34.36    22.0     8.9    15.4    15.5     0.0    13.85 R    48.6     5.4    16.6 -9999.0 -9999.0 -9999.0 -99.000 -99.000 -99.000 -99.000 -99.000 -9999.0 -9999.0 -9999.0 -9999.0 -9999.0
03048 20060402  1.301 -106.89   34.36    23.5     3.3    13.4    14.2     0.0    25.81 R    50.2     0.9    19.5 -9999.0 -9999.0 -9999.0 -99.000 -99.000 -99.000 -99.000 -99.000 -9999.0 -9999.0 -9999.0 -9999.0 -9999.0
03048 20060403  1.301 -106.89   34.36    24.3     4.4    14.3    15.1     0.0    20.99 R    54.1     4.8    19.8 -9999.0 -9999.0 -9999.0 -99.000 -99.000 -99.000 -99.000 -99.000 -9999.0 -9999.0 -9999.0 -9999.0 -9999.0
03048 20060404  1.301 -106.89   34.36    26.9     8.8    17.8    18.3     0.0    22.05 R    52.5     7.9    24.7 -9999.0 -9999.0 -9999.0 -99.000 -99.000 -99.000 -99.000 -99.000 -9999.0 -9999.0 -9999.0 -9999.0 -9999.0
03048 20060405  1.301 -106.89   34.36    26.2    10.9    18.6    18.3     0.0    18.97 R    45.8     8.0    21.5 -9999.0 -9999.0 -9999.0 -99.000 -99.000 -99.000 -99.000 -99.000 -9999.0 -9999.0 -9999.0 -9999.0 -9999.0
03048 20060406  1.301 -106.89   34.36    17.4     2.8    10.1    11.1     0.0    26.72 R    40.3     1.5    15.9 -9999.0 -9999.0 -9999.0 -99.000 -99.000 -99.000 -99.000 -99.000 -9999.0 -9999.0 -9999.0 -9999.0 -9999.0
03048 20060407  1.301 -106.89   34.36    22.3     7.1    14.7    14.1     0.0    26.29 R    48.2     3.7    19.8 -9999.0 -9999.0 -9999.0 -99.000 -99.000 -99.000 -99.000 -99.000 -9999.0 -9999.0 -9999.0 -9999.0 -9999.0
03048 20060408  1.301 -106.89   34.36    23.8     4.3    14.0    15.1     0.0    26.84 R    52.4     2.3    21.9 -9999.0 -9999.0 -9999.0 -99.000 -99.000 -99.000 -99.000 -99.000 -9999.0 -9999.0 -9999.0 -9999.0 -9999.0
03048 20060409  1.301 -106.89   34.36    27.3     5.5    16.4    18.2     0.0    26.30 R    52.7     3.6    23.3 -9999.0 -9999.0 -9999.0 -99.000 -99.000 -99.000 -99.000 -99.000 -9999.0 -9999.0 -9999.0 -9999.0 -9999.0
03048 20060410  1.301 -106.89   34.36    25.1     7.9    16.5    17.5     0.0    14.85 R    55.2     7.9    20.5 -9999.0 -9999.0 -9999.0 -99.000 -99.000 -99.000 -99.000 -99.000 -9999.0 -9999.0 -9999.0 -9999.0 -9999.0
03048 20060411  1.301 -106.89   34.36    26.3    10.5    18.4    17.9     0.0    27.15 R    53.7     7.5    25.0 -9999.0 -9999.0 -9999.0 -99.000 -99.000 -99.000 -99.000 -99.000 -9999.0 -9999.0 -9999.0 -9999.0 -9999.0
03048 20060412  1.301 -106.89   34.36    28.5     3.4    16.0    17.8     0.0    27.82 R    57.1     2.4    24.5 -9999.0 -9999.0 -9999.0 -99.000 -99.000 -99.000 -99.000 -99.000 -9999.0 -9999.0 -9999.0 -9999.0 -9999.0
03048 20060413  1.301 -106.89   34.36    30.2     6.7    18.4    20.6     0.0    20.41 R    59.9     4.5    24.7 -9999.0 -9999.0 -9999.0 -99.000 -99.000 -99.000 -99.000 -99.000 -9999.0 -9999.0 -9999.0 -9999.0 -9999.0
03048 20060414  1.301 -106.89   34.36    28.2    12.1    20.1    20.5     0.0    14.88 R    54.2     8.7    22.3 -9999.0 -9999.0 -9999.0 -99.000 -99.000 -99.000 -99.000 -99.000 -9999.0 -9999.0 -9999.0 -9999.0 -9999.0
03048 20060415  1.301 -106.89   34.36    25.7     9.8    17.8    19.0     0.0    27.74 R    55.2     6.5    24.9 -9999.0 -9999.0 -9999.0 -99.000 -99.000 -99.000 -99.000 -99.000 -9999.0 -9999.0 -9999.0 -9999.0 -9999.0
03048 20060416  1.301 -106.89   34.36    27.3     9.9    18.6    19.2     0.0    27.95 R    57.0     7.7    26.5 -9999.0 -9999.0 -9999.0 -99.000 -99.000 -99.000 -99.000 -99.000 -9999.0 -9999.0 -9999.0 -9999.0 -9999.0
03048 20060417  1.301 -106.89   34.36    29.1     7.8    18.5    19.8     0.0    28.21 R    55.6     5.2    25.5 -9999.0 -9999.0 -9999.0 -99.000 -99.000 -99.000 -99.000 -99.000 -9999.0 -9999.0 -9999.0 -9999.0 -9999.0
03048 20060418  1.301 -106.89   34.36    24.7     8.1    16.4    14.9     0.0    28.41 R    50.1     6.0    21.7 -9999.0 -9999.0 -9999.0 -99.000 -99.000 -99.000 -99.000 -99.000 -9999.0 -9999.0 -9999.0 -9999.0 -9999.0
03048 20060419  1.301 -106.89   34.36    24.6     1.5    13.1    14.4     0.0    28.50 R    54.2     0.3    22.5 -9999.0 -9999.0 -9999.0 -99.000 -99.000 -99.000 -99.000 -99.000 -9999.0 -9999.0 -9999.0 -9999.0 -9999.0
03048 20060420  1.301 -106.89   34.36    25.8     8.8    17.3    16.6     0.0    21.58 R    51.8     6.8    20.9 -9999.0 -9999.0 -9999.0 -99.000 -99.000 -99.000 -99.000 -99.000 -9999.0 -9999.0 -9999.0 -9999.0 -9999.0
03048 20060421  1.301 -106.89   34.36    27.9     2.0    15.0    17.3     0.0    27.01 R    57.6     1.3    24.4 -9999.0 -9999.0 -9999.0 -99.000 -99.000 -99.000 -99.000 -99.000 -9999.0 -9999.0 -9999.0 -9999.0 -9999.0
03048 20060422  1.301 -106.89   34.36    31.1    11.6    21.3    22.4     0.0    24.31 R    56.1     9.2    26.9 -9999.0 -9999.0 -9999.0 -99.000 -99.000 -99.000 -99.000 -99.000 -9999.0 -9999.0 -9999.0 -9999.0 -9999.0
03048 20060423  1.301 -106.89   34.36    29.8     9.5    19.7    21.5     0.0    28.68 R    55.3     8.5    27.0 -9999.0 -9999.0 -9999.0 -99.000 -99.000 -99.000 -99.000 -99.000 -9999.0 -9999.0 -9999.0 -9999.0 -9999.0
03048 20060424  1.301 -106.89   34.36    25.6     7.6    16.6    17.5     0.0    29.41 R    56.5     4.3    23.7 -9999.0 -9999.0 -9999.0 -99.000 -99.000 -99.000 -99.000 -99.000 -9999.0 -9999.0 -9999.0 -9999.0 -9999.0
03048 20060425  1.301 -106.89   34.36    24.8     5.5    15.1    15.7     0.0    29.12 R    57.4     3.3    24.7 -9999.0 -9999.0 -9999.0 -99.000 -99.000 -99.000 -99.000 -99.000 -9999.0 -9999.0 -9999.0 -9999.0 -9999.0
03048 20060426  1.301 -106.89   34.36    27.3     6.1    16.7    17.8     0.0    29.07 R    57.8     4.1    25.5 -9999.0 -9999.0 -9999.0 -99.000 -99.000 -99.000 -99.000 -99.000 -9999.0 -9999.0 -9999.0 -9999.0 -9999.0
03048 20060427  1.301 -106.89   34.36    28.0    11.5    19.8    20.4     0.0    27.02 R    59.3     8.4    27.3 -9999.0 -9999.0 -9999.0 -99.000 -99.000 -99.000 -99.000 -99.000 -9999.0 -9999.0 -9999.0 -9999.0 -9999.0
03048 20060428  1.301 -106.89   34.36    19.6     7.8    13.7    14.5     0.0    27.75 R    54.4     4.6    23.7 -9999.0 -9999.0 -9999.0 -99.000 -99.000 -99.000 -99.000 -99.000 -9999.0 -9999.0 -9999.0 -9999.0 -9999.0
03048 20060429  1.301 -106.89   34.36    20.3     5.8    13.0    12.7     1.6    25.19 R    50.8     7.6    21.1 -9999.0 -9999.0 -9999.0 -99.000 -99.000 -99.000 -99.000 -99.000 -9999.0 -9999.0 -9999.0 -9999.0 -9999.0
03048 20060430  1.301 -106.89   34.36    28.8     4.0    16.4    18.9     0.0    24.39 R    56.8     3.2    24.4 -9999.0 -9999.0 -9999.0 -99.000 -99.000 -99.000 -99.000 -99.000 -9999.0 -9999.0 -9999.0 -9999.0 -9999.0
03048 20060501  1.301 -106.89   34.36    27.9    12.5    20.2    21.2     0.0    26.56 R    61.6     9.3    29.4 -9999.0 -9999.0 -9999.0 -99.000 -99.000 -99.000 -99.000 -99.000 -9999.0 -9999.0 -9999.0 -9999.0 -9999.0
03048 20060502  1.301 -106.89   34.36    29.7    10.3    20.0    21.8     0.0    21.16 R    61.5     9.7    26.9 -9999.0 -9999.0 -9999.0 -99.000 -99.000 -99.000 -99.000 -99.000 -9999.0 -9999.0 -9999.0 -9999.0 -9999.0
03048 20060503  1.301 -106.89   34.36    30.2    12.2    21.2    22.1     0.0    25.32 R    60.0     8.8    27.6 -9999.0 -9999.0 -9999.0 -99.000 -99.000 -99.000 -99.000 -99.000 -9999.0 -9999.0 -9999.0 -9999.0 -9999.0
03048 20060504  1.301 -106.89   34.36    28.9     8.2    18.5    20.9     0.0    27.63 R    60.5     7.5    28.0 -9999.0 -9999.0 -9999.0 -99.000 -99.000 -99.000 -99.000 -99.000 -9999.0 -9999.0 -9999.0 -9999.0 -9999.0
03048 20060505  1.301 -106.89   34.36    27.2     7.1    17.2    19.3     0.0    26.34 R    62.8     6.1    26.7 -9999.0 -9999.0 -9999.0 -99.000 -99.000 -99.000 -99.000 -99.000 -9999.0 -9999.0 -9999.0 -9999.0 -9999.0
03048 20060506  1.301 -106.89   34.36    26.3     7.2    16.8    18.5     0.0    30.04 R    58.5     6.5    28.1 -9999.0 -9999.0 -9999.0 -99.000 -99.000 -99.000 -99.000 -99.000 -9999.0 -9999.0 -9999.0 -9999.0 -9999.0
03048 20060507  1.301 -106.89   34.36    27.3    10.2    18.7    20.4     0.0    25.09 R    62.1     8.7    28.0 -9999.0 -9999.0 -9999.0 -99.000 -99.000 -99.000 -99.000 -99.000 -9999.0 -9999.0 -9999.0 -9999.0 -9999.0
03048 20060508  1.301 -106.89   34.36    31.0    10.0    20.5    23.2     0.0    30.11 R    59.5     8.6    29.8 -9999.0 -9999.0 -9999.0 -99.000 -99.000 -99.000 -99.000 -99.000 -9999.0 -9999.0 -9999.0 -9999.0 -9999.0
03048 20060509  1.301 -106.89   34.36    31.4    12.0    21.7    21.7     0.0    28.32 R    63.0    11.7    30.3 -9999.0 -9999.0 -9999.0 -99.000 -99.000 -99.000 -99.000 -99.000 -9999.0 -9999.0 -9999.0 -9999.0 -9999.0
03048 20060510  1.301 -106.89   34.36    28.2     7.5    17.8    17.8     0.0    30.00 R    58.0     6.8    26.9 -9999.0 -9999.0 -9999.0 -99.000 -99.000 -99.000 -99.000 -99.000 -9999.0 -9999.0 -9999.0 -9999.0 -9999.0
03048 20060511  1.301 -106.89   34.36    26.2     9.5    17.8    18.4     0.0    27.71 R    63.2     7.5    28.2 -9999.0 -9999.0 -9999.0 -99.000 -99.000 -99.000 -99.000 -99.000 -9999.0 -9999.0 -9999.0 -9999.0 -9999.0
03048 20060512  1.301 -106.89   34.36    31.5     8.9    20.2    21.6     0.0    30.15 R    62.3     8.1    30.8 -9999.0 -9999.0 -9999.0 -99.000 -99.000 -99.000 -99.000 -99.000 -9999.0 -9999.0 -9999.0 -9999.0 -9999.0
03048 20060513  1.301 -106.89   34.36    32.1    12.2    22.1    22.9     0.0    22.70 R    55.5     9.7    27.8 -9999.0 -9999.0 -9999.0 -99.000 -99.000 -99.000 -99.000 -99.000 -9999.0 -9999.0 -9999.0 -9999.0 -9999.0
03048 20060514  1.301 -106.89   34.36    32.3    15.6    24.0    23.5     0.0    26.35 R    63.4    12.4    31.0 -9999.0 -9999.0 -9999.0 -99.000 -99.000 -99.000 -99.000 -99.000 -9999.0 -9999.0 -9999.0 -9999.0 -9999.0
03048 20060515  1.301 -106.89   34.36    25.7    12.2    18.9    18.1     0.0    19.52 R    61.8    12.4    25.9 -9999.0 -9999.0 -9999.0 -99.000 -99.000 -99.000 -99.000 -99.000 -9999.0 -9999.0 -9999.0 -9999.0 -9999.0
03048 20060516  1.301 -106.89   34.36    28.2     7.8    18.0    19.2     0.0    30.32 R    61.5     8.5    30.5 -9999.0 -9999.0 -9999.0 -99.000 -99.000 -99.000 -99.000 -99.000 -9999.0 -9999.0 -9999.0 -9999.0 -9999.0
03048 20060517  1.301 -106.89   34.36    31.3    11.1    21.2    22.4     0.0    28.82 R    65.2    10.3    32.6 -9999.0 -9999.0 -9999.0 -99.000 -99.000 -99.000 -99.000 -99.000 -9999.0 -9999.0 -9999.0 -9999.0 -9999.0
03048 20060518  1.301 -106.89   34.36    33.4    12.9    23.2    25.4     0.0    27.82 R    65.9    13.0    33.3 -9999.0 -9999.0 -9999.0 -99.000 -99.000 -99.000 -99.000 -99.000 -9999.0 -9999.0 -9999.0 -9999.0 -9999.0
03048 20060519  1.301 -106.89   34.36    34.0    17.2    25.6    26.8     0.0    27.05 R    65.8    14.6    33.6 -9999.0 -9999.0 -9999.0 -99.000 -99.000 -99.000 -99.000 -99.000 -9999.0 -9999.0 -9999.0 -9999.0 -9999.0
03048 20060520  1.301 -106.89   34.36    34.4    14.5    24.5    26.3     0.0    29.85 R    66.8    13.4    34.7 -9999.0 -9999.0 -9999.0 -99.000 -99.000 -99.000 -99.000 -99.000 -9999.0 -9999.0 -9999.0 -9999.0 -9999.0
03048 20060521  1.301 -106.89   34.36    34.4    17.4    25.9    26.8     0.0    28.43 R    65.6    14.0    34.6 -9999.0 -9999.0 -9999.0 -99.000 -99.000 -99.000 -99.000 -99.000 -9999.0 -9999.0 -9999.0 -9999.0 -9999.0
03048 20060522  1.301 -106.89   34.36    33.5    19.9    26.7    26.7     0.0    25.76 R    62.3    17.9    32.6 -9999.0 -9999.0 -9999.0 -99.000 -99.000 -99.000 -99.000 -99.000 -9999.0 -9999.0 -9999.0 -9999.0 -9999.0
03048 20060523  1.301 -106.89   34.36    31.5    14.2    22.9    23.0     0.0    31.38 R    62.0    12.0    32.4 -9999.0 -9999.0 -9999.0 -99.000 -99.000 -99.000 -99.000 -99.000 -9999.0 -9999.0 -9999.0 -9999.0 -9999.0
03048 20060524  1.301 -106.89   34.36    33.1    12.7    22.9    24.1     0.0    31.46 R    64.9    11.1    32.8 -9999.0 -9999.0 -9999.0 -99.000 -99.000 -99.000 -99.000 -99.000 -9999.0 -9999.0 -9999.0 -9999.0 -9999.0
03048 20060525  1.301 -106.89   34.36    35.8    11.8    23.8    25.7     0.0    30.84 R    66.6    10.5    33.5 -9999.0 -9999.0 -9999.0 -99.000 -99.000 -99.000 -99.000 -99.000 -9999.0 -9999.0 -9999.0 -9999.0 -9999.0
03048 20060526  1.301 -106.89   34.36    34.1    13.9    24.0    26.3     0.0    31.58 R    66.1    12.4    34.2 -9999.0 -9999.0 -9999.0 -99.000 -99.000 -99.000 -99.000 -99.000 -9999.0 -9999.0 -9999.0 -9999.0 -9999.0
03048 20060527  1.301 -106.89   34.36    31.4    12.8    22.1    24.7     0.0    31.06 R    62.6    11.0    32.5 -9999.0 -9999.0 -9999.0 -99.000 -99.000 -99.000 -99.000 -99.000 -9999.0 -9999.0 -9999.0 -9999.0 -9999.0
03048 20060528  1.301 -106.89   34.36    31.9    18.0    25.0    24.6     0.0    30.34 R    65.3    14.6    32.6 -9999.0 -9999.0 -9999.0 -99.000 -99.000 -99.000 -99.000 -99.000 -9999.0 -9999.0 -9999.0 -9999.0 -9999.0
03048 20060529  1.301 -106.89   34.36    30.7    12.7    21.7    22.5     0.0    30.46 R    63.1    10.9    31.6 -9999.0 -9999.0 -9999.0 -99.000 -99.000 -99.000 -99.000 -99.000 -9999.0 -9999.0 -9999.0 -9999.0 -9999.0
03048 20060530  1.301 -106.89   34.36    32.7    12.3    22.5    24.2     0.0    30.42 R    65.3    10.3    32.5 -9999.0 -9999.0 -9999.0 -99.000 -99.000 -99.000 -99.000 -99.000 -9999.0 -9999.0 -9999.0 -9999.0 -9999.0
03048 20060531  1.301 -106.89   34.36    31.7    13.1    22.4    24.0     0.0    30.90 R    64.1    11.9    33.2 -9999.0 -9999.0 -9999.0 -99.000 -99.000 -99.000 -99.000 -99.000 -9999.0 -9999.0 -9999.0 -9999.0 -9999.0
03048 20060601  1.301 -106.89   34.36    31.3    17.5    24.4    24.6     0.0    27.72 R    62.7    15.6    33.8 -9999.0 -9999.0 -9999.0 -99.000 -99.000 -99.000 -99.000 -99.000 -9999.0 -9999.0 -9999.0 -9999.0 -9999.0
03048 20060602  1.301 -106.89   34.36    33.4    16.8    25.1    25.2     0.0    29.81 R    66.1    15.0    35.8 -9999.0 -9999.0 -9999.0 -99.000 -99.000 -99.000 -99.000 -99.000 -9999.0 -9999.0 -9999.0 -9999.0 -9999.0
03048 20060603  1.301 -106.89   34.36    35.1    17.5    26.3    27.2     0.0    27.47 R    67.7    16.1    35.4 -9999.0 -9999.0 -9999.0 -99.000 -99.000 -99.000 -99.000 -99.000 -9999.0 -9999.0 -9999.0 -9999.0 -9999.0
03048 20060604  1.301 -106.89   34.36    36.9    19.1    28.0    28.7     0.0    30.61 R    67.3    15.5    36.5 -9999.0 -9999.0 -9999.0 -99.000 -99.000 -99.000 -99.000 -99.000 -9999.0 -9999.0 -9999.0 -9999.0 -9999.0
03048 20060605  1.301 -106.89   34.36    37.6    17.6    27.6    29.2     0.0    30.56 R    67.3    15.1    37.3 -9999.0 -9999.0 -9999.0 -99.000 -99.000 -99.000 -99.000 -99.000 -9999.0 -9999.0 -9999.0 -9999.0 -9999.0
03048 20060606  1.301 -106.89   34.36    38.3    18.1    28.2    29.0     0.0    23.80 R    71.5    17.2    35.8 -9999.0 -9999.0 -9999.0 -99.000 -99.000 -99.000 -99.000 -99.000 -9999.0 -9999.0 -9999.0 -9999.0 -9999.0
03048 20060607  1.301 -106.89   34.36    35.4    19.9    27.7    28.2     0.0    22.78 R    69.0    18.3    35.1 -9999.0 -9999.0 -9999.0 -99.000 -99.000 -99.000 -99.000 -99.000 -9999.0 -9999.0 -9999.0 -9999.0 -9999.0
03048 20060608  1.301 -106.89   34.36    31.1    17.9    24.5    24.8     0.9    14.21 R    50.9    17.5    27.8 -9999.0 -9999.0 -9999.0 -99.000 -99.000 -99.000 -99.000 -99.000 -9999.0 -9999.0 -9999.0 -9999.0 -9999.0
03048 20060609  1.301 -106.89   34.36    30.8    15.5    23.1    22.2     0.7    21.22 R    69.1    15.5    28.3 -9999.0 -9999.0 -9999.0 -99.000 -99.000 -99.000 -99.000 -99.000 -9999.0 -9999.0 -9999.0 -9999.0 -9999.0
03048 20060610  1.301 -106.89   34.36    34.7    14.6    24.6    26.1     0.0    29.34 R    67.0    12.9    34.9 -9999.0 -9999.0 -9999.0 -99.000 -99.000 -99.000 -99.000 -99.000 -9999.0 -9999.0 -9999.0 -9999.0 -9999.0
03048 20060611  1.301 -106.89   34.36    36.0    15.4    25.7    27.5     0.0    29.41 R    67.5    12.8    35.3 -9999.0 -9999.0 -9999.0 -99.000 -99.000 -99.000 -99.000 -99.000 -9999.0 -9999.0 -9999.0 -9999.0 -9999.0
03048 20060612  1.301 -106.89   34.36    37.8    13.2    25.5    28.0     0.0    27.00 R    69.9    12.4    35.1 -9999.0 -9999.0 -9999.0 -99.000 -99.000 -99.000 -99.000 -99.000 -9999.0 -9999.0 -9999.0 -9999.0 -9999.0
03048 20060613  1.301 -106.89   34.36    38.3    15.7    27.0    28.8     0.0    26.79 R    68.4    14.4    36.5 -9999.0 -9999.0 -9999.0 -99.000 -99.000 -99.000 -99.000 -99.000 -9999.0 -9999.0 -9999.0 -9999.0 -9999.0
03048 20060614  1.301 -106.89   34.36    37.8    20.3    29.1    31.3     0.0    24.59 R    70.9    20.3    37.8 -9999.0 -9999.0 -9999.0 -99.000 -99.000 -99.000 -99.000 -99.000 -9999.0 -9999.0 -9999.0 -9999.0 -9999.0
03048 20060615  1.301 -106.89   34.36    36.5    23.0    29.7    29.9     0.0    20.61 R    66.2    20.1    33.7 -9999.0 -9999.0 -9999.0 -99.000 -99.000 -99.000 -99.000 -99.000 -9999.0 -9999.0 -9999.0 -9999.0 -9999.0
03048 20060616  1.301 -106.89   34.36    31.3    16.0    23.7    24.9     0.0    31.82 R    61.7    14.3    33.1 -9999.0 -9999.0 -9999.0 -99.000 -99.000 -99.000 -99.000 -99.000 -9999.0 -9999.0 -9999.0 -9999.0 -9999.0
03048 20060617  1.301 -106.89   34.36    33.5    11.7    22.6    24.4     0.0    32.15 R    64.0    10.7    33.4 -9999.0 -9999.0 -9999.0 -99.000 -99.000 -99.000 -99.000 -99.000 -9999.0 -9999.0 -9999.0 -9999.0 -9999.0
03048 20060618  1.301 -106.89   34.36    36.6    12.0    24.3    26.6     0.0    32.46 R    68.3    11.4    35.5 -9999.0 -9999.0 -9999.0 -99.000 -99.000 -99.000 -99.000 -99.000 -9999.0 -9999.0 -9999.0 -9999.0 -9999.0
03048 20060619  1.301 -106.89   34.36    38.6    18.4    28.5    30.3     0.0    30.08 R    69.0    15.6    37.9 -9999.0 -9999.0 -9999.0 -99.000 -99.000 -99.000 -99.000 -99.000 -9999.0 -9999.0 -9999.0 -9999.0 -9999.0
03048 20060620  1.301 -106.89   34.36    36.3    20.3    28.3    28.9     0.0    23.04 R    68.2    17.9    34.7 -9999.0 -9999.0 -9999.0 -99.000 -99.000 -99.000 -99.000 -99.000 -9999.0 -9999.0 -9999.0 -9999.0 -9999.0
03048 20060621  1.301 -106.89   34.36    36.4    18.0    27.2    29.2     0.0    22.31 R    65.1    16.4    33.7 -9999.0 -9999.0 -9999.0 -99.000 -99.000 -99.000 -99.000 -99.000 -9999.0 -9999.0 -9999.0 -9999.0 -9999.0
03048 20060622  1.301 -106.89   34.36    33.2    15.3    24.2    26.2     0.0    19.52 R    59.3    15.0    30.2 -9999.0 -9999.0 -9999.0 -99.000 -99.000 -99.000 -99.000 -99.000 -9999.0 -9999.0 -9999.0 -9999.0 -9999.0
03048 20060623  1.301 -106.89   34.36    34.8    17.5    26.1    26.2     0.0    30.18 R    67.1    16.5    36.8 -9999.0 -9999.0 -9999.0 -99.000 -99.000 -99.000 -99.000 -99.000 -9999.0 -9999.0 -9999.0 -9999.0 -9999.0
03048 20060624  1.301 -106.89   34.36    35.6    19.0    27.3    27.1     0.0    27.63 R    69.2    18.7    37.2 -9999.0 -9999.0 -9999.0 -99.000 -99.000 -99.000 -99.000 -99.000 -9999.0 -9999.0 -9999.0 -9999.0 -9999.0
03048 20060625  1.301 -106.89   34.36    33.2    17.3    25.3    24.1     0.0    25.35 R    69.5    17.8    33.8 -9999.0 -9999.0 -9999.0 -99.000 -99.000 -99.000 -99.000 -99.000 -9999.0 -9999.0 -9999.0 -9999.0 -9999.0
03048 20060626  1.301 -106.89   34.36    29.7    13.4    21.6    21.4    32.9    27.33 R    64.8    14.7    32.5 -9999.0 -9999.0 -9999.0 -99.000 -99.000 -99.000 -99.000 -99.000 -9999.0 -9999.0 -9999.0 -9999.0 -9999.0
03048 20060627  1.301 -106.89   34.36    26.5    13.4    19.9    19.7     1.0    25.71 R    36.5    14.9    23.3 -9999.0 -9999.0 -9999.0 -99.000 -99.000 -99.000 -99.000 -99.000 -9999.0 -9999.0 -9999.0 -9999.0 -9999.0
03048 20060628  1.301 -106.89   34.36    30.9    14.2    22.5    22.6     0.0    29.94 R    45.5    14.4    27.2 -9999.0 -9999.0 -9999.0 -99.000 -99.000 -99.000 -99.000 -99.000 -9999.0 -9999.0 -9999.0 -9999.0 -9999.0
03048 20060629  1.301 -106.89   34.36    32.0    17.4    24.7    24.3     0.0    29.96 R    54.0    16.8    31.5 -9999.0 -9999.0 -9999.0 -99.000 -99.000 -99.000 -99.000 -99.000 -9999.0 -9999.0 -9999.0 -9999.0 -9999.0
03048 20060630  1.301 -106.89   34.36    33.4    16.8    25.1    26.3     0.0    30.86 R    58.5    17.5    34.7 -9999.0 -9999.0 -9999.0 -99.000 -99.000 -99.000 -99.000 -99.000 -9999.0 -9999.0 -9999.0 -9999.0 -9999.0
03048 20060701  1.301 -106.89   34.36    34.7    22.3    28.5    28.5     0.0    29.48 R    60.3    20.9    36.3 -9999.0 -9999.0 -9999.0 -99.000 -99.000 -99.000 -99.000 -99.000 -9999.0 -9999.0 -9999.0 -9999.0 -9999.0
03048 20060702  1.301 -106.89   34.36    34.4    22.0    28.2    27.9     0.0    28.92 R    59.0    20.4    36.1 -9999.0 -9999.0 -9999.0 -99.000 -99.000 -99.000 -99.000 -99.000 -9999.0 -9999.0 -9999.0 -9999.0 -9999.0
03048 20060703  1.301 -106.89   34.36    34.0    19.8    26.9    26.4     0.0    26.89 R    61.6    21.4    35.9 -9999.0 -9999.0 -9999.0 -99.000 -99.000 -99.000 -99.000 -99.000 -9999.0 -9999.0 -9999.0 -9999.0 -9999.0
03048 20060704  1.301 -106.89   34.36    34.5    21.5    28.0    26.2     0.9    26.34 R    62.9    21.8    35.6 -9999.0 -9999.0 -9999.0 -99.000 -99.000 -99.000 -99.000 -99.000 -9999.0 -9999.0 -9999.0 -9999.0 -9999.0
03048 20060705  1.301 -106.89   34.36    27.6    17.7    22.7    22.8     1.6    15.87 R    43.6    20.6    27.2 -9999.0 -9999.0 -9999.0 -99.000 -99.000 -99.000 -99.000 -99.000 -9999.0 -9999.0 -9999.0 -9999.0 -9999.0
03048 20060706  1.301 -106.89   34.36    30.1    18.5    24.3    21.6     3.7    18.08 R    61.3    19.8    28.0 -9999.0 -9999.0 -9999.0 -99.000 -99.000 -99.000 -99.000 -99.000 -9999.0 -9999.0 -9999.0 -9999.0 -9999.0
03048 20060707  1.301 -106.89   34.36    27.1    18.4    22.8    22.1     0.2    16.38 R    44.1    18.8    26.4 -9999.0 -9999.0 -9999.0 -99.000 -99.000 -99.000 -99.000 -99.000 -9999.0 -9999.0 -9999.0 -9999.0 -9999.0
03048 20060708  1.301 -106.89   34.36    29.9    17.8    23.8    21.9     2.5    17.52 R    54.4    17.3    27.4 -9999.0 -9999.0 -9999.0 -99.000 -99.000 -99.000 -99.000 -99.000 -9999.0 -9999.0 -9999.0 -9999.0 -9999.0
03048 20060709  1.301 -106.89   34.36    30.9    15.8    23.3    23.6     0.0    24.08 R    55.9    16.2    29.7 -9999.0 -9999.0 -9999.0 -99.000 -99.000 -99.000 -99.000 -99.000 -9999.0 -9999.0 -9999.0 -9999.0 -9999.0
03048 20060710  1.301 -106.89   34.36    31.6    17.0    24.3    24.3     0.5    27.01 R    62.7    17.3    31.6 -9999.0 -9999.0 -9999.0 -99.000 -99.000 -99.000 -99.000 -99.000 -9999.0 -9999.0 -9999.0 -9999.0 -9999.0
03048 20060711  1.301 -106.89   34.36    35.3    17.1    26.2    26.6     0.0    27.85 R    63.4    17.3    34.4 -9999.0 -9999.0 -9999.0 -99.000 -99.000 -99.000 -99.000 -99.000 -9999.0 -9999.0 -9999.0 -9999.0 -9999.0
03048 20060712  1.301 -106.89   34.36    37.2    19.4    28.3    29.3     0.0    28.69 R    64.1    19.1    36.7 -9999.0 -9999.0 -9999.0 -99.000 -99.000 -99.000 -99.000 -99.000 -9999.0 -9999.0 -9999.0 -9999.0 -9999.0
03048 20060713  1.301 -106.89   34.36    37.5    23.3    30.4    30.5     0.0    29.31 R    63.4    21.3    37.4 -9999.0 -9999.0 -9999.0 -99.000 -99.000 -99.000 -99.000 -99.000 -9999.0 -9999.0 -9999.0 -9999.0 -9999.0
03048 20060714  1.301 -106.89   34.36    38.6    17.0    27.8    28.6     0.0    29.50 R    64.6    17.1    37.0 -9999.0 -9999.0 -9999.0 -99.000 -99.000 -99.000 -99.000 -99.000 -9999.0 -9999.0 -9999.0 -9999.0 -9999.0
03048 20060715  1.301 -106.89   34.36    34.2    19.6    26.9    26.9     0.0    22.03 R    67.4    19.1    34.1 -9999.0 -9999.0 -9999.0 -99.000 -99.000 -99.000 -99.000 -99.000 -9999.0 -9999.0 -9999.0 -9999.0 -9999.0
03048 20060716  1.301 -106.89   34.36    34.6    17.5    26.1    27.7     0.0    29.78 R    65.1    18.5    37.5 -9999.0 -9999.0 -9999.0 -99.000 -99.000 -99.000 -99.000 -99.000 -9999.0 -9999.0 -9999.0 -9999.0 -9999.0
03048 20060717  1.301 -106.89   34.36    37.0    23.0    30.0    29.8     0.0    29.00 R    66.2    20.7    38.9 -9999.0 -9999.0 -9999.0 -99.000 -99.000 -99.000 -99.000 -99.000 -9999.0 -9999.0 -9999.0 -9999.0 -9999.0
03048 20060718  1.301 -106.89   34.36    37.1    21.2    29.1    27.5     2.8    23.55 R    65.8    19.8    34.2 -9999.0 -9999.0 -9999.0 -99.000 -99.000 -99.000 -99.000 -99.000 -9999.0 -9999.0 -9999.0 -9999.0 -9999.0
03048 20060719  1.301 -106.89   34.36    34.8    20.7    27.7    26.8     0.0    28.30 R    61.7    19.8    34.3 -9999.0 -9999.0 -9999.0 -99.000 -99.000 -99.000 -99.000 -99.000 -9999.0 -9999.0 -9999.0 -9999.0 -9999.0
03048 20060720  1.301 -106.89   34.36    36.0    18.6    27.3    28.7     0.0    29.80 R    64.8    18.5    37.5 -9999.0 -9999.0 -9999.0 -99.000 -99.000 -99.000 -99.000 -99.000 -9999.0 -9999.0 -9999.0 -9999.0 -9999.0
03048 20060721  1.301 -106.89   34.36    37.2    20.2    28.7    29.4     0.0    26.52 R    70.7    19.5    37.5 -9999.0 -9999.0 -9999.0 -99.000 -99.000 -99.000 -99.000 -99.000 -9999.0 -9999.0 -9999.0 -9999.0 -9999.0
03048 20060722  1.301 -106.89   34.36    34.4    21.2    27.8    28.0     7.5    27.98 R    66.6    22.0    38.5 -9999.0 -9999.0 -9999.0 -99.000 -99.000 -99.000 -99.000 -99.000 -9999.0 -9999.0 -9999.0 -9999.0 -9999.0
03048 20060723  1.301 -106.89   34.36    33.5    20.2    26.8    26.6     0.0    26.57 R    55.4    20.3    32.0 -9999.0 -9999.0 -9999.0 -99.000 -99.000 -99.000 -99.000 -99.000 -9999.0 -9999.0 -9999.0 -9999.0 -9999.0
03048 20060724  1.301 -106.89   34.36    36.3    19.0    27.6    28.3     0.0    28.68 R    61.8    18.7    35.9 -9999.0 -9999.0 -9999.0 -99.000 -99.000 -99.000 -99.000 -99.000 -9999.0 -9999.0 -9999.0 -9999.0 -9999.0
03048 20060725  1.301 -106.89   34.36    36.0    20.2    28.1    29.1     0.0    28.25 R    61.8    20.5    37.5 -9999.0 -9999.0 -9999.0 -99.000 -99.000 -99.000 -99.000 -99.000 -9999.0 -9999.0 -9999.0 -9999.0 -9999.0
03048 20060726  1.301 -106.89   34.36    36.4    20.3    28.4    27.6     6.2    25.67 R    66.0    22.1    36.6 -9999.0 -9999.0 -9999.0 -99.000 -99.000 -99.000 -99.000 -99.000 -9999.0 -9999.0 -9999.0 -9999.0 -9999.0
03048 20060727  1.301 -106.89   34.36    33.0    19.1    26.0    23.8     0.3    23.33 R    52.1    19.0    28.8 -9999.0 -9999.0 -9999.0 -99.000 -99.000 -99.000 -99.000 -99.000 -9999.0 -9999.0 -9999.0 -9999.0 -9999.0
03048 20060728  1.301 -106.89   34.36    26.4    17.2    21.8    19.8    15.0    12.61 R    51.1    18.6    24.3 -9999.0 -9999.0 -9999.0 -99.000 -99.000 -99.000 -99.000 -99.000 -9999.0 -9999.0 -9999.0 -9999.0 -9999.0
03048 20060729  1.301 -106.89   34.36    22.7    17.1    19.9    19.0     9.1     9.73 R    35.3    18.5    21.8 -9999.0 -9999.0 -9999.0 -99.000 -99.000 -99.000 -99.000 -99.000 -9999.0 -9999.0 -9999.0 -9999.0 -9999.0
03048 20060730  1.301 -106.89   34.36    27.9    18.0    22.9    22.2     0.0    25.97 R    39.5    17.8    25.9 -9999.0 -9999.0 -9999.0 -99.000 -99.000 -99.000 -99.000 -99.000 -9999.0 -9999.0 -9999.0 -9999.0 -9999.0
03048 20060731  1.301 -106.89   34.36    28.0    16.4    22.2    20.8    29.1    22.37 R    36.5    16.9    24.3 -9999.0 -9999.0 -9999.0 -99.000 -99.000 -99.000 -99.000 -99.000 -9999.0 -9999.0 -9999.0 -9999.0 -9999.0
03048 20060801  1.301 -106.89   34.36    27.2    17.8    22.5    20.0     9.0    14.42 R    36.3    17.7    22.8 -9999.0 -9999.0 -9999.0 -99.000 -99.000 -99.000 -99.000 -99.000 -9999.0 -9999.0 -9999.0 -9999.0 -9999.0
03048 20060802  1.301 -106.89   34.36    30.8    17.1    23.9    23.2     0.0    27.20 R    37.2    16.5    24.8 -9999.0 -9999.0 -9999.0 -99.000 -99.000 -99.000 -99.000 -99.000 -9999.0 -9999.0 -9999.0 -9999.0 -9999.0
03048 20060803  1.301 -106.89   34.36    29.6    18.0    23.8    23.4     0.0    23.63 R    44.4    16.9    26.6 -9999.0 -9999.0 -9999.0 -99.000 -99.000 -99.000 -99.000 -99.000 -9999.0 -9999.0 -9999.0 -9999.0 -9999.0
03048 20060804  1.301 -106.89   34.36    27.6    18.3    23.0    22.2     0.0    17.67 R    48.3    17.8    26.3 -9999.0 -9999.0 -9999.0 -99.000 -99.000 -99.000 -99.000 -99.000 -9999.0 -9999.0 -9999.0 -9999.0 -9999.0
03048 20060805  1.301 -106.89   34.36    27.1    19.2    23.1    22.4     0.0    14.96 R    45.9    19.8    26.0 -9999.0 -9999.0 -9999.0 -99.000 -99.000 -99.000 -99.000 -99.000 -9999.0 -9999.0 -9999.0 -9999.0 -9999.0
03048 20060806  1.301 -106.89   34.36    30.4    18.8    24.6    23.8     0.0    24.15 R    50.2    18.9    29.9 -9999.0 -9999.0 -9999.0 -99.000 -99.000 -99.000 -99.000 -99.000 -9999.0 -9999.0 -9999.0 -9999.0 -9999.0
03048 20060807  1.301 -106.89   34.36    32.5    18.4    25.5    24.2     0.0    26.95 R    53.1    18.5    31.5 -9999.0 -9999.0 -9999.0 -99.000 -99.000 -99.000 -99.000 -99.000 -9999.0 -9999.0 -9999.0 -9999.0 -9999.0
03048 20060808  1.301 -106.89   34.36    32.6    18.2    25.4    25.6     0.0    27.29 R    54.1    18.8    32.8 -9999.0 -9999.0 -9999.0 -99.000 -99.000 -99.000 -99.000 -99.000 -9999.0 -9999.0 -9999.0 -9999.0 -9999.0
03048 20060809  1.301 -106.89   34.36    31.1    21.0    26.1    25.7     0.0    23.67 R    55.7    21.4    32.6 -9999.0 -9999.0 -9999.0 -99.000 -99.000 -99.000 -99.000 -99.000 -9999.0 -9999.0 -9999.0 -9999.0 -9999.0
03048 20060810  1.301 -106.89   34.36    32.0    18.4    25.2    25.3     0.0    24.96 R    55.3    18.5    32.2 -9999.0 -9999.0 -9999.0 -99.000 -99.000 -99.000 -99.000 -99.000 -9999.0 -9999.0 -9999.0 -9999.0 -9999.0
03048 20060811  1.301 -106.89   34.36    33.2    20.2    26.7    26.2     1.1    23.70 R    55.4    20.8    32.6 -9999.0 -9999.0 -9999.0 -99.000 -99.000 -99.000 -99.000 -99.000 -9999.0 -9999.0 -9999.0 -9999.0 -9999.0
03048 20060812  1.301 -106.89   34.36    30.6    18.3    24.4    22.3     0.6    19.89 R    55.9    18.3    27.6 -9999.0 -9999.0 -9999.0 -99.000 -99.000 -99.000 -99.000 -99.000 -9999.0 -9999.0 -9999.0 -9999.0 -9999.0
03048 20060813  1.301 -106.89   34.36    30.8    16.9    23.9    23.8     0.0    23.68 R    54.2    17.3    30.7 -9999.0 -9999.0 -9999.0 -99.000 -99.000 -99.000 -99.000 -99.000 -9999.0 -9999.0 -9999.0 -9999.0 -9999.0
03048 20060814  1.301 -106.89   34.36    24.8    19.6    22.2    21.5     2.3    15.35 R    47.8    20.9    25.4 -9999.0 -9999.0 -9999.0 -99.000 -99.000 -99.000 -99.000 -99.000 -9999.0 -9999.0 -9999.0 -9999.0 -9999.0
03048 20060815  1.301 -106.89   34.36    24.1    17.5    20.8    19.4     9.1    12.01 R    36.9    18.8    22.5 -9999.0 -9999.0 -9999.0 -99.000 -99.000 -99.000 -99.000 -99.000 -9999.0 -9999.0 -9999.0 -9999.0 -9999.0
03048 20060816  1.301 -106.89   34.36    27.0    17.6    22.3    21.2     0.0    18.61 R    44.0    18.0    25.3 -9999.0 -9999.0 -9999.0 -99.000 -99.000 -99.000 -99.000 -99.000 -9999.0 -9999.0 -9999.0 -9999.0 -9999.0
03048 20060817  1.301 -106.89   34.36    30.5    16.2    23.4    22.9     0.0    22.69 R    49.0    16.0    27.9 -9999.0 -9999.0 -9999.0 -99.000 -99.000 -99.000 -99.000 -99.000 -9999.0 -9999.0 -9999.0 -9999.0 -9999.0
03048 20060818  1.301 -106.89   34.36    31.6    18.9    25.2    24.3     0.6    22.40 R    50.6    18.1    29.6 -9999.0 -9999.0 -9999.0 -99.000 -99.000 -99.000 -99.000 -99.000 -9999.0 -9999.0 -9999.0 -9999.0 -9999.0
03048 20060819  1.301 -106.89   34.36    26.6    17.8    22.2    21.3     0.0    15.24 R    46.4    18.4    25.9 -9999.0 -9999.0 -9999.0 -99.000 -99.000 -99.000 -99.000 -99.000 -9999.0 -9999.0 -9999.0 -9999.0 -9999.0
03048 20060820  1.301 -106.89   34.36    28.3    17.6    22.9    22.0     0.0    20.29 R    52.2    18.8    28.6 -9999.0 -9999.0 -9999.0 -99.000 -99.000 -99.000 -99.000 -99.000 -9999.0 -9999.0 -9999.0 -9999.0 -9999.0
03048 20060821  1.301 -106.89   34.36    28.9    18.2    23.5    22.0     0.4    19.59 R    55.0    19.4    28.3 -9999.0 -9999.0 -9999.0 -99.000 -99.000 -99.000 -99.000 -99.000 -9999.0 -9999.0 -9999.0 -9999.0 -9999.0
03048 20060822  1.301 -106.89   34.36    27.1    18.7    22.9    22.3     0.0    18.30 R    47.7    19.6    27.5 -9999.0 -9999.0 -9999.0 -99.000 -99.000 -99.000 -99.000 -99.000 -9999.0 -9999.0 -9999.0 -9999.0 -9999.0
03048 20060823  1.301 -106.89   34.36    27.8    18.1    22.9    22.1     1.1    17.44 R    51.3    18.1    26.5 -9999.0 -9999.0 -9999.0 -99.000 -99.000 -99.000 -99.000 -99.000 -9999.0 -9999.0 -9999.0 -9999.0 -9999.0
03048 20060824  1.301 -106.89   34.36    31.8    16.5    24.1    23.3     6.1    22.87 R    52.2    16.1    29.0 -9999.0 -9999.0 -9999.0 -99.000 -99.000 -99.000 -99.000 -99.000 -9999.0 -9999.0 -9999.0 -9999.0 -9999.0
03048 20060825  1.301 -106.89   34.36    27.6    16.0    21.8    20.5     3.8    18.33 R    43.1    16.3    23.6 -9999.0 -9999.0 -9999.0 -99.000 -99.000 -99.000 -99.000 -99.000 -9999.0 -9999.0 -9999.0 -9999.0 -9999.0
03048 20060826  1.301 -106.89   34.36    29.0    16.1    22.6    22.8     0.0    25.35 R    42.6    15.8    26.3 -9999.0 -9999.0 -9999.0 -99.000 -99.000 -99.000 -99.000 -99.000 -9999.0 -9999.0 -9999.0 -9999.0 -9999.0
03048 20060827  1.301 -106.89   34.36    30.6    16.9    23.7    24.2     0.0    26.40 R    46.2    16.4    28.0 -9999.0 -9999.0 -9999.0 -99.000 -99.000 -99.000 -99.000 -99.000 -9999.0 -9999.0 -9999.0 -9999.0 -9999.0
03048 20060828  1.301 -106.89   34.36    29.6    12.8    21.2    22.6     0.0    26.39 R    47.8    14.0    27.8 -9999.0 -9999.0 -9999.0 -99.000 -99.000 -99.000 -99.000 -99.000 -9999.0 -9999.0 -9999.0 -9999.0 -9999.0
03048 20060829  1.301 -106.89   34.36    29.4    17.0    23.2    23.0     0.0    23.86 R    49.8    17.9    29.0 -9999.0 -9999.0 -9999.0 -99.000 -99.000 -99.000 -99.000 -99.000 -9999.0 -9999.0 -9999.0 -9999.0 -9999.0
03048 20060830  1.301 -106.89   34.36    30.2    16.7    23.5    23.6     0.0    23.84 R    52.4    16.3    29.5 -9999.0 -9999.0 -9999.0 -99.000 -99.000 -99.000 -99.000 -99.000 -9999.0 -9999.0 -9999.0 -9999.0 -9999.0
03048 20060831  1.301 -106.89   34.36    30.8    17.4    24.1    23.6     0.0    25.41 R    52.8    16.9    30.5 -9999.0 -9999.0 -9999.0 -99.000 -99.000 -99.000 -99.000 -99.000 -9999.0 -9999.0 -9999.0 -9999.0 -9999.0
03048 20060901  1.301 -106.89   34.36    29.2    16.3    22.7    22.5     0.2    18.45 R    50.8    16.6    28.2 -9999.0 -9999.0 -9999.0 -99.000 -99.000 -99.000 -99.000 -99.000 -9999.0 -9999.0 -9999.0 -9999.0 -9999.0
03048 20060902  1.301 -106.89   34.36    21.4    16.3    18.8    18.1     1.0     9.32 R    31.7    16.9    20.2 -9999.0 -9999.0 -9999.0 -99.000 -99.000 -99.000 -99.000 -99.000 -9999.0 -9999.0 -9999.0 -9999.0 -9999.0
03048 20060903  1.301 -106.89   34.36    19.8    15.6    17.7    17.4     0.0     7.25 R    27.5    16.3    20.1 -9999.0 -9999.0 -9999.0 -99.000 -99.000 -99.000 -99.000 -99.000 -9999.0 -9999.0 -9999.0 -9999.0 -9999.0
03048 20060904  1.301 -106.89   34.36    23.8    14.2    19.0    18.3     0.0    17.22 R    51.1    14.8    24.1 -9999.0 -9999.0 -9999.0 -99.000 -99.000 -99.000 -99.000 -99.000 -9999.0 -9999.0 -9999.0 -9999.0 -9999.0
03048 20060905  1.301 -106.89   34.36    27.5    12.0    19.8    19.9     0.0    25.34 R    51.5    11.8    27.2 -9999.0 -9999.0 -9999.0 -99.000 -99.000 -99.000 -99.000 -99.000 -9999.0 -9999.0 -9999.0 -9999.0 -9999.0
03048 20060906  1.301 -106.89   34.36    29.0    13.1    21.0    21.0     0.0    22.56 R    51.7    12.6    27.7 -9999.0 -9999.0 -9999.0 -99.000 -99.000 -99.000 -99.000 -99.000 -9999.0 -9999.0 -9999.0 -9999.0 -9999.0
03048 20060907  1.301 -106.89   34.36    24.0    13.2    18.6    18.1     7.1     8.82 R    34.6    13.6    19.8 -9999.0 -9999.0 -9999.0 -99.000 -99.000 -99.000 -99.000 -99.000 -9999.0 -9999.0 -9999.0 -9999.0 -9999.0
03048 20060908  1.301 -106.89   34.36    21.8    13.5    17.7    16.5     7.7    15.02 R    34.3    14.1    19.4 -9999.0 -9999.0 -9999.0 -99.000 -99.000 -99.000 -99.000 -99.000 -9999.0 -9999.0 -9999.0 -9999.0 -9999.0
03048 20060909  1.301 -106.89   34.36    25.3    10.6    18.0    17.3     8.7    21.51 R    38.7    11.8    20.8 -9999.0 -9999.0 -9999.0 -99.000 -99.000 -99.000 -99.000 -99.000 -9999.0 -9999.0 -9999.0 -9999.0 -9999.0
03048 20060910  1.301 -106.89   34.36    26.4    12.8    19.6    19.7     0.0    23.96 R    37.3    12.7    22.3 -9999.0 -9999.0 -9999.0 -99.000 -99.000 -99.000 -99.000 -99.000 -9999.0 -9999.0 -9999.0 -9999.0 -9999.0
03048 20060911  1.301 -106.89   34.36    27.6    13.9    20.8    19.5     0.0    22.88 R    42.9    13.5    23.8 -9999.0 -9999.0 -9999.0 -99.000 -99.000 -99.000 -99.000 -99.000 -9999.0 -9999.0 -9999.0 -9999.0 -9999.0
03048 20060912  1.301 -106.89   34.36    27.7    11.9    19.8    20.3     0.0    23.74 R    45.1    12.7    25.5 -9999.0 -9999.0 -9999.0 -99.000 -99.000 -99.000 -99.000 -99.000 -9999.0 -9999.0 -9999.0 -9999.0 -9999.0
03048 20060913  1.301 -106.89   34.36    27.5    15.0    21.2    20.6     0.0    21.49 R    47.1    15.4    25.9 -9999.0 -9999.0 -9999.0 -99.000 -99.000 -99.000 -99.000 -99.000 -9999.0 -9999.0 -9999.0 -9999.0 -9999.0
03048 20060914  1.301 -106.89   34.36    25.8    14.3    20.1    20.1     0.0    19.63 R    46.5    14.5    25.6 -9999.0 -9999.0 -9999.0 -99.000 -99.000 -99.000 -99.000 -99.000 -9999.0 -9999.0 -9999.0 -9999.0 -9999.0
03048 20060915  1.301 -106.89   34.36    27.3    13.0    20.1    20.2     0.0    20.80 R    47.2    13.0    24.4 -9999.0 -9999.0 -9999.0 -99.000 -99.000 -99.000 -99.000 -99.000 -9999.0 -9999.0 -9999.0 -9999.0 -9999.0
03048 20060916  1.301 -106.89   34.36    29.6    12.3    21.0    20.7     0.0    24.41 R    47.9    11.3    25.3 -9999.0 -9999.0 -9999.0 -99.000 -99.000 -99.000 -99.000 -99.000 -9999.0 -9999.0 -9999.0 -9999.0 -9999.0
03048 20060917  1.301 -106.89   34.36    23.2     6.3    14.7    15.7     0.0    24.56 R    44.3     6.9    21.5 -9999.0 -9999.0 -9999.0 -99.000 -99.000 -99.000 -99.000 -99.000 -9999.0 -9999.0 -9999.0 -9999.0 -9999.0
03048 20060918  1.301 -106.89   34.36    22.8     2.0    12.4    13.5     0.0    24.79 R    44.0     3.3    19.8 -9999.0 -9999.0 -9999.0 -99.000 -99.000 -99.000 -99.000 -99.000 -9999.0 -9999.0 -9999.0 -9999.0 -9999.0
03048 20060919  1.301 -106.89   34.36    27.0     2.9    15.0    16.5     0.0    23.93 R    46.3     4.1    21.9 -9999.0 -9999.0 -9999.0 -99.000 -99.000 -99.000 -99.000 -99.000 -9999.0 -9999.0 -9999.0 -9999.0 -9999.0
03048 20060920  1.301 -106.89   34.36    27.3     8.8    18.0    18.5     6.0    15.81 R    46.9     9.2    20.3 -9999.0 -9999.0 -9999.0 -99.000 -99.000 -99.000 -99.000 -99.000 -9999.0 -9999.0 -9999.0 -9999.0 -9999.0
03048 20060921  1.301 -106.89   34.36    24.7     7.9    16.3    16.7     0.0    23.18 R    34.5     5.6    17.3 -9999.0 -9999.0 -9999.0 -99.000 -99.000 -99.000 -99.000 -99.000 -9999.0 -9999.0 -9999.0 -9999.0 -9999.0
03048 20060922  1.301 -106.89   34.36    26.8    10.5    18.6    17.0     0.0    18.30 R    42.6     8.9    19.5 -9999.0 -9999.0 -9999.0 -99.000 -99.000 -99.000 -99.000 -99.000 -9999.0 -9999.0 -9999.0 -9999.0 -9999.0
03048 20060923  1.301 -106.89   34.36    18.1     9.9    14.0    13.9     0.0    16.62 R    38.9    11.3    19.4 -9999.0 -9999.0 -9999.0 -99.000 -99.000 -99.000 -99.000 -99.000 -9999.0 -9999.0 -9999.0 -9999.0 -9999.0
03048 20060924  1.301 -106.89   34.36    21.2    11.3    16.3    15.6     0.0    21.27 R    42.3    10.4    21.4 -9999.0 -9999.0 -9999.0 -99.000 -99.000 -99.000 -99.000 -99.000 -9999.0 -9999.0 -9999.0 -9999.0 -9999.0
03048 20060925  1.301 -106.89   34.36    25.2     6.2    15.7    16.6     0.0    22.03 R    44.1     7.7    22.5 -9999.0 -9999.0 -9999.0 -99.000 -99.000 -99.000 -99.000 -99.000 -9999.0 -9999.0 -9999.0 -9999.0 -9999.0
03048 20060926  1.301 -106.89   34.36    28.1    10.2    19.1    19.5     0.0    21.67 R    47.3    10.3    24.1 -9999.0 -9999.0 -9999.0 -99.000 -99.000 -99.000 -99.000 -99.000 -9999.0 -9999.0 -9999.0 -9999.0 -9999.0
03048 20060927  1.301 -106.89   34.36    28.8     8.1    18.4    18.8     0.0    18.95 R    46.7     9.3    23.0 -9999.0 -9999.0 -9999.0 -99.000 -99.000 -99.000 -99.000 -99.000 -9999.0 -9999.0 -9999.0 -9999.0 -9999.0
03048 20060928  1.301 -106.89   34.36    26.4     9.7    18.0    18.3     0.0    22.01 R    44.4     9.7    22.5 -9999.0 -9999.0 -9999.0 -99.000 -99.000 -99.000 -99.000 -99.000 -9999.0 -9999.0 -9999.0 -9999.0 -9999.0
03048 20060929  1.301 -106.89   34.36    28.6     5.3    17.0    17.2     0.0    22.18 R    46.6     5.6    21.9 -9999.0 -9999.0 -9999.0 -99.000 -99.000 -99.000 -99.000 -99.000 -9999.0 -9999.0 -9999.0 -9999.0 -9999.0
03048 20060930  1.301 -106.89   34.36    29.9     3.7    16.8    18.6     0.0    21.15 R    45.9     5.0    21.6 -9999.0 -9999.0 -9999.0 -99.000 -99.000 -99.000 -99.000 -99.000 -9999.0 -9999.0 -9999.0 -9999.0 -9999.0
03048 20061001  1.301 -106.89   34.36    30.1     5.2    17.6    19.3     0.0    20.58 R    48.1     6.3    22.7 -9999.0 -9999.0 -9999.0 -99.000 -99.000 -99.000 -99.000 -99.000 -9999.0 -9999.0 -9999.0 -9999.0 -9999.0
03048 20061002  1.301 -106.89   34.36    30.0     7.4    18.7    20.3     0.0    20.91 R    49.1     8.0    24.2 -9999.0 -9999.0 -9999.0 -99.000 -99.000 -99.000 -99.000 -99.000 -9999.0 -9999.0 -9999.0 -9999.0 -9999.0
03048 20061003  1.301 -106.89   34.36    29.8    10.3    20.1    20.5     0.0    17.54 R    46.1    10.6    23.5 -9999.0 -9999.0 -9999.0 -99.000 -99.000 -99.000 -99.000 -99.000 -9999.0 -9999.0 -9999.0 -9999.0 -9999.0
03048 20061004  1.301 -106.89   34.36    29.1     9.5    19.3    21.1     0.0    19.37 R    46.8    10.5    24.9 -9999.0 -9999.0 -9999.0 -99.000 -99.000 -99.000 -99.000 -99.000 -9999.0 -9999.0 -9999.0 -9999.0 -9999.0
03048 20061005  1.301 -106.89   34.36    27.7    13.7    20.7    21.1     0.0    18.85 R    45.5    12.6    24.9 -9999.0 -9999.0 -9999.0 -99.000 -99.000 -99.000 -99.000 -99.000 -9999.0 -9999.0 -9999.0 -9999.0 -9999.0
03048 20061006  1.301 -106.89   34.36 -9999.0 -9999.0 -9999.0 -9999.0     0.0    14.18 R    44.5    12.6    22.8 -9999.0 -9999.0 -9999.0 -99.000 -99.000 -99.000 -99.000 -99.000 -9999.0 -9999.0 -9999.0 -9999.0 -9999.0
03048 20061007  1.301 -106.89   34.36 -9999.0 -9999.0 -9999.0 -9999.0     0.6    12.04 R    51.1    14.1    21.3 -9999.0 -9999.0 -9999.0 -99.000 -99.000 -99.000 -99.000 -99.000 -9999.0 -9999.0 -9999.0 -9999.0 -9999.0
03048 20061008  1.301 -106.89   34.36 -9999.0 -9999.0 -9999.0 -9999.0     8.3    14.88 R    41.9    13.5    20.0 -9999.0 -9999.0 -9999.0 -99.000 -99.000 -99.000 -99.000 -99.000 -9999.0 -9999.0 -9999.0 -9999.0 -9999.0
03048 20061009  1.301 -106.89   34.36 -9999.0 -9999.0 -9999.0 -9999.0    32.0     8.10 R    26.0     8.4    13.9 -9999.0 -9999.0 -9999.0 -99.000 -99.000 -99.000 -99.000 -99.000 -9999.0 -9999.0 -9999.0 -9999.0 -9999.0
03048 20061010  1.301 -106.89   34.36    18.8     4.6    11.7    11.5     0.0    18.79 R    26.4     5.6    13.9 -9999.0 -9999.0 -9999.0 -99.000 -99.000 -99.000 -99.000 -99.000 -9999.0 -9999.0 -9999.0 -9999.0 -9999.0
03048 20061011  1.301 -106.89   34.36    22.5     5.9    14.2    13.7     0.0    19.92 R    27.3     6.4    14.7 -9999.0 -9999.0 -9999.0 -99.000 -99.000 -99.000 -99.000 -99.000 -9999.0 -9999.0 -9999.0 -9999.0 -9999.0
03048 20061012  1.301 -106.89   34.36    21.9     5.3    13.6    13.8     0.0    20.05 R    28.6     5.7    14.8 -9999.0 -9999.0 -9999.0 -99.000 -99.000 -99.000 -99.000 -99.000 -9999.0 -9999.0 -9999.0 -9999.0 -9999.0
03048 20061013  1.301 -106.89   34.36    23.2     5.6    14.4    14.6     0.0    18.66 R    33.9     5.3    15.9 -9999.0 -9999.0 -9999.0 -99.000 -99.000 -99.000 -99.000 -99.000 -9999.0 -9999.0 -9999.0 -9999.0 -9999.0
03048 20061014  1.301 -106.89   34.36    18.5     9.8    14.2    13.9     0.0     9.77 R    27.1    10.5    14.9 -9999.0 -9999.0 -9999.0 -99.000 -99.000 -99.000 -99.000 -99.000 -9999.0 -9999.0 -9999.0 -9999.0 -9999.0
03048 20061015  1.301 -106.89   34.36    15.8     7.2    11.5    12.1    13.8     9.97 R    22.9     7.5    13.0 -9999.0 -9999.0 -9999.0 -99.000 -99.000 -99.000 -99.000 -99.000 -9999.0 -9999.0 -9999.0 -9999.0 -9999.0
03048 20061016  1.301 -106.89   34.36    21.2     4.7    12.9    13.3     0.0    18.99 R    24.4     5.3    13.1 -9999.0 -9999.0 -9999.0 -99.000 -99.000 -99.000 -99.000 -99.000 -9999.0 -9999.0 -9999.0 -9999.0 -9999.0
03048 20061017  1.301 -106.89   34.36    22.4     8.2    15.3    15.3     0.0    18.96 R    28.8     6.4    14.8 -9999.0 -9999.0 -9999.0 -99.000 -99.000 -99.000 -99.000 -99.000 -9999.0 -9999.0 -9999.0 -9999.0 -9999.0
03048 20061018  1.301 -106.89   34.36    14.6     7.1    10.9    11.2     0.0    10.13 R    27.1     5.1    12.8 -9999.0 -9999.0 -9999.0 -99.000 -99.000 -99.000 -99.000 -99.000 -9999.0 -9999.0 -9999.0 -9999.0 -9999.0
03048 20061019  1.301 -106.89   34.36    16.1    -0.3     7.9     8.4     0.0    19.03 R    26.4     0.8    10.6 -9999.0 -9999.0 -9999.0 -99.000 -99.000 -99.000 -99.000 -99.000 -9999.0 -9999.0 -9999.0 -9999.0 -9999.0
03048 20061020  1.301 -106.89   34.36    19.5     0.5    10.0    10.5     0.0    18.57 R    29.4     1.0    12.3 -9999.0 -9999.0 -9999.0 -99.000 -99.000 -99.000 -99.000 -99.000 -9999.0 -9999.0 -9999.0 -9999.0 -9999.0
03048 20061021  1.301 -106.89   34.36    19.8     6.7    13.3    12.8     0.0    18.43 R    30.6     4.5    13.9 -9999.0 -9999.0 -9999.0 -99.000 -99.000 -99.000 -99.000 -99.000 -9999.0 -9999.0 -9999.0 -9999.0 -9999.0
03048 20061022  1.301 -106.89   34.36    17.3     1.6     9.5     9.2     0.0    18.49 R    29.2     2.0    12.0 -9999.0 -9999.0 -9999.0 -99.000 -99.000 -99.000 -99.000 -99.000 -9999.0 -9999.0 -9999.0 -9999.0 -9999.0
03048 20061023  1.301 -106.89   34.36    20.3     0.0    10.2    10.1     0.0    17.86 R    29.9     0.4    12.5 -9999.0 -9999.0 -9999.0 -99.000 -99.000 -99.000 -99.000 -99.000 -9999.0 -9999.0 -9999.0 -9999.0 -9999.0
03048 20061024  1.301 -106.89   34.36    16.7     7.0    11.8    11.5     1.2     6.27 R    22.3     8.3    12.4 -9999.0 -9999.0 -9999.0 -99.000 -99.000 -99.000 -99.000 -99.000 -9999.0 -9999.0 -9999.0 -9999.0 -9999.0
03048 20061025  1.301 -106.89   34.36    20.9     7.0    14.0    14.2     0.0    11.97 R    30.4     8.0    14.6 -9999.0 -9999.0 -9999.0 -99.000 -99.000 -99.000 -99.000 -99.000 -9999.0 -9999.0 -9999.0 -9999.0 -9999.0
03048 20061026  1.301 -106.89   34.36    13.3     4.0     8.6     8.9     0.0    17.69 R    22.5     3.4    10.3 -9999.0 -9999.0 -9999.0 -99.000 -99.000 -99.000 -99.000 -99.000 -9999.0 -9999.0 -9999.0 -9999.0 -9999.0
03048 20061027  1.301 -106.89   34.36    16.4    -0.5     8.0     8.1     0.0    17.78 R    26.6    -0.2     9.9 -9999.0 -9999.0 -9999.0 -99.000 -99.000 -99.000 -99.000 -99.000 -9999.0 -9999.0 -9999.0 -9999.0 -9999.0
03048 20061028  1.301 -106.89   34.36    19.1    -1.4     8.8     8.7     0.0    17.49 R    28.5    -1.1    10.7 -9999.0 -9999.0 -9999.0 -99.000 -99.000 -99.000 -99.000 -99.000 -9999.0 -9999.0 -9999.0 -9999.0 -9999.0
03048 20061029  1.301 -106.89   34.36    18.2     0.2     9.2    10.1     0.0    12.32 R    28.4     0.3    11.0 -9999.0 -9999.0 -9999.0 -99.000 -99.000 -99.000 -99.000 -99.000 -9999.0 -9999.0 -9999.0 -9999.0 -9999.0
03048 20061030  1.301 -106.89   34.36    20.3     7.4    13.8    14.8     0.0    16.95 R    29.9     4.8    14.2 -9999.0 -9999.0 -9999.0 -99.000 -99.000 -99.000 -99.000 -99.000 -9999.0 -9999.0 -9999.0 -9999.0 -9999.0
03048 20061031  1.301 -106.89   34.36    19.3     3.7    11.5    12.5     0.0    16.29 R    30.4     2.0    12.5 -9999.0 -9999.0 -9999.0 -99.000 -99.000 -99.000 -99.000 -99.000 -9999.0 -9999.0 -9999.0 -9999.0 -9999.0
03048 20061101  1.301 -106.89   34.36    18.9     7.7    13.3    12.3     0.0    16.16 R    29.6     4.5    12.6 -9999.0 -9999.0 -9999.0 -99.000 -99.000 -99.000 -99.000 -99.000 -9999.0 -9999.0 -9999.0 -9999.0 -9999.0
03048 20061102  1.301 -106.89   34.36    17.4     2.1     9.8     9.1     0.0    16.34 R    29.7     0.9    11.0 -9999.0 -9999.0 -9999.0 -99.000 -99.000 -99.000 -99.000 -99.000 -9999.0 -9999.0 -9999.0 -9999.0 -9999.0
03048 20061103  1.301 -106.89   34.36    20.6    -0.6    10.0    10.6     0.0    16.25 R    29.1    -0.2    11.9 -9999.0 -9999.0 -9999.0 -99.000 -99.000 -99.000 -99.000 -99.000 -9999.0 -9999.0 -9999.0 -9999.0 -9999.0
03048 20061104  1.301 -106.89   34.36    21.9     2.4    12.1    12.7     0.0    16.16 R    30.1     2.1    13.2 -9999.0 -9999.0 -9999.0 -99.000 -99.000 -99.000 -99.000 -99.000 -9999.0 -9999.0 -9999.0 -9999.0 -9999.0
03048 20061105  1.301 -106.89   34.36    18.2     2.0    10.1     9.8     0.0    14.52 R    27.7     2.1    10.8 -9999.0 -9999.0 -9999.0 -99.000 -99.000 -99.000 -99.000 -99.000 -9999.0 -9999.0 -9999.0 -9999.0 -9999.0
03048 20061106  1.301 -106.89   34.36    19.0     0.8     9.9    10.7     0.0    14.38 R    27.9     0.9    11.0 -9999.0 -9999.0 -9999.0 -99.000 -99.000 -99.000 -99.000 -99.000 -9999.0 -9999.0 -9999.0 -9999.0 -9999.0
03048 20061107  1.301 -106.89   34.36    20.8     2.9    11.8    11.2     0.0    14.30 R    30.8     2.4    12.2 -9999.0 -9999.0 -9999.0 -99.000 -99.000 -99.000 -99.000 -99.000 -9999.0 -9999.0 -9999.0 -9999.0 -9999.0
03048 20061108  1.301 -106.89   34.36    23.9     2.0    13.0    12.6     0.0    15.45 R    30.2     1.6    12.6 -9999.0 -9999.0 -9999.0 -99.000 -99.000 -99.000 -99.000 -99.000 -9999.0 -9999.0 -9999.0 -9999.0 -9999.0
03048 20061109  1.301 -106.89   34.36    25.1     2.4    13.8    14.8     0.0    15.39 R    30.8     2.5    13.8 -9999.0 -9999.0 -9999.0 -99.000 -99.000 -99.000 -99.000 -99.000 -9999.0 -9999.0 -9999.0 -9999.0 -9999.0
03048 20061110  1.301 -106.89   34.36    17.8     0.1     9.0    12.0     0.0    15.74 R    26.9    -0.5    11.3 -9999.0 -9999.0 -9999.0 -99.000 -99.000 -99.000 -99.000 -99.000 -9999.0 -9999.0 -9999.0 -9999.0 -9999.0
03048 20061111  1.301 -106.89   34.36    17.0    -5.4     5.8     7.4     0.0    15.04 R    24.1    -4.5     8.5 -9999.0 -9999.0 -9999.0 -99.000 -99.000 -99.000 -99.000 -99.000 -9999.0 -9999.0 -9999.0 -9999.0 -9999.0
03048 20061112  1.301 -106.89   34.36    17.0     2.9     9.9    10.8     0.0    11.12 R    26.1     1.5    10.3 -9999.0 -9999.0 -9999.0 -99.000 -99.000 -99.000 -99.000 -99.000 -9999.0 -9999.0 -9999.0 -9999.0 -9999.0
03048 20061113  1.301 -106.89   34.36    13.0    -2.7     5.1     5.0     0.0    10.76 R    21.8    -2.1     6.2 -9999.0 -9999.0 -9999.0 -99.000 -99.000 -99.000 -99.000 -99.000 -9999.0 -9999.0 -9999.0 -9999.0 -9999.0
03048 20061114  1.301 -106.89   34.36    20.3    -0.1    10.1    10.5     0.0    12.35 R    27.2    -0.5     8.9 -9999.0 -9999.0 -9999.0 -99.000 -99.000 -99.000 -99.000 -99.000 -9999.0 -9999.0 -9999.0 -9999.0 -9999.0
03048 20061115  1.301 -106.89   34.36    11.7    -2.9     4.4     4.3     0.0    15.01 R    21.5    -4.3     5.1 -9999.0 -9999.0 -9999.0 -99.000 -99.000 -99.000 -99.000 -99.000 -9999.0 -9999.0 -9999.0 -9999.0 -9999.0
03048 20061116  1.301 -106.89   34.36    15.6    -5.1     5.2     4.3     0.0    14.82 R    22.6    -5.5     4.9 -9999.0 -9999.0 -9999.0 -99.000 -99.000 -99.000 -99.000 -99.000 -9999.0 -9999.0 -9999.0 -9999.0 -9999.0
03048 20061117  1.301 -106.89   34.36    18.5    -4.0     7.2     6.8     0.0    14.59 R    24.2    -4.4     6.2 -9999.0 -9999.0 -9999.0 -99.000 -99.000 -99.000 -99.000 -99.000 -9999.0 -9999.0 -9999.0 -9999.0 -9999.0
03048 20061118  1.301 -106.89   34.36    18.7    -3.2     7.8     7.2     0.0    14.18 R    24.5    -3.6     6.9 -9999.0 -9999.0 -9999.0 -99.000 -99.000 -99.000 -99.000 -99.000 -9999.0 -9999.0 -9999.0 -9999.0 -9999.0
03048 20061119  1.301 -106.89   34.36    17.1    -0.9     8.1     8.2     0.0    14.21 R    23.6    -1.9     7.2 -9999.0 -9999.0 -9999.0 -99.000 -99.000 -99.000 -99.000 -99.000 -9999.0 -9999.0 -9999.0 -9999.0 -9999.0
03048 20061120  1.301 -106.89   34.36    16.9    -3.4     6.8     7.3     0.0    14.02 R    22.7    -3.6     6.8 -9999.0 -9999.0 -9999.0 -99.000 -99.000 -99.000 -99.000 -99.000 -9999.0 -9999.0 -9999.0 -9999.0 -9999.0
03048 20061121  1.301 -106.89   34.36    16.8    -2.6     7.1     6.6     0.0    13.93 R    22.9    -3.1     6.7 -9999.0 -9999.0 -9999.0 -99.000 -99.000 -99.000 -99.000 -99.000 -9999.0 -9999.0 -9999.0 -9999.0 -9999.0
03048 20061122  1.301 -106.89   34.36    19.3    -2.8     8.3     7.2     0.0    13.98 R    22.9    -3.5     6.6 -9999.0 -9999.0 -9999.0 -99.000 -99.000 -99.000 -99.000 -99.000 -9999.0 -9999.0 -9999.0 -9999.0 -9999.0
03048 20061123  1.301 -106.89   34.36    18.8    -3.8     7.5     7.3     0.0    13.99 R    23.0    -4.1     6.7 -9999.0 -9999.0 -9999.0 -99.000 -99.000 -99.000 -99.000 -99.000 -9999.0 -9999.0 -9999.0 -9999.0 -9999.0
03048 20061124  1.301 -106.89   34.36    17.6    -2.3     7.7     8.4     0.0    12.16 R    24.5    -2.9     7.9 -9999.0 -9999.0 -9999.0 -99.000 -99.000 -99.000 -99.000 -99.000 -9999.0 -9999.0 -9999.0 -9999.0 -9999.0
03048 20061125  1.301 -106.89   34.36    17.6     0.1     8.9     9.4     0.0    13.39 R    23.4    -1.5     8.3 -9999.0 -9999.0 -9999.0 -99.000 -99.000 -99.000 -99.000 -99.000 -9999.0 -9999.0 -9999.0 -9999.0 -9999.0
03048 20061126  1.301 -106.89   34.36    16.6     4.2    10.4    10.7     0.0    10.11 R    22.8     2.3     9.2 -9999.0 -9999.0 -9999.0 -99.000 -99.000 -99.000 -99.000 -99.000 -9999.0 -9999.0 -9999.0 -9999.0 -9999.0
03048 20061127  1.301 -106.89   34.36    15.8     0.0     7.9     8.7     0.0     8.47 R    20.2    -0.6     7.4 -9999.0 -9999.0 -9999.0 -99.000 -99.000 -99.000 -99.000 -99.000 -9999.0 -9999.0 -9999.0 -9999.0 -9999.0
03048 20061128  1.301 -106.89   34.36    16.1     1.4     8.8     8.7     0.0    13.28 R    20.8    -1.9     6.7 -9999.0 -9999.0 -9999.0 -99.000 -99.000 -99.000 -99.000 -99.000 -9999.0 -9999.0 -9999.0 -9999.0 -9999.0
03048 20061129  1.301 -106.89   34.36     8.9    -4.3     2.3     1.6     0.8     3.90 R     9.9    -3.5     2.0 -9999.0 -9999.0 -9999.0 -99.000 -99.000 -99.000 -99.000 -99.000 -9999.0 -9999.0 -9999.0 -9999.0 -9999.0
03048 20061130  1.301 -106.89   34.36     0.5    -9.6    -4.6    -4.2     0.0    13.54 R    10.0    -9.3    -2.4 -9999.0 -9999.0 -9999.0 -99.000 -99.000 -99.000 -99.000 -99.000 -9999.0 -9999.0 -9999.0 -9999.0 -9999.0
03048 20061201  1.301 -106.89   34.36     6.3   -10.5    -2.1    -2.2     0.0    13.28 R    13.6   -10.5    -1.5 -9999.0 -9999.0 -9999.0 -99.000 -99.000 -99.000 -99.000 -99.000 -9999.0 -9999.0 -9999.0 -9999.0 -9999.0
03048 20061202  1.301 -106.89   34.36     7.4    -9.0    -0.8    -1.0     0.0    13.11 R    13.6    -9.1    -0.9 -9999.0 -9999.0 -9999.0 -99.000 -99.000 -99.000 -99.000 -99.000 -9999.0 -9999.0 -9999.0 -9999.0 -9999.0
03048 20061203  1.301 -106.89   34.36     3.8    -8.7    -2.5    -2.6     0.0    13.22 R    11.7    -9.8    -2.5 -9999.0 -9999.0 -9999.0 -99.000 -99.000 -99.000 -99.000 -99.000 -9999.0 -9999.0 -9999.0 -9999.0 -9999.0
03048 20061204  1.301 -106.89   34.36     7.1   -12.7    -2.8    -3.5     0.0    13.38 R    12.2   -12.7    -3.7 -9999.0 -9999.0 -9999.0 -99.000 -99.000 -99.000 -99.000 -99.000 -9999.0 -9999.0 -9999.0 -9999.0 -9999.0
03048 20061205  1.301 -106.89   34.36     9.6   -12.7    -1.5    -2.2     0.0    13.35 R    13.2   -12.9    -3.1 -9999.0 -9999.0 -9999.0 -99.000 -99.000 -99.000 -99.000 -99.000 -9999.0 -9999.0 -9999.0 -9999.0 -9999.0
03048 20061206  1.301 -106.89   34.36    12.8    -9.7     1.6     0.6     0.0    12.98 R    15.6   -10.3    -1.1 -9999.0 -9999.0 -9999.0 -99.000 -99.000 -99.000 -99.000 -99.000 -9999.0 -9999.0 -9999.0 -9999.0 -9999.0
03048 20061207  1.301 -106.89   34.36    10.8    -7.8     1.5     2.1     0.0    12.66 R    14.4    -8.5     0.0 -9999.0 -9999.0 -9999.0 -99.000 -99.000 -99.000 -99.000 -99.000 -9999.0 -9999.0 -9999.0 -9999.0 -9999.0
03048 20061208  1.301 -106.89   34.36     9.9    -8.8     0.5     0.4     0.0    12.81 R    14.2    -9.6    -0.5 -9999.0 -9999.0 -9999.0 -99.000 -99.000 -99.000 -99.000 -99.000 -9999.0 -9999.0 -9999.0 -9999.0 -9999.0
03048 20061209  1.301 -106.89   34.36    11.5    -7.7     1.9     1.8     0.0    11.46 R    15.3    -7.8     1.0 -9999.0 -9999.0 -9999.0 -99.000 -99.000 -99.000 -99.000 -99.000 -9999.0 -9999.0 -9999.0 -9999.0 -9999.0
03048 20061210  1.301 -106.89   34.36    14.0    -7.0     3.5     4.1     0.0    10.45 R    17.3    -7.7     2.2 -9999.0 -9999.0 -9999.0 -99.000 -99.000 -99.000 -99.000 -99.000 -9999.0 -9999.0 -9999.0 -9999.0 -9999.0
03048 20061211  1.301 -106.89   34.36     9.3     0.2     4.7     5.5     0.0     8.95 R    14.5    -3.6     2.8 -9999.0 -9999.0 -9999.0 -99.000 -99.000 -99.000 -99.000 -99.000 -9999.0 -9999.0 -9999.0 -9999.0 -9999.0
03048 20061212  1.301 -106.89   34.36     9.6    -7.9     0.8     0.8     0.0    11.90 R    15.1    -8.9    -0.1 -9999.0 -9999.0 -9999.0 -99.000 -99.000 -99.000 -99.000 -99.000 -9999.0 -9999.0 -9999.0 -9999.0 -9999.0
03048 20061213  1.301 -106.89   34.36    12.2    -7.8     2.2     1.8     0.0    12.41 R    15.1    -8.6     0.6 -9999.0 -9999.0 -9999.0 -99.000 -99.000 -99.000 -99.000 -99.000 -9999.0 -9999.0 -9999.0 -9999.0 -9999.0
03048 20061214  1.301 -106.89   34.36    12.8    -4.9     4.0     3.9     0.0     9.73 R    16.9    -5.6     2.5 -9999.0 -9999.0 -9999.0 -99.000 -99.000 -99.000 -99.000 -99.000 -9999.0 -9999.0 -9999.0 -9999.0 -9999.0
03048 20061215  1.301 -106.89   34.36    13.0    -4.9     4.0     3.6     0.0     9.72 R    16.2    -5.9     2.3 -9999.0 -9999.0 -9999.0 -99.000 -99.000 -99.000 -99.000 -99.000 -9999.0 -9999.0 -9999.0 -9999.0 -9999.0
03048 20061216  1.301 -106.89   34.36    15.1    -6.6     4.3     3.7     0.0     8.59 R    17.0    -7.2     2.2 -9999.0 -9999.0 -9999.0 -99.000 -99.000 -99.000 -99.000 -99.000 -9999.0 -9999.0 -9999.0 -9999.0 -9999.0
03048 20061217  1.301 -106.89   34.36    18.0     1.7     9.8     9.9     0.0    12.73 R    20.4    -3.8     5.7 -9999.0 -9999.0 -9999.0 -99.000 -99.000 -99.000 -99.000 -99.000 -9999.0 -9999.0 -9999.0 -9999.0 -9999.0
03048 20061218  1.301 -106.89   34.36    12.8    -1.3     5.7     4.6     0.4     8.73 R    20.9    -2.9     5.2 -9999.0 -9999.0 -9999.0 -99.000 -99.000 -99.000 -99.000 -99.000 -9999.0 -9999.0 -9999.0 -9999.0 -9999.0
03048 20061219  1.301 -106.89   34.36     2.0    -2.8    -0.4    -0.1    11.7     1.34 R     1.7    -5.6    -0.5 -9999.0 -9999.0 -9999.0 -99.000 -99.000 -99.000 -99.000 -99.000 -9999.0 -9999.0 -9999.0 -9999.0 -9999.0
03048 20061220  1.301 -106.89   34.36     3.2    -2.6     0.3     0.9     0.0     9.64 R     5.9    -8.8    -1.0 -9999.0 -9999.0 -9999.0 -99.000 -99.000 -99.000 -99.000 -99.000 -9999.0 -9999.0 -9999.0 -9999.0 -9999.0
03048 20061221  1.301 -106.89   34.36     3.2    -5.5    -1.2    -1.2     0.0    12.44 R     6.5    -5.1    -0.9 -9999.0 -9999.0 -9999.0 -99.000 -99.000 -99.000 -99.000 -99.000 -9999.0 -9999.0 -9999.0 -9999.0 -9999.0
03048 20061222  1.301 -106.89   34.36     1.4    -9.0    -3.8    -2.5     0.0     8.09 R     5.7    -7.6    -1.9 -9999.0 -9999.0 -9999.0 -99.000 -99.000 -99.000 -99.000 -99.000 -9999.0 -9999.0 -9999.0 -9999.0 -9999.0
03048 20061223  1.301 -106.89   34.36     6.8    -6.1     0.3    -0.6     0.0    12.06 R     7.3    -6.2    -1.3 -9999.0 -9999.0 -9999.0 -99.000 -99.000 -99.000 -99.000 -99.000 -9999.0 -9999.0 -9999.0 -9999.0 -9999.0
03048 20061224  1.301 -106.89   34.36     9.5    -7.5     1.0    -0.1     0.0    12.45 R    10.3    -7.4    -1.6 -9999.0 -9999.0 -9999.0 -99.000 -99.000 -99.000 -99.000 -99.000 -9999.0 -9999.0 -9999.0 -9999.0 -9999.0
03048 20061225  1.301 -106.89   34.36     6.8    -7.8    -0.5    -0.6     0.0    12.41 R     8.6    -8.4    -1.9 -9999.0 -9999.0 -9999.0 -99.000 -99.000 -99.000 -99.000 -99.000 -9999.0 -9999.0 -9999.0 -9999.0 -9999.0
03048 20061226  1.301 -106.89   34.36    10.6    -6.2     2.2     1.0     0.0    12.24 R    11.7    -7.3    -0.7 -9999.0 -9999.0 -9999.0 -99.000 -99.000 -99.000 -99.000 -99.000 -9999.0 -9999.0 -9999.0 -9999.0 -9999.0
03048 20061227  1.301 -106.89   34.36    13.5    -2.1     5.7     5.3     0.0     4.55 R    10.6    -3.0     1.5 -9999.0 -9999.0 -9999.0 -99.000 -99.000 -99.000 -99.000 -99.000 -9999.0 -9999.0 -9999.0 -9999.0 -9999.0
03048 20061228  1.301 -106.89   34.36     7.7    -2.9     2.4     1.5     0.4     7.68 R    13.0    -3.7     0.8 -9999.0 -9999.0 -9999.0 -99.000 -99.000 -99.000 -99.000 -99.000 -9999.0 -9999.0 -9999.0 -9999.0 -9999.0
03048 20061229  1.301 -106.89   34.36     0.6    -5.3    -2.4    -1.3     3.9     2.90 R     5.3    -5.5    -0.8 -9999.0 -9999.0 -9999.0 -99.000 -99.000 -99.000 -99.000 -99.000 -9999.0 -9999.0 -9999.0 -9999.0 -9999.0
03048 20061230  1.301 -106.89   34.36     0.4    -6.1    -2.8    -1.1     5.2     2.89 R     0.6    -9.4    -2.0 -9999.0 -9999.0 -9999.0 -99.000 -99.000 -99.000 -99.000 -99.000 -9999.0 -9999.0 -9999.0 -9999.0 -9999.0
03048 20061231  1.301 -106.89   34.36    -4.1   -11.9    -8.0    -8.3     0.0     9.55 R    -1.2   -12.7    -7.2 -9999.0 -9999.0 -9999.0 -99.000 -99.000 -99.000 -99.000 -99.000 -9999.0 -9999.0 -9999.0 -9999.0 -9999.0
