04138 20090101  2.302 -112.54   41.62     4.3    -9.6    -2.6    -1.2     0.0     5.04 R     1.7   -13.5    -3.8 -9999.0 -9999.0 -9999.0 -99.000 -99.000 -99.000 -99.000 -99.000 -9999.0 -9999.0 -9999.0 -9999.0 -9999.0
04138 20090102  2.302 -112.54   41.62     8.3    -3.5     2.4     2.1     2.1     3.45 R     2.2    -5.5    -0.5 -9999.0 -9999.0 -9999.0 -99.000 -99.000 -99.000 -99.000 -99.000 -9999.0 -9999.0 -9999.0 -9999.0 -9999.0
04138 20090103  2.302 -112.54   41.62    -3.2   -17.9   -10.6   -10.1     0.0     9.34 R    -4.4   -24.0   -14.6 -9999.0 -9999.0 -9999.0 -99.000 -99.000 -99.000 -99.000 -99.000 -9999.0 -9999.0 -9999.0 -9999.0 -9999.0
04138 20090104  2.302 -112.54   41.62   -10.7   -23.0   -16.9   -15.6     0.0    10.12 R    -9.1   -26.7   -20.9 -9999.0 -9999.0 -9999.0 -99.000 -99.000 -99.000 -99.000 -99.000 -9999.0 -9999.0 -9999.0 -9999.0 -9999.0
04138 20090105  2.302 -112.54   41.62    -8.2   -20.4   -14.3   -12.4     3.3     4.29 R    -7.0   -22.9   -12.1 -9999.0 -9999.0 -9999.0 -99.000 -99.000 -99.000 -99.000 -99.000 -9999.0 -9999.0 -9999.0 -9999.0 -9999.0
04138 20090106  2.302 -112.54   41.62     2.8    -8.4    -2.8    -3.6     2.2     4.43 R     2.2    -8.3    -3.9 -9999.0 -9999.0 -9999.0 -99.000 -99.000 -99.000 -99.000 -99.000 -9999.0 -9999.0 -9999.0 -9999.0 -9999.0
04138 20090107  2.302 -112.54   41.62     5.0    -1.4     1.8     2.0     0.0     7.03 R     2.3    -5.9    -1.1 -9999.0 -9999.0 -9999.0 -99.000 -99.000 -99.000 -99.000 -99.000 -9999.0 -9999.0 -9999.0 -9999.0 -9999.0
04138 20090108  2.302 -112.54   41.62     3.2    -7.0    -1.9    -0.4     0.7     5.61 R     1.7   -11.0    -3.9 -9999.0 -9999.0 -9999.0 -99.000 -99.000 -99.000 -99.000 -99.000 -9999.0 -9999.0 -9999.0 -9999.0 -9999.0
04138 20090109  2.302 -112.54   41.62     0.9   -11.3    -5.2    -2.9     0.0    10.09 R     0.9   -15.0    -6.7 -9999.0 -9999.0 -9999.0 -99.000 -99.000 -99.000 -99.000 -99.000 -9999.0 -9999.0 -9999.0 -9999.0 -9999.0
04138 20090110  2.302 -112.54   41.62    -1.2   -13.0    -7.1    -7.0     0.0     9.08 R    -0.3   -16.8    -9.7 -9999.0 -9999.0 -9999.0 -99.000 -99.000 -99.000 -99.000 -99.000 -9999.0 -9999.0 -9999.0 -9999.0 -9999.0
04138 20090111  2.302 -112.54   41.62     0.7    -8.7    -4.0    -2.6     0.0     6.38 R     2.1   -10.8    -3.2 -9999.0 -9999.0 -9999.0 -99.000 -99.000 -99.000 -99.000 -99.000 -9999.0 -9999.0 -9999.0 -9999.0 -9999.0
04138 20090112  2.302 -112.54   41.62     2.8    -7.4    -2.3    -0.6     0.0     3.34 R     2.0   -10.5    -3.1 -9999.0 -9999.0 -9999.0 -99.000 -99.000 -99.000 -99.000 -99.000 -9999.0 -9999.0 -9999.0 -9999.0 -9999.0
04138 20090113  2.302 -112.54   41.62     3.1    -6.3    -1.6    -0.8     0.0    10.48 R     2.1   -10.0    -3.8 -9999.0 -9999.0 -9999.0 -99.000 -99.000 -99.000 -99.000 -99.000 -9999.0 -9999.0 -9999.0 -9999.0 -9999.0
04138 20090114  2.302 -112.54   41.62     2.5    -8.8    -3.2    -3.7     0.0    10.44 R     2.2   -12.6    -7.2 -9999.0 -9999.0 -9999.0 -99.000 -99.000 -99.000 -99.000 -99.000 -9999.0 -9999.0 -9999.0 -9999.0 -9999.0
04138 20090115  2.302 -112.54   41.62     1.9    -9.3    -3.7    -3.7     0.0    10.59 R     2.3   -12.8    -7.5 -9999.0 -9999.0 -9999.0 -99.000 -99.000 -99.000 -99.000 -99.000 -9999.0 -9999.0 -9999.0 -9999.0 -9999.0
04138 20090116  2.302 -112.54   41.62    -0.8   -10.3    -5.5    -5.5     0.0    10.84 R     1.4   -14.3    -8.9 -9999.0 -9999.0 -9999.0 -99.000 -99.000 -99.000 -99.000 -99.000 -9999.0 -9999.0 -9999.0 -9999.0 -9999.0
04138 20090117  2.302 -112.54   41.62     0.1   -11.1    -5.5    -5.6     0.0    10.08 R     1.5   -14.2    -8.9 -9999.0 -9999.0 -9999.0 -99.000 -99.000 -99.000 -99.000 -99.000 -9999.0 -9999.0 -9999.0 -9999.0 -9999.0
04138 20090118  2.302 -112.54   41.62    -0.4   -11.7    -6.0    -6.7     0.0    11.31 R     1.2   -16.4   -10.3 -9999.0 -9999.0 -9999.0 -99.000 -99.000 -99.000 -99.000 -99.000 -9999.0 -9999.0 -9999.0 -9999.0 -9999.0
04138 20090119  2.302 -112.54   41.62    -0.7   -12.4    -6.6    -6.6     0.0    11.33 R     1.4   -15.4   -10.0 -9999.0 -9999.0 -9999.0 -99.000 -99.000 -99.000 -99.000 -99.000 -9999.0 -9999.0 -9999.0 -9999.0 -9999.0
04138 20090120  2.302 -112.54   41.62     0.1   -11.8    -5.8    -6.0     0.0    11.66 R     1.1   -16.2   -10.1 -9999.0 -9999.0 -9999.0 -99.000 -99.000 -99.000 -99.000 -99.000 -9999.0 -9999.0 -9999.0 -9999.0 -9999.0
04138 20090121  2.302 -112.54   41.62     0.0   -10.9    -5.5    -5.0     0.0    10.67 R     1.8   -15.5    -8.5 -9999.0 -9999.0 -9999.0 -99.000 -99.000 -99.000 -99.000 -99.000 -9999.0 -9999.0 -9999.0 -9999.0 -9999.0
04138 20090122  2.302 -112.54   41.62     1.7    -8.4    -3.4    -1.6    10.6     4.11 R     2.1   -11.8    -2.7 -9999.0 -9999.0 -9999.0 -99.000 -99.000 -99.000 -99.000 -99.000 -9999.0 -9999.0 -9999.0 -9999.0 -9999.0
04138 20090123  2.302 -112.54   41.62     2.7    -0.6     1.1     1.1     0.5     7.63 R     2.3    -1.7     0.3 -9999.0 -9999.0 -9999.0 -99.000 -99.000 -99.000 -99.000 -99.000 -9999.0 -9999.0 -9999.0 -9999.0 -9999.0
04138 20090124  2.302 -112.54   41.62     4.0     0.0     2.0     1.4     4.3     4.35 R     2.1    -0.2     0.4 -9999.0 -9999.0 -9999.0 -99.000 -99.000 -99.000 -99.000 -99.000 -9999.0 -9999.0 -9999.0 -9999.0 -9999.0
04138 20090125  2.302 -112.54   41.62     1.5    -4.3    -1.4    -0.4     6.2     4.71 R     1.7    -5.6    -0.6 -9999.0 -9999.0 -9999.0 -99.000 -99.000 -99.000 -99.000 -99.000 -9999.0 -9999.0 -9999.0 -9999.0 -9999.0
04138 20090126  2.302 -112.54   41.62    -4.3   -12.9    -8.6    -7.9     0.0     9.55 R    -2.2   -17.8    -9.0 -9999.0 -9999.0 -9999.0 -99.000 -99.000 -99.000 -99.000 -99.000 -9999.0 -9999.0 -9999.0 -9999.0 -9999.0
04138 20090127  2.302 -112.54   41.62    -7.1   -17.5   -12.3   -10.7     0.0     9.46 R    -4.6   -21.4   -11.6 -9999.0 -9999.0 -9999.0 -99.000 -99.000 -99.000 -99.000 -99.000 -9999.0 -9999.0 -9999.0 -9999.0 -9999.0
04138 20090128  2.302 -112.54   41.62    -1.0    -8.4    -4.7    -4.6     0.2     7.28 R     0.6   -12.7    -6.0 -9999.0 -9999.0 -9999.0 -99.000 -99.000 -99.000 -99.000 -99.000 -9999.0 -9999.0 -9999.0 -9999.0 -9999.0
04138 20090129  2.302 -112.54   41.62     0.0    -9.5    -4.8    -4.8     0.0    12.59 R     0.3   -13.7    -7.3 -9999.0 -9999.0 -9999.0 -99.000 -99.000 -99.000 -99.000 -99.000 -9999.0 -9999.0 -9999.0 -9999.0 -9999.0
04138 20090130  2.302 -112.54   41.62     0.2   -10.9    -5.3    -5.8     0.0    12.77 R     1.5   -13.9    -8.5 -9999.0 -9999.0 -9999.0 -99.000 -99.000 -99.000 -99.000 -99.000 -9999.0 -9999.0 -9999.0 -9999.0 -9999.0
04138 20090131  2.302 -112.54   41.62     1.5   -12.0    -5.3    -4.9     0.0    12.51 R     1.9   -14.7    -7.1 -9999.0 -9999.0 -9999.0 -99.000 -99.000 -99.000 -99.000 -99.000 -9999.0 -9999.0 -9999.0 -9999.0 -9999.0
04138 20090201  2.302 -112.54   41.62    -0.9   -10.2    -5.6    -4.1     0.0    13.32 R     0.2   -14.9    -6.9 -9999.0 -9999.0 -9999.0 -99.000 -99.000 -99.000 -99.000 -99.000 -9999.0 -9999.0 -9999.0 -9999.0 -9999.0
04138 20090202  2.302 -112.54   41.62     0.6   -10.6    -5.0    -5.3     0.0    12.67 R     2.2   -13.6    -8.0 -9999.0 -9999.0 -9999.0 -99.000 -99.000 -99.000 -99.000 -99.000 -9999.0 -9999.0 -9999.0 -9999.0 -9999.0
04138 20090203  2.302 -112.54   41.62     3.7    -8.5    -2.4    -3.0     0.0    13.45 R     2.8   -12.3    -6.6 -9999.0 -9999.0 -9999.0 -99.000 -99.000 -99.000 -99.000 -99.000 -9999.0 -9999.0 -9999.0 -9999.0 -9999.0
04138 20090204  2.302 -112.54   41.62     2.9    -8.4    -2.8    -2.7     0.0    13.64 R     2.3   -13.0    -6.5 -9999.0 -9999.0 -9999.0 -99.000 -99.000 -99.000 -99.000 -99.000 -9999.0 -9999.0 -9999.0 -9999.0 -9999.0
04138 20090205  2.302 -112.54   41.62     6.3    -7.5    -0.6    -0.4     0.0     8.99 R     2.4   -10.7    -4.0 -9999.0 -9999.0 -9999.0 -99.000 -99.000 -99.000 -99.000 -99.000 -9999.0 -9999.0 -9999.0 -9999.0 -9999.0
04138 20090206  2.302 -112.54   41.62     5.0    -3.9     0.6     1.6     0.0    12.14 R     2.7    -5.8    -1.0 -9999.0 -9999.0 -9999.0 -99.000 -99.000 -99.000 -99.000 -99.000 -9999.0 -9999.0 -9999.0 -9999.0 -9999.0
04138 20090207  2.302 -112.54   41.62     3.6    -4.7    -0.5    -0.2     0.0     9.17 R     2.7    -7.5    -2.6 -9999.0 -9999.0 -9999.0 -99.000 -99.000 -99.000 -99.000 -99.000 -9999.0 -9999.0 -9999.0 -9999.0 -9999.0
04138 20090208  2.302 -112.54   41.62     5.0    -2.5     1.3     1.1     2.2     8.21 R     3.1    -5.3    -1.0 -9999.0 -9999.0 -9999.0 -99.000 -99.000 -99.000 -99.000 -99.000 -9999.0 -9999.0 -9999.0 -9999.0 -9999.0
04138 20090209  2.302 -112.54   41.62     0.5    -2.3    -0.9    -0.3    24.0     5.37 R     1.9    -4.0    -0.4 -9999.0 -9999.0 -9999.0 -99.000 -99.000 -99.000 -99.000 -99.000 -9999.0 -9999.0 -9999.0 -9999.0 -9999.0
04138 20090210  2.302 -112.54   41.62    -1.7   -12.1    -6.9    -5.5     2.7    13.12 R     0.8   -16.7    -7.5 -9999.0 -9999.0 -9999.0 -99.000 -99.000 -99.000 -99.000 -99.000 -9999.0 -9999.0 -9999.0 -9999.0 -9999.0
04138 20090211  2.302 -112.54   41.62    -1.8    -9.8    -5.8    -5.8     1.9    11.08 R     0.0   -16.2    -7.2 -9999.0 -9999.0 -9999.0 -99.000 -99.000 -99.000 -99.000 -99.000 -9999.0 -9999.0 -9999.0 -9999.0 -9999.0
04138 20090212  2.302 -112.54   41.62    -1.8   -13.2    -7.5    -7.0     0.0    13.97 R    -0.5   -18.9    -9.9 -9999.0 -9999.0 -9999.0 -99.000 -99.000 -99.000 -99.000 -99.000 -9999.0 -9999.0 -9999.0 -9999.0 -9999.0
04138 20090213  2.302 -112.54   41.62    -1.7   -14.9    -8.3    -7.2     0.4    13.80 R    -0.8   -20.3    -9.5 -9999.0 -9999.0 -9999.0 -99.000 -99.000 -99.000 -99.000 -99.000 -9999.0 -9999.0 -9999.0 -9999.0 -9999.0
04138 20090214  2.302 -112.54   41.62    -0.7   -11.8    -6.3    -4.9     3.8    10.89 R     0.9   -16.5    -5.9 -9999.0 -9999.0 -9999.0 -99.000 -99.000 -99.000 -99.000 -99.000 -9999.0 -9999.0 -9999.0 -9999.0 -9999.0
04138 20090215  2.302 -112.54   41.62    -2.9   -12.1    -7.5    -7.6     0.0    14.24 R    -0.6   -14.8    -9.1 -9999.0 -9999.0 -9999.0 -99.000 -99.000 -99.000 -99.000 -99.000 -9999.0 -9999.0 -9999.0 -9999.0 -9999.0
04138 20090216  2.302 -112.54   41.62     5.6   -10.4    -2.4    -1.8     0.7    11.85 R     2.1   -15.1    -4.8 -9999.0 -9999.0 -9999.0 -99.000 -99.000 -99.000 -99.000 -99.000 -9999.0 -9999.0 -9999.0 -9999.0 -9999.0
04138 20090217  2.302 -112.54   41.62     2.5    -8.5    -3.0    -1.3    12.4     7.11 R     0.9   -11.7    -2.1 -9999.0 -9999.0 -9999.0 -99.000 -99.000 -99.000 -99.000 -99.000 -9999.0 -9999.0 -9999.0 -9999.0 -9999.0
04138 20090218  2.302 -112.54   41.62     1.4    -9.5    -4.0    -3.9     0.0    14.89 R     2.7   -12.9    -4.7 -9999.0 -9999.0 -9999.0 -99.000 -99.000 -99.000 -99.000 -99.000 -9999.0 -9999.0 -9999.0 -9999.0 -9999.0
04138 20090219  2.302 -112.54   41.62    -0.7   -13.0    -6.8    -5.9     0.0    16.38 R     2.2   -16.2    -8.7 -9999.0 -9999.0 -9999.0 -99.000 -99.000 -99.000 -99.000 -99.000 -9999.0 -9999.0 -9999.0 -9999.0 -9999.0
04138 20090220  2.302 -112.54   41.62     2.6   -11.6    -4.5    -4.0     0.0    15.58 R     2.3   -14.6    -7.5 -9999.0 -9999.0 -9999.0 -99.000 -99.000 -99.000 -99.000 -99.000 -9999.0 -9999.0 -9999.0 -9999.0 -9999.0
04138 20090221  2.302 -112.54   41.62     2.0   -10.2    -4.1    -3.6     0.0    16.79 R     2.3   -13.7    -6.8 -9999.0 -9999.0 -9999.0 -99.000 -99.000 -99.000 -99.000 -99.000 -9999.0 -9999.0 -9999.0 -9999.0 -9999.0
04138 20090222  2.302 -112.54   41.62     4.1    -5.9    -0.9    -0.1     0.0    11.23 R     2.8    -9.7    -2.9 -9999.0 -9999.0 -9999.0 -99.000 -99.000 -99.000 -99.000 -99.000 -9999.0 -9999.0 -9999.0 -9999.0 -9999.0
04138 20090223  2.302 -112.54   41.62     4.0     0.1     2.0     2.1     0.9     7.62 R     2.3    -2.0     0.3 -9999.0 -9999.0 -9999.0 -99.000 -99.000 -99.000 -99.000 -99.000 -9999.0 -9999.0 -9999.0 -9999.0 -9999.0
04138 20090224  2.302 -112.54   41.62     8.3     0.0     4.2     3.3     0.0    16.62 R     2.9    -3.3     0.0 -9999.0 -9999.0 -9999.0 -99.000 -99.000 -99.000 -99.000 -99.000 -9999.0 -9999.0 -9999.0 -9999.0 -9999.0
04138 20090225  2.302 -112.54   41.62     7.8    -2.1     2.8     1.7     0.4    13.00 R     3.3    -4.5    -1.4 -9999.0 -9999.0 -9999.0 -99.000 -99.000 -99.000 -99.000 -99.000 -9999.0 -9999.0 -9999.0 -9999.0 -9999.0
04138 20090226  2.302 -112.54   41.62     6.3    -5.1     0.6    -0.1     0.0     9.13 R     2.8    -6.5    -2.5 -9999.0 -9999.0 -9999.0 -99.000 -99.000 -99.000 -99.000 -99.000 -9999.0 -9999.0 -9999.0 -9999.0 -9999.0
04138 20090227  2.302 -112.54   41.62    -2.7   -10.8    -6.8    -5.9     0.0    18.42 R     1.4   -13.5    -6.4 -9999.0 -9999.0 -9999.0 -99.000 -99.000 -99.000 -99.000 -99.000 -9999.0 -9999.0 -9999.0 -9999.0 -9999.0
04138 20090228  2.302 -112.54   41.62     1.0   -13.8    -6.4    -5.6     0.0    18.02 R     2.1   -14.9    -6.7 -9999.0 -9999.0 -9999.0 -99.000 -99.000 -99.000 -99.000 -99.000 -9999.0 -9999.0 -9999.0 -9999.0 -9999.0
04138 20090301  2.302 -112.54   41.62     4.7    -5.2    -0.2     0.5     0.0    11.97 R     3.1    -7.1    -1.9 -9999.0 -9999.0 -9999.0 -99.000 -99.000 -99.000 -99.000 -99.000 -9999.0 -9999.0 -9999.0 -9999.0 -9999.0
04138 20090302  2.302 -112.54   41.62    11.3    -0.2     5.6     4.7     0.0     4.94 R     2.9    -2.2     0.4 -9999.0 -9999.0 -9999.0 -99.000 -99.000 -99.000 -99.000 -99.000 -9999.0 -9999.0 -9999.0 -9999.0 -9999.0
04138 20090303  2.302 -112.54   41.62    12.1     2.6     7.4     8.2     0.0    16.46 R     4.5    -0.3     1.6 -9999.0 -9999.0 -9999.0 -99.000 -99.000 -99.000 -99.000 -99.000 -9999.0 -9999.0 -9999.0 -9999.0 -9999.0
04138 20090304  2.302 -112.54   41.62     9.5    -0.6     4.4     5.1     0.0    13.05 R     5.4    -2.3     0.9 -9999.0 -9999.0 -9999.0 -99.000 -99.000 -99.000 -99.000 -99.000 -9999.0 -9999.0 -9999.0 -9999.0 -9999.0
04138 20090305  2.302 -112.54   41.62     3.4    -4.8    -0.7    -0.1     0.0    15.33 R     6.3    -3.8    -0.3 -9999.0 -9999.0 -9999.0 -99.000 -99.000 -99.000 -99.000 -99.000 -9999.0 -9999.0 -9999.0 -9999.0 -9999.0
04138 20090306  2.302 -112.54   41.62     3.1    -6.1    -1.5    -2.2     0.3    10.93 R     8.1    -4.0    -1.1 -9999.0 -9999.0 -9999.0 -99.000 -99.000 -99.000 -99.000 -99.000 -9999.0 -9999.0 -9999.0 -9999.0 -9999.0
04138 20090307  2.302 -112.54   41.62     1.1    -8.7    -3.8    -3.7     0.0    19.72 R     9.3    -7.0    -0.8 -9999.0 -9999.0 -9999.0 -99.000 -99.000 -99.000 -99.000 -99.000 -9999.0 -9999.0 -9999.0 -9999.0 -9999.0
04138 20090308  2.302 -112.54   41.62     7.0    -6.9     0.0    -0.5     0.0    17.12 R    11.5    -5.0     0.8 -9999.0 -9999.0 -9999.0 -99.000 -99.000 -99.000 -99.000 -99.000 -9999.0 -9999.0 -9999.0 -9999.0 -9999.0
04138 20090309  2.302 -112.54   41.62    -1.2   -10.3    -5.8    -4.5     9.0    10.47 R     1.1   -15.8    -5.2 -9999.0 -9999.0 -9999.0 -99.000 -99.000 -99.000 -99.000 -99.000 -9999.0 -9999.0 -9999.0 -9999.0 -9999.0
04138 20090310  2.302 -112.54   41.62    -1.3   -11.2    -6.3    -6.2     0.0    17.58 R     0.9   -17.3    -8.9 -9999.0 -9999.0 -9999.0 -99.000 -99.000 -99.000 -99.000 -99.000 -9999.0 -9999.0 -9999.0 -9999.0 -9999.0
04138 20090311  2.302 -112.54   41.62     2.8   -11.2    -4.2    -3.6     0.0    20.03 R     3.1   -13.7    -4.9 -9999.0 -9999.0 -9999.0 -99.000 -99.000 -99.000 -99.000 -99.000 -9999.0 -9999.0 -9999.0 -9999.0 -9999.0
04138 20090312  2.302 -112.54   41.62     3.3    -6.0    -1.4    -1.6     0.0    21.16 R     9.7    -7.0    -0.8 -9999.0 -9999.0 -9999.0 -99.000 -99.000 -99.000 -99.000 -99.000 -9999.0 -9999.0 -9999.0 -9999.0 -9999.0
04138 20090313  2.302 -112.54   41.62     5.9    -6.9    -0.5    -0.7     0.0    21.48 R    14.7    -6.1     1.3 -9999.0 -9999.0 -9999.0 -99.000 -99.000 -99.000 -99.000 -99.000 -9999.0 -9999.0 -9999.0 -9999.0 -9999.0
04138 20090314  2.302 -112.54   41.62     8.6    -7.6     0.5     0.4     0.0    20.00 R    18.0    -5.6     2.5 -9999.0 -9999.0 -9999.0 -99.000 -99.000 -99.000 -99.000 -99.000 -9999.0 -9999.0 -9999.0 -9999.0 -9999.0
04138 20090315  2.302 -112.54   41.62    10.5    -0.7     4.9     5.2     0.0    19.02 R    18.0    -0.6     5.1 -9999.0 -9999.0 -9999.0 -99.000 -99.000 -99.000 -99.000 -99.000 -9999.0 -9999.0 -9999.0 -9999.0 -9999.0
04138 20090316  2.302 -112.54   41.62    15.1     5.0    10.1    10.2     0.0    10.70 R    16.1     1.4     6.8 -9999.0 -9999.0 -9999.0 -99.000 -99.000 -99.000 -99.000 -99.000 -9999.0 -9999.0 -9999.0 -9999.0 -9999.0
04138 20090317  2.302 -112.54   41.62    13.7     2.7     8.2     8.5     0.0    14.89 R    24.8    -0.7     7.8 -9999.0 -9999.0 -9999.0 -99.000 -99.000 -99.000 -99.000 -99.000 -9999.0 -9999.0 -9999.0 -9999.0 -9999.0
04138 20090318  2.302 -112.54   41.62    13.4    -0.3     6.6     6.8     0.0    19.34 R    27.6    -1.7     7.6 -9999.0 -9999.0 -9999.0 -99.000 -99.000 -99.000 -99.000 -99.000 -9999.0 -9999.0 -9999.0 -9999.0 -9999.0
04138 20090319  2.302 -112.54   41.62    16.4     0.6     8.5     7.9     0.0    17.35 R    29.0    -1.9     8.2 -9999.0 -9999.0 -9999.0 -99.000 -99.000 -99.000 -99.000 -99.000 -9999.0 -9999.0 -9999.0 -9999.0 -9999.0
04138 20090320  2.302 -112.54   41.62    17.8    -0.4     8.7    10.4     0.0    21.57 R    31.1    -1.4    10.9 -9999.0 -9999.0 -9999.0 -99.000 -99.000 -99.000 -99.000 -99.000 -9999.0 -9999.0 -9999.0 -9999.0 -9999.0
04138 20090321  2.302 -112.54   41.62    19.7     2.2    11.0    12.5     0.0    17.12 R    31.9    -0.1    12.1 -9999.0 -9999.0 -9999.0 -99.000 -99.000 -99.000 -99.000 -99.000 -9999.0 -9999.0 -9999.0 -9999.0 -9999.0
04138 20090322  2.302 -112.54   41.62    11.2     2.2     6.7     5.5     0.5    10.27 R    19.1     1.1     6.2 -9999.0 -9999.0 -9999.0 -99.000 -99.000 -99.000 -99.000 -99.000 -9999.0 -9999.0 -9999.0 -9999.0 -9999.0
04138 20090323  2.302 -112.54   41.62     5.8    -1.1     2.4     1.7     0.0    10.25 R    11.4    -1.7     2.8 -9999.0 -9999.0 -9999.0 -99.000 -99.000 -99.000 -99.000 -99.000 -9999.0 -9999.0 -9999.0 -9999.0 -9999.0
04138 20090324  2.302 -112.54   41.62     5.5    -4.8     0.4     1.7     0.0    15.91 R    20.7    -5.7     4.5 -9999.0 -9999.0 -9999.0 -99.000 -99.000 -99.000 -99.000 -99.000 -9999.0 -9999.0 -9999.0 -9999.0 -9999.0
04138 20090325  2.302 -112.54   41.62     5.0    -2.3     1.4     1.5     7.4     5.40 R    10.5    -5.6     1.6 -9999.0 -9999.0 -9999.0 -99.000 -99.000 -99.000 -99.000 -99.000 -9999.0 -9999.0 -9999.0 -9999.0 -9999.0
04138 20090326  2.302 -112.54   41.62     0.7    -7.0    -3.1    -2.9     0.0    22.88 R    10.5    -8.5    -1.6 -9999.0 -9999.0 -9999.0 -99.000 -99.000 -99.000 -99.000 -99.000 -9999.0 -9999.0 -9999.0 -9999.0 -9999.0
04138 20090327  2.302 -112.54   41.62     4.4    -9.2    -2.4    -1.8     0.0    19.28 R    18.8    -7.3     1.3 -9999.0 -9999.0 -9999.0 -99.000 -99.000 -99.000 -99.000 -99.000 -9999.0 -9999.0 -9999.0 -9999.0 -9999.0
04138 20090328  2.302 -112.54   41.62    12.6    -5.3     3.6     4.8     0.0    18.69 R    22.4    -4.7     5.0 -9999.0 -9999.0 -9999.0 -99.000 -99.000 -99.000 -99.000 -99.000 -9999.0 -9999.0 -9999.0 -9999.0 -9999.0
04138 20090329  2.302 -112.54   41.62    11.1    -3.9     3.6     0.1    10.4    16.64 R     7.8    -5.3    -1.0 -9999.0 -9999.0 -9999.0 -99.000 -99.000 -99.000 -99.000 -99.000 -9999.0 -9999.0 -9999.0 -9999.0 -9999.0
04138 20090330  2.302 -112.54   41.62     2.6    -6.6    -2.0    -2.0     0.0    23.16 R     9.6   -11.8    -2.1 -9999.0 -9999.0 -9999.0 -99.000 -99.000 -99.000 -99.000 -99.000 -9999.0 -9999.0 -9999.0 -9999.0 -9999.0
04138 20090331  2.302 -112.54   41.62     5.4    -2.9     1.3     1.1     2.6    12.70 R    13.2    -3.0     1.2 -9999.0 -9999.0 -9999.0 -99.000 -99.000 -99.000 -99.000 -99.000 -9999.0 -9999.0 -9999.0 -9999.0 -9999.0
04138 20090401  2.302 -112.54   41.62     3.2    -5.0    -0.9    -0.9     1.2    20.99 R    16.0   -10.8     0.3 -9999.0 -9999.0 -9999.0 -99.000 -99.000 -99.000 -99.000 -99.000 -9999.0 -9999.0 -9999.0 -9999.0 -9999.0
04138 20090402  2.302 -112.54   41.62     9.2    -0.8     4.2     3.4     0.2    11.64 R    17.5    -0.4     4.6 -9999.0 -9999.0 -9999.0 -99.000 -99.000 -99.000 -99.000 -99.000 -9999.0 -9999.0 -9999.0 -9999.0 -9999.0
04138 20090403  2.302 -112.54   41.62     4.9    -0.9     2.0     1.2     0.0    14.14 R    15.4    -1.5     2.5 -9999.0 -9999.0 -9999.0 -99.000 -99.000 -99.000 -99.000 -99.000 -9999.0 -9999.0 -9999.0 -9999.0 -9999.0
04138 20090404  2.302 -112.54   41.62     7.9    -1.8     3.0     2.1     0.0    15.37 R    21.0    -2.4     2.8 -9999.0 -9999.0 -9999.0 -99.000 -99.000 -99.000 -99.000 -99.000 -9999.0 -9999.0 -9999.0 -9999.0 -9999.0
04138 20090405  2.302 -112.54   41.62     8.9    -4.4     2.3     2.5     0.0    20.92 R    24.9    -4.8     4.5 -9999.0 -9999.0 -9999.0 -99.000 -99.000 -99.000 -99.000 -99.000 -9999.0 -9999.0 -9999.0 -9999.0 -9999.0
04138 20090406  2.302 -112.54   41.62    12.5    -3.5     4.5     4.6     0.0    26.16 R    28.7    -4.8     7.0 -9999.0 -9999.0 -9999.0 -99.000 -99.000 -99.000 -99.000 -99.000 -9999.0 -9999.0 -9999.0 -9999.0 -9999.0
04138 20090407  2.302 -112.54   41.62    17.4    -2.6     7.4     9.5     0.0    24.37 R    33.8    -4.1    10.9 -9999.0 -9999.0 -9999.0 -99.000 -99.000 -99.000 -99.000 -99.000 -9999.0 -9999.0 -9999.0 -9999.0 -9999.0
04138 20090408  2.302 -112.54   41.62    15.3     3.3     9.3     8.9     0.9    15.37 R    29.8     2.2     9.1 -9999.0 -9999.0 -9999.0 -99.000 -99.000 -99.000 -99.000 -99.000 -9999.0 -9999.0 -9999.0 -9999.0 -9999.0
04138 20090409  2.302 -112.54   41.62     9.6     2.5     6.0     5.6     1.6     7.76 R    17.7     1.4     6.1 -9999.0 -9999.0 -9999.0 -99.000 -99.000 -99.000 -99.000 -99.000 -9999.0 -9999.0 -9999.0 -9999.0 -9999.0
04138 20090410  2.302 -112.54   41.62    13.8     1.8     7.8     8.9     0.0    18.47 R    27.3     0.8     9.9 -9999.0 -9999.0 -9999.0 -99.000 -99.000 -99.000 -99.000 -99.000 -9999.0 -9999.0 -9999.0 -9999.0 -9999.0
04138 20090411  2.302 -112.54   41.62    13.9     4.1     9.0     8.9     0.5    14.79 R    29.4     0.6     8.9 -9999.0 -9999.0 -9999.0 -99.000 -99.000 -99.000 -99.000 -99.000 -9999.0 -9999.0 -9999.0 -9999.0 -9999.0
04138 20090412  2.302 -112.54   41.62    15.0     0.3     7.6     8.2     0.0    27.14 R    35.7    -2.7    11.4 -9999.0 -9999.0 -9999.0 -99.000 -99.000 -99.000 -99.000 -99.000 -9999.0 -9999.0 -9999.0 -9999.0 -9999.0
04138 20090413  2.302 -112.54   41.62    17.4    -0.4     8.5     9.5     0.0    25.50 R    34.3    -1.9    12.8 -9999.0 -9999.0 -9999.0 -99.000 -99.000 -99.000 -99.000 -99.000 -9999.0 -9999.0 -9999.0 -9999.0 -9999.0
04138 20090414  2.302 -112.54   41.62    12.3     0.1     6.2     4.8    22.3     3.73 R    12.0     0.2     5.2 -9999.0 -9999.0 -9999.0 -99.000 -99.000 -99.000 -99.000 -99.000 -9999.0 -9999.0 -9999.0 -9999.0 -9999.0
04138 20090415  2.302 -112.54   41.62     4.9    -0.2     2.3     1.4    13.8     6.99 R     3.3    -0.5     1.4 -9999.0 -9999.0 -9999.0 -99.000 -99.000 -99.000 -99.000 -99.000 -9999.0 -9999.0 -9999.0 -9999.0 -9999.0
04138 20090416  2.302 -112.54   41.62     5.5     0.4     3.0     1.9     3.7     6.61 R    14.0    -0.5     3.5 -9999.0 -9999.0 -9999.0 -99.000 -99.000 -99.000 -99.000 -99.000 -9999.0 -9999.0 -9999.0 -9999.0 -9999.0
04138 20090417  2.302 -112.54   41.62    12.1     1.3     6.7     6.9     0.0    13.53 R    18.4     1.4     7.4 -9999.0 -9999.0 -9999.0 -99.000 -99.000 -99.000 -99.000 -99.000 -9999.0 -9999.0 -9999.0 -9999.0 -9999.0
04138 20090418  2.302 -112.54   41.62    16.1     1.6     8.8     9.2     0.0    23.44 R    27.0    -0.3     9.1 -9999.0 -9999.0 -9999.0 -99.000 -99.000 -99.000 -99.000 -99.000 -9999.0 -9999.0 -9999.0 -9999.0 -9999.0
04138 20090419  2.302 -112.54   41.62    16.9     0.8     8.8     9.6     0.0    27.85 R    28.3    -0.8    11.1 -9999.0 -9999.0 -9999.0 -99.000 -99.000 -99.000 -99.000 -99.000 -9999.0 -9999.0 -9999.0 -9999.0 -9999.0
04138 20090420  2.302 -112.54   41.62    20.1     1.5    10.8    11.7     0.0    28.11 R    33.6    -0.4    13.6 -9999.0 -9999.0 -9999.0 -99.000 -99.000 -99.000 -99.000 -99.000 -9999.0 -9999.0 -9999.0 -9999.0 -9999.0
04138 20090421  2.302 -112.54   41.62    21.6     3.2    12.4    13.6     0.0    28.20 R    37.7     1.1    15.7 -9999.0 -9999.0 -9999.0 -99.000 -99.000 -99.000 -99.000 -99.000 -9999.0 -9999.0 -9999.0 -9999.0 -9999.0
04138 20090422  2.302 -112.54   41.62    23.9     4.7    14.3    14.8     0.0    26.74 R    38.4     1.9    16.4 -9999.0 -9999.0 -9999.0 -99.000 -99.000 -99.000 -99.000 -99.000 -9999.0 -9999.0 -9999.0 -9999.0 -9999.0
04138 20090423  2.302 -112.54   41.62    22.2     8.5    15.3    15.4     0.0    15.30 R    32.6     6.2    14.9 -9999.0 -9999.0 -9999.0 -99.000 -99.000 -99.000 -99.000 -99.000 -9999.0 -9999.0 -9999.0 -9999.0 -9999.0
04138 20090424  2.302 -112.54   41.62    12.2     3.0     7.6     7.9     0.0    14.12 R    35.5     1.5    11.3 -9999.0 -9999.0 -9999.0 -99.000 -99.000 -99.000 -99.000 -99.000 -9999.0 -9999.0 -9999.0 -9999.0 -9999.0
04138 20090425  2.302 -112.54   41.62    13.3     1.3     7.3     6.5     0.0    15.72 R    31.9    -1.3     8.8 -9999.0 -9999.0 -9999.0 -99.000 -99.000 -99.000 -99.000 -99.000 -9999.0 -9999.0 -9999.0 -9999.0 -9999.0
04138 20090426  2.302 -112.54   41.62     8.3    -2.3     3.0     3.8     0.0    20.64 R    32.6    -3.0     8.0 -9999.0 -9999.0 -9999.0 -99.000 -99.000 -99.000 -99.000 -99.000 -9999.0 -9999.0 -9999.0 -9999.0 -9999.0
04138 20090427  2.302 -112.54   41.62    12.7    -4.7     4.0     5.5     0.0    25.98 R    32.6    -5.8     9.9 -9999.0 -9999.0 -9999.0 -99.000 -99.000 -99.000 -99.000 -99.000 -9999.0 -9999.0 -9999.0 -9999.0 -9999.0
04138 20090428  2.302 -112.54   41.62    14.6     0.4     7.5     9.4     0.6    19.30 R    37.7    -0.1    12.7 -9999.0 -9999.0 -9999.0 -99.000 -99.000 -99.000 -99.000 -99.000 -9999.0 -9999.0 -9999.0 -9999.0 -9999.0
04138 20090429  2.302 -112.54   41.62    13.7    -1.1     6.3     6.6     0.0    29.73 R    32.5    -1.8    11.2 -9999.0 -9999.0 -9999.0 -99.000 -99.000 -99.000 -99.000 -99.000 -9999.0 -9999.0 -9999.0 -9999.0 -9999.0
04138 20090430  2.302 -112.54   41.62    16.4    -0.7     7.9     8.8     0.0    27.14 R    35.3    -3.1    12.9 -9999.0 -9999.0 -9999.0 -99.000 -99.000 -99.000 -99.000 -99.000 -9999.0 -9999.0 -9999.0 -9999.0 -9999.0
04138 20090501  2.302 -112.54   41.62    14.1     4.2     9.2     9.1     1.1    19.91 R    33.8     5.0    13.4 -9999.0 -9999.0 -9999.0 -99.000 -99.000 -99.000 -99.000 -99.000 -9999.0 -9999.0 -9999.0 -9999.0 -9999.0
04138 20090502  2.302 -112.54   41.62    13.1     4.4     8.7     8.5    14.3    11.67 R    23.7     3.9    10.2 -9999.0 -9999.0 -9999.0 -99.000 -99.000 -99.000 -99.000 -99.000 -9999.0 -9999.0 -9999.0 -9999.0 -9999.0
04138 20090503  2.302 -112.54   41.62    14.3     4.4     9.4     8.9     5.8    15.11 R    23.8     3.9    10.2 -9999.0 -9999.0 -9999.0 -99.000 -99.000 -99.000 -99.000 -99.000 -9999.0 -9999.0 -9999.0 -9999.0 -9999.0
04138 20090504  2.302 -112.54   41.62    13.8     1.2     7.5     8.6     0.0    23.87 R    25.6     0.7    11.1 -9999.0 -9999.0 -9999.0 -99.000 -99.000 -99.000 -99.000 -99.000 -9999.0 -9999.0 -9999.0 -9999.0 -9999.0
04138 20090505  2.302 -112.54   41.62    19.7     8.3    14.0    13.5     0.6    23.11 R    27.3     5.0    13.5 -9999.0 -9999.0 -9999.0 -99.000 -99.000 -99.000 -99.000 -99.000 -9999.0 -9999.0 -9999.0 -9999.0 -9999.0
04138 20090506  2.302 -112.54   41.62    20.9     3.9    12.4    12.6     0.0    21.71 R    30.3     2.3    12.8 -9999.0 -9999.0 -9999.0 -99.000 -99.000 -99.000 -99.000 -99.000 -9999.0 -9999.0 -9999.0 -9999.0 -9999.0
04138 20090507  2.302 -112.54   41.62    15.9     4.7    10.3    10.6     0.0    24.52 R    33.2     2.2    13.3 -9999.0 -9999.0 -9999.0 -99.000 -99.000 -99.000 -99.000 -99.000 -9999.0 -9999.0 -9999.0 -9999.0 -9999.0
04138 20090508  2.302 -112.54   41.62    12.9    -1.2     5.9     6.9     0.0    30.95 R    34.1    -2.4    12.2 -9999.0 -9999.0 -9999.0 -99.000 -99.000 -99.000 -99.000 -99.000 -9999.0 -9999.0 -9999.0 -9999.0 -9999.0
04138 20090509  2.302 -112.54   41.62    15.2    -0.5     7.3     8.0     0.0    24.77 R    33.6    -2.8    11.1 -9999.0 -9999.0 -9999.0 -99.000 -99.000 -99.000 -99.000 -99.000 -9999.0 -9999.0 -9999.0 -9999.0 -9999.0
04138 20090510  2.302 -112.54   41.62    17.7     2.0     9.8    11.7     0.0    30.26 R    38.3     0.7    15.6 -9999.0 -9999.0 -9999.0 -99.000 -99.000 -99.000 -99.000 -99.000 -9999.0 -9999.0 -9999.0 -9999.0 -9999.0
04138 20090511  2.302 -112.54   41.62    21.6     3.0    12.3    13.2     0.0    24.53 R    33.6     1.1    15.3 -9999.0 -9999.0 -9999.0 -99.000 -99.000 -99.000 -99.000 -99.000 -9999.0 -9999.0 -9999.0 -9999.0 -9999.0
04138 20090512  2.302 -112.54   41.62    20.0     3.7    11.8    11.4     0.0    26.99 R    37.6     2.3    14.3 -9999.0 -9999.0 -9999.0 -99.000 -99.000 -99.000 -99.000 -99.000 -9999.0 -9999.0 -9999.0 -9999.0 -9999.0
04138 20090513  2.302 -112.54   41.62    11.7    -1.3     5.2     5.8     0.0    29.53 R    37.2    -3.3    12.7 -9999.0 -9999.0 -9999.0 -99.000 -99.000 -99.000 -99.000 -99.000 -9999.0 -9999.0 -9999.0 -9999.0 -9999.0
04138 20090514  2.302 -112.54   41.62    18.5     3.2    10.8    10.3     1.0    22.05 R    41.8     3.6    15.8 -9999.0 -9999.0 -9999.0 -99.000 -99.000 -99.000 -99.000 -99.000 -9999.0 -9999.0 -9999.0 -9999.0 -9999.0
04138 20090515  2.302 -112.54   41.62    17.3     3.5    10.4    10.9     0.0    28.47 R    36.8     2.2    15.3 -9999.0 -9999.0 -9999.0 -99.000 -99.000 -99.000 -99.000 -99.000 -9999.0 -9999.0 -9999.0 -9999.0 -9999.0
04138 20090516  2.302 -112.54   41.62    21.6     2.1    11.9    13.4     0.0    31.49 R    43.1    -0.5    18.0 -9999.0 -9999.0 -9999.0 -99.000 -99.000 -99.000 -99.000 -99.000 -9999.0 -9999.0 -9999.0 -9999.0 -9999.0
04138 20090517  2.302 -112.54   41.62    25.5     5.4    15.4    16.8     0.0    31.48 R    46.9     3.2    21.3 -9999.0 -9999.0 -9999.0 -99.000 -99.000 -99.000 -99.000 -99.000 -9999.0 -9999.0 -9999.0 -9999.0 -9999.0
04138 20090518  2.302 -112.54   41.62    29.0     7.0    18.0    18.9     0.0    24.76 R    48.9     4.6    21.3 -9999.0 -9999.0 -9999.0 -99.000 -99.000 -99.000 -99.000 -99.000 -9999.0 -9999.0 -9999.0 -9999.0 -9999.0
04138 20090519  2.302 -112.54   41.62    26.6    12.0    19.3    19.8     0.0    21.81 R    44.9    10.1    22.2 -9999.0 -9999.0 -9999.0 -99.000 -99.000 -99.000 -99.000 -99.000 -9999.0 -9999.0 -9999.0 -9999.0 -9999.0
04138 20090520  2.302 -112.54   41.62    22.6    10.5    16.6    17.2     0.0    26.00 R    47.0     6.9    22.5 -9999.0 -9999.0 -9999.0 -99.000 -99.000 -99.000 -99.000 -99.000 -9999.0 -9999.0 -9999.0 -9999.0 -9999.0
04138 20090521  2.302 -112.54   41.62    24.9     7.1    16.0    16.4     0.0    31.89 R    49.1     4.5    22.4 -9999.0 -9999.0 -9999.0 -99.000 -99.000 -99.000 -99.000 -99.000 -9999.0 -9999.0 -9999.0 -9999.0 -9999.0
04138 20090522  2.302 -112.54   41.62    26.3     7.9    17.1    18.5     0.0    27.15 R    49.2     5.0    22.1 -9999.0 -9999.0 -9999.0 -99.000 -99.000 -99.000 -99.000 -99.000 -9999.0 -9999.0 -9999.0 -9999.0 -9999.0
04138 20090523  2.302 -112.54   41.62    24.6    10.5    17.6    17.6     2.0    25.50 R    49.0     8.9    22.8 -9999.0 -9999.0 -9999.0 -99.000 -99.000 -99.000 -99.000 -99.000 -9999.0 -9999.0 -9999.0 -9999.0 -9999.0
04138 20090524  2.302 -112.54   41.62    15.8     8.9    12.4    12.1    31.6     8.80 R    24.0     8.2    13.0 -9999.0 -9999.0 -9999.0 -99.000 -99.000 -99.000 -99.000 -99.000 -9999.0 -9999.0 -9999.0 -9999.0 -9999.0
04138 20090525  2.302 -112.54   41.62    17.8     6.6    12.2    12.3     9.7    19.86 R    27.8     6.6    14.3 -9999.0 -9999.0 -9999.0 -99.000 -99.000 -99.000 -99.000 -99.000 -9999.0 -9999.0 -9999.0 -9999.0 -9999.0
04138 20090526  2.302 -112.54   41.62    20.2     6.9    13.5    13.7     0.3    26.09 R    30.7     6.0    15.1 -9999.0 -9999.0 -9999.0 -99.000 -99.000 -99.000 -99.000 -99.000 -9999.0 -9999.0 -9999.0 -9999.0 -9999.0
04138 20090527  2.302 -112.54   41.62    23.9     6.7    15.3    16.0     0.0    31.12 R    33.3     6.1    17.5 -9999.0 -9999.0 -9999.0 -99.000 -99.000 -99.000 -99.000 -99.000 -9999.0 -9999.0 -9999.0 -9999.0 -9999.0
04138 20090528  2.302 -112.54   41.62    25.6     7.6    16.6    17.9     0.0    31.79 R    39.4     5.8    20.3 -9999.0 -9999.0 -9999.0 -99.000 -99.000 -99.000 -99.000 -99.000 -9999.0 -9999.0 -9999.0 -9999.0 -9999.0
04138 20090529  2.302 -112.54   41.62    27.0     8.7    17.8    18.9     0.0    28.28 R    43.6     8.0    21.7 -9999.0 -9999.0 -9999.0 -99.000 -99.000 -99.000 -99.000 -99.000 -9999.0 -9999.0 -9999.0 -9999.0 -9999.0
04138 20090530  2.302 -112.54   41.62    26.5     9.7    18.1    19.2     0.0    32.24 R    45.6     9.4    24.4 -9999.0 -9999.0 -9999.0 -99.000 -99.000 -99.000 -99.000 -99.000 -9999.0 -9999.0 -9999.0 -9999.0 -9999.0
04138 20090531  2.302 -112.54   41.62    23.9    12.1    18.0    17.4     0.5    20.38 R    45.2    12.2    20.9 -9999.0 -9999.0 -9999.0 -99.000 -99.000 -99.000 -99.000 -99.000 -9999.0 -9999.0 -9999.0 -9999.0 -9999.0
04138 20090601  2.302 -112.54   41.62    24.2    10.9    17.5    16.9     5.7    24.84 R    43.3    10.5    21.5 -9999.0 -9999.0 -9999.0 -99.000 -99.000 -99.000 -99.000 -99.000 -9999.0 -9999.0 -9999.0 -9999.0 -9999.0
04138 20090602  2.302 -112.54   41.62    22.8    11.3    17.1    15.8     9.4    24.62 R    33.8    10.9    18.4 -9999.0 -9999.0 -9999.0 -99.000 -99.000 -99.000 -99.000 -99.000 -9999.0 -9999.0 -9999.0 -9999.0 -9999.0
04138 20090603  2.302 -112.54   41.62    24.1     8.0    16.1    17.4     0.0    30.65 R    31.5     8.4    19.1 -9999.0 -9999.0 -9999.0 -99.000 -99.000 -99.000 -99.000 -99.000 -9999.0 -9999.0 -9999.0 -9999.0 -9999.0
04138 20090604  2.302 -112.54   41.62    23.3    12.8    18.1    18.6     0.0    21.35 R    28.7    10.6    18.0 -9999.0 -9999.0 -9999.0 -99.000 -99.000 -99.000 -99.000 -99.000 -9999.0 -9999.0 -9999.0 -9999.0 -9999.0
04138 20090605  2.302 -112.54   41.62    21.3     8.2    14.8    14.6     1.4    15.44 R    25.0     7.8    14.6 -9999.0 -9999.0 -9999.0 -99.000 -99.000 -99.000 -99.000 -99.000 -9999.0 -9999.0 -9999.0 -9999.0 -9999.0
04138 20090606  2.302 -112.54   41.62    18.8     7.8    13.3    12.9     4.8    27.34 R    29.7     8.2    15.7 -9999.0 -9999.0 -9999.0 -99.000 -99.000 -99.000 -99.000 -99.000 -9999.0 -9999.0 -9999.0 -9999.0 -9999.0
04138 20090607  2.302 -112.54   41.62    16.2     8.8    12.5    11.1     6.5    15.39 R    26.6     9.0    13.6 -9999.0 -9999.0 -9999.0 -99.000 -99.000 -99.000 -99.000 -99.000 -9999.0 -9999.0 -9999.0 -9999.0 -9999.0
04138 20090608  2.302 -112.54   41.62    19.9     7.2    13.6    12.8     0.2    23.65 R    29.3     7.8    15.4 -9999.0 -9999.0 -9999.0 -99.000 -99.000 -99.000 -99.000 -99.000 -9999.0 -9999.0 -9999.0 -9999.0 -9999.0
04138 20090609  2.302 -112.54   41.62    19.9     7.0    13.5    11.7     7.4    11.72 R    25.5     7.3    12.7 -9999.0 -9999.0 -9999.0 -99.000 -99.000 -99.000 -99.000 -99.000 -9999.0 -9999.0 -9999.0 -9999.0 -9999.0
04138 20090610  2.302 -112.54   41.62    16.3     8.8    12.5    11.7     2.2    13.29 R    24.5     8.9    13.9 -9999.0 -9999.0 -9999.0 -99.000 -99.000 -99.000 -99.000 -99.000 -9999.0 -9999.0 -9999.0 -9999.0 -9999.0
04138 20090611  2.302 -112.54   41.62    14.4     7.9    11.2    10.9     7.4    13.24 R    25.3     8.2    13.0 -9999.0 -9999.0 -9999.0 -99.000 -99.000 -99.000 -99.000 -99.000 -9999.0 -9999.0 -9999.0 -9999.0 -9999.0
04138 20090612  2.302 -112.54   41.62    19.6     5.3    12.4    13.4     0.0    26.26 R    30.3     5.3    15.7 -9999.0 -9999.0 -9999.0 -99.000 -99.000 -99.000 -99.000 -99.000 -9999.0 -9999.0 -9999.0 -9999.0 -9999.0
04138 20090613  2.302 -112.54   41.62    16.7     8.8    12.8    13.4     2.0    13.88 R    27.3     8.7    14.8 -9999.0 -9999.0 -9999.0 -99.000 -99.000 -99.000 -99.000 -99.000 -9999.0 -9999.0 -9999.0 -9999.0 -9999.0
04138 20090614  2.302 -112.54   41.62    20.2     7.4    13.8    13.7     1.3    24.19 R    30.8     7.5    15.8 -9999.0 -9999.0 -9999.0 -99.000 -99.000 -99.000 -99.000 -99.000 -9999.0 -9999.0 -9999.0 -9999.0 -9999.0
04138 20090615  2.302 -112.54   41.62    19.7     7.7    13.7    13.3     0.0    24.26 R    33.3     8.0    16.2 -9999.0 -9999.0 -9999.0 -99.000 -99.000 -99.000 -99.000 -99.000 -9999.0 -9999.0 -9999.0 -9999.0 -9999.0
04138 20090616  2.302 -112.54   41.62    22.5     6.8    14.7    15.5     0.0    29.57 R    41.1     6.3    19.4 -9999.0 -9999.0 -9999.0 -99.000 -99.000 -99.000 -99.000 -99.000 -9999.0 -9999.0 -9999.0 -9999.0 -9999.0
04138 20090617  2.302 -112.54   41.62    18.7     9.9    14.3    13.5    37.0    15.63 R    29.6     6.0    15.7 -9999.0 -9999.0 -9999.0 -99.000 -99.000 -99.000 -99.000 -99.000 -9999.0 -9999.0 -9999.0 -9999.0 -9999.0
04138 20090618  2.302 -112.54   41.62    20.6     8.8    14.7    14.7     0.4    26.63 R    30.2     8.5    16.6 -9999.0 -9999.0 -9999.0 -99.000 -99.000 -99.000 -99.000 -99.000 -9999.0 -9999.0 -9999.0 -9999.0 -9999.0
04138 20090619  2.302 -112.54   41.62    23.8     6.8    15.3    16.9     0.0    32.60 R    35.1     6.2    18.8 -9999.0 -9999.0 -9999.0 -99.000 -99.000 -99.000 -99.000 -99.000 -9999.0 -9999.0 -9999.0 -9999.0 -9999.0
04138 20090620  2.302 -112.54   41.62    17.6     7.7    12.7    12.9     7.9     7.94 R    22.9     7.7    13.6 -9999.0 -9999.0 -9999.0 -99.000 -99.000 -99.000 -99.000 -99.000 -9999.0 -9999.0 -9999.0 -9999.0 -9999.0
04138 20090621  2.302 -112.54   41.62    21.2     6.0    13.6    12.6     0.0    21.30 R    28.6     6.1    13.7 -9999.0 -9999.0 -9999.0 -99.000 -99.000 -99.000 -99.000 -99.000 -9999.0 -9999.0 -9999.0 -9999.0 -9999.0
04138 20090622  2.302 -112.54   41.62    19.9     5.4    12.7    13.1     0.0    32.99 R    34.0     4.5    16.8 -9999.0 -9999.0 -9999.0 -99.000 -99.000 -99.000 -99.000 -99.000 -9999.0 -9999.0 -9999.0 -9999.0 -9999.0
04138 20090623  2.302 -112.54   41.62    25.0     8.7    16.8    17.2     0.0    32.92 R    42.0     7.0    20.7 -9999.0 -9999.0 -9999.0 -99.000 -99.000 -99.000 -99.000 -99.000 -9999.0 -9999.0 -9999.0 -9999.0 -9999.0
04138 20090624  2.302 -112.54   41.62    28.3     8.3    18.3    20.3     0.0    32.86 R    46.4     8.4    24.0 -9999.0 -9999.0 -9999.0 -99.000 -99.000 -99.000 -99.000 -99.000 -9999.0 -9999.0 -9999.0 -9999.0 -9999.0
04138 20090625  2.302 -112.54   41.62    29.8    13.2    21.5    21.4     0.0    21.28 R    45.6    10.8    23.2 -9999.0 -9999.0 -9999.0 -99.000 -99.000 -99.000 -99.000 -99.000 -9999.0 -9999.0 -9999.0 -9999.0 -9999.0
04138 20090626  2.302 -112.54   41.62    24.7    12.1    18.4    18.7     0.0    18.58 R    45.6    11.6    21.5 -9999.0 -9999.0 -9999.0 -99.000 -99.000 -99.000 -99.000 -99.000 -9999.0 -9999.0 -9999.0 -9999.0 -9999.0
04138 20090627  2.302 -112.54   41.62    24.6     7.3    16.0    17.1     0.0    33.05 R    46.4     6.8    22.9 -9999.0 -9999.0 -9999.0 -99.000 -99.000 -99.000 -99.000 -99.000 -9999.0 -9999.0 -9999.0 -9999.0 -9999.0
04138 20090628  2.302 -112.54   41.62    27.8     9.1    18.4    19.6     0.0    32.92 R    47.9     7.3    24.5 -9999.0 -9999.0 -9999.0 -99.000 -99.000 -99.000 -99.000 -99.000 -9999.0 -9999.0 -9999.0 -9999.0 -9999.0
04138 20090629  2.302 -112.54   41.62    30.4    11.0    20.7    21.5     0.0    30.83 R    48.4     9.9    25.5 -9999.0 -9999.0 -9999.0 -99.000 -99.000 -99.000 -99.000 -99.000 -9999.0 -9999.0 -9999.0 -9999.0 -9999.0
04138 20090630  2.302 -112.54   41.62    31.7    10.4    21.0    23.0     0.0    26.84 R    50.7    10.3    26.4 -9999.0 -9999.0 -9999.0 -99.000 -99.000 -99.000 -99.000 -99.000 -9999.0 -9999.0 -9999.0 -9999.0 -9999.0
04138 20090701  2.302 -112.54   41.62    29.2    15.9    22.6    22.4     0.0    24.20 R    48.5    15.7    27.3 -9999.0 -9999.0 -9999.0 -99.000 -99.000 -99.000 -99.000 -99.000 -9999.0 -9999.0 -9999.0 -9999.0 -9999.0
04138 20090702  2.302 -112.54   41.62    26.1    12.4    19.2    19.6     0.0    17.71 R    44.5    12.7    22.5 -9999.0 -9999.0 -9999.0 -99.000 -99.000 -99.000 -99.000 -99.000 -9999.0 -9999.0 -9999.0 -9999.0 -9999.0
04138 20090703  2.302 -112.54   41.62    27.2    12.6    19.9    20.1     0.0    26.24 R    49.5    13.0    25.9 -9999.0 -9999.0 -9999.0 -99.000 -99.000 -99.000 -99.000 -99.000 -9999.0 -9999.0 -9999.0 -9999.0 -9999.0
04138 20090704  2.302 -112.54   41.62    27.4    11.5    19.4    19.7     0.0    25.43 R    47.2    11.1    24.8 -9999.0 -9999.0 -9999.0 -99.000 -99.000 -99.000 -99.000 -99.000 -9999.0 -9999.0 -9999.0 -9999.0 -9999.0
04138 20090705  2.302 -112.54   41.62    28.8    10.4    19.6    21.4     0.0    30.82 R    49.1    10.4    26.9 -9999.0 -9999.0 -9999.0 -99.000 -99.000 -99.000 -99.000 -99.000 -9999.0 -9999.0 -9999.0 -9999.0 -9999.0
04138 20090706  2.302 -112.54   41.62    30.9    14.9    22.9    23.3     0.0    32.12 R    53.0    13.0    28.2 -9999.0 -9999.0 -9999.0 -99.000 -99.000 -99.000 -99.000 -99.000 -9999.0 -9999.0 -9999.0 -9999.0 -9999.0
04138 20090707  2.302 -112.54   41.62    29.5    10.5    20.0    21.3     0.0    32.61 R    51.8     8.9    26.4 -9999.0 -9999.0 -9999.0 -99.000 -99.000 -99.000 -99.000 -99.000 -9999.0 -9999.0 -9999.0 -9999.0 -9999.0
04138 20090708  2.302 -112.54   41.62    26.6     9.5    18.0    19.3     0.0    32.53 R    51.0     8.0    25.5 -9999.0 -9999.0 -9999.0 -99.000 -99.000 -99.000 -99.000 -99.000 -9999.0 -9999.0 -9999.0 -9999.0 -9999.0
04138 20090709  2.302 -112.54   41.62    27.4    11.6    19.5    19.8     0.0    32.14 R    51.2     9.5    25.9 -9999.0 -9999.0 -9999.0 -99.000 -99.000 -99.000 -99.000 -99.000 -9999.0 -9999.0 -9999.0 -9999.0 -9999.0
04138 20090710  2.302 -112.54   41.62    30.6    12.2    21.4    21.7     0.0    32.36 R    52.4     9.7    27.3 -9999.0 -9999.0 -9999.0 -99.000 -99.000 -99.000 -99.000 -99.000 -9999.0 -9999.0 -9999.0 -9999.0 -9999.0
04138 20090711  2.302 -112.54   41.62    30.4    16.1    23.3    23.6     0.0    18.64 R    50.1    14.1    25.7 -9999.0 -9999.0 -9999.0 -99.000 -99.000 -99.000 -99.000 -99.000 -9999.0 -9999.0 -9999.0 -9999.0 -9999.0
04138 20090712  2.302 -112.54   41.62    33.3    13.3    23.3    25.0     0.0    28.55 R    54.6    11.9    29.2 -9999.0 -9999.0 -9999.0 -99.000 -99.000 -99.000 -99.000 -99.000 -9999.0 -9999.0 -9999.0 -9999.0 -9999.0
04138 20090713  2.302 -112.54   41.62    28.5    13.3    20.9    21.8     0.0    31.66 R    52.9    11.8    28.0 -9999.0 -9999.0 -9999.0 -99.000 -99.000 -99.000 -99.000 -99.000 -9999.0 -9999.0 -9999.0 -9999.0 -9999.0
04138 20090714  2.302 -112.54   41.62    25.0     5.8    15.4    17.7     0.0    32.10 R    52.1     6.7    25.1 -9999.0 -9999.0 -9999.0 -99.000 -99.000 -99.000 -99.000 -99.000 -9999.0 -9999.0 -9999.0 -9999.0 -9999.0
04138 20090715  2.302 -112.54   41.62    30.0     9.0    19.5    21.6     0.0    31.89 R    54.6     8.2    27.7 -9999.0 -9999.0 -9999.0 -99.000 -99.000 -99.000 -99.000 -99.000 -9999.0 -9999.0 -9999.0 -9999.0 -9999.0
04138 20090716  2.302 -112.54   41.62    34.2    11.6    22.9    24.6     0.0    31.54 R    57.3    10.0    29.8 -9999.0 -9999.0 -9999.0 -99.000 -99.000 -99.000 -99.000 -99.000 -9999.0 -9999.0 -9999.0 -9999.0 -9999.0
04138 20090717  2.302 -112.54   41.62    35.6    14.4    25.0    26.1     0.0    31.35 R    58.2    12.5    30.8 -9999.0 -9999.0 -9999.0 -99.000 -99.000 -99.000 -99.000 -99.000 -9999.0 -9999.0 -9999.0 -9999.0 -9999.0
04138 20090718  2.302 -112.54   41.62    35.9    15.0    25.4    27.2     0.0    27.72 R    60.2    12.2    30.8 -9999.0 -9999.0 -9999.0 -99.000 -99.000 -99.000 -99.000 -99.000 -9999.0 -9999.0 -9999.0 -9999.0 -9999.0
04138 20090719  2.302 -112.54   41.62    33.3    19.1    26.2    27.1     0.0    20.28 R    55.5    17.6    29.8 -9999.0 -9999.0 -9999.0 -99.000 -99.000 -99.000 -99.000 -99.000 -9999.0 -9999.0 -9999.0 -9999.0 -9999.0
04138 20090720  2.302 -112.54   41.62    32.5    15.2    23.9    24.3     0.0    31.28 R    57.9    12.6    29.9 -9999.0 -9999.0 -9999.0 -99.000 -99.000 -99.000 -99.000 -99.000 -9999.0 -9999.0 -9999.0 -9999.0 -9999.0
04138 20090721  2.302 -112.54   41.62    32.5    11.5    22.0    23.5     0.0    30.70 R    54.2     9.8    28.1 -9999.0 -9999.0 -9999.0 -99.000 -99.000 -99.000 -99.000 -99.000 -9999.0 -9999.0 -9999.0 -9999.0 -9999.0
04138 20090722  2.302 -112.54   41.62    35.1    12.8    24.0    25.5     0.0    30.71 R    58.5    13.0    31.0 -9999.0 -9999.0 -9999.0 -99.000 -99.000 -99.000 -99.000 -99.000 -9999.0 -9999.0 -9999.0 -9999.0 -9999.0
04138 20090723  2.302 -112.54   41.62    36.1    15.5    25.8    27.0     0.0    29.70 R    58.9    13.3    32.0 -9999.0 -9999.0 -9999.0 -99.000 -99.000 -99.000 -99.000 -99.000 -9999.0 -9999.0 -9999.0 -9999.0 -9999.0
04138 20090724  2.302 -112.54   41.62    31.8    19.4    25.6    26.0     0.0    22.40 R    55.0    18.5    30.2 -9999.0 -9999.0 -9999.0 -99.000 -99.000 -99.000 -99.000 -99.000 -9999.0 -9999.0 -9999.0 -9999.0 -9999.0
04138 20090725  2.302 -112.54   41.62    31.4    18.2    24.8    24.9     0.0    27.47 R    55.9    18.4    31.7 -9999.0 -9999.0 -9999.0 -99.000 -99.000 -99.000 -99.000 -99.000 -9999.0 -9999.0 -9999.0 -9999.0 -9999.0
04138 20090726  2.302 -112.54   41.62    34.1    15.8    24.9    25.5     0.0    29.39 R    58.0    14.6    32.1 -9999.0 -9999.0 -9999.0 -99.000 -99.000 -99.000 -99.000 -99.000 -9999.0 -9999.0 -9999.0 -9999.0 -9999.0
04138 20090727  2.302 -112.54   41.62    32.3    16.5    24.4    24.7     0.0    29.30 R    58.0    14.2    30.7 -9999.0 -9999.0 -9999.0 -99.000 -99.000 -99.000 -99.000 -99.000 -9999.0 -9999.0 -9999.0 -9999.0 -9999.0
04138 20090728  2.302 -112.54   41.62    30.2    15.8    23.0    22.8     0.0    23.23 R    54.5    13.3    27.8 -9999.0 -9999.0 -9999.0 -99.000 -99.000 -99.000 -99.000 -99.000 -9999.0 -9999.0 -9999.0 -9999.0 -9999.0
04138 20090729  2.302 -112.54   41.62    29.6    12.0    20.8    21.9     0.0    25.82 R    56.6    11.6    27.1 -9999.0 -9999.0 -9999.0 -99.000 -99.000 -99.000 -99.000 -99.000 -9999.0 -9999.0 -9999.0 -9999.0 -9999.0
04138 20090730  2.302 -112.54   41.62    30.2    11.9    21.0    21.8     0.0    24.56 R    54.4    10.8    26.3 -9999.0 -9999.0 -9999.0 -99.000 -99.000 -99.000 -99.000 -99.000 -9999.0 -9999.0 -9999.0 -9999.0 -9999.0
04138 20090731  2.302 -112.54   41.62    32.3    13.0    22.7    23.2     0.0    28.03 R    56.0    10.9    27.6 -9999.0 -9999.0 -9999.0 -99.000 -99.000 -99.000 -99.000 -99.000 -9999.0 -9999.0 -9999.0 -9999.0 -9999.0
04138 20090801  2.302 -112.54   41.62    31.9    13.2    22.5    23.1     0.0    29.63 R    56.5    10.7    28.7 -9999.0 -9999.0 -9999.0 -99.000 -99.000 -99.000 -99.000 -99.000 -9999.0 -9999.0 -9999.0 -9999.0 -9999.0
04138 20090802  2.302 -112.54   41.62    33.7    13.4    23.6    24.5     0.0    27.24 R    56.6    10.9    28.9 -9999.0 -9999.0 -9999.0 -99.000 -99.000 -99.000 -99.000 -99.000 -9999.0 -9999.0 -9999.0 -9999.0 -9999.0
04138 20090803  2.302 -112.54   41.62    33.9    15.0    24.4    25.5     0.0    29.87 R    57.0    13.9    30.4 -9999.0 -9999.0 -9999.0 -99.000 -99.000 -99.000 -99.000 -99.000 -9999.0 -9999.0 -9999.0 -9999.0 -9999.0
04138 20090804  2.302 -112.54   41.62    32.8    14.4    23.6    24.7     0.0    25.58 R    51.5    12.9    28.0 -9999.0 -9999.0 -9999.0 -99.000 -99.000 -99.000 -99.000 -99.000 -9999.0 -9999.0 -9999.0 -9999.0 -9999.0
04138 20090805  2.302 -112.54   41.62    34.0    15.0    24.5    25.7     0.5    26.88 R    57.7    12.6    30.1 -9999.0 -9999.0 -9999.0 -99.000 -99.000 -99.000 -99.000 -99.000 -9999.0 -9999.0 -9999.0 -9999.0 -9999.0
04138 20090806  2.302 -112.54   41.62    33.3    10.3    21.8    23.9     0.4    25.62 R    51.3     9.3    26.9 -9999.0 -9999.0 -9999.0 -99.000 -99.000 -99.000 -99.000 -99.000 -9999.0 -9999.0 -9999.0 -9999.0 -9999.0
04138 20090807  2.302 -112.54   41.62    22.9     5.5    14.2    15.2     0.0    27.90 R    50.5     5.9    22.6 -9999.0 -9999.0 -9999.0 -99.000 -99.000 -99.000 -99.000 -99.000 -9999.0 -9999.0 -9999.0 -9999.0 -9999.0
04138 20090808  2.302 -112.54   41.62    17.5     7.6    12.6    12.1     8.5    13.91 R    28.8     7.8    15.0 -9999.0 -9999.0 -9999.0 -99.000 -99.000 -99.000 -99.000 -99.000 -9999.0 -9999.0 -9999.0 -9999.0 -9999.0
04138 20090809  2.302 -112.54   41.62    22.2     6.1    14.2    14.3     0.0    24.78 R    39.4     5.2    17.4 -9999.0 -9999.0 -9999.0 -99.000 -99.000 -99.000 -99.000 -99.000 -9999.0 -9999.0 -9999.0 -9999.0 -9999.0
04138 20090810  2.302 -112.54   41.62    26.2     7.3    16.8    18.3     0.0    25.47 R    43.4     6.6    21.3 -9999.0 -9999.0 -9999.0 -99.000 -99.000 -99.000 -99.000 -99.000 -9999.0 -9999.0 -9999.0 -9999.0 -9999.0
04138 20090811  2.302 -112.54   41.62    30.7    10.1    20.4    21.7     0.0    28.30 R    50.8     8.3    25.3 -9999.0 -9999.0 -9999.0 -99.000 -99.000 -99.000 -99.000 -99.000 -9999.0 -9999.0 -9999.0 -9999.0 -9999.0
04138 20090812  2.302 -112.54   41.62    32.8    13.8    23.3    23.8     0.0    28.78 R    53.1    10.8    27.2 -9999.0 -9999.0 -9999.0 -99.000 -99.000 -99.000 -99.000 -99.000 -9999.0 -9999.0 -9999.0 -9999.0 -9999.0
04138 20090813  2.302 -112.54   41.62    32.6    15.3    24.0    24.9     0.0    27.26 R    54.1    12.8    28.9 -9999.0 -9999.0 -9999.0 -99.000 -99.000 -99.000 -99.000 -99.000 -9999.0 -9999.0 -9999.0 -9999.0 -9999.0
04138 20090814  2.302 -112.54   41.62    30.1    12.8    21.4    22.0     0.0    27.76 R    51.8    12.4    27.1 -9999.0 -9999.0 -9999.0 -99.000 -99.000 -99.000 -99.000 -99.000 -9999.0 -9999.0 -9999.0 -9999.0 -9999.0
04138 20090815  2.302 -112.54   41.62    21.2     7.7    14.5    14.9     1.9    23.27 R    39.3     5.7    19.1 -9999.0 -9999.0 -9999.0 -99.000 -99.000 -99.000 -99.000 -99.000 -9999.0 -9999.0 -9999.0 -9999.0 -9999.0
04138 20090816  2.302 -112.54   41.62    23.2     4.8    14.0    14.8     0.0    27.15 R    49.8     3.1    20.2 -9999.0 -9999.0 -9999.0 -99.000 -99.000 -99.000 -99.000 -99.000 -9999.0 -9999.0 -9999.0 -9999.0 -9999.0
04138 20090817  2.302 -112.54   41.62    25.7     6.9    16.3    17.0     0.0    26.11 R    50.1     4.6    21.6 -9999.0 -9999.0 -9999.0 -99.000 -99.000 -99.000 -99.000 -99.000 -9999.0 -9999.0 -9999.0 -9999.0 -9999.0
04138 20090818  2.302 -112.54   41.62    25.9     7.7    16.8    18.2     0.0    24.80 R    51.2     6.0    22.6 -9999.0 -9999.0 -9999.0 -99.000 -99.000 -99.000 -99.000 -99.000 -9999.0 -9999.0 -9999.0 -9999.0 -9999.0
04138 20090819  2.302 -112.54   41.62    28.6     7.3    18.0    19.2     0.0    27.42 R    51.8     6.2    24.4 -9999.0 -9999.0 -9999.0 -99.000 -99.000 -99.000 -99.000 -99.000 -9999.0 -9999.0 -9999.0 -9999.0 -9999.0
04138 20090820  2.302 -112.54   41.62    32.0    11.1    21.5    22.5     0.0    27.39 R    54.3     9.2    26.9 -9999.0 -9999.0 -9999.0 -99.000 -99.000 -99.000 -99.000 -99.000 -9999.0 -9999.0 -9999.0 -9999.0 -9999.0
04138 20090821  2.302 -112.54   41.62    34.9    13.6    24.2    24.7     0.0    27.12 R    54.0    10.3    27.7 -9999.0 -9999.0 -9999.0 -99.000 -99.000 -99.000 -99.000 -99.000 -9999.0 -9999.0 -9999.0 -9999.0 -9999.0
04138 20090822  2.302 -112.54   41.62    35.6    13.9    24.7    26.3     0.0    25.07 R    56.2    11.7    29.4 -9999.0 -9999.0 -9999.0 -99.000 -99.000 -99.000 -99.000 -99.000 -9999.0 -9999.0 -9999.0 -9999.0 -9999.0
04138 20090823  2.302 -112.54   41.62    27.2    14.3    20.8    19.1     5.5     7.42 R    28.5    14.1    19.4 -9999.0 -9999.0 -9999.0 -99.000 -99.000 -99.000 -99.000 -99.000 -9999.0 -9999.0 -9999.0 -9999.0 -9999.0
04138 20090824  2.302 -112.54   41.62    24.7    13.3    19.0    17.8     0.5    18.20 R    35.8    11.4    19.7 -9999.0 -9999.0 -9999.0 -99.000 -99.000 -99.000 -99.000 -99.000 -9999.0 -9999.0 -9999.0 -9999.0 -9999.0
04138 20090825  2.302 -112.54   41.62    26.1     9.7    17.9    18.4     0.0    19.79 R    42.6     8.9    20.9 -9999.0 -9999.0 -9999.0 -99.000 -99.000 -99.000 -99.000 -99.000 -9999.0 -9999.0 -9999.0 -9999.0 -9999.0
04138 20090826  2.302 -112.54   41.62    30.3    11.0    20.6    20.9     0.0    26.33 R    49.0     9.2    24.6 -9999.0 -9999.0 -9999.0 -99.000 -99.000 -99.000 -99.000 -99.000 -9999.0 -9999.0 -9999.0 -9999.0 -9999.0
04138 20090827  2.302 -112.54   41.62    32.0    13.5    22.7    23.3     0.0    26.37 R    52.1     9.6    26.2 -9999.0 -9999.0 -9999.0 -99.000 -99.000 -99.000 -99.000 -99.000 -9999.0 -9999.0 -9999.0 -9999.0 -9999.0
04138 20090828  2.302 -112.54   41.62    31.0    14.6    22.8    23.5     0.0    22.36 R    52.3    11.0    25.6 -9999.0 -9999.0 -9999.0 -99.000 -99.000 -99.000 -99.000 -99.000 -9999.0 -9999.0 -9999.0 -9999.0 -9999.0
04138 20090829  2.302 -112.54   41.62    31.1    13.4    22.3    22.3     0.0    16.20 R    46.8    10.9    23.3 -9999.0 -9999.0 -9999.0 -99.000 -99.000 -99.000 -99.000 -99.000 -9999.0 -9999.0 -9999.0 -9999.0 -9999.0
04138 20090830  2.302 -112.54   41.62    31.7    11.5    21.6    22.5     0.0    22.98 R    50.4    10.0    25.5 -9999.0 -9999.0 -9999.0 -99.000 -99.000 -99.000 -99.000 -99.000 -9999.0 -9999.0 -9999.0 -9999.0 -9999.0
04138 20090831  2.302 -112.54   41.62    28.5     9.9    19.2    20.0     0.0    23.78 R    50.4     9.6    24.0 -9999.0 -9999.0 -9999.0 -99.000 -99.000 -99.000 -99.000 -99.000 -9999.0 -9999.0 -9999.0 -9999.0 -9999.0
04138 20090901  2.302 -112.54   41.62    31.0    14.7    22.8    22.9     0.0    23.70 R    51.7    12.3    26.7 -9999.0 -9999.0 -9999.0 -99.000 -99.000 -99.000 -99.000 -99.000 -9999.0 -9999.0 -9999.0 -9999.0 -9999.0
04138 20090902  2.302 -112.54   41.62    31.7    13.6    22.7    23.6     0.0    24.43 R    51.1    10.5    26.2 -9999.0 -9999.0 -9999.0 -99.000 -99.000 -99.000 -99.000 -99.000 -9999.0 -9999.0 -9999.0 -9999.0 -9999.0
04138 20090903  2.302 -112.54   41.62    32.1    12.5    22.3    22.8     0.0    20.16 R    50.6    10.6    25.3 -9999.0 -9999.0 -9999.0 -99.000 -99.000 -99.000 -99.000 -99.000 -9999.0 -9999.0 -9999.0 -9999.0 -9999.0
04138 20090904  2.302 -112.54   41.62    32.2    12.2    22.2    22.6     0.0    23.95 R    52.5     9.8    26.6 -9999.0 -9999.0 -9999.0 -99.000 -99.000 -99.000 -99.000 -99.000 -9999.0 -9999.0 -9999.0 -9999.0 -9999.0
04138 20090905  2.302 -112.54   41.62    27.2    14.3    20.8    21.8     0.0    14.95 R    44.6    13.1    24.1 -9999.0 -9999.0 -9999.0 -99.000 -99.000 -99.000 -99.000 -99.000 -9999.0 -9999.0 -9999.0 -9999.0 -9999.0
04138 20090906  2.302 -112.54   41.62    29.8    12.0    20.9    22.3     0.0    23.01 R    49.1    11.5    26.3 -9999.0 -9999.0 -9999.0 -99.000 -99.000 -99.000 -99.000 -99.000 -9999.0 -9999.0 -9999.0 -9999.0 -9999.0
04138 20090907  2.302 -112.54   41.62    26.6    13.0    19.8    19.6     0.0    22.63 R    51.1    10.8    24.1 -9999.0 -9999.0 -9999.0 -99.000 -99.000 -99.000 -99.000 -99.000 -9999.0 -9999.0 -9999.0 -9999.0 -9999.0
04138 20090908  2.302 -112.54   41.62    24.5    10.5    17.5    17.1     0.0    24.65 R    47.2     6.6    21.2 -9999.0 -9999.0 -9999.0 -99.000 -99.000 -99.000 -99.000 -99.000 -9999.0 -9999.0 -9999.0 -9999.0 -9999.0
04138 20090909  2.302 -112.54   41.62    28.4     6.0    17.2    18.6     0.0    23.82 R    48.7     4.7    22.2 -9999.0 -9999.0 -9999.0 -99.000 -99.000 -99.000 -99.000 -99.000 -9999.0 -9999.0 -9999.0 -9999.0 -9999.0
04138 20090910  2.302 -112.54   41.62    30.3    11.0    20.7    20.9     0.0    20.86 R    49.2     7.6    23.2 -9999.0 -9999.0 -9999.0 -99.000 -99.000 -99.000 -99.000 -99.000 -9999.0 -9999.0 -9999.0 -9999.0 -9999.0
04138 20090911  2.302 -112.54   41.62    30.0    11.3    20.7    21.5     0.0    23.65 R    50.3     7.5    24.2 -9999.0 -9999.0 -9999.0 -99.000 -99.000 -99.000 -99.000 -99.000 -9999.0 -9999.0 -9999.0 -9999.0 -9999.0
04138 20090912  2.302 -112.54   41.62    28.4    12.7    20.5    20.5     0.0    23.37 R    49.9     8.5    23.6 -9999.0 -9999.0 -9999.0 -99.000 -99.000 -99.000 -99.000 -99.000 -9999.0 -9999.0 -9999.0 -9999.0 -9999.0
04138 20090913  2.302 -112.54   41.62    26.7     7.7    17.2    19.2     0.0    13.82 R    41.5     6.6    20.1 -9999.0 -9999.0 -9999.0 -99.000 -99.000 -99.000 -99.000 -99.000 -9999.0 -9999.0 -9999.0 -9999.0 -9999.0
04138 20090914  2.302 -112.54   41.62    24.7    10.1    17.4    16.6     7.3     6.33 R    38.0     9.9    16.8 -9999.0 -9999.0 -9999.0 -99.000 -99.000 -99.000 -99.000 -99.000 -9999.0 -9999.0 -9999.0 -9999.0 -9999.0
04138 20090915  2.302 -112.54   41.62    22.3     9.9    16.1    15.0     0.0    18.14 R    31.5     9.4    16.7 -9999.0 -9999.0 -9999.0 -99.000 -99.000 -99.000 -99.000 -99.000 -9999.0 -9999.0 -9999.0 -9999.0 -9999.0
04138 20090916  2.302 -112.54   41.62    25.7    11.5    18.6    18.4     0.0    22.37 R    39.6    10.6    20.4 -9999.0 -9999.0 -9999.0 -99.000 -99.000 -99.000 -99.000 -99.000 -9999.0 -9999.0 -9999.0 -9999.0 -9999.0
04138 20090917  2.302 -112.54   41.62    26.7    10.8    18.7    18.8     0.0    21.72 R    43.8     8.9    21.6 -9999.0 -9999.0 -9999.0 -99.000 -99.000 -99.000 -99.000 -99.000 -9999.0 -9999.0 -9999.0 -9999.0 -9999.0
04138 20090918  2.302 -112.54   41.62    27.8     9.8    18.8    19.5     0.0    21.87 R    43.9     8.9    22.3 -9999.0 -9999.0 -9999.0 -99.000 -99.000 -99.000 -99.000 -99.000 -9999.0 -9999.0 -9999.0 -9999.0 -9999.0
04138 20090919  2.302 -112.54   41.62    28.4    10.7    19.6    20.1     0.0    19.89 R    46.4     8.9    22.7 -9999.0 -9999.0 -9999.0 -99.000 -99.000 -99.000 -99.000 -99.000 -9999.0 -9999.0 -9999.0 -9999.0 -9999.0
04138 20090920  2.302 -112.54   41.62    24.3    10.4    17.3    17.8     0.2    21.58 R    42.5     8.1    20.6 -9999.0 -9999.0 -9999.0 -99.000 -99.000 -99.000 -99.000 -99.000 -9999.0 -9999.0 -9999.0 -9999.0 -9999.0
04138 20090921  2.302 -112.54   41.62    19.0     3.3    11.2    11.3     0.0    22.43 R    38.8     1.0    15.1 -9999.0 -9999.0 -9999.0 -99.000 -99.000 -99.000 -99.000 -99.000 -9999.0 -9999.0 -9999.0 -9999.0 -9999.0
04138 20090922  2.302 -112.54   41.62    22.1     4.9    13.5    13.4     0.0    21.61 R    41.3     1.3    16.5 -9999.0 -9999.0 -9999.0 -99.000 -99.000 -99.000 -99.000 -99.000 -9999.0 -9999.0 -9999.0 -9999.0 -9999.0
04138 20090923  2.302 -112.54   41.62    26.1     5.6    15.8    16.2     0.0    21.36 R    44.1     3.2    19.0 -9999.0 -9999.0 -9999.0 -99.000 -99.000 -99.000 -99.000 -99.000 -9999.0 -9999.0 -9999.0 -9999.0 -9999.0
04138 20090924  2.302 -112.54   41.62    26.6     7.2    16.9    17.1     0.0    21.25 R    44.8     5.5    19.9 -9999.0 -9999.0 -9999.0 -99.000 -99.000 -99.000 -99.000 -99.000 -9999.0 -9999.0 -9999.0 -9999.0 -9999.0
04138 20090925  2.302 -112.54   41.62    27.0     7.7    17.4    17.5     0.0    20.14 R    44.5     5.1    19.6 -9999.0 -9999.0 -9999.0 -99.000 -99.000 -99.000 -99.000 -99.000 -9999.0 -9999.0 -9999.0 -9999.0 -9999.0
04138 20090926  2.302 -112.54   41.62    27.9     6.2    17.0    17.9     0.0    20.33 R    44.1     4.9    19.5 -9999.0 -9999.0 -9999.0 -99.000 -99.000 -99.000 -99.000 -99.000 -9999.0 -9999.0 -9999.0 -9999.0 -9999.0
04138 20090927  2.302 -112.54   41.62    26.2     8.9    17.5    18.0     0.0    20.73 R    44.7     5.9    19.5 -9999.0 -9999.0 -9999.0 -99.000 -99.000 -99.000 -99.000 -99.000 -9999.0 -9999.0 -9999.0 -9999.0 -9999.0
04138 20090928  2.302 -112.54   41.62    27.0     6.7    16.8    17.9     0.0    20.08 R    44.5     3.3    18.6 -9999.0 -9999.0 -9999.0 -99.000 -99.000 -99.000 -99.000 -99.000 -9999.0 -9999.0 -9999.0 -9999.0 -9999.0
04138 20090929  2.302 -112.54   41.62    27.0     9.7    18.3    21.1     0.0    15.76 R    43.4     9.2    22.2 -9999.0 -9999.0 -9999.0 -99.000 -99.000 -99.000 -99.000 -99.000 -9999.0 -9999.0 -9999.0 -9999.0 -9999.0
04138 20090930  2.302 -112.54   41.62     9.6     0.0     4.8     4.5     6.0     5.81 R    16.9    -1.2     5.8 -9999.0 -9999.0 -9999.0 -99.000 -99.000 -99.000 -99.000 -99.000 -9999.0 -9999.0 -9999.0 -9999.0 -9999.0
04138 20091001  2.302 -112.54   41.62     9.0    -3.9     2.5     3.0     0.0    18.80 R    20.8    -2.8     5.2 -9999.0 -9999.0 -9999.0 -99.000 -99.000 -99.000 -99.000 -99.000 -9999.0 -9999.0 -9999.0 -9999.0 -9999.0
04138 20091002  2.302 -112.54   41.62    12.4    -3.8     4.3     4.7     0.0    18.79 R    26.1    -4.0     6.7 -9999.0 -9999.0 -9999.0 -99.000 -99.000 -99.000 -99.000 -99.000 -9999.0 -9999.0 -9999.0 -9999.0 -9999.0
04138 20091003  2.302 -112.54   41.62    15.4     2.4     8.9     9.9     0.0    12.34 R    29.4     0.6    10.5 -9999.0 -9999.0 -9999.0 -99.000 -99.000 -99.000 -99.000 -99.000 -9999.0 -9999.0 -9999.0 -9999.0 -9999.0
04138 20091004  2.302 -112.54   41.62    14.1    -0.5     6.8     6.8    11.7     7.33 R    14.7    -0.2     7.5 -9999.0 -9999.0 -9999.0 -99.000 -99.000 -99.000 -99.000 -99.000 -9999.0 -9999.0 -9999.0 -9999.0 -9999.0
04138 20091005  2.302 -112.54   41.62     8.8    -3.3     2.7     2.1     0.0    15.63 R    18.4    -1.9     4.5 -9999.0 -9999.0 -9999.0 -99.000 -99.000 -99.000 -99.000 -99.000 -9999.0 -9999.0 -9999.0 -9999.0 -9999.0
04138 20091006  2.302 -112.54   41.62    10.0    -3.5     3.2     3.0     0.0    16.29 R    20.6    -2.7     4.5 -9999.0 -9999.0 -9999.0 -99.000 -99.000 -99.000 -99.000 -99.000 -9999.0 -9999.0 -9999.0 -9999.0 -9999.0
04138 20091007  2.302 -112.54   41.62    12.6    -5.1     3.7     4.5     0.0    18.85 R    23.2    -3.7     6.0 -9999.0 -9999.0 -9999.0 -99.000 -99.000 -99.000 -99.000 -99.000 -9999.0 -9999.0 -9999.0 -9999.0 -9999.0
04138 20091008  2.302 -112.54   41.62    12.3    -1.6     5.3     5.6     0.0    12.79 R    24.4    -2.2     6.1 -9999.0 -9999.0 -9999.0 -99.000 -99.000 -99.000 -99.000 -99.000 -9999.0 -9999.0 -9999.0 -9999.0 -9999.0
04138 20091009  2.302 -112.54   41.62    14.4    -0.8     6.8     7.2     0.0    16.79 R    26.6    -2.8     7.4 -9999.0 -9999.0 -9999.0 -99.000 -99.000 -99.000 -99.000 -99.000 -9999.0 -9999.0 -9999.0 -9999.0 -9999.0
04138 20091010  2.302 -112.54   41.62     9.9    -2.9     3.5     4.9     0.0    17.21 R    24.4    -4.0     7.8 -9999.0 -9999.0 -9999.0 -99.000 -99.000 -99.000 -99.000 -99.000 -9999.0 -9999.0 -9999.0 -9999.0 -9999.0
04138 20091011  2.302 -112.54   41.62    11.5    -0.4     5.6     5.7     0.7     9.09 R    21.5     0.0     7.2 -9999.0 -9999.0 -9999.0 -99.000 -99.000 -99.000 -99.000 -99.000 -9999.0 -9999.0 -9999.0 -9999.0 -9999.0
04138 20091012  2.302 -112.54   41.62    17.4    -1.6     7.9     9.5     0.0    15.10 R    28.3    -2.4    10.1 -9999.0 -9999.0 -9999.0 -99.000 -99.000 -99.000 -99.000 -99.000 -9999.0 -9999.0 -9999.0 -9999.0 -9999.0
04138 20091013  2.302 -112.54   41.62    17.0     6.0    11.5    12.1     6.0    13.02 R    26.7     5.0    12.2 -9999.0 -9999.0 -9999.0 -99.000 -99.000 -99.000 -99.000 -99.000 -9999.0 -9999.0 -9999.0 -9999.0 -9999.0
04138 20091014  2.302 -112.54   41.62    16.4     4.4    10.4    10.6     1.9    15.15 R    21.4     3.6    10.7 -9999.0 -9999.0 -9999.0 -99.000 -99.000 -99.000 -99.000 -99.000 -9999.0 -9999.0 -9999.0 -9999.0 -9999.0
04138 20091015  2.302 -112.54   41.62 -9999.0 -9999.0 -9999.0 -9999.0 -9999.0 -9999.00 U -9999.0 -9999.0 -9999.0 -9999.0 -9999.0 -9999.0 -99.000 -99.000 -99.000 -99.000 -99.000 -9999.0 -9999.0 -9999.0 -9999.0 -9999.0
04138 20091016  2.302 -112.54   41.62    17.6     2.1     9.8     9.9     0.0    15.65 R    27.6     0.4    10.1 -9999.0 -9999.0 -9999.0 -99.000 -99.000 -99.000 -99.000 -99.000 -9999.0 -9999.0 -9999.0 -9999.0 -9999.0
04138 20091017  2.302 -112.54   41.62    19.7     3.1    11.4    10.6     0.0    15.59 R    28.1     0.6    10.6 -9999.0 -9999.0 -9999.0 -99.000 -99.000 -99.000 -99.000 -99.000 -9999.0 -9999.0 -9999.0 -9999.0 -9999.0
04138 20091018  2.302 -112.54   41.62    23.0     4.6    13.8    13.7     0.0    13.40 R    30.9     3.2    13.0 -9999.0 -9999.0 -9999.0 -99.000 -99.000 -99.000 -99.000 -99.000 -9999.0 -9999.0 -9999.0 -9999.0 -9999.0
04138 20091019  2.302 -112.54   41.62    18.8     5.9    12.4    11.4     1.3    10.16 R    29.0     5.1    11.7 -9999.0 -9999.0 -9999.0 -99.000 -99.000 -99.000 -99.000 -99.000 -9999.0 -9999.0 -9999.0 -9999.0 -9999.0
04138 20091020  2.302 -112.54   41.62    12.3     1.9     7.1     7.7     0.0    11.27 R    20.3     0.1     7.9 -9999.0 -9999.0 -9999.0 -99.000 -99.000 -99.000 -99.000 -99.000 -9999.0 -9999.0 -9999.0 -9999.0 -9999.0
04138 20091021  2.302 -112.54   41.62    12.9     0.8     6.8     7.3     0.0    12.82 R    25.6    -1.5     7.9 -9999.0 -9999.0 -9999.0 -99.000 -99.000 -99.000 -99.000 -99.000 -9999.0 -9999.0 -9999.0 -9999.0 -9999.0
04138 20091022  2.302 -112.54   41.62    15.2     2.3     8.8     8.6     0.0    12.24 R    26.4     1.3     9.9 -9999.0 -9999.0 -9999.0 -99.000 -99.000 -99.000 -99.000 -99.000 -9999.0 -9999.0 -9999.0 -9999.0 -9999.0
04138 20091023  2.302 -112.54   41.62    13.7     1.7     7.7     8.6     3.6    10.38 R    25.6     0.4    10.3 -9999.0 -9999.0 -9999.0 -99.000 -99.000 -99.000 -99.000 -99.000 -9999.0 -9999.0 -9999.0 -9999.0 -9999.0
04138 20091024  2.302 -112.54   41.62    11.5     2.4     6.9     7.2     0.0     5.31 R    12.6     0.4     6.3 -9999.0 -9999.0 -9999.0 -99.000 -99.000 -99.000 -99.000 -99.000 -9999.0 -9999.0 -9999.0 -9999.0 -9999.0
04138 20091025  2.302 -112.54   41.62     8.7    -3.7     2.5     2.6     0.0    14.41 R    17.6    -3.9     3.2 -9999.0 -9999.0 -9999.0 -99.000 -99.000 -99.000 -99.000 -99.000 -9999.0 -9999.0 -9999.0 -9999.0 -9999.0
04138 20091026  2.302 -112.54   41.62    10.5    -4.2     3.1     3.7     0.0    12.06 R    19.0    -4.4     4.5 -9999.0 -9999.0 -9999.0 -99.000 -99.000 -99.000 -99.000 -99.000 -9999.0 -9999.0 -9999.0 -9999.0 -9999.0
04138 20091027  2.302 -112.54   41.62     5.1    -2.8     1.2     1.0     0.2     7.94 R    13.5    -4.3     1.7 -9999.0 -9999.0 -9999.0 -99.000 -99.000 -99.000 -99.000 -99.000 -9999.0 -9999.0 -9999.0 -9999.0 -9999.0
04138 20091028  2.302 -112.54   41.62     5.6    -3.7     0.9     0.4     0.0     8.05 R    11.7    -5.4    -0.5 -9999.0 -9999.0 -9999.0 -99.000 -99.000 -99.000 -99.000 -99.000 -9999.0 -9999.0 -9999.0 -9999.0 -9999.0
04138 20091029  2.302 -112.54   41.62     3.7    -5.7    -1.0    -0.5     0.0    12.86 R    15.5    -7.9     1.3 -9999.0 -9999.0 -9999.0 -99.000 -99.000 -99.000 -99.000 -99.000 -9999.0 -9999.0 -9999.0 -9999.0 -9999.0
04138 20091030  2.302 -112.54   41.62     3.7    -1.8     0.9     0.6     0.2     1.91 R     6.5    -2.9     1.4 -9999.0 -9999.0 -9999.0 -99.000 -99.000 -99.000 -99.000 -99.000 -9999.0 -9999.0 -9999.0 -9999.0 -9999.0
04138 20091031  2.302 -112.54   41.62    12.6    -3.9     4.3     3.8     0.0    12.74 R    21.3    -4.7     4.3 -9999.0 -9999.0 -9999.0 -99.000 -99.000 -99.000 -99.000 -99.000 -9999.0 -9999.0 -9999.0 -9999.0 -9999.0
04138 20091101  2.302 -112.54   41.62    14.5    -2.1     6.2     6.3     0.0    12.30 R    24.0    -3.0     6.3 -9999.0 -9999.0 -9999.0 -99.000 -99.000 -99.000 -99.000 -99.000 -9999.0 -9999.0 -9999.0 -9999.0 -9999.0
04138 20091102  2.302 -112.54   41.62    13.7    -1.4     6.1     6.2     0.0    12.86 R    23.4    -3.7     5.8 -9999.0 -9999.0 -9999.0 -99.000 -99.000 -99.000 -99.000 -99.000 -9999.0 -9999.0 -9999.0 -9999.0 -9999.0
04138 20091103  2.302 -112.54   41.62    15.6    -1.1     7.3     6.6     0.0    12.54 R    25.0    -4.1     5.9 -9999.0 -9999.0 -9999.0 -99.000 -99.000 -99.000 -99.000 -99.000 -9999.0 -9999.0 -9999.0 -9999.0 -9999.0
04138 20091104  2.302 -112.54   41.62    17.6    -0.9     8.3     7.1     0.0    12.40 R    25.6    -3.5     6.1 -9999.0 -9999.0 -9999.0 -99.000 -99.000 -99.000 -99.000 -99.000 -9999.0 -9999.0 -9999.0 -9999.0 -9999.0
04138 20091105  2.302 -112.54   41.62    19.5    -0.8     9.3    11.0     0.0    10.73 R    26.6    -3.7     8.4 -9999.0 -9999.0 -9999.0 -99.000 -99.000 -99.000 -99.000 -99.000 -9999.0 -9999.0 -9999.0 -9999.0 -9999.0
04138 20091106  2.302 -112.54   41.62    16.0     3.5     9.8    10.7     0.0    11.59 R    24.3    -0.9     8.9 -9999.0 -9999.0 -9999.0 -99.000 -99.000 -99.000 -99.000 -99.000 -9999.0 -9999.0 -9999.0 -9999.0 -9999.0
04138 20091107  2.302 -112.54   41.62    13.4     2.0     7.7     6.7     0.0    10.77 R    24.0    -1.4     7.2 -9999.0 -9999.0 -9999.0 -99.000 -99.000 -99.000 -99.000 -99.000 -9999.0 -9999.0 -9999.0 -9999.0 -9999.0
04138 20091108  2.302 -112.54   41.62    10.0    -4.7     2.6     2.6     0.0    11.90 R    21.3    -6.8     2.8 -9999.0 -9999.0 -9999.0 -99.000 -99.000 -99.000 -99.000 -99.000 -9999.0 -9999.0 -9999.0 -9999.0 -9999.0
04138 20091109  2.302 -112.54   41.62    11.4    -6.6     2.4     2.4     0.0    11.28 R    21.9    -7.5     2.3 -9999.0 -9999.0 -9999.0 -99.000 -99.000 -99.000 -99.000 -99.000 -9999.0 -9999.0 -9999.0 -9999.0 -9999.0
04138 20091110  2.302 -112.54   41.62    12.8     0.6     6.7     6.4     0.0     7.04 R    18.9    -0.7     5.6 -9999.0 -9999.0 -9999.0 -99.000 -99.000 -99.000 -99.000 -99.000 -9999.0 -9999.0 -9999.0 -9999.0 -9999.0
04138 20091111  2.302 -112.54   41.62    14.2     2.3     8.2     8.3     0.0     5.87 R    18.6     0.8     7.5 -9999.0 -9999.0 -9999.0 -99.000 -99.000 -99.000 -99.000 -99.000 -9999.0 -9999.0 -9999.0 -9999.0 -9999.0
04138 20091112  2.302 -112.54   41.62    12.3    -7.0     2.7     4.0     0.0     1.97 R     8.3    -9.0     2.9 -9999.0 -9999.0 -9999.0 -99.000 -99.000 -99.000 -99.000 -99.000 -9999.0 -9999.0 -9999.0 -9999.0 -9999.0
04138 20091113  2.302 -112.54   41.62     4.0    -9.7    -2.8    -3.2     0.0     8.95 R    16.3   -10.8    -3.1 -9999.0 -9999.0 -9999.0 -99.000 -99.000 -99.000 -99.000 -99.000 -9999.0 -9999.0 -9999.0 -9999.0 -9999.0
04138 20091114  2.302 -112.54   41.62    -0.8    -7.9    -4.3    -3.8     3.0     5.73 R    -0.8   -12.3    -5.4 -9999.0 -9999.0 -9999.0 -99.000 -99.000 -99.000 -99.000 -99.000 -9999.0 -9999.0 -9999.0 -9999.0 -9999.0
04138 20091115  2.302 -112.54   41.62    -0.6   -12.3    -6.5    -5.9     0.0    11.11 R     3.5   -15.9    -7.3 -9999.0 -9999.0 -9999.0 -99.000 -99.000 -99.000 -99.000 -99.000 -9999.0 -9999.0 -9999.0 -9999.0 -9999.0
04138 20091116  2.302 -112.54   41.62     2.7   -13.1    -5.2    -4.9     0.0    10.60 R     8.9   -12.6    -4.6 -9999.0 -9999.0 -9999.0 -99.000 -99.000 -99.000 -99.000 -99.000 -9999.0 -9999.0 -9999.0 -9999.0 -9999.0
04138 20091117  2.302 -112.54   41.62     6.9    -8.4    -0.8    -1.6     0.0    10.74 R    12.7    -9.8    -2.1 -9999.0 -9999.0 -9999.0 -99.000 -99.000 -99.000 -99.000 -99.000 -9999.0 -9999.0 -9999.0 -9999.0 -9999.0
04138 20091118  2.302 -112.54   41.62    10.3    -7.3     1.5     1.8     0.0     9.50 R    14.8    -7.8     0.1 -9999.0 -9999.0 -9999.0 -99.000 -99.000 -99.000 -99.000 -99.000 -9999.0 -9999.0 -9999.0 -9999.0 -9999.0
04138 20091119  2.302 -112.54   41.62     6.2    -8.7    -1.3    -0.6     0.0    10.49 R    12.6    -9.0    -1.4 -9999.0 -9999.0 -9999.0 -99.000 -99.000 -99.000 -99.000 -99.000 -9999.0 -9999.0 -9999.0 -9999.0 -9999.0
04138 20091120  2.302 -112.54   41.62    12.2    -8.4     1.9     2.2     0.0     7.08 R     8.8    -9.4     0.0 -9999.0 -9999.0 -9999.0 -99.000 -99.000 -99.000 -99.000 -99.000 -9999.0 -9999.0 -9999.0 -9999.0 -9999.0
04138 20091121  2.302 -112.54   41.62     5.4    -9.6    -2.1     0.0     0.0     5.58 R    14.0    -9.4    -0.4 -9999.0 -9999.0 -9999.0 -99.000 -99.000 -99.000 -99.000 -99.000 -9999.0 -9999.0 -9999.0 -9999.0 -9999.0
04138 20091122  2.302 -112.54   41.62     1.4    -9.7    -4.1    -3.5     1.3     3.48 R     6.4   -10.6    -4.3 -9999.0 -9999.0 -9999.0 -99.000 -99.000 -99.000 -99.000 -99.000 -9999.0 -9999.0 -9999.0 -9999.0 -9999.0
04138 20091123  2.302 -112.54   41.62     2.2   -11.4    -4.6    -4.4     0.0     9.84 R     7.0   -13.6    -5.5 -9999.0 -9999.0 -9999.0 -99.000 -99.000 -99.000 -99.000 -99.000 -9999.0 -9999.0 -9999.0 -9999.0 -9999.0
04138 20091124  2.302 -112.54   41.62     2.8   -11.3    -4.3    -4.2     0.0     9.75 R     9.1   -11.0    -4.1 -9999.0 -9999.0 -9999.0 -99.000 -99.000 -99.000 -99.000 -99.000 -9999.0 -9999.0 -9999.0 -9999.0 -9999.0
04138 20091125  2.302 -112.54   41.62     5.9    -9.1    -1.6    -2.8     0.0     9.76 R    11.7    -9.8    -2.9 -9999.0 -9999.0 -9999.0 -99.000 -99.000 -99.000 -99.000 -99.000 -9999.0 -9999.0 -9999.0 -9999.0 -9999.0
04138 20091126  2.302 -112.54   41.62     6.0    -8.3    -1.1    -2.2     0.0     9.76 R    12.3    -9.9    -2.7 -9999.0 -9999.0 -9999.0 -99.000 -99.000 -99.000 -99.000 -99.000 -9999.0 -9999.0 -9999.0 -9999.0 -9999.0
04138 20091127  2.302 -112.54   41.62     7.0    -8.8    -0.9     0.1     0.0     5.66 R     9.3    -9.5    -2.0 -9999.0 -9999.0 -9999.0 -99.000 -99.000 -99.000 -99.000 -99.000 -9999.0 -9999.0 -9999.0 -9999.0 -9999.0
04138 20091128  2.302 -112.54   41.62     8.4    -3.3     2.5     3.1     0.0     8.54 R    13.4    -6.9     1.4 -9999.0 -9999.0 -9999.0 -99.000 -99.000 -99.000 -99.000 -99.000 -9999.0 -9999.0 -9999.0 -9999.0 -9999.0
04138 20091129  2.302 -112.54   41.62     7.2    -6.6     0.3     1.1     0.0     9.37 R    13.6    -7.3    -0.7 -9999.0 -9999.0 -9999.0 -99.000 -99.000 -99.000 -99.000 -99.000 -9999.0 -9999.0 -9999.0 -9999.0 -9999.0
04138 20091130  2.302 -112.54   41.62     5.1    -8.2    -1.6    -2.3     0.0     9.29 R    12.4    -9.9    -2.7 -9999.0 -9999.0 -9999.0 -99.000 -99.000 -99.000 -99.000 -99.000 -9999.0 -9999.0 -9999.0 -9999.0 -9999.0
04138 20091201  2.302 -112.54   41.62     4.8    -8.2    -1.7    -1.8     0.0     9.24 R    11.3    -9.4    -2.1 -9999.0 -9999.0 -9999.0 -99.000 -99.000 -99.000 -99.000 -99.000 -9999.0 -9999.0 -9999.0 -9999.0 -9999.0
04138 20091202  2.302 -112.54   41.62     1.4    -9.2    -3.9    -4.0     0.0     9.64 R     8.4   -11.5    -5.1 -9999.0 -9999.0 -9999.0 -99.000 -99.000 -99.000 -99.000 -99.000 -9999.0 -9999.0 -9999.0 -9999.0 -9999.0
04138 20091203  2.302 -112.54   41.62    -1.6   -15.1    -8.4    -8.6     0.0     9.45 R     6.8   -16.4    -9.1 -9999.0 -9999.0 -9999.0 -99.000 -99.000 -99.000 -99.000 -99.000 -9999.0 -9999.0 -9999.0 -9999.0 -9999.0
04138 20091204  2.302 -112.54   41.62    -1.3   -16.6    -9.0    -9.6     0.0     8.91 R     5.9   -17.1    -9.5 -9999.0 -9999.0 -9999.0 -99.000 -99.000 -99.000 -99.000 -99.000 -9999.0 -9999.0 -9999.0 -9999.0 -9999.0
04138 20091205  2.302 -112.54   41.62    -3.4   -14.0    -8.7    -7.6     0.0     4.45 R     4.4   -15.8    -8.2 -9999.0 -9999.0 -9999.0 -99.000 -99.000 -99.000 -99.000 -99.000 -9999.0 -9999.0 -9999.0 -9999.0 -9999.0
04138 20091206  2.302 -112.54   41.62    -7.0   -13.3   -10.2   -10.5     0.2     7.33 R     3.2   -15.5    -9.9 -9999.0 -9999.0 -9999.0 -99.000 -99.000 -99.000 -99.000 -99.000 -9999.0 -9999.0 -9999.0 -9999.0 -9999.0
04138 20091207  2.302 -112.54   41.62    -7.0   -14.4   -10.7    -9.7     2.7     4.04 R    -5.2   -17.1    -9.5 -9999.0 -9999.0 -9999.0 -99.000 -99.000 -99.000 -99.000 -99.000 -9999.0 -9999.0 -9999.0 -9999.0 -9999.0
04138 20091208  2.302 -112.54   41.62    -9.2   -20.0   -14.6   -13.2     1.2     6.67 R    -7.6   -25.7   -15.3 -9999.0 -9999.0 -9999.0 -99.000 -99.000 -99.000 -99.000 -99.000 -9999.0 -9999.0 -9999.0 -9999.0 -9999.0
04138 20091209  2.302 -112.54   41.62    -9.3   -23.6   -16.5   -15.2     0.0     5.79 R    -7.9   -26.3   -18.8 -9999.0 -9999.0 -9999.0 -99.000 -99.000 -99.000 -99.000 -99.000 -9999.0 -9999.0 -9999.0 -9999.0 -9999.0
04138 20091210  2.302 -112.54   41.62    -6.4   -21.3   -13.8   -14.6     0.0     8.51 R    -4.4   -25.1   -18.2 -9999.0 -9999.0 -9999.0 -99.000 -99.000 -99.000 -99.000 -99.000 -9999.0 -9999.0 -9999.0 -9999.0 -9999.0
04138 20091211  2.302 -112.54   41.62    -5.3   -19.7   -12.5   -11.9     0.7     7.12 R    -2.3   -23.7   -13.8 -9999.0 -9999.0 -9999.0 -99.000 -99.000 -99.000 -99.000 -99.000 -9999.0 -9999.0 -9999.0 -9999.0 -9999.0
04138 20091212  2.302 -112.54   41.62    -0.4   -10.5    -5.4    -5.4     9.1     2.06 R    -1.3   -13.8    -5.2 -9999.0 -9999.0 -9999.0 -99.000 -99.000 -99.000 -99.000 -99.000 -9999.0 -9999.0 -9999.0 -9999.0 -9999.0
04138 20091213  2.302 -112.54   41.62     0.6    -2.4    -0.9    -0.8     4.9     1.13 R     0.4    -5.5    -1.3 -9999.0 -9999.0 -9999.0 -99.000 -99.000 -99.000 -99.000 -99.000 -9999.0 -9999.0 -9999.0 -9999.0 -9999.0
04138 20091214  2.302 -112.54   41.62     1.3   -12.0    -5.4    -2.8     0.0     8.93 R    -0.3   -18.0    -7.1 -9999.0 -9999.0 -9999.0 -99.000 -99.000 -99.000 -99.000 -99.000 -9999.0 -9999.0 -9999.0 -9999.0 -9999.0
04138 20091215  2.302 -112.54   41.62     0.0   -13.1    -6.6    -5.1     2.5     5.53 R     1.0   -17.9    -7.4 -9999.0 -9999.0 -9999.0 -99.000 -99.000 -99.000 -99.000 -99.000 -9999.0 -9999.0 -9999.0 -9999.0 -9999.0
04138 20091216  2.302 -112.54   41.62     3.4    -1.9     0.8     0.2     1.1     5.42 R     1.7    -2.2    -0.4 -9999.0 -9999.0 -9999.0 -99.000 -99.000 -99.000 -99.000 -99.000 -9999.0 -9999.0 -9999.0 -9999.0 -9999.0
04138 20091217  2.302 -112.54   41.62     3.9    -8.5    -2.3    -1.6     0.0     8.30 R     2.2   -11.7    -4.4 -9999.0 -9999.0 -9999.0 -99.000 -99.000 -99.000 -99.000 -99.000 -9999.0 -9999.0 -9999.0 -9999.0 -9999.0
04138 20091218  2.302 -112.54   41.62     2.3   -10.0    -3.9    -3.5     0.0     5.61 R     1.4   -14.2    -6.2 -9999.0 -9999.0 -9999.0 -99.000 -99.000 -99.000 -99.000 -99.000 -9999.0 -9999.0 -9999.0 -9999.0 -9999.0
04138 20091219  2.302 -112.54   41.62    -2.9   -11.7    -7.3    -5.6     0.0     3.78 R    -0.7   -14.0    -6.4 -9999.0 -9999.0 -9999.0 -99.000 -99.000 -99.000 -99.000 -99.000 -9999.0 -9999.0 -9999.0 -9999.0 -9999.0
04138 20091220  2.302 -112.54   41.62    -2.9   -11.7    -7.3    -6.9     0.0     6.13 R     0.2   -13.9    -8.2 -9999.0 -9999.0 -9999.0 -99.000 -99.000 -99.000 -99.000 -99.000 -9999.0 -9999.0 -9999.0 -9999.0 -9999.0
04138 20091221  2.302 -112.54   41.62    -3.3   -10.9    -7.1    -7.5     0.0     6.06 R    -1.1   -12.4    -8.0 -9999.0 -9999.0 -9999.0 -99.000 -99.000 -99.000 -99.000 -99.000 -9999.0 -9999.0 -9999.0 -9999.0 -9999.0
04138 20091222  2.302 -112.54   41.62     0.0   -10.3    -5.1    -4.4     2.3     2.83 R    -0.2   -11.7    -5.1 -9999.0 -9999.0 -9999.0 -99.000 -99.000 -99.000 -99.000 -99.000 -9999.0 -9999.0 -9999.0 -9999.0 -9999.0
04138 20091223  2.302 -112.54   41.62    -1.4   -11.3    -6.4    -5.1     0.0     7.80 R    -0.3   -17.7    -8.9 -9999.0 -9999.0 -9999.0 -99.000 -99.000 -99.000 -99.000 -99.000 -9999.0 -9999.0 -9999.0 -9999.0 -9999.0
04138 20091224  2.302 -112.54   41.62    -5.2   -15.9   -10.6   -10.6     0.0     7.46 R    -3.2   -22.0   -15.0 -9999.0 -9999.0 -9999.0 -99.000 -99.000 -99.000 -99.000 -99.000 -9999.0 -9999.0 -9999.0 -9999.0 -9999.0
04138 20091225  2.302 -112.54   41.62    -4.9   -16.5   -10.7   -11.2     0.0     6.29 R    -3.6   -20.7   -14.1 -9999.0 -9999.0 -9999.0 -99.000 -99.000 -99.000 -99.000 -99.000 -9999.0 -9999.0 -9999.0 -9999.0 -9999.0
04138 20091226  2.302 -112.54   41.62    -8.9   -17.8   -13.3   -12.1     0.0     4.18 R    -5.5   -22.3   -12.9 -9999.0 -9999.0 -9999.0 -99.000 -99.000 -99.000 -99.000 -99.000 -9999.0 -9999.0 -9999.0 -9999.0 -9999.0
04138 20091227  2.302 -112.54   41.62    -8.3   -13.2   -10.8   -10.6     0.0     4.77 R    -4.8   -14.3   -10.8 -9999.0 -9999.0 -9999.0 -99.000 -99.000 -99.000 -99.000 -99.000 -9999.0 -9999.0 -9999.0 -9999.0 -9999.0
04138 20091228  2.302 -112.54   41.62    -9.0   -18.3   -13.7   -13.0     0.2     7.33 R    -7.0   -21.8   -14.5 -9999.0 -9999.0 -9999.0 -99.000 -99.000 -99.000 -99.000 -99.000 -9999.0 -9999.0 -9999.0 -9999.0 -9999.0
04138 20091229  2.302 -112.54   41.62    -7.9   -13.2   -10.5   -10.2     0.0     5.10 R    -4.5   -13.3    -9.4 -9999.0 -9999.0 -9999.0 -99.000 -99.000 -99.000 -99.000 -99.000 -9999.0 -9999.0 -9999.0 -9999.0 -9999.0
04138 20091230  2.302 -112.54   41.62    -4.9   -11.7    -8.3    -7.5     4.7     2.59 R    -1.8   -17.5    -7.9 -9999.0 -9999.0 -9999.0 -99.000 -99.000 -99.000 -99.000 -99.000 -9999.0 -9999.0 -9999.0 -9999.0 -9999.0
04138 20091231  2.302 -112.54   41.62    -2.2   -13.1    -7.7    -5.9     1.2     6.87 R    -1.5   -18.3    -6.7 -9999.0 -9999.0 -9999.0 -99.000 -99.000 -99.000 -99.000 -99.000 -9999.0 -9999.0 -9999.0 -9999.0 -9999.0
