63856 20090101  1.302  -81.46   30.81    13.9     8.1    11.0    11.4     0.0    11.23 R    25.9     4.8    11.6 -9999.0 -9999.0 -9999.0 -99.000 -99.000 -99.000 -99.000 -99.000 -9999.0 -9999.0 -9999.0 -9999.0 -9999.0
63856 20090102  1.302  -81.46   30.81    23.2    11.1    17.2    15.9     0.0     8.94 R    32.9     8.5    15.9 -9999.0 -9999.0 -9999.0 -99.000 -99.000 -99.000 -99.000 -99.000 -9999.0 -9999.0 -9999.0 -9999.0 -9999.0
63856 20090103  1.302  -81.46   30.81    18.6    12.0    15.3    14.8     0.0     7.91 R    27.3    10.0    16.1 -9999.0 -9999.0 -9999.0 -99.000 -99.000 -99.000 -99.000 -99.000 -9999.0 -9999.0 -9999.0 -9999.0 -9999.0
63856 20090104  1.302  -81.46   30.81    23.8    12.8    18.3    16.6     0.0     9.17 R    33.9    11.9    17.3 -9999.0 -9999.0 -9999.0 -99.000 -99.000 -99.000 -99.000 -99.000 -9999.0 -9999.0 -9999.0 -9999.0 -9999.0
63856 20090105  1.302  -81.46   30.81    23.5    11.7    17.6    16.9     0.0    12.64 R    32.6    10.5    17.8 -9999.0 -9999.0 -9999.0 -99.000 -99.000 -99.000 -99.000 -99.000 -9999.0 -9999.0 -9999.0 -9999.0 -9999.0
63856 20090106  1.302  -81.46   30.81    22.3    15.5    18.9    17.3     0.0     7.74 R    33.8    13.7    18.2 -9999.0 -9999.0 -9999.0 -99.000 -99.000 -99.000 -99.000 -99.000 -9999.0 -9999.0 -9999.0 -9999.0 -9999.0
63856 20090107  1.302  -81.46   30.81 -9999.0 -9999.0 -9999.0 -9999.0 -9999.0 -9999.00 U -9999.0 -9999.0 -9999.0 -9999.0 -9999.0 -9999.0 -99.000 -99.000 -99.000 -99.000 -99.000 -9999.0 -9999.0 -9999.0 -9999.0 -9999.0
63856 20090108  1.302  -81.46   30.81    21.3     3.4    12.4    13.1     0.0    13.88 R    29.9     0.5    11.6 -9999.0 -9999.0 -9999.0 -99.000 -99.000 -99.000 -99.000 -99.000 -9999.0 -9999.0 -9999.0 -9999.0 -9999.0
63856 20090109  1.302  -81.46   30.81    13.0     3.7     8.3     8.6     0.0    14.46 R    26.3     0.6     8.6 -9999.0 -9999.0 -9999.0 -99.000 -99.000 -99.000 -99.000 -99.000 -9999.0 -9999.0 -9999.0 -9999.0 -9999.0
63856 20090110  1.302  -81.46   30.81    19.4     2.8    11.1    12.6     0.0    14.19 R    31.9     0.0    12.5 -9999.0 -9999.0 -9999.0 -99.000 -99.000 -99.000 -99.000 -99.000 -9999.0 -9999.0 -9999.0 -9999.0 -9999.0
63856 20090111  1.302  -81.46   30.81    23.7    11.3    17.5    17.5     8.0     6.53 R    32.1    10.1    17.4 -9999.0 -9999.0 -9999.0 -99.000 -99.000 -99.000 -99.000 -99.000 -9999.0 -9999.0 -9999.0 -9999.0 -9999.0
63856 20090112  1.302  -81.46   30.81    13.5     5.5     9.5    10.3     0.0     6.94 R    20.9     4.4    11.3 -9999.0 -9999.0 -9999.0 -99.000 -99.000 -99.000 -99.000 -99.000 -9999.0 -9999.0 -9999.0 -9999.0 -9999.0
63856 20090113  1.302  -81.46   30.81    13.5     4.0     8.7     8.8    15.6     1.15 R    13.5     0.9     8.7 -9999.0 -9999.0 -9999.0 -99.000 -99.000 -99.000 -99.000 -99.000 -9999.0 -9999.0 -9999.0 -9999.0 -9999.0
63856 20090114  1.302  -81.46   30.81    12.1    -0.5     5.8     5.4     0.0    15.03 R    22.2    -3.6     5.4 -9999.0 -9999.0 -9999.0 -99.000 -99.000 -99.000 -99.000 -99.000 -9999.0 -9999.0 -9999.0 -9999.0 -9999.0
63856 20090115  1.302  -81.46   30.81    15.2    -1.5     6.9     6.6     0.0    11.09 R    28.2    -3.8     6.0 -9999.0 -9999.0 -9999.0 -99.000 -99.000 -99.000 -99.000 -99.000 -9999.0 -9999.0 -9999.0 -9999.0 -9999.0
63856 20090116  1.302  -81.46   30.81     7.5    -2.8     2.3     2.3     0.0    13.53 R    22.1    -6.1     2.8 -9999.0 -9999.0 -9999.0 -99.000 -99.000 -99.000 -99.000 -99.000 -9999.0 -9999.0 -9999.0 -9999.0 -9999.0
63856 20090117  1.302  -81.46   30.81     8.6    -1.2     3.7     2.9     0.0    14.93 R    23.0    -4.5     3.5 -9999.0 -9999.0 -9999.0 -99.000 -99.000 -99.000 -99.000 -99.000 -9999.0 -9999.0 -9999.0 -9999.0 -9999.0
63856 20090118  1.302  -81.46   30.81    19.7    -1.4     9.2    10.4     0.0    14.39 R    31.1    -3.4    10.8 -9999.0 -9999.0 -9999.0 -99.000 -99.000 -99.000 -99.000 -99.000 -9999.0 -9999.0 -9999.0 -9999.0 -9999.0
63856 20090119  1.302  -81.46   30.81    18.4     4.2    11.3    12.5     0.8    11.28 R    31.3     0.7    12.3 -9999.0 -9999.0 -9999.0 -99.000 -99.000 -99.000 -99.000 -99.000 -9999.0 -9999.0 -9999.0 -9999.0 -9999.0
63856 20090120  1.302  -81.46   30.81    11.3    -0.3     5.5     4.9     0.0    15.54 R    19.9    -3.2     5.7 -9999.0 -9999.0 -9999.0 -99.000 -99.000 -99.000 -99.000 -99.000 -9999.0 -9999.0 -9999.0 -9999.0 -9999.0
63856 20090121  1.302  -81.46   30.81     7.4    -3.6     1.9     0.2     0.0    15.76 R    20.4    -7.5     1.2 -9999.0 -9999.0 -9999.0 -99.000 -99.000 -99.000 -99.000 -99.000 -9999.0 -9999.0 -9999.0 -9999.0 -9999.0
63856 20090122  1.302  -81.46   30.81    12.1    -5.7     3.2     2.9     0.0    15.73 R    26.8    -8.9     2.7 -9999.0 -9999.0 -9999.0 -99.000 -99.000 -99.000 -99.000 -99.000 -9999.0 -9999.0 -9999.0 -9999.0 -9999.0
63856 20090123  1.302  -81.46   30.81    19.8     1.5    10.6    10.3     0.0    15.19 R    33.2    -2.7    10.1 -9999.0 -9999.0 -9999.0 -99.000 -99.000 -99.000 -99.000 -99.000 -9999.0 -9999.0 -9999.0 -9999.0 -9999.0
63856 20090124  1.302  -81.46   30.81    21.0     8.2    14.6    13.9     0.4     7.28 R    34.2     4.0    13.6 -9999.0 -9999.0 -9999.0 -99.000 -99.000 -99.000 -99.000 -99.000 -9999.0 -9999.0 -9999.0 -9999.0 -9999.0
63856 20090125  1.302  -81.46   30.81    15.7    11.5    13.6    13.2     0.3     3.77 R    26.4    10.7    14.0 -9999.0 -9999.0 -9999.0 -99.000 -99.000 -99.000 -99.000 -99.000 -9999.0 -9999.0 -9999.0 -9999.0 -9999.0
63856 20090126  1.302  -81.46   30.81    18.2     7.9    13.1    13.4     0.0    11.29 R    34.1     7.0    15.3 -9999.0 -9999.0 -9999.0 -99.000 -99.000 -99.000 -99.000 -99.000 -9999.0 -9999.0 -9999.0 -9999.0 -9999.0
63856 20090127  1.302  -81.46   30.81    14.6    10.6    12.6    12.1     0.0     6.29 R    24.1    11.0    14.3 -9999.0 -9999.0 -9999.0 -99.000 -99.000 -99.000 -99.000 -99.000 -9999.0 -9999.0 -9999.0 -9999.0 -9999.0
63856 20090128  1.302  -81.46   30.81    25.8    11.6    18.7    18.2     4.2     8.49 R    38.9    11.2    19.3 -9999.0 -9999.0 -9999.0 -99.000 -99.000 -99.000 -99.000 -99.000 -9999.0 -9999.0 -9999.0 -9999.0 -9999.0
63856 20090129  1.302  -81.46   30.81    16.8    10.0    13.4    13.5    29.8     3.80 R    18.6     7.6    14.3 -9999.0 -9999.0 -9999.0 -99.000 -99.000 -99.000 -99.000 -99.000 -9999.0 -9999.0 -9999.0 -9999.0 -9999.0
63856 20090130  1.302  -81.46   30.81    15.6     5.9    10.8     9.6     0.0    11.42 R    29.0     2.7    10.2 -9999.0 -9999.0 -9999.0 -99.000 -99.000 -99.000 -99.000 -99.000 -9999.0 -9999.0 -9999.0 -9999.0 -9999.0
63856 20090131  1.302  -81.46   30.81    14.5    -1.4     6.5     6.4     0.0    16.80 R    29.0    -4.1     7.3 -9999.0 -9999.0 -9999.0 -99.000 -99.000 -99.000 -99.000 -99.000 -9999.0 -9999.0 -9999.0 -9999.0 -9999.0
63856 20090201  1.302  -81.46   30.81    16.4     1.3     8.9     9.8     0.0    15.37 R    32.6    -1.9    10.3 -9999.0 -9999.0 -9999.0 -99.000 -99.000 -99.000 -99.000 -99.000 -9999.0 -9999.0 -9999.0 -9999.0 -9999.0
63856 20090202  1.302  -81.46   30.81    14.8     5.1    10.0    10.6     6.5     4.05 R    21.6     2.5    11.0 -9999.0 -9999.0 -9999.0 -99.000 -99.000 -99.000 -99.000 -99.000 -9999.0 -9999.0 -9999.0 -9999.0 -9999.0
63856 20090203  1.302  -81.46   30.81    11.9     2.4     7.2     7.8     0.0    17.19 R    26.5     0.1     8.8 -9999.0 -9999.0 -9999.0 -99.000 -99.000 -99.000 -99.000 -99.000 -9999.0 -9999.0 -9999.0 -9999.0 -9999.0
63856 20090204  1.302  -81.46   30.81     6.7    -1.7     2.5     2.7     0.0    17.94 R    20.2    -5.2     3.9 -9999.0 -9999.0 -9999.0 -99.000 -99.000 -99.000 -99.000 -99.000 -9999.0 -9999.0 -9999.0 -9999.0 -9999.0
63856 20090205  1.302  -81.46   30.81     5.9    -4.4     0.7    -0.4     0.0    17.76 R    23.1    -7.9     1.6 -9999.0 -9999.0 -9999.0 -99.000 -99.000 -99.000 -99.000 -99.000 -9999.0 -9999.0 -9999.0 -9999.0 -9999.0
63856 20090206  1.302  -81.46   30.81    10.7    -5.4     2.6     3.0     0.0    17.48 R    28.5    -8.7     3.9 -9999.0 -9999.0 -9999.0 -99.000 -99.000 -99.000 -99.000 -99.000 -9999.0 -9999.0 -9999.0 -9999.0 -9999.0
63856 20090207  1.302  -81.46   30.81    15.9    -1.7     7.1     7.6     0.0    17.73 R    33.1    -4.6     8.4 -9999.0 -9999.0 -9999.0 -99.000 -99.000 -99.000 -99.000 -99.000 -9999.0 -9999.0 -9999.0 -9999.0 -9999.0
63856 20090208  1.302  -81.46   30.81    21.5     2.5    12.0 -9999.0     0.0    17.65 R    37.4    -1.2     9.6 -9999.0 -9999.0 -9999.0 -99.000 -99.000 -99.000 -99.000 -99.000 -9999.0 -9999.0 -9999.0 -9999.0 -9999.0
63856 20090209  1.302  -81.46   30.81    20.1     6.1    13.1    12.5     0.0    15.66 R    81.9     2.6    13.1 -9999.0 -9999.0 -9999.0 -99.000 -99.000 -99.000 -99.000 -99.000 -9999.0 -9999.0 -9999.0 -9999.0 -9999.0
63856 20090210  1.302  -81.46   30.81    20.4     9.4    14.9    14.5     0.0    16.95 R    39.2     5.9    16.8 -9999.0 -9999.0 -9999.0 -99.000 -99.000 -99.000 -99.000 -99.000 -9999.0 -9999.0 -9999.0 -9999.0 -9999.0
63856 20090211  1.302  -81.46   30.81    21.8    10.5    16.2    16.6     0.0    12.98 R    40.1     7.8    17.9 -9999.0 -9999.0 -9999.0 -99.000 -99.000 -99.000 -99.000 -99.000 -9999.0 -9999.0 -9999.0 -9999.0 -9999.0
63856 20090212  1.302  -81.46   30.81    24.8     6.9    15.9    18.6     0.0    17.10 R    44.3     2.9    19.1 -9999.0 -9999.0 -9999.0 -99.000 -99.000 -99.000 -99.000 -99.000 -9999.0 -9999.0 -9999.0 -9999.0 -9999.0
63856 20090213  1.302  -81.46   30.81    19.3     4.1    11.7    11.1     0.0    17.73 R    37.9    -0.2    12.3 -9999.0 -9999.0 -9999.0 -99.000 -99.000 -99.000 -99.000 -99.000 -9999.0 -9999.0 -9999.0 -9999.0 -9999.0
63856 20090214  1.302  -81.46   30.81    20.2     8.6    14.4    15.2     8.5     4.56 R    28.8     6.9    15.6 -9999.0 -9999.0 -9999.0 -99.000 -99.000 -99.000 -99.000 -99.000 -9999.0 -9999.0 -9999.0 -9999.0 -9999.0
63856 20090215  1.302  -81.46   30.81    17.4    10.9    14.1    13.6     0.7    10.57 R    32.0     9.3    15.2 -9999.0 -9999.0 -9999.0 -99.000 -99.000 -99.000 -99.000 -99.000 -9999.0 -9999.0 -9999.0 -9999.0 -9999.0
63856 20090216  1.302  -81.46   30.81    14.8     3.7     9.3    10.2     0.0    16.08 R    30.1     0.8    11.3 -9999.0 -9999.0 -9999.0 -99.000 -99.000 -99.000 -99.000 -99.000 -9999.0 -9999.0 -9999.0 -9999.0 -9999.0
63856 20090217  1.302  -81.46   30.81    14.7     1.4     8.0     9.2     0.0    19.13 R    33.6    -1.4    11.5 -9999.0 -9999.0 -9999.0 -99.000 -99.000 -99.000 -99.000 -99.000 -9999.0 -9999.0 -9999.0 -9999.0 -9999.0
63856 20090218  1.302  -81.46   30.81    22.9    10.3    16.6    17.0     0.0     7.91 R    36.1     8.6    17.6 -9999.0 -9999.0 -9999.0 -99.000 -99.000 -99.000 -99.000 -99.000 -9999.0 -9999.0 -9999.0 -9999.0 -9999.0
63856 20090219  1.302  -81.46   30.81    22.9     9.8    16.4    18.5    17.0    17.69 R    37.4     7.2    19.6 -9999.0 -9999.0 -9999.0 -99.000 -99.000 -99.000 -99.000 -99.000 -9999.0 -9999.0 -9999.0 -9999.0 -9999.0
63856 20090220  1.302  -81.46   30.81    10.5    -0.5     5.0     5.8     0.0    20.19 R    31.1    -3.6     8.6 -9999.0 -9999.0 -9999.0 -99.000 -99.000 -99.000 -99.000 -99.000 -9999.0 -9999.0 -9999.0 -9999.0 -9999.0
63856 20090221  1.302  -81.46   30.81    14.0    -2.7     5.6     6.9     0.0    20.35 R    34.0    -5.8     9.1 -9999.0 -9999.0 -9999.0 -99.000 -99.000 -99.000 -99.000 -99.000 -9999.0 -9999.0 -9999.0 -9999.0 -9999.0
63856 20090222  1.302  -81.46   30.81    19.6     6.0    12.8    11.7     0.0    15.80 R    39.3     2.5    12.8 -9999.0 -9999.0 -9999.0 -99.000 -99.000 -99.000 -99.000 -99.000 -9999.0 -9999.0 -9999.0 -9999.0 -9999.0
63856 20090223  1.302  -81.46   30.81    10.4    -0.1     5.2     5.5     0.0    19.90 R    29.8    -3.2     8.2 -9999.0 -9999.0 -9999.0 -99.000 -99.000 -99.000 -99.000 -99.000 -9999.0 -9999.0 -9999.0 -9999.0 -9999.0
63856 20090224  1.302  -81.46   30.81    13.9    -0.8     6.6     9.2     0.0    19.46 R    35.3    -3.6    10.7 -9999.0 -9999.0 -9999.0 -99.000 -99.000 -99.000 -99.000 -99.000 -9999.0 -9999.0 -9999.0 -9999.0 -9999.0
63856 20090225  1.302  -81.46   30.81    17.9     8.6    13.2    13.2     0.0    11.02 R    37.2     5.2    14.4 -9999.0 -9999.0 -9999.0 -99.000 -99.000 -99.000 -99.000 -99.000 -9999.0 -9999.0 -9999.0 -9999.0 -9999.0
63856 20090226  1.302  -81.46   30.81    20.0     6.3    13.2    13.3     0.0    19.55 R    39.7     3.7    16.5 -9999.0 -9999.0 -9999.0 -99.000 -99.000 -99.000 -99.000 -99.000 -9999.0 -9999.0 -9999.0 -9999.0 -9999.0
63856 20090227  1.302  -81.46   30.81    21.0     9.5    15.2    15.4     0.0    19.29 R    40.1     5.8    17.8 -9999.0 -9999.0 -9999.0 -99.000 -99.000 -99.000 -99.000 -99.000 -9999.0 -9999.0 -9999.0 -9999.0 -9999.0
63856 20090228  1.302  -81.46   30.81    26.4    12.4    19.4    19.2     0.0    12.91 R    42.2    10.3    20.4 -9999.0 -9999.0 -9999.0 -99.000 -99.000 -99.000 -99.000 -99.000 -9999.0 -9999.0 -9999.0 -9999.0 -9999.0
63856 20090301  1.302  -81.46   30.81    18.9     4.9    11.9    12.1    15.0    15.44 R    27.4     4.1    14.2 -9999.0 -9999.0 -9999.0 -99.000 -99.000 -99.000 -99.000 -99.000 -9999.0 -9999.0 -9999.0 -9999.0 -9999.0
63856 20090302  1.302  -81.46   30.81    12.6     2.0     7.3     6.7     0.0    21.32 R    33.2    -1.3    10.4 -9999.0 -9999.0 -9999.0 -99.000 -99.000 -99.000 -99.000 -99.000 -9999.0 -9999.0 -9999.0 -9999.0 -9999.0
63856 20090303  1.302  -81.46   30.81     7.6    -0.3     3.7     4.2     0.0    18.74 R    27.7    -3.0     6.6 -9999.0 -9999.0 -9999.0 -99.000 -99.000 -99.000 -99.000 -99.000 -9999.0 -9999.0 -9999.0 -9999.0 -9999.0
63856 20090304  1.302  -81.46   30.81    12.1    -0.8     5.7     7.8     0.0    19.64 R    31.6    -3.3     9.9 -9999.0 -9999.0 -9999.0 -99.000 -99.000 -99.000 -99.000 -99.000 -9999.0 -9999.0 -9999.0 -9999.0 -9999.0
63856 20090305  1.302  -81.46   30.81    16.7     4.1    10.4    11.8     0.0    21.27 R    37.3     1.7    14.2 -9999.0 -9999.0 -9999.0 -99.000 -99.000 -99.000 -99.000 -99.000 -9999.0 -9999.0 -9999.0 -9999.0 -9999.0
63856 20090306  1.302  -81.46   30.81    20.2     5.6    12.9    13.7     0.0    21.28 R    40.8     2.8    16.7 -9999.0 -9999.0 -9999.0 -99.000 -99.000 -99.000 -99.000 -99.000 -9999.0 -9999.0 -9999.0 -9999.0 -9999.0
63856 20090307  1.302  -81.46   30.81    22.3     8.9    15.6    15.5     0.0    21.06 R    41.8     5.5    18.3 -9999.0 -9999.0 -9999.0 -99.000 -99.000 -99.000 -99.000 -99.000 -9999.0 -9999.0 -9999.0 -9999.0 -9999.0
63856 20090308  1.302  -81.46   30.81    26.0    10.5    18.3    16.5     0.0    21.58 R    46.0     7.1    19.2 -9999.0 -9999.0 -9999.0 -99.000 -99.000 -99.000 -99.000 -99.000 -9999.0 -9999.0 -9999.0 -9999.0 -9999.0
63856 20090309  1.302  -81.46   30.81    27.2     9.7    18.4    17.2     0.0    21.00 R    45.8     6.7    19.9 -9999.0 -9999.0 -9999.0 -99.000 -99.000 -99.000 -99.000 -99.000 -9999.0 -9999.0 -9999.0 -9999.0 -9999.0
63856 20090310  1.302  -81.46   30.81    25.1    12.8    19.0    18.3     0.0    20.82 R    44.8     9.9    21.6 -9999.0 -9999.0 -9999.0 -99.000 -99.000 -99.000 -99.000 -99.000 -9999.0 -9999.0 -9999.0 -9999.0 -9999.0
63856 20090311  1.302  -81.46   30.81    24.4    11.9    18.1    18.0     0.0    21.19 R    43.6     9.9    21.4 -9999.0 -9999.0 -9999.0 -99.000 -99.000 -99.000 -99.000 -99.000 -9999.0 -9999.0 -9999.0 -9999.0 -9999.0
63856 20090312  1.302  -81.46   30.81    23.1    13.9    18.5    17.8     0.0    21.53 R    44.2    10.8    22.1 -9999.0 -9999.0 -9999.0 -99.000 -99.000 -99.000 -99.000 -99.000 -9999.0 -9999.0 -9999.0 -9999.0 -9999.0
63856 20090313  1.302  -81.46   30.81    17.2    13.8    15.5    15.3     0.0     6.94 R    28.6    14.3    17.8 -9999.0 -9999.0 -9999.0 -99.000 -99.000 -99.000 -99.000 -99.000 -9999.0 -9999.0 -9999.0 -9999.0 -9999.0
63856 20090314  1.302  -81.46   30.81    18.2    13.1    15.7    14.6     0.0     8.59 R    31.7    13.6    17.5 -9999.0 -9999.0 -9999.0 -99.000 -99.000 -99.000 -99.000 -99.000 -9999.0 -9999.0 -9999.0 -9999.0 -9999.0
63856 20090315  1.302  -81.46   30.81    23.0    14.6    18.8    18.0     0.0    17.54 R    46.6    13.2    22.2 -9999.0 -9999.0 -9999.0 -99.000 -99.000 -99.000 -99.000 -99.000 -9999.0 -9999.0 -9999.0 -9999.0 -9999.0
63856 20090316  1.302  -81.46   30.81    25.9    13.5    19.7    18.2     2.1    18.23 R    45.2    11.4    22.5 -9999.0 -9999.0 -9999.0 -99.000 -99.000 -99.000 -99.000 -99.000 -9999.0 -9999.0 -9999.0 -9999.0 -9999.0
63856 20090317  1.302  -81.46   30.81    19.6    13.9    16.7    16.0     0.0    11.78 R    32.8    11.4    17.4 -9999.0 -9999.0 -9999.0 -99.000 -99.000 -99.000 -99.000 -99.000 -9999.0 -9999.0 -9999.0 -9999.0 -9999.0
63856 20090318  1.302  -81.46   30.81    19.0    12.3    15.7    15.5     0.0    20.84 R    37.5     8.4    18.7 -9999.0 -9999.0 -9999.0 -99.000 -99.000 -99.000 -99.000 -99.000 -9999.0 -9999.0 -9999.0 -9999.0 -9999.0
63856 20090319  1.302  -81.46   30.81    21.8    11.3    16.5    16.5     0.0    22.56 R    42.6     9.1    20.9 -9999.0 -9999.0 -9999.0 -99.000 -99.000 -99.000 -99.000 -99.000 -9999.0 -9999.0 -9999.0 -9999.0 -9999.0
63856 20090320  1.302  -81.46   30.81    17.1    10.5    13.8    14.5     0.0    16.55 R    34.7     7.9    16.1 -9999.0 -9999.0 -9999.0 -99.000 -99.000 -99.000 -99.000 -99.000 -9999.0 -9999.0 -9999.0 -9999.0 -9999.0
63856 20090321  1.302  -81.46   30.81    18.4    12.8    15.6    15.1     0.0    18.35 R    38.6     9.5    16.9 -9999.0 -9999.0 -9999.0 -99.000 -99.000 -99.000 -99.000 -99.000 -9999.0 -9999.0 -9999.0 -9999.0 -9999.0
63856 20090322  1.302  -81.46   30.81    17.2    11.8    14.5    14.4     0.0    23.44 R    36.7     8.2    17.6 -9999.0 -9999.0 -9999.0 -99.000 -99.000 -99.000 -99.000 -99.000 -9999.0 -9999.0 -9999.0 -9999.0 -9999.0
63856 20090323  1.302  -81.46   30.81    18.9    13.3    16.1    15.9     0.0     9.58 R    32.3    10.3    18.0 -9999.0 -9999.0 -9999.0 -99.000 -99.000 -99.000 -99.000 -99.000 -9999.0 -9999.0 -9999.0 -9999.0 -9999.0
63856 20090324  1.302  -81.46   30.81    22.1    13.1    17.6    17.2     0.0    20.08 R    45.2    10.3    21.6 -9999.0 -9999.0 -9999.0 -99.000 -99.000 -99.000 -99.000 -99.000 -9999.0 -9999.0 -9999.0 -9999.0 -9999.0
63856 20090325  1.302  -81.46   30.81    21.9    10.3    16.1    17.2     0.0    22.28 R    44.1     7.3    21.1 -9999.0 -9999.0 -9999.0 -99.000 -99.000 -99.000 -99.000 -99.000 -9999.0 -9999.0 -9999.0 -9999.0 -9999.0
63856 20090326  1.302  -81.46   30.81    21.7    17.9    19.8    19.2     0.0    13.54 R    39.2    15.2    21.5 -9999.0 -9999.0 -9999.0 -99.000 -99.000 -99.000 -99.000 -99.000 -9999.0 -9999.0 -9999.0 -9999.0 -9999.0
63856 20090327  1.302  -81.46   30.81    20.9    14.8    17.8    18.5     0.8     8.87 R    33.8    12.2    19.8 -9999.0 -9999.0 -9999.0 -99.000 -99.000 -99.000 -99.000 -99.000 -9999.0 -9999.0 -9999.0 -9999.0 -9999.0
63856 20090328  1.302  -81.46   30.81    28.1    15.7    21.9    19.2    11.3    14.52 R    44.3    14.3    21.8 -9999.0 -9999.0 -9999.0 -99.000 -99.000 -99.000 -99.000 -99.000 -9999.0 -9999.0 -9999.0 -9999.0 -9999.0
63856 20090329  1.302  -81.46   30.81    25.4    14.4    19.9    20.1     5.0    24.20 R    41.2     9.9    22.9 -9999.0 -9999.0 -9999.0 -99.000 -99.000 -99.000 -99.000 -99.000 -9999.0 -9999.0 -9999.0 -9999.0 -9999.0
63856 20090330  1.302  -81.46   30.81    18.0     4.5    11.2    13.5     0.0    25.46 R    39.4     2.1    17.3 -9999.0 -9999.0 -9999.0 -99.000 -99.000 -99.000 -99.000 -99.000 -9999.0 -9999.0 -9999.0 -9999.0 -9999.0
63856 20090331  1.302  -81.46   30.81    20.3    11.2    15.8    17.0    78.9     8.85 R    32.5     7.9    18.1 -9999.0 -9999.0 -9999.0 -99.000 -99.000 -99.000 -99.000 -99.000 -9999.0 -9999.0 -9999.0 -9999.0 -9999.0
63856 20090401  1.302  -81.46   30.81    20.9    16.4    18.6    17.8    42.5     5.34 R    29.1    16.1    18.7 -9999.0 -9999.0 -9999.0 -99.000 -99.000 -99.000 -99.000 -99.000 -9999.0 -9999.0 -9999.0 -9999.0 -9999.0
63856 20090402  1.302  -81.46   30.81    23.7    17.3    20.5    19.3    76.3     5.78 R    29.7    17.2    20.0 -9999.0 -9999.0 -9999.0 -99.000 -99.000 -99.000 -99.000 -99.000 -9999.0 -9999.0 -9999.0 -9999.0 -9999.0
63856 20090403  1.302  -81.46   30.81    26.9    15.4    21.1    21.7     5.4    25.55 R    41.7    12.0    24.1 -9999.0 -9999.0 -9999.0 -99.000 -99.000 -99.000 -99.000 -99.000 -9999.0 -9999.0 -9999.0 -9999.0 -9999.0
63856 20090404  1.302  -81.46   30.81    19.9    10.2    15.1    16.1     0.0    25.80 R    39.7     7.3    19.7 -9999.0 -9999.0 -9999.0 -99.000 -99.000 -99.000 -99.000 -99.000 -9999.0 -9999.0 -9999.0 -9999.0 -9999.0
63856 20090405  1.302  -81.46   30.81    23.5    12.9    18.2    19.3     0.0    13.57 R    42.7     9.8    21.2 -9999.0 -9999.0 -9999.0 -99.000 -99.000 -99.000 -99.000 -99.000 -9999.0 -9999.0 -9999.0 -9999.0 -9999.0
63856 20090406  1.302  -81.46   30.81    26.0    10.9    18.5    20.3     0.4    18.42 R    40.6    10.1    22.0 -9999.0 -9999.0 -9999.0 -99.000 -99.000 -99.000 -99.000 -99.000 -9999.0 -9999.0 -9999.0 -9999.0 -9999.0
63856 20090407  1.302  -81.46   30.81    14.4     7.0    10.7    10.3     0.0    24.56 R    36.1     3.2    14.0 -9999.0 -9999.0 -9999.0 -99.000 -99.000 -99.000 -99.000 -99.000 -9999.0 -9999.0 -9999.0 -9999.0 -9999.0
63856 20090408  1.302  -81.46   30.81    20.3     1.0    10.7    11.9     0.0    27.03 R    41.8    -2.1    16.3 -9999.0 -9999.0 -9999.0 -99.000 -99.000 -99.000 -99.000 -99.000 -9999.0 -9999.0 -9999.0 -9999.0 -9999.0
63856 20090409  1.302  -81.46   30.81    26.9    11.3    19.1    17.6     0.0    25.80 R    46.2     8.2    21.6 -9999.0 -9999.0 -9999.0 -99.000 -99.000 -99.000 -99.000 -99.000 -9999.0 -9999.0 -9999.0 -9999.0 -9999.0
63856 20090410  1.302  -81.46   30.81    24.3    12.2    18.3    19.3     0.0    25.77 R    43.7     9.4    23.0 -9999.0 -9999.0 -9999.0 -99.000 -99.000 -99.000 -99.000 -99.000 -9999.0 -9999.0 -9999.0 -9999.0 -9999.0
63856 20090411  1.302  -81.46   30.81    28.3    16.3    22.3    22.4     0.0    20.21 R    47.4    12.9    24.7 -9999.0 -9999.0 -9999.0 -99.000 -99.000 -99.000 -99.000 -99.000 -9999.0 -9999.0 -9999.0 -9999.0 -9999.0
63856 20090412  1.302  -81.46   30.81    21.5    13.4    17.5    18.4     0.0    24.66 R    41.9     9.5    22.3 -9999.0 -9999.0 -9999.0 -99.000 -99.000 -99.000 -99.000 -99.000 -9999.0 -9999.0 -9999.0 -9999.0 -9999.0
63856 20090413  1.302  -81.46   30.81    23.8    16.8    20.3    19.8    33.9    10.41 R    42.4    16.6    22.1 -9999.0 -9999.0 -9999.0 -99.000 -99.000 -99.000 -99.000 -99.000 -9999.0 -9999.0 -9999.0 -9999.0 -9999.0
63856 20090414  1.302  -81.46   30.81    23.8    16.5    20.2    20.3     0.2    10.29 R    31.2    14.3    20.8 -9999.0 -9999.0 -9999.0 -99.000 -99.000 -99.000 -99.000 -99.000 -9999.0 -9999.0 -9999.0 -9999.0 -9999.0
63856 20090415  1.302  -81.46   30.81    24.2    10.8    17.5    16.5     0.0    27.63 R    41.6     8.4    20.2 -9999.0 -9999.0 -9999.0 -99.000 -99.000 -99.000 -99.000 -99.000 -9999.0 -9999.0 -9999.0 -9999.0 -9999.0
63856 20090416  1.302  -81.46   30.81    20.0     8.6    14.3    15.1     0.0    18.13 R    36.7     6.4    16.9 -9999.0 -9999.0 -9999.0 -99.000 -99.000 -99.000 -99.000 -99.000 -9999.0 -9999.0 -9999.0 -9999.0 -9999.0
63856 20090417  1.302  -81.46   30.81    19.4    13.9    16.6    16.6     0.0    27.24 R    39.3    10.1    20.2 -9999.0 -9999.0 -9999.0 -99.000 -99.000 -99.000 -99.000 -99.000 -9999.0 -9999.0 -9999.0 -9999.0 -9999.0
63856 20090418  1.302  -81.46   30.81    21.9     9.3    15.6    16.5     0.0    25.32 R    42.5     5.5    19.7 -9999.0 -9999.0 -9999.0 -99.000 -99.000 -99.000 -99.000 -99.000 -9999.0 -9999.0 -9999.0 -9999.0 -9999.0
63856 20090419  1.302  -81.46   30.81    23.6    10.9    17.3    18.9     0.0    21.82 R    45.7     8.3    21.8 -9999.0 -9999.0 -9999.0 -99.000 -99.000 -99.000 -99.000 -99.000 -9999.0 -9999.0 -9999.0 -9999.0 -9999.0
63856 20090420  1.302  -81.46   30.81    26.3    18.0    22.2    21.3     1.0    16.40 R    40.4    15.3    22.6 -9999.0 -9999.0 -9999.0 -99.000 -99.000 -99.000 -99.000 -99.000 -9999.0 -9999.0 -9999.0 -9999.0 -9999.0
63856 20090421  1.302  -81.46   30.81    26.7    14.5    20.6    20.4     0.0    27.54 R    45.0    10.4    23.8 -9999.0 -9999.0 -9999.0 -99.000 -99.000 -99.000 -99.000 -99.000 -9999.0 -9999.0 -9999.0 -9999.0 -9999.0
63856 20090422  1.302  -81.46   30.81    26.2    12.2    19.2    18.9     0.0    27.60 R    44.5     9.1    21.9 -9999.0 -9999.0 -9999.0 -99.000 -99.000 -99.000 -99.000 -99.000 -9999.0 -9999.0 -9999.0 -9999.0 -9999.0
63856 20090423  1.302  -81.46   30.81    31.0    15.6    23.3    21.3     0.0    25.78 R    48.7    12.0    25.1 -9999.0 -9999.0 -9999.0 -99.000 -99.000 -99.000 -99.000 -99.000 -9999.0 -9999.0 -9999.0 -9999.0 -9999.0
63856 20090424  1.302  -81.46   30.81    26.3    14.7    20.5    21.0     0.0    27.13 R    47.0    12.0    25.3 -9999.0 -9999.0 -9999.0 -99.000 -99.000 -99.000 -99.000 -99.000 -9999.0 -9999.0 -9999.0 -9999.0 -9999.0
63856 20090425  1.302  -81.46   30.81    25.5    14.9    20.2    21.2     0.0    27.38 R    46.3    12.4    25.8 -9999.0 -9999.0 -9999.0 -99.000 -99.000 -99.000 -99.000 -99.000 -9999.0 -9999.0 -9999.0 -9999.0 -9999.0
63856 20090426  1.302  -81.46   30.81    25.6    18.9    22.2    22.2     0.0    26.36 R    46.9    15.0    26.5 -9999.0 -9999.0 -9999.0 -99.000 -99.000 -99.000 -99.000 -99.000 -9999.0 -9999.0 -9999.0 -9999.0 -9999.0
63856 20090427  1.302  -81.46   30.81    26.1    20.7    23.4    22.7     0.0    27.24 R    47.3    17.2    27.2 -9999.0 -9999.0 -9999.0 -99.000 -99.000 -99.000 -99.000 -99.000 -9999.0 -9999.0 -9999.0 -9999.0 -9999.0
63856 20090428  1.302  -81.46   30.81    25.5    20.2    22.9    22.5     0.0    22.48 R    47.2    16.5    26.7 -9999.0 -9999.0 -9999.0 -99.000 -99.000 -99.000 -99.000 -99.000 -9999.0 -9999.0 -9999.0 -9999.0 -9999.0
63856 20090429  1.302  -81.46   30.81    25.8    19.1    22.4    22.6     0.0    27.72 R    48.3    15.5    27.7 -9999.0 -9999.0 -9999.0 -99.000 -99.000 -99.000 -99.000 -99.000 -9999.0 -9999.0 -9999.0 -9999.0 -9999.0
63856 20090430  1.302  -81.46   30.81    26.0    18.9    22.4    22.8     0.0    25.95 R    48.1    15.2    27.5 -9999.0 -9999.0 -9999.0 -99.000 -99.000 -99.000 -99.000 -99.000 -9999.0 -9999.0 -9999.0 -9999.0 -9999.0
63856 20090501  1.302  -81.46   30.81    27.0    18.6    22.8    23.1     0.0    26.82 R    48.4    15.6    28.1 -9999.0 -9999.0 -9999.0 -99.000 -99.000 -99.000 -99.000 -99.000 -9999.0 -9999.0 -9999.0 -9999.0 -9999.0
63856 20090502  1.302  -81.46   30.81    27.6    19.1    23.3    23.1     0.0    24.00 R    49.6    16.0    27.6 -9999.0 -9999.0 -9999.0 -99.000 -99.000 -99.000 -99.000 -99.000 -9999.0 -9999.0 -9999.0 -9999.0 -9999.0
63856 20090503  1.302  -81.46   30.81    26.7    16.3    21.5    22.3     0.0    25.39 R    48.9    14.3    27.3 -9999.0 -9999.0 -9999.0 -99.000 -99.000 -99.000 -99.000 -99.000 -9999.0 -9999.0 -9999.0 -9999.0 -9999.0
63856 20090504  1.302  -81.46   30.81    30.5    16.2    23.3    23.1     0.0    22.96 R    52.2    14.1    27.6 -9999.0 -9999.0 -9999.0 -99.000 -99.000 -99.000 -99.000 -99.000 -9999.0 -9999.0 -9999.0 -9999.0 -9999.0
63856 20090505  1.302  -81.46   30.81    28.4    18.7    23.5    23.4     0.0    24.90 R    51.2    15.7    28.5 -9999.0 -9999.0 -9999.0 -99.000 -99.000 -99.000 -99.000 -99.000 -9999.0 -9999.0 -9999.0 -9999.0 -9999.0
63856 20090506  1.302  -81.46   30.81    26.1    21.2    23.7    23.5     0.0    23.74 R    47.0    18.6    28.2 -9999.0 -9999.0 -9999.0 -99.000 -99.000 -99.000 -99.000 -99.000 -9999.0 -9999.0 -9999.0 -9999.0 -9999.0
63856 20090507  1.302  -81.46   30.81    30.0    18.9    24.4    23.7     0.0    22.02 R    48.9    16.2    28.2 -9999.0 -9999.0 -9999.0 -99.000 -99.000 -99.000 -99.000 -99.000 -9999.0 -9999.0 -9999.0 -9999.0 -9999.0
63856 20090508  1.302  -81.46   30.81    32.6    18.0    25.3    23.9     0.0    25.85 R    54.3    15.5    29.0 -9999.0 -9999.0 -9999.0 -99.000 -99.000 -99.000 -99.000 -99.000 -9999.0 -9999.0 -9999.0 -9999.0 -9999.0
63856 20090509  1.302  -81.46   30.81    32.8    19.7    26.2    25.5     0.0    28.00 R    54.3    17.2    30.7 -9999.0 -9999.0 -9999.0 -99.000 -99.000 -99.000 -99.000 -99.000 -9999.0 -9999.0 -9999.0 -9999.0 -9999.0
63856 20090510  1.302  -81.46   30.81    30.6    20.7    25.6    24.8     0.6    23.93 R    53.7    17.6    30.0 -9999.0 -9999.0 -9999.0 -99.000 -99.000 -99.000 -99.000 -99.000 -9999.0 -9999.0 -9999.0 -9999.0 -9999.0
63856 20090511  1.302  -81.46   30.81    30.5    20.5    25.5    24.6     0.0    24.01 R    52.0    18.9    29.4 -9999.0 -9999.0 -9999.0 -99.000 -99.000 -99.000 -99.000 -99.000 -9999.0 -9999.0 -9999.0 -9999.0 -9999.0
63856 20090512  1.302  -81.46   30.81    23.0    20.0    21.5    21.4     3.6     3.02 R    28.4    19.8    21.7 -9999.0 -9999.0 -9999.0 -99.000 -99.000 -99.000 -99.000 -99.000 -9999.0 -9999.0 -9999.0 -9999.0 -9999.0
63856 20090513  1.302  -81.46   30.81    27.2    19.9    23.5    23.8     0.0    26.99 R    47.4    17.9    28.5 -9999.0 -9999.0 -9999.0 -99.000 -99.000 -99.000 -99.000 -99.000 -9999.0 -9999.0 -9999.0 -9999.0 -9999.0
63856 20090514  1.302  -81.46   30.81    28.1    18.4    23.2    23.3     0.0    20.64 R    50.4    17.1    27.8 -9999.0 -9999.0 -9999.0 -99.000 -99.000 -99.000 -99.000 -99.000 -9999.0 -9999.0 -9999.0 -9999.0 -9999.0
63856 20090515  1.302  -81.46   30.81    27.9    19.1    23.5    23.7     0.0    16.59 R    52.4    17.8    27.1 -9999.0 -9999.0 -9999.0 -99.000 -99.000 -99.000 -99.000 -99.000 -9999.0 -9999.0 -9999.0 -9999.0 -9999.0
63856 20090516  1.302  -81.46   30.81    28.0    19.4    23.7    24.3     0.2    24.51 R    50.7    17.6    29.6 -9999.0 -9999.0 -9999.0 -99.000 -99.000 -99.000 -99.000 -99.000 -9999.0 -9999.0 -9999.0 -9999.0 -9999.0
63856 20090517  1.302  -81.46   30.81    27.5    19.8    23.7    23.0    38.9    19.10 R    50.4    19.4    26.5 -9999.0 -9999.0 -9999.0 -99.000 -99.000 -99.000 -99.000 -99.000 -9999.0 -9999.0 -9999.0 -9999.0 -9999.0
63856 20090518  1.302  -81.46   30.81    20.4    16.0    18.2    17.5    21.2     2.53 R    20.7    15.7    17.6 -9999.0 -9999.0 -9999.0 -99.000 -99.000 -99.000 -99.000 -99.000 -9999.0 -9999.0 -9999.0 -9999.0 -9999.0
63856 20090519  1.302  -81.46   30.81    20.0    15.8    17.9    18.0    25.1     1.51 R    19.5    15.5    17.6 -9999.0 -9999.0 -9999.0 -99.000 -99.000 -99.000 -99.000 -99.000 -9999.0 -9999.0 -9999.0 -9999.0 -9999.0
63856 20090520  1.302  -81.46   30.81    23.3    19.9    21.6    21.6    27.5     5.18 R    25.2    19.2    21.1 -9999.0 -9999.0 -9999.0 -99.000 -99.000 -99.000 -99.000 -99.000 -9999.0 -9999.0 -9999.0 -9999.0 -9999.0
63856 20090521  1.302  -81.46   30.81    25.0    20.3    22.6    22.5     5.9    13.26 R    37.0    20.0    23.9 -9999.0 -9999.0 -9999.0 -99.000 -99.000 -99.000 -99.000 -99.000 -9999.0 -9999.0 -9999.0 -9999.0 -9999.0
63856 20090522  1.302  -81.46   30.81    24.8    20.5    22.6    22.6    11.3    10.86 R    32.1    20.3    23.8 -9999.0 -9999.0 -9999.0 -99.000 -99.000 -99.000 -99.000 -99.000 -9999.0 -9999.0 -9999.0 -9999.0 -9999.0
63856 20090523  1.302  -81.46   30.81    23.6    21.5    22.5    22.3     8.2    10.10 R    28.9    21.1    23.6 -9999.0 -9999.0 -9999.0 -99.000 -99.000 -99.000 -99.000 -99.000 -9999.0 -9999.0 -9999.0 -9999.0 -9999.0
63856 20090524  1.302  -81.46   30.81    26.3    19.6    23.0    23.0    21.0    22.47 R    42.8    19.6    26.8 -9999.0 -9999.0 -9999.0 -99.000 -99.000 -99.000 -99.000 -99.000 -9999.0 -9999.0 -9999.0 -9999.0 -9999.0
63856 20090525  1.302  -81.46   30.81    27.0    20.7    23.8    23.8     0.0    26.72 R    43.3    19.8    28.2 -9999.0 -9999.0 -9999.0 -99.000 -99.000 -99.000 -99.000 -99.000 -9999.0 -9999.0 -9999.0 -9999.0 -9999.0
63856 20090526  1.302  -81.46   30.81    27.6    19.6    23.6    23.5     0.3    24.44 R    45.0    18.6    27.9 -9999.0 -9999.0 -9999.0 -99.000 -99.000 -99.000 -99.000 -99.000 -9999.0 -9999.0 -9999.0 -9999.0 -9999.0
63856 20090527  1.302  -81.46   30.81    29.0    19.7    24.4    23.1     3.2    19.54 R    46.0    19.3    26.2 -9999.0 -9999.0 -9999.0 -99.000 -99.000 -99.000 -99.000 -99.000 -9999.0 -9999.0 -9999.0 -9999.0 -9999.0
63856 20090528  1.302  -81.46   30.81    31.1    21.3    26.2    25.1     0.0    21.05 R    44.3    20.1    28.3 -9999.0 -9999.0 -9999.0 -99.000 -99.000 -99.000 -99.000 -99.000 -9999.0 -9999.0 -9999.0 -9999.0 -9999.0
63856 20090529  1.302  -81.46   30.81    32.3    21.6    26.9    25.8     0.0    24.02 R    48.1    21.3    29.8 -9999.0 -9999.0 -9999.0 -99.000 -99.000 -99.000 -99.000 -99.000 -9999.0 -9999.0 -9999.0 -9999.0 -9999.0
63856 20090530  1.302  -81.46   30.81    28.1    20.1    24.1    24.1     0.0    24.91 R    46.6    18.6    28.0 -9999.0 -9999.0 -9999.0 -99.000 -99.000 -99.000 -99.000 -99.000 -9999.0 -9999.0 -9999.0 -9999.0 -9999.0
63856 20090531  1.302  -81.46   30.81    30.4    18.9    24.7    25.2     0.0    28.72 R    47.4    17.0    29.0 -9999.0 -9999.0 -9999.0 -99.000 -99.000 -99.000 -99.000 -99.000 -9999.0 -9999.0 -9999.0 -9999.0 -9999.0
63856 20090601  1.302  -81.46   30.81    29.8    20.6    25.2    25.5     0.0    29.34 R    47.0    18.1    29.8 -9999.0 -9999.0 -9999.0 -99.000 -99.000 -99.000 -99.000 -99.000 -9999.0 -9999.0 -9999.0 -9999.0 -9999.0
63856 20090602  1.302  -81.46   30.81    29.1    21.3    25.2    25.5     0.0    28.79 R    48.0    18.6    30.1 -9999.0 -9999.0 -9999.0 -99.000 -99.000 -99.000 -99.000 -99.000 -9999.0 -9999.0 -9999.0 -9999.0 -9999.0
63856 20090603  1.302  -81.46   30.81    28.6    21.1    24.9    24.9     0.0    20.19 R    47.3    19.1    28.3 -9999.0 -9999.0 -9999.0 -99.000 -99.000 -99.000 -99.000 -99.000 -9999.0 -9999.0 -9999.0 -9999.0 -9999.0
63856 20090604  1.302  -81.46   30.81    28.0    20.0    24.0    23.3    59.7    11.60 R    45.5    20.2    25.4 -9999.0 -9999.0 -9999.0 -99.000 -99.000 -99.000 -99.000 -99.000 -9999.0 -9999.0 -9999.0 -9999.0 -9999.0
63856 20090605  1.302  -81.46   30.81    28.2    20.6    24.4    23.3     1.7    15.60 R    41.0    19.2    25.1 -9999.0 -9999.0 -9999.0 -99.000 -99.000 -99.000 -99.000 -99.000 -9999.0 -9999.0 -9999.0 -9999.0 -9999.0
63856 20090606  1.302  -81.46   30.81    27.8    21.0    24.4    22.7     3.6    12.31 R    44.2    19.8    24.6 -9999.0 -9999.0 -9999.0 -99.000 -99.000 -99.000 -99.000 -99.000 -9999.0 -9999.0 -9999.0 -9999.0 -9999.0
63856 20090607  1.302  -81.46   30.81    28.4    20.8    24.6    23.1    15.0    18.57 R    42.3    20.9    26.1 -9999.0 -9999.0 -9999.0 -99.000 -99.000 -99.000 -99.000 -99.000 -9999.0 -9999.0 -9999.0 -9999.0 -9999.0
63856 20090608  1.302  -81.46   30.81    28.6    21.1    24.9    24.0     1.5    22.28 R    42.6    20.4    27.4 -9999.0 -9999.0 -9999.0 -99.000 -99.000 -99.000 -99.000 -99.000 -9999.0 -9999.0 -9999.0 -9999.0 -9999.0
63856 20090609  1.302  -81.46   30.81    30.7    21.6    26.1    25.8     0.0    25.97 R    43.1    20.8    29.1 -9999.0 -9999.0 -9999.0 -99.000 -99.000 -99.000 -99.000 -99.000 -9999.0 -9999.0 -9999.0 -9999.0 -9999.0
63856 20090610  1.302  -81.46   30.81    32.8    22.3    27.5    27.0     0.0    26.75 R    44.3    21.2    30.1 -9999.0 -9999.0 -9999.0 -99.000 -99.000 -99.000 -99.000 -99.000 -9999.0 -9999.0 -9999.0 -9999.0 -9999.0
63856 20090611  1.302  -81.46   30.81    33.2    23.1    28.1    27.9     0.0    26.62 R    46.3    21.7    31.2 -9999.0 -9999.0 -9999.0 -99.000 -99.000 -99.000 -99.000 -99.000 -9999.0 -9999.0 -9999.0 -9999.0 -9999.0
63856 20090612  1.302  -81.46   30.81    31.2    23.9    27.6    27.7     0.0    24.56 R    46.1    22.6    31.0 -9999.0 -9999.0 -9999.0 -99.000 -99.000 -99.000 -99.000 -99.000 -9999.0 -9999.0 -9999.0 -9999.0 -9999.0
63856 20090613  1.302  -81.46   30.81    34.8    23.9    29.4    28.6     0.0    26.52 R    48.1    22.7    31.9 -9999.0 -9999.0 -9999.0 -99.000 -99.000 -99.000 -99.000 -99.000 -9999.0 -9999.0 -9999.0 -9999.0 -9999.0
63856 20090614  1.302  -81.46   30.81    33.7    22.4    28.0    27.5     0.0    27.95 R    49.0    21.6    31.3 -9999.0 -9999.0 -9999.0 -99.000 -99.000 -99.000 -99.000 -99.000 -9999.0 -9999.0 -9999.0 -9999.0 -9999.0
63856 20090615  1.302  -81.46   30.81    33.2    22.7    27.9    27.6     0.0    24.80 R    49.5    21.0    31.5 -9999.0 -9999.0 -9999.0 -99.000 -99.000 -99.000 -99.000 -99.000 -9999.0 -9999.0 -9999.0 -9999.0 -9999.0
63856 20090616  1.302  -81.46   30.81    35.7    22.0    28.8    28.2     0.8    24.56 R    53.0    22.1    32.5 -9999.0 -9999.0 -9999.0 -99.000 -99.000 -99.000 -99.000 -99.000 -9999.0 -9999.0 -9999.0 -9999.0 -9999.0
63856 20090617  1.302  -81.46   30.81    30.8    21.5    26.2    26.3     0.0    26.85 R    48.2    21.0    31.2 -9999.0 -9999.0 -9999.0 -99.000 -99.000 -99.000 -99.000 -99.000 -9999.0 -9999.0 -9999.0 -9999.0 -9999.0
63856 20090618  1.302  -81.46   30.81    31.4    21.9    26.7    26.0     9.6    14.93 R    41.1    21.9    28.1 -9999.0 -9999.0 -9999.0 -99.000 -99.000 -99.000 -99.000 -99.000 -9999.0 -9999.0 -9999.0 -9999.0 -9999.0
63856 20090619  1.302  -81.46   30.81    31.6    22.0    26.8    27.1     0.0    28.07 R    46.9    21.9    31.5 -9999.0 -9999.0 -9999.0 -99.000 -99.000 -99.000 -99.000 -99.000 -9999.0 -9999.0 -9999.0 -9999.0 -9999.0
63856 20090620  1.302  -81.46   30.81    35.9    25.5    30.7    30.2     0.0    24.60 R    50.3    23.7    33.0 -9999.0 -9999.0 -9999.0 -99.000 -99.000 -99.000 -99.000 -99.000 -9999.0 -9999.0 -9999.0 -9999.0 -9999.0
63856 20090621  1.302  -81.46   30.81    35.8    26.0    30.9    30.5     0.0    22.45 R    51.6    24.5    33.0 -9999.0 -9999.0 -9999.0 -99.000 -99.000 -99.000 -99.000 -99.000 -9999.0 -9999.0 -9999.0 -9999.0 -9999.0
63856 20090622  1.302  -81.46   30.81    35.0    21.9    28.5    28.4     9.3    25.50 R    52.8    22.0    32.9 -9999.0 -9999.0 -9999.0 -99.000 -99.000 -99.000 -99.000 -99.000 -9999.0 -9999.0 -9999.0 -9999.0 -9999.0
63856 20090623  1.302  -81.46   30.81    31.5    23.2    27.3    27.2     0.0    27.14 R    45.7    21.7    30.7 -9999.0 -9999.0 -9999.0 -99.000 -99.000 -99.000 -99.000 -99.000 -9999.0 -9999.0 -9999.0 -9999.0 -9999.0
63856 20090624  1.302  -81.46   30.81    30.8    21.1    25.9    26.7     0.0    28.12 R    47.6    20.0    31.1 -9999.0 -9999.0 -9999.0 -99.000 -99.000 -99.000 -99.000 -99.000 -9999.0 -9999.0 -9999.0 -9999.0 -9999.0
63856 20090625  1.302  -81.46   30.81    31.0    23.4    27.2    27.7     0.0    24.28 R    49.8    21.4    31.6 -9999.0 -9999.0 -9999.0 -99.000 -99.000 -99.000 -99.000 -99.000 -9999.0 -9999.0 -9999.0 -9999.0 -9999.0
63856 20090626  1.302  -81.46   30.81    32.3    23.9    28.1    27.7     0.0    26.01 R    50.8    22.3    32.4 -9999.0 -9999.0 -9999.0 -99.000 -99.000 -99.000 -99.000 -99.000 -9999.0 -9999.0 -9999.0 -9999.0 -9999.0
63856 20090627  1.302  -81.46   30.81    35.2    24.7    29.9    29.7     0.0    26.10 R    53.5    23.3    34.5 -9999.0 -9999.0 -9999.0 -99.000 -99.000 -99.000 -99.000 -99.000 -9999.0 -9999.0 -9999.0 -9999.0 -9999.0
63856 20090628  1.302  -81.46   30.81    35.5    21.4    28.4    27.3    19.3    17.15 R    54.8    21.3    30.5 -9999.0 -9999.0 -9999.0 -99.000 -99.000 -99.000 -99.000 -99.000 -9999.0 -9999.0 -9999.0 -9999.0 -9999.0
63856 20090629  1.302  -81.46   30.81    34.5    23.1    28.8    27.0    11.3    20.57 R    47.5    23.3    29.9 -9999.0 -9999.0 -9999.0 -99.000 -99.000 -99.000 -99.000 -99.000 -9999.0 -9999.0 -9999.0 -9999.0 -9999.0
63856 20090630  1.302  -81.46   30.81    31.8    24.3    28.1    27.1     0.0    19.58 R    42.6    23.6    29.5 -9999.0 -9999.0 -9999.0 -99.000 -99.000 -99.000 -99.000 -99.000 -9999.0 -9999.0 -9999.0 -9999.0 -9999.0
63856 20090701  1.302  -81.46   30.81    34.3    23.5    28.9    27.9     0.0    26.16 R    48.2    21.4    31.4 -9999.0 -9999.0 -9999.0 -99.000 -99.000 -99.000 -99.000 -99.000 -9999.0 -9999.0 -9999.0 -9999.0 -9999.0
63856 20090702  1.302  -81.46   30.81    35.3    19.8    27.5    27.6    14.2    26.79 R    48.8    20.0    31.8 -9999.0 -9999.0 -9999.0 -99.000 -99.000 -99.000 -99.000 -99.000 -9999.0 -9999.0 -9999.0 -9999.0 -9999.0
63856 20090703  1.302  -81.46   30.81    34.4    22.1    28.3    27.5     0.0    26.36 R    46.5    21.4    30.6 -9999.0 -9999.0 -9999.0 -99.000 -99.000 -99.000 -99.000 -99.000 -9999.0 -9999.0 -9999.0 -9999.0 -9999.0
63856 20090704  1.302  -81.46   30.81    31.1    22.6    26.8    27.0     0.0    28.10 R    46.9    20.8    31.1 -9999.0 -9999.0 -9999.0 -99.000 -99.000 -99.000 -99.000 -99.000 -9999.0 -9999.0 -9999.0 -9999.0 -9999.0
63856 20090705  1.302  -81.46   30.81    33.5    23.7    28.6    28.1     0.0    22.96 R    49.1    22.4    31.2 -9999.0 -9999.0 -9999.0 -99.000 -99.000 -99.000 -99.000 -99.000 -9999.0 -9999.0 -9999.0 -9999.0 -9999.0
63856 20090706  1.302  -81.46   30.81    31.1    25.1    28.1    27.1     1.2    11.17 R    42.0    24.6    28.2 -9999.0 -9999.0 -9999.0 -99.000 -99.000 -99.000 -99.000 -99.000 -9999.0 -9999.0 -9999.0 -9999.0 -9999.0
63856 20090707  1.302  -81.46   30.81    29.6    24.2    26.9    25.8     0.0    12.09 R    44.8    23.4    27.5 -9999.0 -9999.0 -9999.0 -99.000 -99.000 -99.000 -99.000 -99.000 -9999.0 -9999.0 -9999.0 -9999.0 -9999.0
63856 20090708  1.302  -81.46   30.81    28.8    23.2    26.0    24.7     3.8     9.29 R    40.2    22.5    25.8 -9999.0 -9999.0 -9999.0 -99.000 -99.000 -99.000 -99.000 -99.000 -9999.0 -9999.0 -9999.0 -9999.0 -9999.0
63856 20090709  1.302  -81.46   30.81    29.1    21.5    25.3    23.4    32.7     9.00 R    41.7    20.6    24.5 -9999.0 -9999.0 -9999.0 -99.000 -99.000 -99.000 -99.000 -99.000 -9999.0 -9999.0 -9999.0 -9999.0 -9999.0
63856 20090710  1.302  -81.46   30.81    27.9    21.0    24.4    24.7     9.0    18.10 R    40.8    20.3    26.6 -9999.0 -9999.0 -9999.0 -99.000 -99.000 -99.000 -99.000 -99.000 -9999.0 -9999.0 -9999.0 -9999.0 -9999.0
63856 20090711  1.302  -81.46   30.81    29.0    25.0    27.0    26.7     0.0    27.77 R    43.7    23.0    30.1 -9999.0 -9999.0 -9999.0 -99.000 -99.000 -99.000 -99.000 -99.000 -9999.0 -9999.0 -9999.0 -9999.0 -9999.0
63856 20090712  1.302  -81.46   30.81    29.3    20.8    25.1    25.6     0.0    28.27 R    44.6    19.9    29.7 -9999.0 -9999.0 -9999.0 -99.000 -99.000 -99.000 -99.000 -99.000 -9999.0 -9999.0 -9999.0 -9999.0 -9999.0
63856 20090713  1.302  -81.46   30.81    33.3    21.9    27.6    26.2    10.5    22.18 R    47.7    20.4    29.3 -9999.0 -9999.0 -9999.0 -99.000 -99.000 -99.000 -99.000 -99.000 -9999.0 -9999.0 -9999.0 -9999.0 -9999.0
63856 20090714  1.302  -81.46   30.81    31.3    23.2    27.2    26.1     7.1    20.63 R    44.1    22.6    28.9 -9999.0 -9999.0 -9999.0 -99.000 -99.000 -99.000 -99.000 -99.000 -9999.0 -9999.0 -9999.0 -9999.0 -9999.0
63856 20090715  1.302  -81.46   30.81    30.3    23.2    26.7    25.8    10.4    16.43 R    43.8    23.0    27.8 -9999.0 -9999.0 -9999.0 -99.000 -99.000 -99.000 -99.000 -99.000 -9999.0 -9999.0 -9999.0 -9999.0 -9999.0
63856 20090716  1.302  -81.46   30.81    33.6    23.5    28.5    28.2     0.0    23.35 R    45.0    23.1    31.0 -9999.0 -9999.0 -9999.0 -99.000 -99.000 -99.000 -99.000 -99.000 -9999.0 -9999.0 -9999.0 -9999.0 -9999.0
63856 20090717  1.302  -81.46   30.81    32.6    23.0    27.8    27.5     5.9    22.56 R    45.5    22.9    29.9 -9999.0 -9999.0 -9999.0 -99.000 -99.000 -99.000 -99.000 -99.000 -9999.0 -9999.0 -9999.0 -9999.0 -9999.0
63856 20090718  1.302  -81.46   30.81    29.9    22.2    26.0    24.6    16.4    12.37 R    42.4    22.5    26.2 -9999.0 -9999.0 -9999.0 -99.000 -99.000 -99.000 -99.000 -99.000 -9999.0 -9999.0 -9999.0 -9999.0 -9999.0
63856 20090719  1.302  -81.46   30.81    30.0    22.9    26.5    25.9     0.0    23.14 R    42.8    22.7    28.9 -9999.0 -9999.0 -9999.0 -99.000 -99.000 -99.000 -99.000 -99.000 -9999.0 -9999.0 -9999.0 -9999.0 -9999.0
63856 20090720  1.302  -81.46   30.81    28.4    23.3    25.8    25.8     0.0    13.77 R    39.8    22.6    27.5 -9999.0 -9999.0 -9999.0 -99.000 -99.000 -99.000 -99.000 -99.000 -9999.0 -9999.0 -9999.0 -9999.0 -9999.0
63856 20090721  1.302  -81.46   30.81    29.2    20.4    24.8    25.9     0.0    27.60 R    43.3    19.7    29.5 -9999.0 -9999.0 -9999.0 -99.000 -99.000 -99.000 -99.000 -99.000 -9999.0 -9999.0 -9999.0 -9999.0 -9999.0
63856 20090722  1.302  -81.46   30.81    29.6    21.1    25.4 -9999.0     0.0    22.54 R    44.9    20.0    29.3 -9999.0 -9999.0 -9999.0 -99.000 -99.000 -99.000 -99.000 -99.000 -9999.0 -9999.0 -9999.0 -9999.0 -9999.0
63856 20090723  1.302  -81.46   30.81    33.5    23.7    28.6    27.8     0.0    25.92 R    48.0    22.6    31.3 -9999.0 -9999.0 -9999.0 -99.000 -99.000 -99.000 -99.000 -99.000 -9999.0 -9999.0 -9999.0 -9999.0 -9999.0
63856 20090724  1.302  -81.46   30.81    32.1    23.9    28.0    27.4     0.0    21.29 R    47.2    22.3    30.2 -9999.0 -9999.0 -9999.0 -99.000 -99.000 -99.000 -99.000 -99.000 -9999.0 -9999.0 -9999.0 -9999.0 -9999.0
63856 20090725  1.302  -81.46   30.81    30.9    20.6    25.7    25.9    13.9    23.25 R    47.5    20.7    29.5 -9999.0 -9999.0 -9999.0 -99.000 -99.000 -99.000 -99.000 -99.000 -9999.0 -9999.0 -9999.0 -9999.0 -9999.0
63856 20090726  1.302  -81.46   30.81    31.5    22.1    26.8    26.4     0.0    26.21 R    45.0    21.0    29.6 -9999.0 -9999.0 -9999.0 -99.000 -99.000 -99.000 -99.000 -99.000 -9999.0 -9999.0 -9999.0 -9999.0 -9999.0
63856 20090727  1.302  -81.46   30.81    30.0    21.7    25.8    25.7    24.4    21.06 R    44.7    22.2    28.5 -9999.0 -9999.0 -9999.0 -99.000 -99.000 -99.000 -99.000 -99.000 -9999.0 -9999.0 -9999.0 -9999.0 -9999.0
63856 20090728  1.302  -81.46   30.81    31.1    21.0    26.1    25.6     6.4    27.00 R    43.8    20.2    29.4 -9999.0 -9999.0 -9999.0 -99.000 -99.000 -99.000 -99.000 -99.000 -9999.0 -9999.0 -9999.0 -9999.0 -9999.0
63856 20090729  1.302  -81.46   30.81    31.5    23.3    27.4    25.7     4.8    19.36 R    43.6    22.5    28.1 -9999.0 -9999.0 -9999.0 -99.000 -99.000 -99.000 -99.000 -99.000 -9999.0 -9999.0 -9999.0 -9999.0 -9999.0
63856 20090730  1.302  -81.46   30.81    31.9    23.2    27.6    26.0     0.6    22.61 R    42.9    22.7    29.1 -9999.0 -9999.0 -9999.0 -99.000 -99.000 -99.000 -99.000 -99.000 -9999.0 -9999.0 -9999.0 -9999.0 -9999.0
63856 20090731  1.302  -81.46   30.81    31.5    23.1    27.3    26.3     2.4    18.97 R    43.7    23.4    28.9 -9999.0 -9999.0 -9999.0 -99.000 -99.000 -99.000 -99.000 -99.000 -9999.0 -9999.0 -9999.0 -9999.0 -9999.0
63856 20090801  1.302  -81.46   30.81    30.9    23.3    27.1    25.9     0.7    18.78 R    42.7    22.8    28.9 -9999.0 -9999.0 -9999.0 -99.000 -99.000 -99.000 -99.000 -99.000 -9999.0 -9999.0 -9999.0 -9999.0 -9999.0
63856 20090802  1.302  -81.46   30.81    31.1    23.7    27.4    25.6    12.6    17.61 R    43.0    23.2    28.0 -9999.0 -9999.0 -9999.0 -99.000 -99.000 -99.000 -99.000 -99.000 -9999.0 -9999.0 -9999.0 -9999.0 -9999.0
63856 20090803  1.302  -81.46   30.81    30.7    23.5    27.1    25.9    11.9    14.76 R    41.5    23.1    27.7 -9999.0 -9999.0 -9999.0 -99.000 -99.000 -99.000 -99.000 -99.000 -9999.0 -9999.0 -9999.0 -9999.0 -9999.0
63856 20090804  1.302  -81.46   30.81    32.0    22.1    27.0    25.8    17.5    21.00 R    43.3    22.3    28.3 -9999.0 -9999.0 -9999.0 -99.000 -99.000 -99.000 -99.000 -99.000 -9999.0 -9999.0 -9999.0 -9999.0 -9999.0
63856 20090805  1.302  -81.46   30.81    30.3    21.1    25.7    24.0    56.8    14.71 R    42.0    20.3    25.5 -9999.0 -9999.0 -9999.0 -99.000 -99.000 -99.000 -99.000 -99.000 -9999.0 -9999.0 -9999.0 -9999.0 -9999.0
63856 20090806  1.302  -81.46   30.81    30.8    21.1    25.9    25.3     0.0    23.79 R    41.8    20.5    28.2 -9999.0 -9999.0 -9999.0 -99.000 -99.000 -99.000 -99.000 -99.000 -9999.0 -9999.0 -9999.0 -9999.0 -9999.0
63856 20090807  1.302  -81.46   30.81    28.9    21.5    25.2    25.1     0.0    18.71 R    40.5    21.1    27.7 -9999.0 -9999.0 -9999.0 -99.000 -99.000 -99.000 -99.000 -99.000 -9999.0 -9999.0 -9999.0 -9999.0 -9999.0
63856 20090808  1.302  -81.46   30.81    29.7    21.5    25.6    25.9     0.0    26.11 R    42.9    20.9    29.5 -9999.0 -9999.0 -9999.0 -99.000 -99.000 -99.000 -99.000 -99.000 -9999.0 -9999.0 -9999.0 -9999.0 -9999.0
63856 20090809  1.302  -81.46   30.81    29.7    21.7    25.7    26.0     0.0    24.27 R    43.2    20.8    29.2 -9999.0 -9999.0 -9999.0 -99.000 -99.000 -99.000 -99.000 -99.000 -9999.0 -9999.0 -9999.0 -9999.0 -9999.0
63856 20090810  1.302  -81.46   30.81    30.9    20.8    25.8    26.1     0.0    24.63 R    44.6    19.8    29.4 -9999.0 -9999.0 -9999.0 -99.000 -99.000 -99.000 -99.000 -99.000 -9999.0 -9999.0 -9999.0 -9999.0 -9999.0
63856 20090811  1.302  -81.46   30.81    35.0    24.5    29.7    28.3     0.0    23.76 R    46.7    22.6    31.3 -9999.0 -9999.0 -9999.0 -99.000 -99.000 -99.000 -99.000 -99.000 -9999.0 -9999.0 -9999.0 -9999.0 -9999.0
63856 20090812  1.302  -81.46   30.81    33.6    22.9    28.2    27.7    18.8    19.14 R    46.8    22.9    30.4 -9999.0 -9999.0 -9999.0 -99.000 -99.000 -99.000 -99.000 -99.000 -9999.0 -9999.0 -9999.0 -9999.0 -9999.0
63856 20090813  1.302  -81.46   30.81    29.6    23.2    26.4    25.5     1.8    12.03 R    41.7    23.2    27.1 -9999.0 -9999.0 -9999.0 -99.000 -99.000 -99.000 -99.000 -99.000 -9999.0 -9999.0 -9999.0 -9999.0 -9999.0
63856 20090814  1.302  -81.46   30.81    30.2    23.1    26.6    25.3     9.9     8.84 R    40.0    22.6    26.3 -9999.0 -9999.0 -9999.0 -99.000 -99.000 -99.000 -99.000 -99.000 -9999.0 -9999.0 -9999.0 -9999.0 -9999.0
63856 20090815  1.302  -81.46   30.81    29.1    23.6    26.3    26.5     0.0    21.13 R    42.8    23.0    29.0 -9999.0 -9999.0 -9999.0 -99.000 -99.000 -99.000 -99.000 -99.000 -9999.0 -9999.0 -9999.0 -9999.0 -9999.0
63856 20090816  1.302  -81.46   30.81    30.3    26.4    28.3    27.9     0.0    22.73 R    42.8    25.0    30.6 -9999.0 -9999.0 -9999.0 -99.000 -99.000 -99.000 -99.000 -99.000 -9999.0 -9999.0 -9999.0 -9999.0 -9999.0
63856 20090817  1.302  -81.46   30.81    30.8    27.0    28.9    28.1     0.0    18.10 R    45.2    25.6    30.2 -9999.0 -9999.0 -9999.0 -99.000 -99.000 -99.000 -99.000 -99.000 -9999.0 -9999.0 -9999.0 -9999.0 -9999.0
63856 20090818  1.302  -81.46   30.81    30.5    26.7    28.6    28.2     0.0    24.77 R    44.0    25.0    31.2 -9999.0 -9999.0 -9999.0 -99.000 -99.000 -99.000 -99.000 -99.000 -9999.0 -9999.0 -9999.0 -9999.0 -9999.0
63856 20090819  1.302  -81.46   30.81    30.9    25.3    28.1    28.3     0.0    24.34 R    45.0    24.1    31.6 -9999.0 -9999.0 -9999.0 -99.000 -99.000 -99.000 -99.000 -99.000 -9999.0 -9999.0 -9999.0 -9999.0 -9999.0
63856 20090820  1.302  -81.46   30.81    30.9    25.0    27.9    27.7     0.0    18.56 R    46.5    23.9    30.3 -9999.0 -9999.0 -9999.0 -99.000 -99.000 -99.000 -99.000 -99.000 -9999.0 -9999.0 -9999.0 -9999.0 -9999.0
63856 20090821  1.302  -81.46   30.81    30.8    23.4    27.1    26.2     2.6    17.67 R    45.8    22.7    28.9 -9999.0 -9999.0 -9999.0 -99.000 -99.000 -99.000 -99.000 -99.000 -9999.0 -9999.0 -9999.0 -9999.0 -9999.0
63856 20090822  1.302  -81.46   30.81    29.6    22.8    26.2    25.0     3.9    11.01 R    41.2    22.2    26.6 -9999.0 -9999.0 -9999.0 -99.000 -99.000 -99.000 -99.000 -99.000 -9999.0 -9999.0 -9999.0 -9999.0 -9999.0
63856 20090823  1.302  -81.46   30.81    30.9    21.1    26.0    25.6     0.0    25.20 R    44.1    19.8    28.0 -9999.0 -9999.0 -9999.0 -99.000 -99.000 -99.000 -99.000 -99.000 -9999.0 -9999.0 -9999.0 -9999.0 -9999.0
63856 20090824  1.302  -81.46   30.81    30.7    19.6    25.2    25.1     0.0    25.63 R    44.8    18.2    27.9 -9999.0 -9999.0 -9999.0 -99.000 -99.000 -99.000 -99.000 -99.000 -9999.0 -9999.0 -9999.0 -9999.0 -9999.0
63856 20090825  1.302  -81.46   30.81    30.4    22.6    26.5    26.7     0.0    22.42 R    47.7    21.7    30.2 -9999.0 -9999.0 -9999.0 -99.000 -99.000 -99.000 -99.000 -99.000 -9999.0 -9999.0 -9999.0 -9999.0 -9999.0
63856 20090826  1.302  -81.46   30.81    29.8    22.9    26.4    26.3     0.0    12.96 R    44.9    22.0    28.1 -9999.0 -9999.0 -9999.0 -99.000 -99.000 -99.000 -99.000 -99.000 -9999.0 -9999.0 -9999.0 -9999.0 -9999.0
63856 20090827  1.302  -81.46   30.81    26.9    22.1    24.5    25.3    54.6     8.13 R    32.8    22.1    25.9 -9999.0 -9999.0 -9999.0 -99.000 -99.000 -99.000 -99.000 -99.000 -9999.0 -9999.0 -9999.0 -9999.0 -9999.0
63856 20090828  1.302  -81.46   30.81    29.4    21.0    25.2    25.2     0.3    12.80 R    38.1    20.7    26.5 -9999.0 -9999.0 -9999.0 -99.000 -99.000 -99.000 -99.000 -99.000 -9999.0 -9999.0 -9999.0 -9999.0 -9999.0
63856 20090829  1.302  -81.46   30.81    31.3    20.8    26.1    25.8     0.0    20.73 R    44.2    19.8    28.1 -9999.0 -9999.0 -9999.0 -99.000 -99.000 -99.000 -99.000 -99.000 -9999.0 -9999.0 -9999.0 -9999.0 -9999.0
63856 20090830  1.302  -81.46   30.81    30.2    22.4    26.3    26.4     2.5    23.99 R    42.6    21.3    29.6 -9999.0 -9999.0 -9999.0 -99.000 -99.000 -99.000 -99.000 -99.000 -9999.0 -9999.0 -9999.0 -9999.0 -9999.0
63856 20090831  1.302  -81.46   30.81    31.3    23.4    27.3    26.2     0.0    13.48 R    41.3    22.7    27.9 -9999.0 -9999.0 -9999.0 -99.000 -99.000 -99.000 -99.000 -99.000 -9999.0 -9999.0 -9999.0 -9999.0 -9999.0
63856 20090901  1.302  -81.46   30.81    28.7    22.7    25.7    25.3    30.0     9.63 R    42.0    22.2    26.5 -9999.0 -9999.0 -9999.0 -99.000 -99.000 -99.000 -99.000 -99.000 -9999.0 -9999.0 -9999.0 -9999.0 -9999.0
63856 20090902  1.302  -81.46   30.81    25.8    23.0    24.4    24.4     7.1     2.74 R    26.2    22.6    24.2 -9999.0 -9999.0 -9999.0 -99.000 -99.000 -99.000 -99.000 -99.000 -9999.0 -9999.0 -9999.0 -9999.0 -9999.0
63856 20090903  1.302  -81.46   30.81    27.1    21.4    24.3    24.6     0.0    13.55 R    38.7    21.5    25.9 -9999.0 -9999.0 -9999.0 -99.000 -99.000 -99.000 -99.000 -99.000 -9999.0 -9999.0 -9999.0 -9999.0 -9999.0
63856 20090904  1.302  -81.46   30.81    28.6    22.5    25.5    25.5     0.0    18.97 R    40.5    21.9    27.5 -9999.0 -9999.0 -9999.0 -99.000 -99.000 -99.000 -99.000 -99.000 -9999.0 -9999.0 -9999.0 -9999.0 -9999.0
63856 20090905  1.302  -81.46   30.81    29.1    22.7    25.9    25.8     3.9    21.69 R    43.0    21.6    28.2 -9999.0 -9999.0 -9999.0 -99.000 -99.000 -99.000 -99.000 -99.000 -9999.0 -9999.0 -9999.0 -9999.0 -9999.0
63856 20090906  1.302  -81.46   30.81    28.8    23.0    25.9    25.9     0.0    23.07 R    41.6    22.2    28.4 -9999.0 -9999.0 -9999.0 -99.000 -99.000 -99.000 -99.000 -99.000 -9999.0 -9999.0 -9999.0 -9999.0 -9999.0
63856 20090907  1.302  -81.46   30.81    28.8    21.1    25.0    24.3     0.0    15.38 R    39.8    20.3    26.2 -9999.0 -9999.0 -9999.0 -99.000 -99.000 -99.000 -99.000 -99.000 -9999.0 -9999.0 -9999.0 -9999.0 -9999.0
63856 20090908  1.302  -81.46   30.81    28.7    19.6    24.1    24.8     0.0    23.68 R    41.6    17.8    27.3 -9999.0 -9999.0 -9999.0 -99.000 -99.000 -99.000 -99.000 -99.000 -9999.0 -9999.0 -9999.0 -9999.0 -9999.0
63856 20090909  1.302  -81.46   30.81    28.8    20.3    24.5    25.3     0.0    22.82 R    42.3    18.9    28.0 -9999.0 -9999.0 -9999.0 -99.000 -99.000 -99.000 -99.000 -99.000 -9999.0 -9999.0 -9999.0 -9999.0 -9999.0
63856 20090910  1.302  -81.46   30.81    29.2    24.4    26.8    26.2     0.2    21.84 R    43.2    22.4    28.7 -9999.0 -9999.0 -9999.0 -99.000 -99.000 -99.000 -99.000 -99.000 -9999.0 -9999.0 -9999.0 -9999.0 -9999.0
63856 20090911  1.302  -81.46   30.81    28.2    24.6    26.4    25.9     0.0    19.34 R    42.3    22.4    28.1 -9999.0 -9999.0 -9999.0 -99.000 -99.000 -99.000 -99.000 -99.000 -9999.0 -9999.0 -9999.0 -9999.0 -9999.0
63856 20090912  1.302  -81.46   30.81    27.5    22.4    25.0    25.0    66.7     9.55 R    35.0    22.3    25.9 -9999.0 -9999.0 -9999.0 -99.000 -99.000 -99.000 -99.000 -99.000 -9999.0 -9999.0 -9999.0 -9999.0 -9999.0
63856 20090913  1.302  -81.46   30.81    28.8    22.6    25.7    25.2     0.6    15.56 R    39.3    22.5    27.1 -9999.0 -9999.0 -9999.0 -99.000 -99.000 -99.000 -99.000 -99.000 -9999.0 -9999.0 -9999.0 -9999.0 -9999.0
63856 20090914  1.302  -81.46   30.81    29.0    22.1    25.5    25.8     0.0    18.93 R    40.5    21.3    27.6 -9999.0 -9999.0 -9999.0 -99.000 -99.000 -99.000 -99.000 -99.000 -9999.0 -9999.0 -9999.0 -9999.0 -9999.0
63856 20090915  1.302  -81.46   30.81    29.3    23.1    26.2    26.2     0.0    16.10 R    42.8    22.9    28.1 -9999.0 -9999.0 -9999.0 -99.000 -99.000 -99.000 -99.000 -99.000 -9999.0 -9999.0 -9999.0 -9999.0 -9999.0
63856 20090916  1.302  -81.46   30.81    29.6    21.7    25.7    26.3     0.0    20.37 R    42.0    20.8    28.6 -9999.0 -9999.0 -9999.0 -99.000 -99.000 -99.000 -99.000 -99.000 -9999.0 -9999.0 -9999.0 -9999.0 -9999.0
63856 20090917  1.302  -81.46   30.81    27.5    23.4    25.5    25.8     0.0     8.04 R    35.7    22.8    26.7 -9999.0 -9999.0 -9999.0 -99.000 -99.000 -99.000 -99.000 -99.000 -9999.0 -9999.0 -9999.0 -9999.0 -9999.0
63856 20090918  1.302  -81.46   30.81    30.3    23.1    26.7    26.7     0.0    13.10 R    43.2    22.7    27.7 -9999.0 -9999.0 -9999.0 -99.000 -99.000 -99.000 -99.000 -99.000 -9999.0 -9999.0 -9999.0 -9999.0 -9999.0
63856 20090919  1.302  -81.46   30.81    29.8    23.7    26.7    27.0     0.0    20.86 R    42.4    22.3    29.2 -9999.0 -9999.0 -9999.0 -99.000 -99.000 -99.000 -99.000 -99.000 -9999.0 -9999.0 -9999.0 -9999.0 -9999.0
63856 20090920  1.302  -81.46   30.81    29.8    24.3    27.1    26.7     3.8    16.25 R    40.1    23.4    28.0 -9999.0 -9999.0 -9999.0 -99.000 -99.000 -99.000 -99.000 -99.000 -9999.0 -9999.0 -9999.0 -9999.0 -9999.0
63856 20090921  1.302  -81.46   30.81    29.9    22.9    26.4    26.8     7.1    18.76 R    41.2    22.8    28.6 -9999.0 -9999.0 -9999.0 -99.000 -99.000 -99.000 -99.000 -99.000 -9999.0 -9999.0 -9999.0 -9999.0 -9999.0
63856 20090922  1.302  -81.46   30.81    29.7    23.5    26.6    26.5     0.0    21.15 R    40.5    22.9    28.8 -9999.0 -9999.0 -9999.0 -99.000 -99.000 -99.000 -99.000 -99.000 -9999.0 -9999.0 -9999.0 -9999.0 -9999.0
63856 20090923  1.302  -81.46   30.81    29.3    23.9    26.6    26.3     3.7    19.46 R    40.3    23.1    28.7 -9999.0 -9999.0 -9999.0 -99.000 -99.000 -99.000 -99.000 -99.000 -9999.0 -9999.0 -9999.0 -9999.0 -9999.0
63856 20090924  1.302  -81.46   30.81    30.0    23.3    26.7    27.0     0.0    19.41 R    40.8    22.8    29.0 -9999.0 -9999.0 -9999.0 -99.000 -99.000 -99.000 -99.000 -99.000 -9999.0 -9999.0 -9999.0 -9999.0 -9999.0
63856 20090925  1.302  -81.46   30.81    29.9    22.1    26.0    26.8     0.0    21.80 R    41.5    21.5    29.1 -9999.0 -9999.0 -9999.0 -99.000 -99.000 -99.000 -99.000 -99.000 -9999.0 -9999.0 -9999.0 -9999.0 -9999.0
63856 20090926  1.302  -81.46   30.81    29.9    21.0    25.4    26.5     0.0    19.92 R    41.8    20.0    28.6 -9999.0 -9999.0 -9999.0 -99.000 -99.000 -99.000 -99.000 -99.000 -9999.0 -9999.0 -9999.0 -9999.0 -9999.0
63856 20090927  1.302  -81.46   30.81    29.8    22.2    26.0    25.9     0.0    15.06 R    40.8    19.1    26.7 -9999.0 -9999.0 -9999.0 -99.000 -99.000 -99.000 -99.000 -99.000 -9999.0 -9999.0 -9999.0 -9999.0 -9999.0
63856 20090928  1.302  -81.46   30.81    31.5    18.7    25.1    25.5     0.0    21.48 R    42.0    15.7    26.6 -9999.0 -9999.0 -9999.0 -99.000 -99.000 -99.000 -99.000 -99.000 -9999.0 -9999.0 -9999.0 -9999.0 -9999.0
63856 20090929  1.302  -81.46   30.81    27.8    14.9    21.4    22.8     0.0    21.31 R    39.6    11.1    24.2 -9999.0 -9999.0 -9999.0 -99.000 -99.000 -99.000 -99.000 -99.000 -9999.0 -9999.0 -9999.0 -9999.0 -9999.0
63856 20090930  1.302  -81.46   30.81    26.1    12.7    19.4    18.7     0.0    19.96 R    39.3     9.3    20.5 -9999.0 -9999.0 -9999.0 -99.000 -99.000 -99.000 -99.000 -99.000 -9999.0 -9999.0 -9999.0 -9999.0 -9999.0
63856 20091001  1.302  -81.46   30.81    26.7    13.9    20.3    21.3     0.0    20.87 R    41.7    11.6    23.5 -9999.0 -9999.0 -9999.0 -99.000 -99.000 -99.000 -99.000 -99.000 -9999.0 -9999.0 -9999.0 -9999.0 -9999.0
63856 20091002  1.302  -81.46   30.81    28.9    16.0    22.5    22.7     0.0    16.81 R    42.8    13.7    24.4 -9999.0 -9999.0 -9999.0 -99.000 -99.000 -99.000 -99.000 -99.000 -9999.0 -9999.0 -9999.0 -9999.0 -9999.0
63856 20091003  1.302  -81.46   30.81    30.2    18.9    24.5    23.6     0.0    19.68 R    42.6    16.3    25.3 -9999.0 -9999.0 -9999.0 -99.000 -99.000 -99.000 -99.000 -99.000 -9999.0 -9999.0 -9999.0 -9999.0 -9999.0
63856 20091004  1.302  -81.46   30.81    27.3    18.4    22.9    23.8     0.0     9.98 R    39.7    17.2    24.4 -9999.0 -9999.0 -9999.0 -99.000 -99.000 -99.000 -99.000 -99.000 -9999.0 -9999.0 -9999.0 -9999.0 -9999.0
63856 20091005  1.302  -81.46   30.81    26.2    22.6    24.4    24.4     4.2     3.92 R    28.9    21.5    24.4 -9999.0 -9999.0 -9999.0 -99.000 -99.000 -99.000 -99.000 -99.000 -9999.0 -9999.0 -9999.0 -9999.0 -9999.0
63856 20091006  1.302  -81.46   30.81    27.1    21.0    24.1    23.2     0.0    10.37 R    37.7    20.6    25.1 -9999.0 -9999.0 -9999.0 -99.000 -99.000 -99.000 -99.000 -99.000 -9999.0 -9999.0 -9999.0 -9999.0 -9999.0
63856 20091007  1.302  -81.46   30.81    33.0    21.6    27.3    26.7     0.0    16.03 R    42.4    20.7    28.1 -9999.0 -9999.0 -9999.0 -99.000 -99.000 -99.000 -99.000 -99.000 -9999.0 -9999.0 -9999.0 -9999.0 -9999.0
63856 20091008  1.302  -81.46   30.81    28.8    23.5    26.1    25.9     0.0    18.99 R    41.5    22.1    28.1 -9999.0 -9999.0 -9999.0 -99.000 -99.000 -99.000 -99.000 -99.000 -9999.0 -9999.0 -9999.0 -9999.0 -9999.0
63856 20091009  1.302  -81.46   30.81    31.8    21.6    26.7    26.7     0.0    18.11 R    44.2    20.4    29.0 -9999.0 -9999.0 -9999.0 -99.000 -99.000 -99.000 -99.000 -99.000 -9999.0 -9999.0 -9999.0 -9999.0 -9999.0
63856 20091010  1.302  -81.46   30.81    33.8    24.2    29.0    27.6     0.3    18.04 R    45.4    22.0    29.6 -9999.0 -9999.0 -9999.0 -99.000 -99.000 -99.000 -99.000 -99.000 -9999.0 -9999.0 -9999.0 -9999.0 -9999.0
63856 20091011  1.302  -81.46   30.81    29.2    22.5    25.8    26.0     0.0    16.73 R    41.8    21.3    28.1 -9999.0 -9999.0 -9999.0 -99.000 -99.000 -99.000 -99.000 -99.000 -9999.0 -9999.0 -9999.0 -9999.0 -9999.0
63856 20091012  1.302  -81.46   30.81    30.8    22.2    26.5    26.8     5.2    13.26 R    44.6    21.7    28.7 -9999.0 -9999.0 -9999.0 -99.000 -99.000 -99.000 -99.000 -99.000 -9999.0 -9999.0 -9999.0 -9999.0 -9999.0
63856 20091013  1.302  -81.46   30.81    23.3    20.1    21.7    21.5     0.0     3.40 R    26.6    19.8    22.4 -9999.0 -9999.0 -9999.0 -99.000 -99.000 -99.000 -99.000 -99.000 -9999.0 -9999.0 -9999.0 -9999.0 -9999.0
63856 20091014  1.302  -81.46   30.81    27.6    20.1    23.8    23.5     0.0     7.10 R    32.9    19.6    24.4 -9999.0 -9999.0 -9999.0 -99.000 -99.000 -99.000 -99.000 -99.000 -9999.0 -9999.0 -9999.0 -9999.0 -9999.0
63856 20091015  1.302  -81.46   30.81    26.4    20.5    23.4    23.5     0.3     8.16 R    36.5    20.3    25.3 -9999.0 -9999.0 -9999.0 -99.000 -99.000 -99.000 -99.000 -99.000 -9999.0 -9999.0 -9999.0 -9999.0 -9999.0
63856 20091016  1.302  -81.46   30.81    28.7    14.9    21.8    22.5     2.6     9.04 R    37.3    14.7    23.1 -9999.0 -9999.0 -9999.0 -99.000 -99.000 -99.000 -99.000 -99.000 -9999.0 -9999.0 -9999.0 -9999.0 -9999.0
63856 20091017  1.302  -81.46   30.81    19.3    10.6    14.9    14.0     0.0    17.91 R    29.8    10.2    16.3 -9999.0 -9999.0 -9999.0 -99.000 -99.000 -99.000 -99.000 -99.000 -9999.0 -9999.0 -9999.0 -9999.0 -9999.0
63856 20091018  1.302  -81.46   30.81    16.9     8.9    12.9    11.6     0.0    16.27 R    30.2     6.5    13.3 -9999.0 -9999.0 -9999.0 -99.000 -99.000 -99.000 -99.000 -99.000 -9999.0 -9999.0 -9999.0 -9999.0 -9999.0
63856 20091019  1.302  -81.46   30.81    17.7     8.0    12.9    12.0     0.0    19.28 R    31.0     6.4    13.8 -9999.0 -9999.0 -9999.0 -99.000 -99.000 -99.000 -99.000 -99.000 -9999.0 -9999.0 -9999.0 -9999.0 -9999.0
63856 20091020  1.302  -81.46   30.81    22.3     8.6    15.5    16.1     0.0    18.63 R    35.6     5.8    16.9 -9999.0 -9999.0 -9999.0 -99.000 -99.000 -99.000 -99.000 -99.000 -9999.0 -9999.0 -9999.0 -9999.0 -9999.0
63856 20091021  1.302  -81.46   30.81    25.2    10.7    18.0    18.8     0.0    17.22 R    38.2     8.6    19.6 -9999.0 -9999.0 -9999.0 -99.000 -99.000 -99.000 -99.000 -99.000 -9999.0 -9999.0 -9999.0 -9999.0 -9999.0
63856 20091022  1.302  -81.46   30.81    27.0    12.9    19.9    21.2     0.0    18.08 R    40.7    11.0    22.4 -9999.0 -9999.0 -9999.0 -99.000 -99.000 -99.000 -99.000 -99.000 -9999.0 -9999.0 -9999.0 -9999.0 -9999.0
63856 20091023  1.302  -81.46   30.81    27.8    18.7    23.3    23.5     0.0    15.05 R    41.1    16.3    25.0 -9999.0 -9999.0 -9999.0 -99.000 -99.000 -99.000 -99.000 -99.000 -9999.0 -9999.0 -9999.0 -9999.0 -9999.0
63856 20091024  1.302  -81.46   30.81    27.5    15.5    21.5    22.9     0.0     9.50 R    41.0    14.7    23.9 -9999.0 -9999.0 -9999.0 -99.000 -99.000 -99.000 -99.000 -99.000 -9999.0 -9999.0 -9999.0 -9999.0 -9999.0
63856 20091025  1.302  -81.46   30.81    22.3     9.6    15.9    15.9     0.0    14.97 R    35.3     7.9    17.4 -9999.0 -9999.0 -9999.0 -99.000 -99.000 -99.000 -99.000 -99.000 -9999.0 -9999.0 -9999.0 -9999.0 -9999.0
63856 20091026  1.302  -81.46   30.81    23.4    12.9    18.1    19.7     0.0     7.40 R    34.1    11.4    21.1 -9999.0 -9999.0 -9999.0 -99.000 -99.000 -99.000 -99.000 -99.000 -9999.0 -9999.0 -9999.0 -9999.0 -9999.0
63856 20091027  1.302  -81.46   30.81    27.0    20.9    23.9    23.4    21.9     8.92 R    36.4    20.7    24.6 -9999.0 -9999.0 -9999.0 -99.000 -99.000 -99.000 -99.000 -99.000 -9999.0 -9999.0 -9999.0 -9999.0 -9999.0
63856 20091028  1.302  -81.46   30.81    29.6    20.4    25.0    23.9     0.0     9.46 R    36.5    19.5    24.7 -9999.0 -9999.0 -9999.0 -99.000 -99.000 -99.000 -99.000 -99.000 -9999.0 -9999.0 -9999.0 -9999.0 -9999.0
63856 20091029  1.302  -81.46   30.81    25.4    19.7    22.5    22.7     0.0    10.34 R    33.4    18.9    23.7 -9999.0 -9999.0 -9999.0 -99.000 -99.000 -99.000 -99.000 -99.000 -9999.0 -9999.0 -9999.0 -9999.0 -9999.0
63856 20091030  1.302  -81.46   30.81    27.3    21.7    24.5    23.8     0.0    11.00 R    39.3    19.2    24.9 -9999.0 -9999.0 -9999.0 -99.000 -99.000 -99.000 -99.000 -99.000 -9999.0 -9999.0 -9999.0 -9999.0 -9999.0
63856 20091031  1.302  -81.46   30.81    27.1    18.0    22.6    23.3     0.0    16.06 R    37.5    16.7    24.6 -9999.0 -9999.0 -9999.0 -99.000 -99.000 -99.000 -99.000 -99.000 -9999.0 -9999.0 -9999.0 -9999.0 -9999.0
63856 20091101  1.302  -81.46   30.81    24.1    13.8    18.9    18.9     0.0    15.95 R    34.5    11.7    20.3 -9999.0 -9999.0 -9999.0 -99.000 -99.000 -99.000 -99.000 -99.000 -9999.0 -9999.0 -9999.0 -9999.0 -9999.0
63856 20091102  1.302  -81.46   30.81    20.8    11.5    16.1    15.6     0.0    12.27 R    33.1     8.2    16.9 -9999.0 -9999.0 -9999.0 -99.000 -99.000 -99.000 -99.000 -99.000 -9999.0 -9999.0 -9999.0 -9999.0 -9999.0
63856 20091103  1.302  -81.46   30.81    20.8    10.8    15.8    15.6     0.0    14.05 R    32.9     8.1    15.9 -9999.0 -9999.0 -9999.0 -99.000 -99.000 -99.000 -99.000 -99.000 -9999.0 -9999.0 -9999.0 -9999.0 -9999.0
63856 20091104  1.302  -81.46   30.81    24.3    11.1    17.7    16.9     0.0    13.68 R    37.2     7.9    16.4 -9999.0 -9999.0 -9999.0 -99.000 -99.000 -99.000 -99.000 -99.000 -9999.0 -9999.0 -9999.0 -9999.0 -9999.0
63856 20091105  1.302  -81.46   30.81 -9999.0 -9999.0 -9999.0 -9999.0 -9999.0 -9999.00 U -9999.0 -9999.0 -9999.0 -9999.0 -9999.0 -9999.0 -99.000 -99.000 -99.000 -99.000 -99.000 -9999.0 -9999.0 -9999.0 -9999.0 -9999.0
63856 20091106  1.302  -81.46   30.81    22.1     8.4    15.2    15.8     0.0    16.34 R    34.1     2.0    14.6 -9999.0 -9999.0 -9999.0 -99.000 -99.000 -99.000 -99.000 -99.000 -9999.0 -9999.0 -9999.0 -9999.0 -9999.0
63856 20091107  1.302  -81.46   30.81    23.0    10.6    16.8    17.6     0.0    15.70 R    35.0     7.0    17.5 -9999.0 -9999.0 -9999.0 -99.000 -99.000 -99.000 -99.000 -99.000 -9999.0 -9999.0 -9999.0 -9999.0 -9999.0
63856 20091108  1.302  -81.46   30.81    24.8    13.5    19.1    20.0     0.0    13.65 R    38.5     9.3    20.1 -9999.0 -9999.0 -9999.0 -99.000 -99.000 -99.000 -99.000 -99.000 -9999.0 -9999.0 -9999.0 -9999.0 -9999.0
63856 20091109  1.302  -81.46   30.81    24.8    20.5    22.7    22.4     0.5     8.48 R    33.7    18.2    22.8 -9999.0 -9999.0 -9999.0 -99.000 -99.000 -99.000 -99.000 -99.000 -9999.0 -9999.0 -9999.0 -9999.0 -9999.0
63856 20091110  1.302  -81.46   30.81    24.2    21.4    22.8    22.4     3.9     5.51 R    29.4    20.1    22.4 -9999.0 -9999.0 -9999.0 -99.000 -99.000 -99.000 -99.000 -99.000 -9999.0 -9999.0 -9999.0 -9999.0 -9999.0
63856 20091111  1.302  -81.46   30.81    25.3    13.0    19.2    20.0    10.2     6.50 R    31.7    13.3    20.5 -9999.0 -9999.0 -9999.0 -99.000 -99.000 -99.000 -99.000 -99.000 -9999.0 -9999.0 -9999.0 -9999.0 -9999.0
63856 20091112  1.302  -81.46   30.81    13.8    11.0    12.4    12.5     0.0     3.89 R    16.6     8.5    12.7 -9999.0 -9999.0 -9999.0 -99.000 -99.000 -99.000 -99.000 -99.000 -9999.0 -9999.0 -9999.0 -9999.0 -9999.0
63856 20091113  1.302  -81.46   30.81    22.2    10.8    16.5    15.2     0.0    15.02 R    29.6     7.8    15.1 -9999.0 -9999.0 -9999.0 -99.000 -99.000 -99.000 -99.000 -99.000 -9999.0 -9999.0 -9999.0 -9999.0 -9999.0
63856 20091114  1.302  -81.46   30.81    25.2    10.4    17.8    16.1     0.0    15.35 R    34.4     6.3    15.2 -9999.0 -9999.0 -9999.0 -99.000 -99.000 -99.000 -99.000 -99.000 -9999.0 -9999.0 -9999.0 -9999.0 -9999.0
63856 20091115  1.302  -81.46   30.81    23.8     9.5    16.6    15.7     0.0    15.20 R    36.0     5.6    15.3 -9999.0 -9999.0 -9999.0 -99.000 -99.000 -99.000 -99.000 -99.000 -9999.0 -9999.0 -9999.0 -9999.0 -9999.0
63856 20091116  1.302  -81.46   30.81    23.8     9.2    16.5    16.4     0.0    15.10 R    35.9     5.5    16.2 -9999.0 -9999.0 -9999.0 -99.000 -99.000 -99.000 -99.000 -99.000 -9999.0 -9999.0 -9999.0 -9999.0 -9999.0
63856 20091117  1.302  -81.46   30.81    23.1    11.4    17.3    17.8     0.0    12.69 R    34.7     8.9    18.5 -9999.0 -9999.0 -9999.0 -99.000 -99.000 -99.000 -99.000 -99.000 -9999.0 -9999.0 -9999.0 -9999.0 -9999.0
63856 20091118  1.302  -81.46   30.81    23.2    15.7    19.4    19.4     0.0     7.67 R    34.0    13.1    19.4 -9999.0 -9999.0 -9999.0 -99.000 -99.000 -99.000 -99.000 -99.000 -9999.0 -9999.0 -9999.0 -9999.0 -9999.0
63856 20091119  1.302  -81.46   30.81    20.9    13.2    17.0    17.6     0.0     5.75 R    30.6    11.9    18.5 -9999.0 -9999.0 -9999.0 -99.000 -99.000 -99.000 -99.000 -99.000 -9999.0 -9999.0 -9999.0 -9999.0 -9999.0
63856 20091120  1.302  -81.46   30.81    21.5    10.3    15.9    16.1     0.0    12.90 R    35.6     6.8    16.5 -9999.0 -9999.0 -9999.0 -99.000 -99.000 -99.000 -99.000 -99.000 -9999.0 -9999.0 -9999.0 -9999.0 -9999.0
63856 20091121  1.302  -81.46   30.81    20.1    11.3    15.7    15.7     0.0    11.64 R    31.9     7.1    16.1 -9999.0 -9999.0 -9999.0 -99.000 -99.000 -99.000 -99.000 -99.000 -9999.0 -9999.0 -9999.0 -9999.0 -9999.0
63856 20091122  1.302  -81.46   30.81    23.4    16.6    20.0    19.4     0.0     4.49 R    29.7    14.3    19.5 -9999.0 -9999.0 -9999.0 -99.000 -99.000 -99.000 -99.000 -99.000 -9999.0 -9999.0 -9999.0 -9999.0 -9999.0
63856 20091123  1.302  -81.46   30.81    19.0    15.0    17.0    16.5     0.0     5.04 R    25.1    12.0    18.0 -9999.0 -9999.0 -9999.0 -99.000 -99.000 -99.000 -99.000 -99.000 -9999.0 -9999.0 -9999.0 -9999.0 -9999.0
63856 20091124  1.302  -81.46   30.81    17.7    14.8    16.2    16.0     0.0     3.34 R    23.2    15.1    17.3 -9999.0 -9999.0 -9999.0 -99.000 -99.000 -99.000 -99.000 -99.000 -9999.0 -9999.0 -9999.0 -9999.0 -9999.0
63856 20091125  1.302  -81.46   30.81    15.9    11.6    13.7    14.2     7.0     1.73 R    16.1    10.0    14.3 -9999.0 -9999.0 -9999.0 -99.000 -99.000 -99.000 -99.000 -99.000 -9999.0 -9999.0 -9999.0 -9999.0 -9999.0
63856 20091126  1.302  -81.46   30.81    19.0     9.3    14.1    13.3     0.0    14.10 R    27.8     6.1    13.2 -9999.0 -9999.0 -9999.0 -99.000 -99.000 -99.000 -99.000 -99.000 -9999.0 -9999.0 -9999.0 -9999.0 -9999.0
63856 20091127  1.302  -81.46   30.81    16.0     5.6    10.8    10.1     0.0    14.45 R    24.7     3.6    10.1 -9999.0 -9999.0 -9999.0 -99.000 -99.000 -99.000 -99.000 -99.000 -9999.0 -9999.0 -9999.0 -9999.0 -9999.0
63856 20091128  1.302  -81.46   30.81    15.3     5.2    10.3     9.1     0.0    11.95 R    30.4     1.8     9.2 -9999.0 -9999.0 -9999.0 -99.000 -99.000 -99.000 -99.000 -99.000 -9999.0 -9999.0 -9999.0 -9999.0 -9999.0
63856 20091129  1.302  -81.46   30.81    18.9     5.7    12.3    12.1     0.0    13.10 R    30.4     3.4    12.4 -9999.0 -9999.0 -9999.0 -99.000 -99.000 -99.000 -99.000 -99.000 -9999.0 -9999.0 -9999.0 -9999.0 -9999.0
63856 20091130  1.302  -81.46   30.81    22.5     5.4    13.9    14.6     0.0    11.95 R    32.1     2.3    13.9 -9999.0 -9999.0 -9999.0 -99.000 -99.000 -99.000 -99.000 -99.000 -9999.0 -9999.0 -9999.0 -9999.0 -9999.0
63856 20091201  1.302  -81.46   30.81    18.5    12.3    15.4    16.2     2.1     6.67 R    27.5    10.4    16.9 -9999.0 -9999.0 -9999.0 -99.000 -99.000 -99.000 -99.000 -99.000 -9999.0 -9999.0 -9999.0 -9999.0 -9999.0
63856 20091202  1.302  -81.46   30.81    21.5    17.7    19.6    19.5    24.4     4.13 R    25.5    16.8    19.4 -9999.0 -9999.0 -9999.0 -99.000 -99.000 -99.000 -99.000 -99.000 -9999.0 -9999.0 -9999.0 -9999.0 -9999.0
63856 20091203  1.302  -81.46   30.81    19.6     9.5    14.6    15.8     0.0     9.75 R    29.0     8.3    15.9 -9999.0 -9999.0 -9999.0 -99.000 -99.000 -99.000 -99.000 -99.000 -9999.0 -9999.0 -9999.0 -9999.0 -9999.0
63856 20091204  1.302  -81.46   30.81    12.7     6.9     9.8     9.2     6.5     2.40 R    16.1     6.1     9.8 -9999.0 -9999.0 -9999.0 -99.000 -99.000 -99.000 -99.000 -99.000 -9999.0 -9999.0 -9999.0 -9999.0 -9999.0
63856 20091205  1.302  -81.46   30.81    13.8     6.1    10.0     9.6    21.6     7.08 R    18.2     3.4     9.6 -9999.0 -9999.0 -9999.0 -99.000 -99.000 -99.000 -99.000 -99.000 -9999.0 -9999.0 -9999.0 -9999.0 -9999.0
63856 20091206  1.302  -81.46   30.81    15.3     1.5     8.4     9.5     0.0     8.28 R    22.2    -0.8    10.1 -9999.0 -9999.0 -9999.0 -99.000 -99.000 -99.000 -99.000 -99.000 -9999.0 -9999.0 -9999.0 -9999.0 -9999.0
63856 20091207  1.302  -81.46   30.81    16.8    11.7    14.3    14.3     0.0     4.70 R    27.2    11.4    15.1 -9999.0 -9999.0 -9999.0 -99.000 -99.000 -99.000 -99.000 -99.000 -9999.0 -9999.0 -9999.0 -9999.0 -9999.0
63856 20091208  1.302  -81.46   30.81    20.8    16.4    18.6    18.2     0.0     3.65 R    26.9    15.5    18.5 -9999.0 -9999.0 -9999.0 -99.000 -99.000 -99.000 -99.000 -99.000 -9999.0 -9999.0 -9999.0 -9999.0 -9999.0
63856 20091209  1.302  -81.46   30.81    27.0    17.2    22.1    22.3    33.2     6.79 R    36.4    16.8    22.2 -9999.0 -9999.0 -9999.0 -99.000 -99.000 -99.000 -99.000 -99.000 -9999.0 -9999.0 -9999.0 -9999.0 -9999.0
63856 20091210  1.302  -81.46   30.81    22.0     6.2    14.1    12.9     2.2     1.92 R    21.5     3.5    12.5 -9999.0 -9999.0 -9999.0 -99.000 -99.000 -99.000 -99.000 -99.000 -9999.0 -9999.0 -9999.0 -9999.0 -9999.0
63856 20091211  1.302  -81.46   30.81    12.2     5.2     8.7     7.8     0.0     3.75 R    16.2     3.6     8.4 -9999.0 -9999.0 -9999.0 -99.000 -99.000 -99.000 -99.000 -99.000 -9999.0 -9999.0 -9999.0 -9999.0 -9999.0
63856 20091212  1.302  -81.46   30.81    17.4    11.9    14.7    15.2    25.4     1.60 R    17.2    10.4    14.8 -9999.0 -9999.0 -9999.0 -99.000 -99.000 -99.000 -99.000 -99.000 -9999.0 -9999.0 -9999.0 -9999.0 -9999.0
63856 20091213  1.302  -81.46   30.81    25.6    15.5    20.5    19.9     7.0     7.04 R    31.2    16.2    20.3 -9999.0 -9999.0 -9999.0 -99.000 -99.000 -99.000 -99.000 -99.000 -9999.0 -9999.0 -9999.0 -9999.0 -9999.0
63856 20091214  1.302  -81.46   30.81    21.0    16.7    18.9    18.3     0.0     6.42 R    28.2    15.0    20.0 -9999.0 -9999.0 -9999.0 -99.000 -99.000 -99.000 -99.000 -99.000 -9999.0 -9999.0 -9999.0 -9999.0 -9999.0
63856 20091215  1.302  -81.46   30.81    27.8    15.6    21.7    20.3     0.0     9.63 R    37.4    13.2    21.2 -9999.0 -9999.0 -9999.0 -99.000 -99.000 -99.000 -99.000 -99.000 -9999.0 -9999.0 -9999.0 -9999.0 -9999.0
63856 20091216  1.302  -81.46   30.81    16.9    11.8    14.4    14.3     0.0     7.13 R    24.0     9.4    14.5 -9999.0 -9999.0 -9999.0 -99.000 -99.000 -99.000 -99.000 -99.000 -9999.0 -9999.0 -9999.0 -9999.0 -9999.0
63856 20091217  1.302  -81.46   30.81    17.8    11.9    14.9    14.2     0.0    12.20 R    27.0    10.2    15.0 -9999.0 -9999.0 -9999.0 -99.000 -99.000 -99.000 -99.000 -99.000 -9999.0 -9999.0 -9999.0 -9999.0 -9999.0
63856 20091218  1.302  -81.46   30.81    19.3     9.7    14.5    16.9    18.0     2.54 R    22.1     9.9    16.8 -9999.0 -9999.0 -9999.0 -99.000 -99.000 -99.000 -99.000 -99.000 -9999.0 -9999.0 -9999.0 -9999.0 -9999.0
63856 20091219  1.302  -81.46   30.81    13.2     5.6     9.4     8.9     0.0     7.96 R    22.5     4.7     9.2 -9999.0 -9999.0 -9999.0 -99.000 -99.000 -99.000 -99.000 -99.000 -9999.0 -9999.0 -9999.0 -9999.0 -9999.0
63856 20091220  1.302  -81.46   30.81    11.5     3.9     7.7     7.1     0.0    12.35 R    20.4     2.1     7.5 -9999.0 -9999.0 -9999.0 -99.000 -99.000 -99.000 -99.000 -99.000 -9999.0 -9999.0 -9999.0 -9999.0 -9999.0
63856 20091221  1.302  -81.46   30.81    12.2     0.9     6.5     6.6     0.0     9.51 R    20.0    -1.4     6.6 -9999.0 -9999.0 -9999.0 -99.000 -99.000 -99.000 -99.000 -99.000 -9999.0 -9999.0 -9999.0 -9999.0 -9999.0
63856 20091222  1.302  -81.46   30.81    15.3     2.3     8.8     7.6     0.0    13.10 R    26.1    -1.1     6.9 -9999.0 -9999.0 -9999.0 -99.000 -99.000 -99.000 -99.000 -99.000 -9999.0 -9999.0 -9999.0 -9999.0 -9999.0
63856 20091223  1.302  -81.46   30.81    16.0     2.8     9.4     9.7     0.0     7.89 R    24.0    -0.9     8.7 -9999.0 -9999.0 -9999.0 -99.000 -99.000 -99.000 -99.000 -99.000 -9999.0 -9999.0 -9999.0 -9999.0 -9999.0
63856 20091224  1.302  -81.46   30.81    20.8    12.7    16.8    15.9     0.5    10.72 R    33.5     9.8    16.7 -9999.0 -9999.0 -9999.0 -99.000 -99.000 -99.000 -99.000 -99.000 -9999.0 -9999.0 -9999.0 -9999.0 -9999.0
63856 20091225  1.302  -81.46   30.81    20.5    11.7    16.1    17.1     1.0     5.03 R    25.8    10.1    16.6 -9999.0 -9999.0 -9999.0 -99.000 -99.000 -99.000 -99.000 -99.000 -9999.0 -9999.0 -9999.0 -9999.0 -9999.0
63856 20091226  1.302  -81.46   30.81    11.9     5.3     8.6     8.9     0.0     8.09 R    19.8     4.4     9.4 -9999.0 -9999.0 -9999.0 -99.000 -99.000 -99.000 -99.000 -99.000 -9999.0 -9999.0 -9999.0 -9999.0 -9999.0
63856 20091227  1.302  -81.46   30.81    12.6     6.1     9.4     8.6     0.0     5.29 R    26.8     4.8     9.7 -9999.0 -9999.0 -9999.0 -99.000 -99.000 -99.000 -99.000 -99.000 -9999.0 -9999.0 -9999.0 -9999.0 -9999.0
63856 20091228  1.302  -81.46   30.81    13.7     3.9     8.8     8.8     0.0    13.55 R    23.2     0.7     8.5 -9999.0 -9999.0 -9999.0 -99.000 -99.000 -99.000 -99.000 -99.000 -9999.0 -9999.0 -9999.0 -9999.0 -9999.0
63856 20091229  1.302  -81.46   30.81    10.1     0.8     5.4     4.9     0.0    13.60 R    21.4    -2.9     5.1 -9999.0 -9999.0 -9999.0 -99.000 -99.000 -99.000 -99.000 -99.000 -9999.0 -9999.0 -9999.0 -9999.0 -9999.0
63856 20091230  1.302  -81.46   30.81    15.5     2.5     9.0    10.3     0.0     9.03 R    26.1    -2.5    10.4 -9999.0 -9999.0 -9999.0 -99.000 -99.000 -99.000 -99.000 -99.000 -9999.0 -9999.0 -9999.0 -9999.0 -9999.0
63856 20091231  1.302  -81.46   30.81    18.3    10.3    14.3    13.5     3.6     5.16 R    22.6     9.6    13.7 -9999.0 -9999.0 -9999.0 -99.000 -99.000 -99.000 -99.000 -99.000 -9999.0 -9999.0 -9999.0 -9999.0 -9999.0
