63828 20180101  2.422  -84.47   31.31     4.5    -3.2     0.7     0.9     0.0     7.89 C    10.8    -4.2     1.9    93.8    42.5    58.8   0.152   0.135   0.120   0.146   0.206     9.3    10.3    11.0    12.8    15.4
63828 20180102  2.422  -84.47   31.31     4.8    -6.6    -0.9    -2.2     0.0    13.05 C    11.3    -7.6    -1.2    65.5    20.0    47.5   0.142   0.128   0.115   0.149   0.206     6.9     8.1     9.2    11.8    15.1
63828 20180103  2.422  -84.47   31.31     6.5    -6.2     0.1    -0.6     0.0    10.41 C    12.7    -7.2     0.4    70.1    15.4    43.1   0.138   0.124   0.112   0.149   0.206     6.4     7.4     8.3    10.9    14.6
63828 20180104  2.422  -84.47   31.31     7.4    -7.4     0.0    -0.2     0.0    13.78 C    14.7    -9.1     0.5    73.5    21.4    45.6   0.134   0.121   0.110   0.149   0.207     5.5     6.5     7.6    10.2    14.2
63828 20180105  2.422  -84.47   31.31     7.7    -8.1    -0.2    -1.1     0.0    12.17 C    15.1    -9.5    -0.2    75.3    16.3    47.8   0.131   0.119   0.107   0.147   0.207     5.3     6.2     7.1     9.6    13.7
63828 20180106  2.422  -84.47   31.31     9.5    -7.1     1.2    -0.2     0.0    11.32 C    17.3    -8.7     0.6    86.3    23.1    60.4   0.129   0.117   0.106   0.147   0.207     5.2     6.1     6.9     9.3    13.3
63828 20180107  2.422  -84.47   31.31    11.5    -5.9     2.8     2.9     0.0    12.36 C    16.8    -7.4     3.4    89.0    23.7    59.2   0.127   0.115   0.105   0.145   0.207     5.5     6.2     6.8     9.0    12.9
63828 20180108  2.422  -84.47   31.31    13.8     1.1     7.4     8.2     0.0     3.66 C    14.0    -0.3     8.2    86.4    57.4    69.4   0.126   0.115   0.104   0.144   0.208     7.3     7.6     7.8     9.2    12.6
63828 20180109  2.422  -84.47   31.31    21.5    12.6    17.0    15.7     0.2     9.01 C    27.6    11.9    16.5    93.3    56.3    82.6   0.126   0.114   0.104   0.145   0.208    10.9    10.5    10.0    10.0    12.5
63828 20180110  2.422  -84.47   31.31    21.9    11.9    16.9    17.0     0.5     4.98 C    25.0    10.5    17.1    94.8    64.5    83.0   0.127   0.114   0.104   0.145   0.208    12.4    12.2    11.7    11.3    12.7
63828 20180111  2.422  -84.47   31.31    24.6    15.0    19.8    18.7     1.2     6.70 C    30.7    13.6    19.1    95.8    63.5    88.9   0.131   0.114   0.104   0.145   0.208    14.7    14.2    13.6    12.5    13.1
63828 20180112  2.422  -84.47   31.31    20.1     5.3    12.7    15.2    16.8     5.51 C    24.4     5.5    15.4    93.7    62.5    85.3   0.163   0.141   0.124   0.149   0.208    14.9    14.8    14.4    13.5    13.5
63828 20180113  2.422  -84.47   31.31     7.8    -2.0     2.9     2.3     0.0    10.92 C    13.9    -3.3     3.7    75.9    46.6    63.3   0.150   0.133   0.122   0.161   0.209    11.1    12.1    12.8    13.5    14.0
63828 20180114  2.422  -84.47   31.31     9.4    -5.5     2.0     0.4     0.0    14.26 C    17.1    -7.2     2.1    91.6    36.0    69.3   0.142   0.126   0.115   0.159   0.211     8.5     9.5    10.4    12.3    14.1
63828 20180115  2.422  -84.47   31.31    13.2    -4.9     4.1     2.6     0.0    14.28 C    20.5    -6.3     4.0    93.7    31.0    71.2   0.137   0.123   0.112   0.155   0.212     8.0     8.8     9.5    11.3    13.8
63828 20180116  2.422  -84.47   31.31    15.3    -4.4     5.5     5.4     0.0    11.44 C    22.1    -5.7     6.1    94.8    30.1    70.6   0.134   0.120   0.110   0.154   0.214     8.1     8.6     9.2    10.9    13.5
63828 20180117  2.422  -84.47   31.31     7.2    -4.2     1.5     0.0     1.5    12.81 C     9.9    -5.4     1.5    88.1    33.0    60.8   0.134   0.119   0.108   0.152   0.214     7.9     8.7     9.3    10.8    13.3
63828 20180118  2.422  -84.47   31.31     9.4    -8.9     0.3    -1.3     0.0    14.83 C    16.7    -9.8     0.5    75.4    17.9    50.4   0.133   0.117   0.106   0.150   0.215     5.9     6.9     7.8    10.1    13.1
63828 20180119  2.422  -84.47   31.31    14.8    -7.8     3.5     1.8     0.0    14.82 C    21.9    -9.3     3.3    91.1    11.3    55.2   0.131   0.116   0.104   0.149   0.214     5.9     6.6     7.3     9.4    12.7
63828 20180120  2.422  -84.47   31.31    17.3    -4.4     6.4     5.9     0.0    12.36 C    24.9    -5.2     7.4    89.8    17.6    63.0   0.129   0.115   0.104   0.147   0.214     7.0     7.4     7.7     9.3    12.4
63828 20180121  2.422  -84.47   31.31    20.8     1.7    11.2    10.5     0.2    13.69 C    28.3     0.5    11.9    96.7    33.5    69.3   0.128   0.115   0.103   0.147   0.214     9.2     9.3     9.2     9.8    12.2
63828 20180122  2.422  -84.47   31.31    22.9     5.1    14.0    14.7     0.0     6.32 C    27.0     4.0    14.8    90.0    61.8    82.0   0.128   0.114   0.103   0.146   0.214    10.8    10.6    10.3    10.5    12.2
63828 20180123  2.422  -84.47   31.31 -9999.0 -9999.0 -9999.0 -9999.0 -9999.0 -9999.00 U -9999.0 -9999.0 -9999.0 -9999.0 -9999.0 -9999.0 -99.000 -99.000 -99.000 -99.000 -99.000 -9999.0 -9999.0 -9999.0 -9999.0 -9999.0
63828 20180124  2.422  -84.47   31.31    13.9    -0.1     6.9     6.9     0.0    10.80 C    29.6    -4.6     6.9    91.9    27.6    60.4   0.124   0.111   0.102   0.146   0.213    10.1    10.7    11.0    11.8    12.9
63828 20180125  2.422  -84.47   31.31    17.7    -3.0     7.3     6.1     0.0    15.58 C    31.8    -7.4     5.7    90.2    14.0    56.4   0.122   0.111   0.100   0.145   0.213     9.3     9.9    10.3    11.3    13.0
63828 20180126  2.422  -84.47   31.31    20.0    -3.0     8.5     8.9     0.0    13.44 C    32.8    -7.4     9.1    92.0    42.1    67.3   0.120   0.110   0.099   0.144   0.213     9.3     9.7     9.9    11.0    13.0
63828 20180127  2.422  -84.47   31.31    21.5    10.9    16.2    15.7     0.0     7.06 C    30.6     8.4    15.4    85.3    53.0    72.1   0.120   0.110   0.100   0.143   0.212    11.9    11.8    11.5    11.4    12.9
63828 20180128  2.422  -84.47   31.31    18.5    14.0    16.2    16.3    62.4     2.82 C    20.9    12.6    16.0    95.8    80.0    92.6   0.175   0.150   0.127   0.154   0.212    13.7    13.5    13.0    12.2    13.0
63828 20180129  2.422  -84.47   31.31    18.5     2.5    10.5    12.8     0.3     8.89 C    26.2    -0.1    12.7    95.9    21.8    72.7   0.163   0.142   0.127   0.174   0.235    14.1    14.2    14.0    13.3    13.3
63828 20180130  2.422  -84.47   31.31    12.0    -2.0     5.0     5.0     0.0    16.25 C    25.7    -3.7     6.3    91.3    23.7    61.1   0.147   0.129   0.117   0.164   0.237    10.8    11.6    12.2    13.0    13.5
63828 20180131  2.422  -84.47   31.31    15.6    -4.1     5.7     4.4     0.0    16.17 C    28.4    -5.4     5.8    93.8    20.0    63.2   0.141   0.125   0.113   0.158   0.233     9.4    10.1    10.7    12.1    13.6
63828 20180201  2.422  -84.47   31.31    19.0    -0.9     9.1    10.0     0.9     7.62 C    24.9    -1.8     9.9    94.2    55.9    75.2   0.137   0.123   0.111   0.155   0.230     9.9    10.3    10.5    11.6    13.5
63828 20180202  2.422  -84.47   31.31    14.6     2.9     8.7    10.1     0.5    15.85 C    27.4    -2.4    10.8    96.0    20.7    56.1 -99.000 -99.000 -99.000 -99.000 -99.000 -9999.0 -9999.0 -9999.0 -9999.0 -9999.0
63828 20180203  2.422  -84.47   31.31    15.4    -2.9     6.3     7.3     0.0    14.58 C    31.7    -4.9     8.6    67.8    27.0    46.9 -99.000 -99.000 -99.000 -99.000 -99.000 -9999.0 -9999.0 -9999.0 -9999.0 -9999.0
63828 20180204  2.422  -84.47   31.31    21.7     8.2    15.0    14.0    16.0     4.93 C    28.0     3.7    13.0    93.5    60.6    80.8 -99.000 -99.000 -99.000 -99.000 -99.000 -9999.0 -9999.0 -9999.0 -9999.0 -9999.0
63828 20180205  2.422  -84.47   31.31    19.3     2.3    10.8     9.4     0.0    16.50 C    31.9     0.0    10.5    97.5    38.0    78.3 -99.000 -99.000 -99.000 -99.000 -99.000 -9999.0 -9999.0 -9999.0 -9999.0 -9999.0
63828 20180206  2.422  -84.47   31.31    24.1     2.3    13.2    13.0     0.0    15.34 C    36.7     1.1    14.1    96.7    42.7    78.4 -99.000 -99.000 -99.000 -99.000 -99.000 -9999.0 -9999.0 -9999.0 -9999.0 -9999.0
63828 20180207  2.422  -84.47   31.31    23.6    15.0    19.3    17.0    17.6     3.80 C    29.8    11.1    16.5    94.9    68.2    88.1 -99.000 -99.000 -99.000 -99.000 -99.000 -9999.0 -9999.0 -9999.0 -9999.0 -9999.0
63828 20180208  2.422  -84.47   31.31    19.8     4.0    11.9    11.9     0.0    15.80 C    31.6     2.3    13.6    94.9    20.3    64.1 -99.000 -99.000 -99.000 -99.000 -99.000 -9999.0 -9999.0 -9999.0 -9999.0 -9999.0
63828 20180209  2.422  -84.47   31.31    15.1     4.1     9.6    11.0     0.9     3.87 C    20.7     2.3    11.8    92.5    78.2    85.8   0.152   0.131   0.119   0.165   0.230    12.7    13.0    13.2    13.4    13.9
63828 20180210  2.422  -84.47   31.31    22.2    11.9    17.1    16.9     0.0     4.77 C    25.6    12.3    17.4    96.5    74.4    87.9   0.151   0.129   0.117   0.161   0.230    14.6    14.4    14.0    13.5    14.0
63828 20180211  2.422  -84.47   31.31    20.5    16.5    18.5    18.0   100.0     0.56 C    19.0    16.0    17.4    94.2    85.5    92.2   0.200   0.169   0.148   0.180   0.238    16.3    16.2    15.7    14.6    14.1
63828 20180212  2.422  -84.47   31.31    20.3    13.7    17.0    17.1     8.8     4.20 C    27.6    11.6    16.9    96.1    77.2    91.4   0.176   0.152   0.135   0.179   0.244    16.5    16.4    16.1    15.2    14.5
63828 20180213  2.422  -84.47   31.31    19.9    12.2    16.1    14.9     0.2     4.01 C    26.0    10.8    15.7    96.7    81.2    92.4   0.156   0.134   0.121   0.168   0.238    15.9    16.0    15.9    15.4    14.8
63828 20180214  2.422  -84.47   31.31    19.8    11.6    15.7    15.1     0.0     8.28 C    32.5    12.4    17.3    93.5    69.8    85.4   0.151   0.129   0.117   0.162   0.234    16.3    16.2    16.0    15.4    15.0
63828 20180215  2.422  -84.47   31.31    22.7    13.3    18.0    17.7     0.0     7.70 C    35.6    10.8    18.0    95.8    65.7    87.5   0.148   0.127   0.116   0.159   0.231    16.9    16.9    16.5    15.7    15.1
63828 20180216  2.422  -84.47   31.31    27.8    14.1    20.9    20.3     0.0    14.20 C    41.3    11.6    21.1    93.9    42.4    75.9   0.144   0.125   0.114   0.157   0.229    18.1    17.8    17.2    16.1    15.4
63828 20180217  2.422  -84.47   31.31    26.8    12.2    19.5    18.5     0.0     9.67 C    36.7    10.0    18.3    95.6    47.6    81.0   0.139   0.123   0.112   0.155   0.227    17.6    17.6    17.3    16.5    15.6
63828 20180218  2.422  -84.47   31.31    27.2    14.2    20.7    19.6     0.0    12.78 C    39.6    11.0    20.8    95.6    46.1    80.6   0.136   0.121   0.111   0.154   0.225    18.4    18.1    17.7    16.7    15.8
63828 20180219  2.422  -84.47   31.31    27.6    14.1    20.8    20.0     0.0    12.79 C    39.3    11.1    20.1    94.4    41.6    76.7   0.132   0.120   0.110   0.153   0.224    18.8    18.6    18.2    17.1    16.1
63828 20180220  2.422  -84.47   31.31    27.4    14.0    20.7    20.7     0.2     9.64 C    36.8    11.0    20.2    94.6    53.9    79.7   0.129   0.118   0.108   0.152   0.223    18.6    18.5    18.1    17.3    16.3
63828 20180221  2.422  -84.47   31.31    29.2    16.3    22.7    21.9     0.0    11.02 C    42.3    12.7    21.2    94.6    42.8    76.8   0.126   0.117   0.107   0.151   0.221    19.5    19.3    18.8    17.6    16.5
63828 20180222  2.422  -84.47   31.31    27.6    14.0    20.8    19.7     0.0    13.56 C    42.5    11.1    20.0    95.4    47.2    78.6   0.121   0.115   0.105   0.151   0.221    19.2    19.1    18.8    17.9    16.7
63828 20180223  2.422  -84.47   31.31    28.5    13.1    20.8    20.0     0.0    16.27 C    43.0    10.2    20.4    95.3    43.2    74.6   0.115   0.113   0.104   0.149   0.220    19.2    19.0    18.8    17.9    16.9
63828 20180224  2.422  -84.47   31.31    29.2    11.7    20.5    20.3     0.0    15.60 C    43.9     9.4    20.7    95.3    38.6    71.8   0.109   0.111   0.102   0.148   0.219    19.1    19.0    18.8    18.0    17.1
63828 20180225  2.422  -84.47   31.31    28.1    14.9    21.5    19.4     2.0     9.81 C    45.4    12.9    20.8    94.0    50.1    82.5   0.104   0.109   0.101   0.147   0.218    19.6    19.6    19.2    18.2    17.2
63828 20180226  2.422  -84.47   31.31    20.9    11.8    16.3    15.8    10.3     6.25 C    27.7     9.3    16.3    95.4    65.5    88.9   0.145   0.120   0.101   0.147   0.218    18.3    18.6    18.6    18.3    17.3
63828 20180227  2.422  -84.47   31.31    19.3     7.7    13.5    13.2     0.0     7.92 C    28.3     5.1    12.9    96.9    58.9    84.7   0.149   0.126   0.106   0.145   0.217    16.3    16.9    17.3    17.6    17.4
63828 20180228  2.422  -84.47   31.31    25.9    12.2    19.0    18.6     0.0    14.25 C    36.9    11.6    20.3    91.7    57.0    76.6   0.142   0.124   0.107   0.145   0.217    17.9    17.7    17.4    17.2    17.3
63828 20180301  2.422  -84.47   31.31    28.8    15.6    22.2    21.6     1.1    14.66 C    37.8    15.5    22.9    92.6    39.2    75.4   0.135   0.122   0.106   0.146   0.216    20.0    19.7    19.1    17.9    17.3
63828 20180302  2.422  -84.47   31.31    21.6     5.4    13.5    14.0     0.0    20.86 C    33.6     1.1    14.8    94.1    23.6    60.6   0.129   0.119   0.105   0.146   0.216    18.3    18.6    18.6    18.2    17.4
63828 20180303  2.422  -84.47   31.31    21.9     0.0    10.9    10.0     0.0    21.13 C    35.5    -2.9    11.4    92.3    15.3    55.4   0.121   0.115   0.102   0.145   0.215    15.8    16.4    16.9    17.5    17.5
63828 20180304  2.422  -84.47   31.31    20.6     1.4    11.0     9.8     0.0    21.40 C    36.4    -2.2    11.4    84.2    12.3    48.3   0.114   0.112   0.100   0.144   0.214    15.1    15.6    16.0    16.7    17.4
63828 20180305  2.422  -84.47   31.31    21.4     2.7    12.1    12.1     0.0    13.82 C    34.9     0.4    13.6    84.7    18.3    54.0   0.107   0.110   0.099   0.143   0.214    15.0    15.4    15.7    16.3    17.2
63828 20180306  2.422  -84.47   31.31    19.8    10.4    15.1    15.4    14.4     3.55 C    23.5     7.4    14.5    95.9    66.1    83.7   0.136   0.123   0.102   0.143   0.214    15.6    15.8    15.9    16.2    17.0
63828 20180307  2.422  -84.47   31.31    15.3     2.8     9.1     9.5     0.0    21.59 C    29.7     0.1    11.2    95.6    27.9    60.3   0.155   0.137   0.117   0.142   0.213    14.9    15.4    15.6    16.1    16.9
63828 20180308  2.422  -84.47   31.31    14.0    -1.4     6.3     5.9     0.0    21.49 C    30.7    -3.1     8.5    94.8    21.4    58.6   0.142   0.129   0.114   0.144   0.213    13.3    13.9    14.5    15.5    16.8
63828 20180309  2.422  -84.47   31.31    17.4    -3.2     7.1     6.7     0.0    21.40 C    34.6    -4.9     9.6    93.4    17.0    58.8   0.134   0.125   0.111   0.145   0.212    12.9    13.4    13.8    14.9    16.6
63828 20180310  2.422  -84.47   31.31    20.6    -1.3     9.7     9.9     0.0    16.02 C    30.0    -2.8    10.8    95.0    35.0    68.6   0.129   0.122   0.109   0.145   0.211    13.1    13.5    13.8    14.6    16.3
63828 20180311  2.422  -84.47   31.31    22.0     4.8    13.4    12.2    13.5     6.16 C    33.1     2.4    13.2    96.3    61.8    89.8   0.146   0.130   0.111   0.145   0.211    13.7    14.0    14.1    14.6    16.1
63828 20180312  2.422  -84.47   31.31    14.6     4.7     9.7    10.4     0.0    13.75 C    26.8     0.4    11.2    95.5    37.1    66.2   0.160   0.141   0.125   0.148   0.211    14.0    14.4    14.5    14.8    16.0
63828 20180313  2.422  -84.47   31.31    16.2    -1.6     7.3     6.7     0.0    22.68 C    32.8    -3.8     9.4    94.5    24.5    62.1   0.146   0.132   0.119   0.152   0.211    12.8    13.2    13.6    14.4    15.9
63828 20180314  2.422  -84.47   31.31    15.6     0.4     8.0     7.6     0.0    22.90 C    32.9    -3.6     9.3    91.3    17.2    51.8   0.138   0.127   0.115   0.151   0.211    12.6    13.0    13.4    14.1    15.7
63828 20180315  2.422  -84.47   31.31    19.8    -3.8     8.0     8.4     0.0    23.04 C    36.1    -5.8    10.5    92.7    16.0    51.8   0.131   0.123   0.113   0.151   0.212    12.6    12.9    13.2    13.9    15.6
63828 20180316  2.422  -84.47   31.31    22.2     0.3    11.2    11.9     0.0    15.99 C    40.4    -1.6    13.2    95.1    28.2    63.0   0.125   0.120   0.110   0.150   0.213    13.4    13.6    13.6    14.0    15.5
63828 20180317  2.422  -84.47   31.31    26.7     8.5    17.6    18.7     0.5    14.15 C    41.7     6.3    19.5    90.5    49.8    72.2   0.119   0.119   0.110   0.150   0.213    15.8    15.4    15.0    14.4    15.4
63828 20180318  2.422  -84.47   31.31    27.3    17.4    22.4    21.3     7.3    14.75 C    42.7    14.0    23.0    94.0    44.5    77.1   0.119   0.117   0.108   0.150   0.213    18.4    17.8    17.0    15.6    15.5
63828 20180319  2.422  -84.47   31.31    23.5    16.3    19.9    19.8    14.4     6.87 C    34.2    14.3    20.5    94.9    76.6    90.0   0.176   0.151   0.129   0.151   0.214    18.9    18.6    18.1    16.7    15.8
63828 20180320  2.422  -84.47   31.31    26.0    13.3    19.7    20.6     0.0    18.67 C    36.2    12.8    21.7    89.1    28.3    62.4   0.158   0.140   0.128   0.164   0.214    19.9    19.6    19.0    17.4    16.2
63828 20180321  2.422  -84.47   31.31    16.7     5.1    10.9    11.4     0.0    21.62 C    31.7     1.5    13.5    73.8    29.7    49.2   0.143   0.130   0.120   0.163   0.216    17.0    17.5    17.7    17.5    16.6
63828 20180322  2.422  -84.47   31.31    17.5     0.9     9.2     9.0     0.0    23.95 C    33.7    -2.0    11.3    88.7    21.1    53.7   0.134   0.125   0.116   0.160   0.218    15.4    15.8    16.2    16.7    16.8
63828 20180323  2.422  -84.47   31.31    19.8     0.4    10.1     9.9     0.0    18.50 C    36.5    -0.7    12.2    94.1    24.9    60.3   0.125   0.122   0.113   0.157   0.219    14.9    15.3    15.6    16.1    16.8
63828 20180324  2.422  -84.47   31.31    26.6     4.9    15.7    16.5     0.0    22.14 C    39.6     3.1    18.3    94.4    18.6    57.2   0.116   0.119   0.110   0.155   0.219    16.3    16.2    16.0    15.9    16.6
63828 20180325  2.422  -84.47   31.31    26.7    11.5    19.1    19.6     4.4    12.21 C    40.2    12.7    21.4    90.9    53.3    75.6   0.111   0.115   0.109   0.155   0.219    18.5    18.1    17.6    16.6    16.5
63828 20180326  2.422  -84.47   31.31    11.5     9.4    10.4    10.6     1.7     3.75 C    15.4    10.8    12.2    92.9    70.0    81.3   0.133   0.113   0.106   0.153   0.219    16.1    16.7    17.0    17.0    16.7
63828 20180327  2.422  -84.47   31.31    23.9    10.3    17.1    15.4     0.0    16.58 C    38.1    10.5    17.8    94.5    51.9    74.2   0.129   0.113   0.105   0.151   0.219    17.1    16.9    16.7    16.5    16.8
63828 20180328  2.422  -84.47   31.31    26.8    12.0    19.4    19.4     0.0    21.37 C    38.2     9.9    20.1    95.3    37.6    62.8   0.121   0.112   0.104   0.150   0.218    18.3    18.1    17.7    16.9    16.8
63828 20180329  2.422  -84.47   31.31    26.8    10.7    18.8    19.3     0.0    14.83 C    39.1     8.6    20.0    95.3    43.9    73.8   0.110   0.109   0.103   0.149   0.217    18.6    18.4    18.1    17.4    16.9
63828 20180330  2.422  -84.47   31.31    21.5    11.4    16.5    17.4    25.9     8.55 C    25.9    10.1    18.2    94.6    59.1    83.2   0.168   0.146   0.126   0.156   0.218    19.0    19.0    18.8    17.8    17.1
63828 20180331  2.422  -84.47   31.31    22.7     7.2    15.0    14.5     0.0    24.90 C    36.0     5.3    16.5    92.1    29.7    57.9   0.151   0.135   0.124   0.163   0.217    18.2    18.3    18.2    17.7    17.3
63828 20180401  2.422  -84.47   31.31    25.5     5.8    15.6    14.9     0.0    24.29 C    38.8     4.2    17.5    95.7    26.7    69.5   0.137   0.128   0.118   0.161   0.219    18.3    18.2    18.1    17.7    17.4
63828 20180402  2.422  -84.47   31.31    25.8    11.0    18.4    17.5     0.0    17.62 C    40.1     8.0    19.5    95.7    48.7    80.8   0.127   0.123   0.115   0.159   0.220    19.1    18.9    18.6    17.9    17.5
63828 20180403  2.422  -84.47   31.31    28.8    11.0    19.9    20.2     0.0    21.57 C    40.9     8.9    21.5    96.3    39.9    70.9   0.116   0.119   0.112   0.156   0.220    19.9    19.6    19.2    18.3    17.5
63828 20180404  2.422  -84.47   31.31    21.3     6.0    13.7    16.9     3.6     8.21 C    27.4     3.4    16.8    91.3    35.3    80.8   0.114   0.115   0.109   0.155   0.221    19.5    19.7    19.6    18.7    17.7
63828 20180405  2.422  -84.47   31.31    22.0     1.3    11.6    11.3     0.0    25.19 C    34.6    -0.2    13.9    94.0    21.5    63.0   0.115   0.111   0.106   0.153   0.221    17.4    17.7    18.0    18.1    17.9
63828 20180406  2.422  -84.47   31.31    27.0     6.0    16.5    17.3     0.0    22.83 C    37.9     4.7    19.2    95.2    33.8    65.7   0.107   0.108   0.103   0.151   0.220    18.5    18.3    18.2    17.8    17.9
63828 20180407  2.422  -84.47   31.31    21.2    13.6    17.4    18.2     6.5     6.48 C    25.6    13.9    18.9    93.8    76.3    87.5   0.114   0.106   0.102   0.150   0.219    19.3    19.3    19.0    18.3    17.9
63828 20180408  2.422  -84.47   31.31    18.2     8.6    13.4    13.2     0.0    20.81 C    32.8    10.2    17.9    83.2    52.0    70.2   0.130   0.107   0.101   0.149   0.219    19.2    19.2    19.0    18.4    17.9
63828 20180409  2.422  -84.47   31.31    19.7    13.8    16.7    16.3     0.0     9.04 C    28.8    14.4    18.7    83.6    70.7    77.9   0.121   0.104   0.099   0.148   0.217    19.2    19.3    19.1    18.5    18.0
63828 20180410  2.422  -84.47   31.31    21.3     8.7    15.0    15.2     0.0    16.48 C    35.0     6.9    17.6    94.8    46.4    73.6   0.115   0.103   0.097   0.147   0.218    19.3    19.3    19.2    18.6    18.1
63828 20180411  2.422  -84.47   31.31    24.2     5.4    14.8    14.1     0.0    25.95 C    38.6     3.3    16.8    96.4    19.5    62.1   0.106   0.100   0.095   0.146   0.217    18.7    18.8    18.8    18.5    18.2
63828 20180412  2.422  -84.47   31.31    25.9     4.0    14.9    15.1     0.0    25.07 C    40.2     2.6    17.9    95.5    26.9    63.5   0.096   0.096   0.093   0.146   0.216    18.9    18.9    18.8    18.4    18.2
63828 20180413  2.422  -84.47   31.31    28.0     8.3    18.1    18.7     0.0    19.32 C    42.3     6.4    20.0    95.4    41.8    70.8   0.089   0.091   0.090   0.144   0.216    19.5    19.4    19.1    18.5    18.2
63828 20180414  2.422  -84.47   31.31    29.3    16.5    22.9    22.7     0.0    21.46 C    44.2    14.3    24.3    92.0    42.4    63.3   0.084   0.088   0.088   0.144   0.214    21.1    20.7    20.1    19.0    18.3
63828 20180415  2.422  -84.47   31.31    22.2    10.2    16.2    17.1    39.7     8.42 C    25.7     8.9    17.4    93.9    53.8    74.4   0.152   0.133   0.115   0.149   0.214    19.9    20.2    20.2    19.5    18.5
63828 20180416  2.422  -84.47   31.31    19.3     4.0    11.6    10.9     0.0    27.25 C    33.5     3.2    14.6    89.9    32.5    53.8   0.149   0.135   0.123   0.162   0.214    18.0    18.4    18.6    18.8    18.6
63828 20180417  2.422  -84.47   31.31    24.2     2.6    13.4    13.6     0.0    26.68 C    38.8     1.5    16.8    95.3    30.0    61.3   0.137   0.127   0.116   0.159   0.216    18.2    18.3    18.3    18.3    18.6
63828 20180418  2.422  -84.47   31.31    30.0     8.2    19.1    20.0     0.0    26.49 C    41.6     5.3    21.5    95.4    25.2    61.7   0.126   0.121   0.113   0.157   0.218    19.8    19.5    19.2    18.5    18.5
63828 20180419  2.422  -84.47   31.31    27.5    15.1    21.3    20.7     0.0    20.29 C    40.6    10.0    21.9    92.1    30.5    64.2   0.116   0.116   0.110   0.155   0.219    21.1    20.8    20.4    19.2    18.5
63828 20180420  2.422  -84.47   31.31    22.1     4.6    13.3    14.3     0.0    27.02 C    39.2     2.8    17.8    88.2    33.6    54.7   0.106   0.111   0.106   0.153   0.219    20.1    20.1    20.0    19.4    18.7
63828 20180421  2.422  -84.47   31.31    23.8     9.0    16.4    17.5     0.0    17.64 C    37.9     7.0    19.7    86.2    44.8    66.3   0.099   0.106   0.102   0.151   0.219    19.9    19.9    19.8    19.4    18.8
63828 20180422  2.422  -84.47   31.31    24.2    16.9    20.5    19.4    32.8     6.49 C    32.0    15.3    20.1    92.5    64.4    81.6   0.126   0.115   0.104   0.149   0.218    20.1    20.2    20.1    19.5    18.8
63828 20180423  2.422  -84.47   31.31    28.0    14.5    21.2    21.5     3.7    19.06 C    36.9    12.4    22.6    93.6    34.6    72.9   0.167   0.147   0.133   0.167   0.218    21.7    21.3    20.8    19.6    19.0
63828 20180424  2.422  -84.47   31.31    23.0    11.4    17.2    17.2     0.0    18.95 C    38.6     9.9    19.6    92.1    51.1    72.4   0.144   0.131   0.122   0.167   0.223    21.0    20.9    20.8    20.0    19.1
63828 20180425  2.422  -84.47   31.31    24.8    10.6    17.7    17.1     0.0    25.33 C    40.5     8.6    20.1    95.9    45.9    74.2   0.134   0.125   0.117   0.162   0.227    21.1    20.9    20.7    20.0    19.2
63828 20180426  2.422  -84.47   31.31    25.1     8.8    17.0    17.3     0.8    15.24 C    39.4     8.1    19.1    95.8    46.3    78.1   0.125   0.119   0.113   0.159   0.227    20.5    20.5    20.5    20.0    19.3
63828 20180427  2.422  -84.47   31.31    22.5     9.8    16.1    15.7     0.0    23.44 C    38.1     8.1    18.7    96.5    47.5    77.6   0.118   0.116   0.109   0.156   0.226    20.9    20.8    20.7    20.0    19.4
63828 20180428  2.422  -84.47   31.31    26.4     8.7    17.5    17.2     0.0    27.28 C    40.9     6.4    20.0    96.5    29.8    65.3   0.108   0.111   0.106   0.155   0.225    21.1    20.9    20.7    20.0    19.4
63828 20180429  2.422  -84.47   31.31    26.8     8.6    17.7    17.1     0.0    27.71 C    42.1     6.2    19.8    95.7    18.6    60.3   0.098   0.104   0.102   0.153   0.224    21.5    21.2    21.0    20.2    19.5
63828 20180430  2.422  -84.47   31.31    27.2     7.0    17.1    17.1     0.0    27.50 C    42.3     5.2    20.1    93.4    29.5    61.3   0.089   0.097   0.097   0.151   0.223    21.4    21.2    21.0    20.3    19.6
63828 20180501  2.422  -84.47   31.31    28.7     9.3    19.0    18.1     0.0    20.73 C    43.7     7.4    20.0    94.8    24.8    65.7   0.083   0.089   0.091   0.149   0.221    21.9    21.7    21.5    20.5    19.7
63828 20180502  2.422  -84.47   31.31    29.7    11.1    20.4    19.7     0.0    26.92 C    45.0     8.4    22.6    95.2    23.3    62.1   0.079   0.082   0.086   0.146   0.220    22.7    22.3    21.9    20.8    19.8
63828 20180503  2.422  -84.47   31.31    28.8    10.4    19.6    20.1     0.0    26.00 C    45.7     8.1    23.2    95.8    31.6    65.4   0.076   0.078   0.079   0.144   0.218    23.1    22.7    22.3    21.1    19.9
63828 20180504  2.422  -84.47   31.31    29.8    11.6    20.7    20.8     0.0    27.58 C    47.9     9.5    24.7    96.0    34.3    69.1   0.074   0.073   0.074   0.141   0.218    23.8    23.3    22.8    21.4    20.1
63828 20180505  2.422  -84.47   31.31    30.4    13.2    21.8    21.7     0.0    24.20 C    51.3    11.4    25.7    94.8    29.5    67.5   0.072   0.070   0.070   0.140   0.217    24.4    23.8    23.3    21.8    20.3
63828 20180506  2.422  -84.47   31.31    29.6    14.4    22.0    21.8     0.0    27.31 C    48.8    12.2    26.1    94.6    24.8    61.0   0.071   0.068   0.067   0.137   0.215    25.1    24.5    23.9    22.2    20.5
63828 20180507  2.422  -84.47   31.31    30.6    11.7    21.2    20.8     0.0    25.14 C    50.6    10.2    24.7    93.4    24.9    60.5   0.069   0.065   0.064   0.135   0.214    24.6    24.1    23.8    22.5    20.7
63828 20180508  2.422  -84.47   31.31    31.5    11.0    21.2    21.1     0.0    23.68 C    53.2     9.2    24.9    95.1    24.6    61.3   0.069   0.064   0.061   0.132   0.213    24.5    24.1    23.8    22.5    20.9
63828 20180509  2.422  -84.47   31.31    32.0    13.1    22.5    23.0     0.0    22.66 C    52.1    11.5    26.7    93.8    27.9    60.9   0.067   0.063   0.060   0.129   0.212    25.0    24.5    24.0    22.6    21.1
63828 20180510  2.422  -84.47   31.31    32.3    15.7    24.0    23.8     0.0    24.90 C    53.1    14.4    28.1    85.3    28.3    56.3   0.068   0.062   0.059   0.126   0.210    25.9    25.3    24.7    23.0    21.2
63828 20180511  2.422  -84.47   31.31    33.7    14.4    24.1    23.8     0.0    26.55 C    55.2    13.2    29.0    92.8    27.3    61.5   0.066   0.062   0.058   0.123   0.210    26.5    25.8    25.2    23.3    21.4
63828 20180512  2.422  -84.47   31.31    34.4    16.4    25.4    24.9     8.1    21.75 C    55.6    15.4    29.6    93.6    29.2    62.9   0.070   0.061   0.057   0.120   0.208    26.8    26.2    25.6    23.8    21.6
63828 20180513  2.422  -84.47   31.31    33.8    17.4    25.6    24.6     0.4    23.71 C    49.0    17.3    28.5    95.4    34.7    75.3   0.105   0.062   0.056   0.119   0.207    26.9    26.4    25.8    24.0    21.8
63828 20180514  2.422  -84.47   31.31    29.8    18.3    24.1    23.4     0.0    14.74 C    45.6    18.2    25.9    94.3    44.2    74.3   0.094   0.063   0.057   0.118   0.207    26.1    26.0    25.7    24.2    22.1
63828 20180515  2.422  -84.47   31.31    25.9    20.5    23.2    22.8     7.5    11.56 C    33.9    20.7    25.0    92.6    67.2    85.8   0.107   0.063   0.056   0.118   0.207    25.8    25.6    25.4    24.1    22.2
63828 20180516  2.422  -84.47   31.31    30.1    20.5    25.3    23.0     7.9    14.41 C    47.1    20.3    25.6    94.4    51.7    85.7   0.136   0.072   0.057   0.119   0.207    26.0    25.8    25.4    24.1    22.3
63828 20180517  2.422  -84.47   31.31    29.1    20.1    24.6    23.2     0.0    15.94 C    44.8    19.4    26.1    95.2    56.8    81.7   0.137   0.092   0.058   0.118   0.206    26.3    26.0    25.6    24.1    22.4
63828 20180518  2.422  -84.47   31.31    30.9    20.2    25.5    25.0     0.0    20.00 C    45.2    20.2    27.8    91.1    48.3    73.9   0.123   0.091   0.059   0.119   0.206    26.8    26.4    25.9    24.3    22.6
63828 20180519  2.422  -84.47   31.31    32.0    20.4    26.2    25.1     2.3    23.00 C    50.0    19.0    29.3    93.5    42.6    76.0   0.112   0.088   0.061   0.118   0.205    27.6    27.1    26.5    24.7    22.7
63828 20180520  2.422  -84.47   31.31    30.3    20.0    25.2    23.2     0.0    15.69 C    46.5    20.5    25.9    94.2    53.3    79.4   0.105   0.083   0.061   0.118   0.205    27.0    26.9    26.6    25.1    22.9
63828 20180521  2.422  -84.47   31.31    27.4    19.4    23.4    22.5    17.3    11.13 C    37.0    20.1    24.3    93.6    64.8    87.3   0.147   0.101   0.063   0.118   0.205    26.0    26.0    25.9    24.9    23.1
63828 20180522  2.422  -84.47   31.31    29.3    20.1    24.7    23.8     0.0    18.07 C    43.5    19.3    26.2    94.0    61.3    82.3   0.143   0.123   0.086   0.118   0.205    26.5    26.3    25.9    24.7    23.2
63828 20180523  2.422  -84.47   31.31    30.4    19.8    25.1    23.9     0.0    17.84 C    45.5    19.6    27.0    94.4    52.7    82.8   0.132   0.116   0.089   0.118   0.204    27.1    26.8    26.4    24.9    23.2
63828 20180524  2.422  -84.47   31.31    30.6    19.1    24.8    23.9    23.2    20.31 C    44.9    18.9    27.4    95.0    55.6    81.3   0.136   0.117   0.091   0.118   0.204    27.1    26.8    26.5    25.1    23.3
63828 20180525  2.422  -84.47   31.31    31.6    20.7    26.1    25.4     9.8    23.73 C    44.5    21.1    28.6    94.8    48.1    76.0   0.159   0.139   0.122   0.118   0.204    28.0    27.4    26.9    25.2    23.4
63828 20180526  2.422  -84.47   31.31    28.9    20.0    24.4    23.3    10.4    16.42 C    41.5    20.1    25.8    95.2    63.9    87.9   0.170   0.147   0.130   0.127   0.203    27.4    27.3    27.1    25.7    23.5
63828 20180527  2.422  -84.47   31.31    27.1    20.7    23.9    23.1    11.3    12.83 C    33.8    20.5    24.8    94.7    64.1    85.8   0.162   0.140   0.128   0.143   0.204    26.6    26.7    26.6    25.6    23.7
63828 20180528  2.422  -84.47   31.31    27.1    22.2    24.7    23.9    30.3     9.64 C    31.3    22.9    24.9    93.5    76.8    88.9   0.179   0.154   0.138   0.158   0.203    26.2    26.3    26.2    25.4    23.8
63828 20180529  2.422  -84.47   31.31    27.5    22.9    25.2    24.8     3.9    15.77 C    32.7    22.9    25.7    91.5    71.2    83.0   0.169   0.146   0.133   0.179   0.223    26.7    26.5    26.2    25.3    23.9
63828 20180530  2.422  -84.47   31.31    30.5    21.5    26.0    26.0     0.0    19.40 C    39.9    20.9    27.6    94.8    57.5    78.0   0.150   0.132   0.122   0.170   0.239    27.6    27.2    26.8    25.4    24.0
63828 20180531  2.422  -84.47   31.31    31.6    21.9    26.7    25.8     0.0    23.55 C    44.3    21.5    28.9    93.8    48.6    77.3   0.139   0.125   0.117   0.164   0.238    28.7    28.1    27.5    25.8    24.1
63828 20180601  2.422  -84.47   31.31    32.1    21.1    26.6    26.6     0.0    24.42 C    45.2    20.9    29.5    93.9    50.1    74.9   0.129   0.119   0.112   0.161   0.235    29.2    28.6    28.1    26.3    24.2
63828 20180602  2.422  -84.47   31.31    29.9    21.1    25.5    24.5     4.5    10.78 C    39.1    21.5    25.8    93.6    68.0    84.8   0.129   0.114   0.109   0.158   0.233    28.0    28.0    27.9    26.6    24.5
63828 20180603  2.422  -84.47   31.31    33.4    21.7    27.6    27.2     0.0    24.94 C    43.6    21.3    29.5    94.5    47.9    74.8   0.130   0.112   0.105   0.154   0.232    29.1    28.4    27.8    26.4    24.7
63828 20180604  2.422  -84.47   31.31    30.5    16.4    23.5    24.8     0.0    28.55 C    42.8    15.7    27.8    91.0    34.3    66.7   0.118   0.107   0.102   0.153   0.229    29.4    29.0    28.5    26.8    24.8
63828 20180605  2.422  -84.47   31.31    29.3    14.9    22.1    22.3     0.0    20.39 C    40.5    13.9    24.1    94.7    40.3    73.1   0.105   0.102   0.097   0.151   0.228    27.4    27.4    27.5    26.7    24.9
63828 20180606  2.422  -84.47   31.31    30.8    18.2    24.5    23.5     0.0    24.87 C    44.3    16.9    26.5    94.6    35.9    73.1   0.097   0.097   0.093   0.148   0.226    28.0    27.6    27.4    26.3    24.9
63828 20180607  2.422  -84.47   31.31    33.1    17.3    25.2    24.8     0.0    26.78 C    46.2    15.8    27.7    95.8    33.8    70.5   0.089   0.090   0.089   0.146   0.224    28.5    28.0    27.7    26.4    24.9
63828 20180608  2.422  -84.47   31.31    33.6    18.9    26.2    25.2     0.0    23.63 C    48.4    17.3    28.1    95.0    35.1    71.0   0.083   0.083   0.083   0.143   0.223    28.9    28.4    28.0    26.6    24.9
63828 20180609  2.422  -84.47   31.31    31.2    17.8    24.5    22.8     9.5    15.39 C    48.3    17.3    25.3    94.5    47.2    84.9   0.110   0.078   0.079   0.141   0.221    27.7    27.7    27.7    26.6    25.0
63828 20180610  2.422  -84.47   31.31    31.5    18.5    25.0    23.1     0.0    20.30 C    42.8    18.3    25.5    95.1    49.7    82.7   0.129   0.077   0.078   0.140   0.220    27.6    27.4    27.3    26.3    25.1
63828 20180611  2.422  -84.47   31.31    28.5    18.2    23.3    23.3     0.0    14.96 C    37.1    18.2    25.0    94.7    66.3    83.8   0.114   0.078   0.078   0.139   0.219    27.0    27.0    27.0    26.3    25.0
63828 20180612  2.422  -84.47   31.31    31.1    20.3    25.7    25.4     0.0    23.39 C    44.0    19.5    28.0    95.0    49.7    76.2   0.104   0.078   0.078   0.138   0.218    28.2    27.7    27.3    26.1    25.0
63828 20180613  2.422  -84.47   31.31    32.0    19.6    25.8    25.2     0.0    24.43 C    45.6    18.6    28.3    95.1    49.0    76.4   0.094   0.076   0.075   0.136   0.217    28.9    28.4    27.9    26.5    25.0
63828 20180614  2.422  -84.47   31.31    30.6    20.6    25.6    24.1     0.3    13.80 C    45.1    19.5    25.7    94.7    57.2    83.5   0.086   0.074   0.072   0.136   0.216    28.0    28.0    27.9    26.7    25.1
63828 20180615  2.422  -84.47   31.31    30.3    22.0    26.2    24.8     1.6    19.66 C    46.4    21.4    27.2    93.6    59.2    81.6   0.082   0.073   0.070   0.133   0.215    28.1    27.8    27.6    26.5    25.2
63828 20180616  2.422  -84.47   31.31    30.6    20.9    25.8    24.4     7.5    14.24 C    40.2    20.2    26.1    95.6    60.4    85.3   0.088   0.071   0.068   0.131   0.214    27.6    27.6    27.5    26.5    25.2
63828 20180617  2.422  -84.47   31.31    32.1    21.7    26.9    24.9    18.7    18.94 C    41.7    21.7    27.1    94.8    56.0    85.2   0.138   0.087   0.070   0.130   0.214    28.2    27.9    27.6    26.4    25.2
63828 20180618  2.422  -84.47   31.31    32.9    20.6    26.7    26.3     0.0    25.89 C    43.1    20.6    29.1    94.9    50.1    78.5   0.148   0.131   0.101   0.129   0.213    29.0    28.5    28.1    26.6    25.2
63828 20180619  2.422  -84.47   31.31    34.3    21.7    28.0    27.9     0.0    26.88 C    44.9    21.4    30.8    95.1    44.1    74.6   0.129   0.120   0.103   0.129   0.212    30.2    29.6    29.0    27.1    25.3
63828 20180620  2.422  -84.47   31.31    34.6    22.4    28.5    28.1     0.0    25.14 C    47.4    22.2    30.8    94.3    45.8    73.3   0.114   0.111   0.097   0.128   0.212    30.7    30.2    29.7    27.7    25.5
63828 20180621  2.422  -84.47   31.31    33.3    22.6    27.9    27.8     0.0    24.94 C    45.5    21.7    30.2    93.7    48.8    73.1   0.102   0.103   0.092   0.127   0.211    30.7    30.2    29.8    27.9    25.7
63828 20180622  2.422  -84.47   31.31    33.0    23.5    28.2    28.0     0.0    21.45 C    44.4    23.3    30.0    89.3    40.2    69.1   0.094   0.095   0.086   0.126   0.211    30.6    30.2    29.9    28.1    25.9
63828 20180623  2.422  -84.47   31.31    33.9    23.9    28.9    28.1     0.0    25.43 C    46.6    23.1    30.9    89.8    44.0    69.9   0.086   0.088   0.079   0.124   0.210    30.9    30.4    30.0    28.2    26.1
63828 20180624  2.422  -84.47   31.31    34.3    22.6    28.5    28.4     0.0    23.69 C    48.6    21.2    31.3    94.7    44.3    71.9   0.081   0.080   0.074   0.121   0.209    31.2    30.6    30.2    28.3    26.3
63828 20180625  2.422  -84.47   31.31    35.5    21.6    28.6    27.9     0.0    24.32 C    51.7    20.9    31.4    94.9    45.1    70.8   0.078   0.075   0.070   0.119   0.209    31.5    30.9    30.4    28.5    26.4
63828 20180626  2.422  -84.47   31.31    35.0    20.0    27.5    27.3     0.0    25.04 C    52.3    19.5    31.6    94.0    44.3    70.6   0.075   0.070   0.065   0.117   0.208    31.5    31.0    30.5    28.7    26.5
63828 20180627  2.422  -84.47   31.31    34.7    20.8    27.7    27.2    29.1    25.59 C    51.5    20.8    31.9    94.4    43.4    73.8   0.087   0.075   0.065   0.116   0.207    31.5    31.1    30.7    28.8    26.6
63828 20180628  2.422  -84.47   31.31    34.3    21.0    27.6    25.4     9.2    19.50 C    44.6    21.6    28.0    94.3    51.4    82.6   0.151   0.122   0.095   0.116   0.206    29.8    29.8    29.8    28.7    26.8
63828 20180629  2.422  -84.47   31.31    33.2    21.6    27.4    26.3     0.0    25.01 C    43.1    22.5    29.8    95.3    48.8    78.4   0.143   0.130   0.095   0.116   0.206    30.4    30.0    29.7    28.4    26.8
63828 20180630  2.422  -84.47   31.31    31.9    22.1    27.0    24.9   122.1    13.53 C    43.4    22.0    26.5    94.6    59.1    85.8   0.155   0.144   0.118   0.134   0.211    28.5    28.8    29.2    28.5    26.8
63828 20180701  2.422  -84.47   31.31    29.7    22.6    26.1    24.2     8.9    10.79 C    39.5    22.6    25.6    95.0    66.8    89.9   0.165   0.148   0.134   0.166   0.229    27.6    27.7    27.8    27.7    27.0
63828 20180702  2.422  -84.47   31.31    30.6    22.2    26.4    25.9     0.0    21.96 C    39.9    21.8    28.0    95.2    59.0    83.5   0.153   0.138   0.127   0.170   0.232    28.9    28.6    28.3    27.4    26.8
63828 20180703  2.422  -84.47   31.31    33.8    22.4    28.1    27.0     8.7    26.61 C    43.8    22.3    29.8    95.0    44.8    77.9   0.147   0.131   0.119   0.165   0.234    30.1    29.6    29.2    27.9    26.7
63828 20180704  2.422  -84.47   31.31    31.6    22.0    26.8    25.0     1.4    18.09 C    41.3    21.9    26.8    94.8    56.6    84.2   0.155   0.137   0.122   0.162   0.233    29.3    29.2    29.2    28.1    26.8
63828 20180705  2.422  -84.47   31.31    31.5    20.6    26.0    25.5     0.0    21.57 C    41.2    20.4    27.1    95.4    51.3    79.3   0.144   0.129   0.118   0.161   0.231    29.1    28.9    28.8    27.9    26.9
63828 20180706  2.422  -84.47   31.31    32.5    21.2    26.8    25.9     1.6    24.02 C    42.6    20.7    28.4    94.9    49.4    77.2   0.131   0.123   0.114   0.159   0.230    29.5    29.2    29.0    28.0    26.9
63828 20180707  2.422  -84.47   31.31    31.2    21.6    26.4    25.1     3.7    22.38 C    41.8    22.0    27.9    95.2    56.5    82.6   0.124   0.117   0.110   0.156   0.229    29.7    29.4    29.2    28.1    26.8
63828 20180708  2.422  -84.47   31.31    30.7    21.7    26.2    24.9     4.2    19.37 C    40.3    21.9    27.3    95.0    57.4    83.3   0.131   0.114   0.106   0.154   0.228    29.4    29.3    29.1    28.1    26.9
63828 20180709  2.422  -84.47   31.31    31.6    21.2    26.4    25.7     0.0    21.66 C    40.8    21.4    27.8    95.7    53.0    81.5   0.140   0.115   0.102   0.153   0.227    29.5    29.3    29.1    28.0    26.9
63828 20180710  2.422  -84.47   31.31    33.0    20.5    26.8    26.3     0.0    27.46 C    41.7    20.6    28.6    94.8    39.4    74.3   0.124   0.112   0.100   0.151   0.226    30.0    29.7    29.4    28.1    26.9
63828 20180711  2.422  -84.47   31.31    34.2    19.7    26.9    26.7     0.0    26.85 C    42.6    19.3    28.6    94.7    35.9    71.4   0.109   0.106   0.097   0.149   0.224    30.1    29.8    29.5    28.3    27.0
63828 20180712  2.422  -84.47   31.31    34.4    20.7    27.5    27.8     0.0    25.70 C    43.6    19.8    29.4    95.1    39.2    70.2   0.098   0.100   0.092   0.147   0.223    30.6    30.1    29.8    28.4    27.1
63828 20180713  2.422  -84.47   31.31    34.0    22.2    28.1    28.3     0.0    24.47 C    46.7    21.1    30.4    94.3    48.0    73.0   0.089   0.092   0.088   0.144   0.222    31.0    30.5    30.1    28.7    27.1
63828 20180714  2.422  -84.47   31.31    31.8    22.9    27.4    26.3     0.0    14.52 C    43.3    22.6    28.1    93.8    60.3    82.1   0.084   0.085   0.082   0.143   0.222    30.3    30.2    30.0    28.8    27.2
63828 20180715  2.422  -84.47   31.31    32.9    21.5    27.2    25.3    11.5    15.54 C    44.5    20.9    27.1    95.2    57.4    85.9   0.111   0.087   0.079   0.141   0.221    29.6    29.6    29.6    28.7    27.3
63828 20180716  2.422  -84.47   31.31    32.0    22.2    27.1    24.9    33.4    13.21 C    39.1    22.2    26.1    95.2    60.7    88.2   0.151   0.117   0.094   0.143   0.219    28.5    28.7    28.8    28.3    27.4
63828 20180717  2.422  -84.47   31.31    32.0    22.5    27.2    25.7     4.3    19.28 C    38.7    22.5    27.3    94.8    58.9    84.6   0.155   0.136   0.116   0.158   0.219    29.3    29.0    28.8    28.0    27.2
63828 20180718  2.422  -84.47   31.31    32.4    23.1    27.8    27.1     0.0    22.50 C    39.9    23.0    28.7    94.6    55.2    80.3   0.150   0.133   0.117   0.155   0.221    30.1    29.7    29.4    28.2    27.2
63828 20180719  2.422  -84.47   31.31    31.8    22.9    27.4    25.6    27.8    13.23 C    41.7    23.0    27.0    95.5    62.5    88.1   0.150   0.137   0.122   0.157   0.222    29.3    29.4    29.4    28.5    27.1
63828 20180720  2.422  -84.47   31.31    31.7    23.0    27.4    26.4     0.0    20.47 C    39.1    23.1    28.5    95.3    59.5    83.5   0.156   0.141   0.130   0.173   0.228    29.7    29.4    29.2    28.2    27.3
63828 20180721  2.422  -84.47   31.31    29.2    20.8    25.0    24.9    50.4    13.49 C    32.9    19.8    25.6    95.5    73.6    87.1   0.165   0.150   0.137   0.177   0.232    28.3    28.6    28.8    28.3    27.3
63828 20180722  2.422  -84.47   31.31    33.0    21.6    27.3    26.1     4.5    22.80 C    39.4    21.4    27.4    94.3    50.7    79.5   0.162   0.144   0.131   0.181   0.244    29.0    28.7    28.6    27.9    27.3
63828 20180723  2.422  -84.47   31.31    31.0    21.5    26.2    25.0     0.0    17.94 C    37.1    21.4    26.6    95.7    52.8    83.2   0.160   0.139   0.125   0.171   0.243    29.0    28.9    28.8    28.0    27.3
63828 20180724  2.422  -84.47   31.31    31.5    20.5    26.0    24.1     1.0    18.70 C    39.8    20.4    25.5    94.9    55.7    85.7   0.146   0.131   0.121   0.167   0.239    28.6    28.6    28.7    28.0    27.3
63828 20180725  2.422  -84.47   31.31    31.6    20.2    25.9    25.6     6.1    20.18 C    39.1    20.3    26.8    95.2    56.9    83.3   0.151   0.128   0.116   0.163   0.236    28.7    28.6    28.5    27.9    27.2
63828 20180726  2.422  -84.47   31.31    32.1    22.4    27.2    26.2    15.1    18.81 C    40.1    22.2    27.5    95.0    58.9    84.5   0.168   0.143   0.127   0.161   0.234    29.4    29.2    29.0    28.0    27.2
63828 20180727  2.422  -84.47   31.31    30.8    22.6    26.7    25.4     0.0    13.88 C    37.4    22.1    26.3    95.2    64.9    86.6   0.164   0.145   0.133   0.172   0.232    29.0    29.0    29.0    28.2    27.2
63828 20180728  2.422  -84.47   31.31    32.8    21.3    27.0    26.0     0.0    19.67 C    38.6    21.1    27.5    95.7    52.5    84.7   0.149   0.134   0.124   0.168   0.233    29.3    29.1    28.9    28.1    27.3
63828 20180729  2.422  -84.47   31.31    32.3    21.6    27.0    25.2    20.5    18.59 C    39.6    21.2    26.5    95.0    56.0    85.6   0.157   0.141   0.129   0.167   0.233    29.0    29.0    29.0    28.2    27.3
63828 20180730  2.422  -84.47   31.31    32.0    21.2    26.6    25.2     0.0    20.90 C    37.9    21.4    26.6    95.5    56.6    83.5   0.162   0.143   0.132   0.175   0.234    29.0    28.9    28.8    28.1    27.3
63828 20180731  2.422  -84.47   31.31    28.0    22.0    25.0    23.9    23.4     8.84 C    30.6    21.7    24.5    95.1    80.5    90.8   0.173   0.149   0.135   0.177   0.235    27.7    28.0    28.3    28.0    27.3
63828 20180801  2.422  -84.47   31.31    26.3    22.1    24.2    23.5    13.7     9.48 C    29.0    22.3    24.1    94.2    78.4    90.4   0.186   0.158   0.140   0.183   0.242    27.2    27.5    27.7    27.6    27.3
63828 20180802  2.422  -84.47   31.31    26.2    21.8    24.0    23.3     9.9     8.07 C    28.7    22.0    23.8    94.7    81.5    91.2   0.184   0.156   0.139   0.182   0.245    26.7    27.0    27.2    27.2    27.1
63828 20180803  2.422  -84.47   31.31    29.9    21.9    25.9    24.1     1.3    15.40 C    36.3    21.8    25.1    94.7    62.1    86.7   0.169   0.144   0.131   0.178   0.245    27.8    27.7    27.6    27.0    27.0
63828 20180804  2.422  -84.47   31.31    32.1    20.3    26.2    24.9     0.4    19.64 C    37.6    20.1    26.0    95.5    54.7    84.4   0.157   0.136   0.124   0.171   0.242    28.2    28.0    27.9    27.2    26.8
63828 20180805  2.422  -84.47   31.31    33.2    20.5    26.9    26.7     0.0    23.91 C    38.4    20.4    27.7    95.4    49.9    79.9   0.144   0.129   0.119   0.166   0.239    28.9    28.5    28.3    27.4    26.8
63828 20180806  2.422  -84.47   31.31    33.9    21.0    27.4    26.4    23.3    22.31 C    39.2    20.5    27.6    95.0    49.2    80.0   0.144   0.132   0.124   0.163   0.236    29.2    29.1    28.9    27.8    26.9
63828 20180807  2.422  -84.47   31.31    32.1    20.4    26.2    25.2     0.0    21.24 C    36.0    20.6    26.3    95.0    54.8    82.7   0.162   0.144   0.136   0.172   0.234    28.6    28.5    28.5    27.8    27.0
63828 20180808  2.422  -84.47   31.31    33.0    21.1    27.1    26.3     0.0    23.34 C    38.4    20.9    27.3    95.2    54.0    79.5   0.144   0.133   0.127   0.169   0.235    29.2    29.0    28.8    27.9    27.0
63828 20180809  2.422  -84.47   31.31    32.6    21.4    27.0    26.3     0.0    23.12 C    37.9    21.0    27.3    95.1    53.1    79.8   0.129   0.125   0.121   0.164   0.234    29.4    29.2    29.0    28.0    27.1
63828 20180810  2.422  -84.47   31.31    32.6    20.5    26.6    25.6    26.6    22.13 C    39.1    20.4    26.8    95.1    53.3    80.9   0.133   0.128   0.123   0.161   0.232    29.1    29.0    29.0    28.1    27.1
63828 20180811  2.422  -84.47   31.31    30.3    20.3    25.3    24.5     0.0    18.30 C    34.3    20.3    25.5    94.9    66.4    86.2   0.162   0.145   0.137   0.171   0.232    28.3    28.4    28.4    27.9    27.2
63828 20180812  2.422  -84.47   31.31    32.5    22.4    27.4    26.7     0.0    21.56 C    36.6    22.2    27.5    94.9    52.1    80.8   0.146   0.134   0.128   0.168   0.232    29.0    28.8    28.7    27.9    27.2
63828 20180813  2.422  -84.47   31.31    33.4    21.2    27.3    26.3    24.4    22.00 C    37.8    20.7    27.0    95.4    50.0    80.2   0.146   0.135   0.129   0.165   0.232    29.0    28.9    28.9    28.0    27.2
63828 20180814  2.422  -84.47   31.31    32.1    21.1    26.6    25.3    39.2    22.56 C    36.0    21.1    26.4    95.6    57.7    84.0   0.175   0.156   0.146   0.181   0.233    28.5    28.5    28.6    28.0    27.2
63828 20180815  2.422  -84.47   31.31    32.3    21.0    26.6    25.0     0.0    19.90 C    35.9    20.9    25.9    95.8    53.6    84.8   0.166   0.146   0.136   0.181   0.248    28.4    28.4    28.4    27.9    27.3
63828 20180816  2.422  -84.47   31.31    31.6    21.7    26.6    24.6     0.0    13.49 C    36.1    21.4    25.1    95.1    56.3    86.5   0.151   0.135   0.128   0.171   0.244    28.1    28.2    28.4    27.8    27.3
63828 20180817  2.422  -84.47   31.31    30.6    21.2    25.9    24.2     0.2    12.82 C    36.1    20.8    24.6    95.2    62.3    87.1   0.143   0.130   0.123   0.166   0.240    27.6    27.8    27.9    27.6    27.2
63828 20180818  2.422  -84.47   31.31    31.1    20.9    26.0    25.1     0.5    13.49 C    35.3    20.5    25.2    95.2    61.8    86.5   0.135   0.125   0.119   0.163   0.237    27.7    27.7    27.8    27.4    27.1
63828 20180819  2.422  -84.47   31.31    30.4    22.2    26.3    24.4    16.6    11.86 C    35.7    21.3    24.9    95.0    62.1    89.4   0.152   0.134   0.124   0.161   0.234    27.5    27.6    27.7    27.4    27.1
63828 20180820  2.422  -84.47   31.31    32.0    20.7    26.4    24.6    14.3    17.24 C    35.3    20.3    25.1    95.7    56.4    86.8   0.178   0.153   0.140   0.163   0.232    27.5    27.5    27.6    27.2    27.0
63828 20180821  2.422  -84.47   31.31    31.5    20.8    26.1    24.4    13.7    14.18 C    35.1    20.6    24.7    95.2    60.1    89.1   0.183   0.159   0.145   0.180   0.231    27.3    27.4    27.5    27.1    27.0
63828 20180822  2.422  -84.47   31.31    31.3    21.5    26.4    26.1     0.0    22.49 C    38.7    20.9    27.7    94.2    52.1    80.6   0.171   0.148   0.136   0.180   0.238    28.7    28.3    28.1    27.2    26.9
63828 20180823  2.422  -84.47   31.31    30.3    18.5    24.4    24.0     0.0    23.21 C    37.8    17.8    25.8    95.0    55.7    80.9   0.156   0.138   0.129   0.173   0.240    28.2    28.1    28.1    27.5    26.8
63828 20180824  2.422  -84.47   31.31    31.4    22.7    27.1    26.4     0.0    20.19 C    39.3    21.8    27.5    90.5    57.8    76.3   0.146   0.132   0.125   0.168   0.239    28.6    28.4    28.2    27.5    26.9
63828 20180825  2.422  -84.47   31.31    31.6    20.3    26.0    25.3     0.0    21.00 C    39.6    19.5    26.7    94.6    50.5    78.8   0.136   0.126   0.120   0.164   0.236    28.6    28.4    28.4    27.6    27.0
63828 20180826  2.422  -84.47   31.31    31.9    19.9    25.9    24.9     0.0    20.18 C    40.8    19.2    26.6    95.2    49.0    81.1   0.127   0.121   0.117   0.161   0.233    28.3    28.2    28.2    27.6    27.0
63828 20180827  2.422  -84.47   31.31    33.0    19.6    26.3    25.8     0.0    23.03 C    41.7    19.1    27.6    95.6    50.4    78.1   0.117   0.115   0.113   0.158   0.233    28.7    28.4    28.3    27.6    27.0
63828 20180828  2.422  -84.47   31.31    32.9    21.1    27.0    25.5    40.9    20.71 C    42.8    20.6    27.4    94.8    50.6    80.1   0.129   0.125   0.119   0.163   0.230    28.5    28.3    28.4    27.7    27.0
63828 20180829  2.422  -84.47   31.31    31.2    20.2    25.7    23.8     1.9    17.36 C    37.7    20.0    25.5    95.1    48.2    84.2   0.162   0.145   0.133   0.175   0.236    27.9    27.7    27.8    27.5    27.0
63828 20180830  2.422  -84.47   31.31    30.2    21.0    25.6    23.4     1.6    15.83 C    37.7    21.1    25.1    94.6    58.1    86.3   0.155   0.137   0.127   0.169   0.236    27.8    27.8    27.8    27.4    27.0
63828 20180831  2.422  -84.47   31.31    31.8    20.7    26.3    24.4    10.1    17.95 C    38.1    20.8    25.6    94.8    54.7    83.7   0.163   0.137   0.124   0.165   0.235    27.9    27.8    27.8    27.3    27.0
63828 20180901  2.422  -84.47   31.31    32.1    20.7    26.4    25.0     0.0    20.21 C    37.7    20.3    26.3    94.6    54.1    83.0   0.173   0.151   0.137   0.164   0.232    28.2    28.0    27.9    27.3    27.0
63828 20180902  2.422  -84.47   31.31    31.8    20.9    26.3    25.1     0.0    18.45 C    39.0    20.4    26.1    95.1    58.1    83.6   0.156   0.139   0.130   0.164   0.231    28.3    28.2    28.1    27.5    26.9
63828 20180903  2.422  -84.47   31.31    30.5    21.7    26.1    24.7     1.3    10.01 C    36.1    21.0    25.0    94.6    64.4    86.7   0.148   0.134   0.125   0.162   0.231    27.6    27.7    27.8    27.5    27.0
63828 20180904  2.422  -84.47   31.31    29.9    22.9    26.4    25.1     4.3     9.51 C    31.7    22.4    25.3    94.1    67.3    86.0   0.156   0.131   0.121   0.159   0.230    27.4    27.5    27.5    27.3    26.9
63828 20180905  2.422  -84.47   31.31    31.2    23.3    27.3    26.4     0.0    18.21 C    37.0    22.6    27.0    93.7    57.3    82.0   0.161   0.133   0.120   0.158   0.229    28.2    27.9    27.8    27.1    26.9
63828 20180906  2.422  -84.47   31.31    31.7    20.8    26.3    25.4     0.0    18.14 C    39.1    20.4    26.4    95.3    55.8    83.7   0.149   0.129   0.119   0.157   0.227    28.3    28.2    28.1    27.4    26.8
63828 20180907  2.422  -84.47   31.31    31.6    20.0    25.8    25.1     3.4    21.39 C    39.4    19.2    26.2    95.7    54.3    83.1   0.140   0.124   0.116   0.156   0.226    28.2    28.1    28.1    27.4    26.9
63828 20180908  2.422  -84.47   31.31    31.8    20.4    26.1    25.2     0.0    22.19 C    37.2    20.0    26.2    96.0    49.9    81.3   0.138   0.119   0.113   0.154   0.226    28.2    28.1    28.0    27.4    26.8
63828 20180909  2.422  -84.47   31.31    31.9    20.0    26.0    25.6     0.0    20.84 C    38.0    19.7    26.5    95.3    48.6    78.9   0.129   0.114   0.110   0.153   0.225    28.2    28.0    28.0    27.4    26.9
63828 20180910  2.422  -84.47   31.31    31.8    20.6    26.2    25.8     0.0    20.91 C    39.2    19.9    26.9    95.3    51.0    78.8   0.118   0.109   0.106   0.152   0.224    28.3    28.1    28.1    27.4    26.9
63828 20180911  2.422  -84.47   31.31    32.5    20.4    26.5    25.6     0.0    15.23 C    39.2    20.0    26.5    95.3    51.5    81.6   0.108   0.103   0.102   0.150   0.223    27.9    27.9    27.9    27.4    26.9
63828 20180912  2.422  -84.47   31.31    33.0    21.2    27.1    25.9     0.5    17.58 C    41.2    20.6    26.9    95.3    53.6    82.8   0.102   0.097   0.098   0.148   0.222    28.1    27.9    27.9    27.4    26.9
63828 20180913  2.422  -84.47   31.31    32.9    22.5    27.7    26.9     0.2    18.99 C    41.8    21.5    28.2    95.2    51.5    79.6   0.096   0.091   0.094   0.145   0.222    28.6    28.3    28.2    27.4    26.9
63828 20180914  2.422  -84.47   31.31    34.6    22.1    28.3    27.3     0.0    20.72 C    42.0    21.7    28.9    95.1    43.2    77.0   0.090   0.085   0.089   0.143   0.220    29.0    28.7    28.5    27.6    26.9
63828 20180915  2.422  -84.47   31.31    34.5    22.4    28.4    27.4     0.0    19.55 C    42.9    20.8    28.7    95.4    45.1    76.8   0.086   0.080   0.083   0.139   0.220    29.0    28.7    28.6    27.7    26.9
63828 20180916  2.422  -84.47   31.31    33.9    20.2    27.1    26.6     0.0    21.62 C    41.9    19.4    28.0    94.6    44.9    73.8   0.082   0.075   0.077   0.136   0.218    29.0    28.7    28.6    27.8    27.0
63828 20180917  2.422  -84.47   31.31    32.9    23.1    28.0    26.5     0.0    11.44 C    40.6    22.3    27.0    94.7    56.7    83.1   0.080   0.073   0.073   0.134   0.218    28.5    28.5    28.5    27.8    27.1
63828 20180918  2.422  -84.47   31.31    34.0    21.7    27.8    26.7     0.0    19.13 C    43.9    21.0    28.3    95.1    47.9    77.5   0.080   0.072   0.069   0.130   0.217    28.6    28.4    28.3    27.7    27.0
63828 20180919  2.422  -84.47   31.31    35.6    20.3    28.0    26.5     0.0    21.04 C    45.2    19.4    28.5    94.6    36.3    74.3   0.078   0.071   0.066   0.126   0.216    28.7    28.5    28.4    27.7    27.0
63828 20180920  2.422  -84.47   31.31    35.1    20.6    27.9    26.9     0.0    20.24 C    45.9    19.7    28.6    95.2    40.0    72.6   0.076   0.069   0.064   0.122   0.214    28.8    28.5    28.5    27.8    27.0
63828 20180921  2.422  -84.47   31.31    32.9    21.2    27.1    26.5     0.0    19.33 C    43.0    20.0    28.0    93.6    42.3    71.2   0.075   0.068   0.062   0.118   0.214    28.6    28.5    28.4    27.8    27.0
63828 20180922  2.422  -84.47   31.31    32.6    19.5    26.0    24.8     0.0    18.62 C    43.5    18.4    26.4    95.2    39.0    74.3   0.073   0.067   0.061   0.116   0.213    28.1    28.1    28.2    27.7    27.0
63828 20180923  2.422  -84.47   31.31    32.1    18.2    25.1    24.3     0.0    15.43 C    44.0    17.4    26.0    94.7    49.7    80.2   0.072   0.066   0.060   0.114   0.211    27.6    27.6    27.7    27.5    27.0
63828 20180924  2.422  -84.47   31.31    33.3    20.8    27.1    26.3     0.0    19.70 C    43.8    19.7    28.0    94.0    43.2    72.6   0.072   0.066   0.060   0.113   0.210    28.3    28.1    28.0    27.4    27.0
63828 20180925  2.422  -84.47   31.31    33.6    21.0    27.3    25.0     0.0    15.37 C    44.8    19.5    26.6    94.8    45.8    80.6   0.070   0.066   0.059   0.112   0.209    28.1    28.1    28.1    27.5    27.0
63828 20180926  2.422  -84.47   31.31    33.6    20.3    27.0    25.8     0.4    19.56 C    44.9    19.7    28.1    95.0    43.5    78.2   0.070   0.065   0.059   0.112   0.209    28.5    28.2    28.1    27.5    27.0
63828 20180927  2.422  -84.47   31.31    33.4    20.4    26.9    24.6     8.7    15.20 C    42.6    19.7    25.9    95.3    48.4    85.3   0.087   0.068   0.058   0.112   0.208    27.8    27.9    28.0    27.5    27.0
63828 20180928  2.422  -84.47   31.31    31.4    19.9    25.7    24.1     0.3    13.44 C    39.6    19.7    25.3    96.1    52.5    86.4   0.105   0.082   0.058   0.112   0.207    27.3    27.4    27.5    27.2    26.9
63828 20180929  2.422  -84.47   31.31    32.7    20.3    26.5    25.4     0.0    14.42 C    41.5    20.0    26.7    95.1    52.2    79.4   0.098   0.081   0.059   0.111   0.207    27.4    27.4    27.5    27.1    26.8
63828 20180930  2.422  -84.47   31.31    32.7    20.3    26.5    24.9    14.5    17.46 C    43.1    19.8    26.9    94.7    50.7    81.3   0.104   0.089   0.069   0.112   0.206    27.3    27.3    27.4    27.0    26.7
63828 20181001  2.422  -84.47   31.31    31.4    21.3    26.3    25.1     0.0    18.18 C    38.9    20.7    26.1    95.0    43.8    76.3   0.128   0.114   0.091   0.112   0.206    27.2    27.3    27.4    26.9    26.7
63828 20181002  2.422  -84.47   31.31    31.4    19.5    25.4    24.5     0.0    16.29 C    39.7    18.9    25.5    94.8    47.8    77.6   0.115   0.106   0.087   0.112   0.206    26.8    26.9    27.0    26.8    26.6
63828 20181003  2.422  -84.47   31.31    31.9    19.5    25.7    24.3     0.0    14.10 C    41.8    18.6    25.1    95.2    43.9    79.9   0.106   0.100   0.084   0.112   0.206    26.5    26.7    26.8    26.6    26.6
63828 20181004  2.422  -84.47   31.31    32.6    18.0    25.3    23.9     0.0    15.65 C    39.8    17.3    24.9    95.8    41.1    78.4   0.098   0.095   0.081   0.112   0.204    26.2    26.3    26.5    26.5    26.5
63828 20181005  2.422  -84.47   31.31    33.3    17.9    25.6    24.0     0.0    16.61 C    42.8    17.2    25.2    95.1    37.5    75.2   0.092   0.089   0.078   0.112   0.204    26.2    26.2    26.4    26.3    26.5
63828 20181006  2.422  -84.47   31.31    33.1    17.3    25.2    24.1     0.0    18.95 C    42.9    16.7    25.6    94.9    37.1    72.9   0.086   0.084   0.076   0.111   0.204    26.3    26.3    26.4    26.2    26.4
63828 20181007  2.422  -84.47   31.31    32.2    16.8    24.5    24.5     0.0    17.46 C    40.9    15.7    25.6    95.2    37.6    71.5   0.081   0.080   0.072   0.111   0.203    26.2    26.2    26.3    26.2    26.2
63828 20181008  2.422  -84.47   31.31    30.7    20.9    25.8    24.8     0.4    11.44 C    37.8    19.3    25.0    93.5    54.2    79.0   0.078   0.077   0.070   0.111   0.202    26.1    26.2    26.3    26.2    26.2
63828 20181009  2.422  -84.47   31.31    30.3    23.0    26.7    25.0     9.9     7.70 C    38.4    22.1    25.3    90.0    53.2    80.6   0.100   0.086   0.069   0.111   0.202    26.1    26.2    26.3    26.1    26.1
63828 20181010  2.422  -84.47   31.31    25.8    23.8    24.8    24.8   116.0     0.42 C    25.1    22.9    24.2    91.8    82.2    87.8   0.168   0.146   0.119   0.135   0.206    25.1    25.5    25.8    25.9    26.1
63828 20181011  2.422  -84.47   31.31    29.5    17.3    23.4    24.3     0.0    12.28 C    37.9    15.3    24.4    88.6    54.6    75.5   0.155   0.143   0.132   0.178   0.242    25.3    25.4    25.4    25.4    26.0
63828 20181012  2.422  -84.47   31.31    26.8    12.2    19.5    18.3     0.0    19.83 C    36.9    11.0    19.7    92.5    33.0    70.0   0.140   0.130   0.122   0.168   0.242    23.4    24.0    24.6    25.1    25.8
63828 20181013  2.422  -84.47   31.31    28.0    11.0    19.5    18.9     0.0    19.01 C    38.4    10.4    20.3    95.4    32.5    70.1   0.132   0.124   0.117   0.163   0.239    22.5    23.0    23.5    24.4    25.6
63828 20181014  2.422  -84.47   31.31    30.6    13.1    21.9    21.3     0.0    18.40 C    39.8    12.3    22.1    94.7    29.9    67.7   0.126   0.120   0.114   0.159   0.236    22.9    23.2    23.5    24.0    25.3
63828 20181015  2.422  -84.47   31.31 -9999.0 -9999.0 -9999.0 -9999.0     0.0    15.88 C    42.4    17.0    26.1    86.0    36.1    67.8   0.121   0.116   0.111   0.157   0.234    24.4    24.2    24.1    24.1    25.1
63828 20181016  2.422  -84.47   31.31 -9999.0 -9999.0 -9999.0 -9999.0     3.6    14.57 C    41.7    18.7    26.8    87.8    38.8    69.1   0.118   0.113   0.108   0.155   0.232    25.5    25.4    25.2    24.6    25.0
63828 20181017  2.422  -84.47   31.31 -9999.0 -9999.0 -9999.0 -9999.0     0.0    12.54 C    39.8    19.0    24.9    88.2    43.2    71.0   0.124   0.111   0.106   0.153   0.230    25.5    25.5    25.5    25.0    25.0
63828 20181018  2.422  -84.47   31.31 -9999.0 -9999.0 -9999.0 -9999.0     0.0    17.60 C    37.9    14.7    23.1    74.6    31.8    52.8   0.119   0.108   0.104   0.151   0.229    24.4    24.7    25.0    25.0    25.1
63828 20181019  2.422  -84.47   31.31 -9999.0 -9999.0 -9999.0 -9999.0 -9999.0 -9999.00 U -9999.0 -9999.0 -9999.0 -9999.0 -9999.0 -9999.0 -99.000 -99.000 -99.000 -99.000 -99.000 -9999.0 -9999.0 -9999.0 -9999.0 -9999.0
63828 20181020 -9.000  -84.47   31.31 -9999.0 -9999.0 -9999.0 -9999.0 -9999.0 -9999.00 U -9999.0 -9999.0 -9999.0 -9999.0 -9999.0 -9999.0 -99.000 -99.000 -99.000 -99.000 -99.000 -9999.0 -9999.0 -9999.0 -9999.0 -9999.0
63828 20181021 -9.000  -84.47   31.31 -9999.0 -9999.0 -9999.0 -9999.0 -9999.0 -9999.00 U -9999.0 -9999.0 -9999.0 -9999.0 -9999.0 -9999.0 -99.000 -99.000 -99.000 -99.000 -99.000 -9999.0 -9999.0 -9999.0 -9999.0 -9999.0
63828 20181022  2.422  -84.47   31.31 -9999.0 -9999.0 -9999.0 -9999.0 -9999.0 -9999.00 U -9999.0 -9999.0 -9999.0 -9999.0 -9999.0 -9999.0 -99.000 -99.000 -99.000 -99.000 -99.000 -9999.0 -9999.0 -9999.0 -9999.0 -9999.0
63828 20181023  2.422  -84.47   31.31    21.4    14.6    18.0    17.7     0.0     4.70 C    25.3    13.6    18.2    95.5    71.2    84.9   0.098   0.094   0.093   0.143   0.222    21.3    21.7    22.1    23.0    24.6
63828 20181024  2.422  -84.47   31.31    24.8    11.6    18.2    17.7     0.0    16.17 C    36.8     9.3    18.3    96.0    39.5    71.9   0.096   0.092   0.091   0.142   0.221    21.3    21.7    22.0    22.8    24.3
63828 20181025  2.422  -84.47   31.31    20.3    12.3    16.3    16.4     3.6     5.69 C    23.6    10.1    16.5    93.5    57.1    76.7   0.093   0.090   0.089   0.141   0.220    20.3    20.9    21.5    22.5    24.0
63828 20181026  2.422  -84.47   31.31    26.0    15.4    20.7    20.1     1.2    10.57 C    32.0    15.5    20.8    92.9    51.6    78.2   0.096   0.090   0.089   0.140   0.219    21.9    22.0    22.0    22.3    23.8
63828 20181027  2.422  -84.47   31.31    18.7     8.6    13.7    14.0     0.0     8.62 C    29.2     6.4    14.6    93.6    50.9    73.2   0.099   0.088   0.087   0.140   0.218    20.2    21.0    21.6    22.3    23.7
63828 20181028  2.422  -84.47   31.31    25.0     6.0    15.5    15.7     0.0    17.01 C    33.2     4.9    16.2    95.8    36.1    71.3   0.097   0.087   0.085   0.138   0.217    19.0    19.6    20.2    21.5    23.5
63828 20181029  2.422  -84.47   31.31    26.8     9.4    18.1    18.4     0.0    16.65 C    36.2     6.8    18.8    95.8    27.2    66.4   0.096   0.087   0.084   0.137   0.216    20.1    20.4    20.7    21.4    23.2
63828 20181030  2.422  -84.47   31.31    26.3     6.1    16.2    15.0     0.0    16.79 C    35.2     4.2    15.4    95.3    24.5    66.4   0.093   0.084   0.082   0.136   0.216    18.9    19.5    20.1    21.2    23.1
63828 20181031  2.422  -84.47   31.31    28.7     7.6    18.1    17.6     0.0    16.23 C    36.9     5.8    17.8    94.9    33.5    71.3   0.091   0.083   0.081   0.135   0.215    19.2    19.5    19.9    20.9    22.8
63828 20181101  2.422  -84.47   31.31    27.1    13.7    20.4    19.4    12.6     5.98 C    30.8    11.4    19.1    95.3    58.9    85.5   0.116   0.095   0.080   0.134   0.215    19.9    20.2    20.4    21.0    22.6
63828 20181102  2.422  -84.47   31.31    19.3     7.8    13.6    16.0    29.4     4.06 C    20.9     6.4    16.0    95.4    65.3    85.8   0.164   0.146   0.124   0.148   0.214    19.7    20.2    20.6    21.1    22.5
63828 20181103  2.422  -84.47   31.31    19.9     3.6    11.8    11.0     0.0    16.55 C    28.6     3.3    12.2    95.0    40.0    76.8   0.146   0.134   0.125   0.168   0.213    17.4    18.2    19.0    20.4    22.4
63828 20181104  2.422  -84.47   31.31    18.7     5.9    12.3    13.6     0.0     5.76 C    22.8     4.0    13.8    95.3    62.6    83.4   0.138   0.128   0.119   0.164   0.215    16.9    17.5    18.1    19.7    22.1
63828 20181105  2.422  -84.47   31.31    25.0    17.6    21.3    20.2     0.0     6.09 C    28.1    17.0    20.8    95.7    72.2    89.4   0.137   0.125   0.117   0.160   0.218    19.6    19.6    19.5    19.7    21.8
63828 20181106  2.422  -84.47   31.31    27.3    19.5    23.4    22.3     2.3     3.73 C    30.6    18.5    21.9    95.3    72.4    91.2   0.140   0.124   0.116   0.159   0.220    21.0    20.9    20.8    20.5    21.7
63828 20181107  2.422  -84.47   31.31    26.4    19.8    23.1    21.1    44.6     3.43 C    30.8    19.0    21.6    95.5    77.0    92.9   0.160   0.139   0.128   0.164   0.221    21.5    21.5    21.4    21.0    21.7
63828 20181108  2.422  -84.47   31.31    25.8    18.1    22.0    21.0     0.5     9.60 C    32.1    17.2    21.8    95.3    60.4    86.8   0.161   0.145   0.135   0.180   0.240    21.9    21.9    21.7    21.4    21.8
63828 20181109  2.422  -84.47   31.31    26.3    16.4    21.3    20.6    13.8     7.68 C    33.6    16.0    21.1    95.8    64.0    87.7   0.157   0.141   0.131   0.170   0.243    22.0    22.0    22.0    21.6    21.9
63828 20181110  2.422  -84.47   31.31    16.4     5.4    10.9    11.0     0.0    15.50 C    24.7     4.5    13.2    90.3    36.9    66.5   0.157   0.143   0.134   0.175   0.241    19.5    20.4    21.0    21.5    22.0
63828 20181111  2.422  -84.47   31.31    19.8     5.2    12.5    12.4     0.0    13.90 C    28.7     4.4    14.3    85.1    53.6    68.7   0.145   0.132   0.123   0.167   0.241    17.6    18.3    18.9    20.4    21.9
63828 20181112  2.422  -84.47   31.31    20.2    11.3    15.8    15.8    26.8     2.94 C    21.3    12.6    16.5    94.6    76.6    88.8   0.153   0.136   0.125   0.164   0.238    18.4    18.7    19.0    19.9    21.7
63828 20181113  2.422  -84.47   31.31    18.6    12.6    15.6    15.3     5.5     1.95 C    20.7    13.4    16.4    96.2    90.8    93.8   0.171   0.152   0.139   0.182   0.240    18.8    19.2    19.4    19.9    21.5
63828 20181114  2.422  -84.47   31.31    14.9    10.7    12.8    12.8    15.0     1.42 C    16.4    12.2    13.9    94.7    85.5    90.8   0.166   0.145   0.131   0.172   0.243    17.6    18.2    18.7    19.7    21.3
63828 20181115  2.422  -84.47   31.31    11.8     0.4     6.1     6.3     8.7     3.34 C    12.9     0.3     8.1    94.7    78.7    88.3   0.171   0.154   0.141   0.182   0.244    15.7    16.7    17.5    19.0    21.1
63828 20181116  2.422  -84.47   31.31    15.1    -1.4     6.8     5.5     0.0    15.20 C    22.3    -1.4     6.8    95.2    38.8    75.4   0.152   0.136   0.125   0.171   0.244    13.5    14.5    15.5    17.8    20.7
63828 20181117  2.422  -84.47   31.31    19.9     1.4    10.7     9.6     0.0    14.46 C    27.8     0.6    10.1    96.5    38.1    78.2   0.145   0.129   0.121   0.164   0.240    13.6    14.3    15.0    16.9    20.3
63828 20181118  2.422  -84.47   31.31    21.0     3.3    12.2    10.9     0.0    14.60 C    28.7     1.4    11.1    96.6    36.0    77.4   0.141   0.126   0.118   0.160   0.237    14.0    14.6    15.1    16.6    19.8
63828 20181119  2.422  -84.47   31.31    22.1     5.2    13.6    11.9     0.0    13.45 C    29.9     3.6    12.8    96.5    34.0    77.3   0.137   0.123   0.115   0.158   0.233    14.4    14.8    15.2    16.5    19.5
63828 20181120  2.422  -84.47   31.31    21.6     6.7    14.1    13.7     0.0     9.81 C    31.3     3.4    14.3    95.3    50.8    80.4   0.134   0.122   0.114   0.155   0.231    15.7    15.9    16.0    16.8    19.2
63828 20181121  2.422  -84.47   31.31    16.7     1.9     9.3     8.0     0.0    14.10 C    25.9     0.1     8.3    96.0    34.8    78.0   0.131   0.119   0.111   0.154   0.228    13.8    14.6    15.3    16.7    19.1
63828 20181122  2.422  -84.47   31.31    16.4     2.0     9.2     8.5     0.0     8.15 C    21.8     0.0     7.8    96.3    42.6    75.6   0.128   0.117   0.109   0.152   0.227    12.7    13.5    14.3    16.1    19.0
63828 20181123  2.422  -84.47   31.31    13.9     7.8    10.9    11.2     0.0     3.13 C    16.8     4.6    11.3    91.7    74.5    80.4   0.126   0.116   0.108   0.151   0.225    13.3    13.8    14.3    15.7    18.7
63828 20181124  2.422  -84.47   31.31    17.9     8.0    12.9    12.7     0.2     6.75 C    23.1     5.7    13.6    96.6    77.0    90.0   0.126   0.115   0.108   0.150   0.224    15.1    15.3    15.4    16.0    18.4
63828 20181125  2.422  -84.47   31.31    15.6     8.3    11.9    11.8     6.1     6.89 C    21.7     7.5    13.5    96.7    70.4    90.1   0.126   0.114   0.106   0.149   0.223    15.0    15.3    15.5    16.3    18.3
63828 20181126  2.422  -84.47   31.31    18.5     2.6    10.5    11.6     9.9     5.22 C    17.8     0.4    11.6    94.4    56.4    78.4   0.169   0.148   0.130   0.150   0.222    15.4    15.8    16.1    16.5    18.3
63828 20181127  2.422  -84.47   31.31    10.8    -1.1     4.8     4.1     0.0    14.33 C    19.7    -2.3     4.8    96.2    32.4    67.5   0.151   0.137   0.126   0.156   0.221    12.0    13.1    14.1    15.9    18.3
63828 20181128  2.422  -84.47   31.31    12.0    -3.7     4.2     3.3     0.0    14.02 C    21.3    -5.2     4.5    92.8    28.2    68.1   0.145   0.131   0.121   0.156   0.221    10.6    11.6    12.6    14.9    18.1
63828 20181129  2.422  -84.47   31.31    18.8    -0.9     9.0     8.4     0.0    10.86 C    25.3    -1.4     8.5    95.9    37.5    73.8   0.141   0.128   0.118   0.154   0.221    11.1    11.7    12.3    14.2    17.7
63828 20181130  2.422  -84.47   31.31    22.7     5.7    14.2    14.1     0.3    11.45 C    29.6     3.9    14.2    91.0    27.8    64.3   0.139   0.125   0.117   0.153   0.221    13.0    13.2    13.3    14.3    17.3
63828 20181201  2.422  -84.47   31.31    20.8    12.8    16.8    17.3    43.1     1.32 C    19.9    12.7    16.6    94.1    81.4    90.0   0.174   0.149   0.133   0.160   0.221    15.0    14.9    14.7    14.9    17.2
63828 20181202  2.422  -84.47   31.31    23.6    16.9    20.3    20.7    22.3     4.10 C    26.0    14.7    19.9    95.7    77.6    89.6   0.180   0.160   0.146   0.186   0.238    17.9    17.5    17.0    16.1    17.1
63828 20181203  2.422  -84.47   31.31    19.6     8.8    14.2    15.5     6.2     4.75 C    23.5     6.4    15.2    96.6    69.9    91.0   0.172   0.150   0.136   0.175   0.244    17.1    17.3    17.3    16.9    17.4
63828 20181204  2.422  -84.47   31.31    14.7     3.6     9.1     8.4     0.0    13.24 C    22.4     1.3     8.9    96.6    39.9    75.5   0.155   0.137   0.127   0.170   0.241    14.1    14.9    15.6    16.6    17.6
63828 20181205  2.422  -84.47   31.31    11.5     0.5     6.0     4.9     0.0    13.84 C    20.7    -2.1     5.5    91.6    35.5    68.5   0.147   0.131   0.121   0.164   0.238    11.6    12.7    13.6    15.5    17.6
63828 20181206  2.422  -84.47   31.31    11.3    -2.6     4.4     3.3     0.0    12.61 C    20.1    -4.0     4.7    92.3    35.9    72.5   0.142   0.127   0.117   0.160   0.234    10.2    11.2    12.2    14.4    17.4
63828 20181207  2.422  -84.47   31.31    16.1     0.0     8.0     7.0     0.0    12.11 C    27.5    -1.0     8.2    96.3    26.9    69.8   0.139   0.125   0.116   0.157   0.232    10.7    11.3    11.9    13.7    17.0
63828 20181208  2.422  -84.47   31.31    13.2     7.3    10.2    10.2     3.0     2.83 C    17.3     5.3    10.3    91.4    61.1    69.6   0.137   0.123   0.114   0.156   0.229    11.5    12.0    12.4    13.7    16.6
63828 20181209  2.422  -84.47   31.31    13.7     5.3     9.5     9.4    25.2     3.23 C    13.8     6.5    10.8    94.7    89.2    92.8   0.180   0.156   0.140   0.173   0.228    12.6    12.9    13.0    13.8    16.4
63828 20181210  2.422  -84.47   31.31     6.8     4.9     5.8     5.7     0.0     2.13 C    10.8     5.2     7.0    92.1    79.4    87.2   0.158   0.138   0.126   0.172   0.235    11.5    12.2    12.7    13.8    16.2
63828 20181211  2.422  -84.47   31.31    12.4    -0.3     6.1     6.3     0.0     9.75 C    20.4    -2.4     7.3    96.6    43.2    79.2   0.151   0.133   0.122   0.166   0.235    11.3    11.9    12.3    13.5    16.1
63828 20181212  2.422  -84.47   31.31    13.8    -3.1     5.3     4.3     0.0    12.06 C    21.4    -4.7     4.4    96.7    39.9    79.4   0.146   0.129   0.119   0.161   0.233     9.4    10.3    11.1    13.0    16.0
63828 20181213  2.422  -84.47   31.31    15.8     2.3     9.1     9.8     0.2     3.96 C    18.7     1.4     9.4    95.5    55.4    79.4   0.143   0.126   0.117   0.158   0.231    10.3    10.8    11.1    12.6    15.7
63828 20181214  2.422  -84.47   31.31    18.6    13.9    16.3    16.9    46.1     0.91 C    19.3    13.1    16.1    93.5    89.0    91.6   0.193   0.168   0.149   0.174   0.229    13.6    13.4    13.1    13.1    15.5
63828 20181215  2.422  -84.47   31.31    17.0     9.0    13.0    12.8     1.7     7.22 C    24.4     6.7    13.0    96.4    60.7    84.8   0.169   0.148   0.135   0.178   0.244    14.2    14.3    14.2    14.0    15.4
63828 20181216  2.422  -84.47   31.31    12.1     6.4     9.2     9.9     0.0     4.21 C    15.0     3.6     9.6    96.9    75.0    86.4   0.155   0.137   0.126   0.168   0.241    12.6    13.2    13.5    14.1    15.6
63828 20181217  2.422  -84.47   31.31    18.7     5.6    12.1     9.9     0.0    10.38 C    25.0     1.8     9.4    96.2    40.7    81.3   0.150   0.132   0.122   0.163   0.237    12.1    12.6    13.0    13.8    15.6
63828 20181218  2.422  -84.47   31.31    18.7     1.8    10.3     9.0     0.0    13.48 C    25.9    -1.1     8.5    97.5    29.3    77.1   0.145   0.129   0.119   0.160   0.234    11.1    11.7    12.2    13.5    15.6
63828 20181219  2.422  -84.47   31.31    16.2     5.0    10.6    10.9     0.0     4.99 C    20.2     3.4    10.7    95.0    54.7    77.5   0.142   0.127   0.118   0.158   0.231    11.6    12.0    12.3    13.3    15.4
63828 20181220  2.422  -84.47   31.31    16.2    11.6    13.9    13.9    27.7     1.93 C    17.3    11.6    13.7    95.2    78.3    92.8   0.181   0.156   0.140   0.172   0.229    13.0    13.1    13.1    13.4    15.3
63828 20181221  2.422  -84.47   31.31    14.8     6.9    10.8     9.1     6.4     1.33 C    14.0     6.6     9.3    93.5    72.8    85.8   0.176   0.153   0.138   0.176   0.235    12.5    13.0    13.3    13.8    15.3
63828 20181222  2.422  -84.47   31.31    13.7     1.5     7.6     7.2     0.0    12.84 C    22.3    -0.4     8.5    95.8    41.1    70.6   0.159   0.139   0.128   0.172   0.238    11.6    12.1    12.5    13.5    15.3
63828 20181223  2.422  -84.47   31.31    20.5    -0.7     9.9     9.8     0.0    12.59 C    24.8    -1.7     9.3    97.1    50.3    79.2   0.151   0.133   0.122   0.165   0.236    10.8    11.3    11.7    13.0    15.2
63828 20181224  2.422  -84.47   31.31    16.2     1.9     9.0     9.4     0.0    13.10 C    25.4    -0.8     9.3    95.7    35.6    74.7   0.147   0.130   0.120   0.162   0.234    11.4    11.9    12.2    13.0    15.1
63828 20181225  2.422  -84.47   31.31    18.0    -0.1     9.0     7.7     0.0    11.27 C    26.4    -1.9     7.6    96.7    47.0    81.4   0.143   0.127   0.118   0.159   0.231    10.3    10.9    11.4    12.7    14.9
63828 20181226  2.422  -84.47   31.31    18.5     3.0    10.7    10.7     0.0    11.17 C    25.8     0.8     9.7    95.1    35.9    69.9   0.140   0.126   0.116   0.156   0.229    10.7    11.1    11.4    12.5    14.8
63828 20181227  2.422  -84.47   31.31    22.3    10.6    16.5    16.3     0.0     7.25 C    27.7     7.9    15.5    86.2    60.7    76.4   0.138   0.124   0.115   0.155   0.227    12.7    12.6    12.4    12.8    14.7
63828 20181228  2.422  -84.47   31.31    22.8    16.7    19.7    19.6    27.9     1.51 C    22.7    16.0    18.7    94.2    81.3    88.4   0.168   0.143   0.128   0.157   0.226    15.5    15.1    14.5    13.8    14.7
63828 20181229  2.422  -84.47   31.31    19.1    16.4    17.8    17.5     0.4     2.48 C    22.3    16.0    17.5    95.9    87.3    93.1   0.169   0.148   0.136   0.179   0.228    16.1    15.9    15.6    14.8    15.0
63828 20181230  2.422  -84.47   31.31    22.8    17.0    19.9    19.6     0.0     3.40 C    24.6    16.3    19.3    95.5    79.6    92.1   0.159   0.138   0.127   0.171   0.235    17.0    16.7    16.3    15.4    15.3
63828 20181231  2.422  -84.47   31.31    24.7    19.1    21.9    21.1     0.0     5.49 C    28.7    18.2    20.4    93.7    61.4    81.1   0.155   0.134   0.125   0.165   0.234    17.9    17.7    17.2    16.1    15.7
