64756 20120101  2.402  -73.74   41.79    11.2    -1.9     4.7     5.5     4.0     8.35 R    10.3    -7.4     1.0    99.8    51.6    84.0   0.297   0.209   0.209   0.153   0.123     3.9     3.9     3.9     4.0     5.1
64756 20120102  2.402  -73.74   41.79     7.6    -2.0     2.8     2.2     0.0     6.58 R     5.9   -10.1    -3.2    90.5    43.8    61.2   0.305   0.215   0.211   0.153   0.121     3.4     3.7     4.2     4.3     5.2
64756 20120103  2.402  -73.74   41.79    -1.8   -13.0    -7.4    -6.9     0.4     6.92 R    -4.9   -13.5    -9.1    91.3    39.7    56.4   0.288   0.207   0.209   0.153   0.121     1.2     1.7     3.0     4.1     5.3
64756 20120104  2.402  -73.74   41.79    -5.6   -14.7   -10.2   -10.0     0.0     4.13 R    -3.3   -14.5    -9.3    77.2    41.6    58.7 -99.000   0.183   0.207   0.152   0.121     0.0     0.6     2.0     3.5     5.2
64756 20120105  2.402  -73.74   41.79     2.9    -5.6    -1.3    -1.7     0.0     5.42 R     2.6    -9.6    -5.1    69.0    45.8    57.0 -99.000 -99.000   0.203   0.151   0.121    -0.2     0.2     1.4     3.0     4.9
64756 20120106  2.402  -73.74   41.79    10.2    -1.8     4.2     4.2     0.0     6.64 R     7.1    -9.0    -2.7    69.7    37.8    54.2 -99.000 -99.000   0.202   0.150   0.120    -0.2     0.2     1.2     2.6     4.6
64756 20120107  2.402  -73.74   41.79    14.8    -2.6     6.1     6.3     0.0     7.76 R    12.0    -9.0    -1.4    90.7    32.9    58.6 -99.000 -99.000   0.202   0.149   0.119    -0.1     0.3     1.1     2.4     4.4
64756 20120108  2.402  -73.74   41.79     5.9    -5.2     0.4     1.6     0.0     7.26 R     6.3   -10.5    -4.3    76.5    37.9    56.6 -99.000 -99.000   0.202   0.149   0.118     0.1     0.4     1.2     2.3     4.2
64756 20120109  2.402  -73.74   41.79     5.0    -8.6    -1.8    -1.3     0.0     9.37 R     5.0    -9.7    -4.7    93.5    28.1    58.7 -99.000   0.183   0.202   0.149   0.118     0.1     0.4     1.2     2.3     4.1
64756 20120110  2.402  -73.74   41.79     6.8    -2.7     2.0     1.8     0.0     4.58 R     6.8    -9.6    -4.2    81.6    46.9    60.5 -99.000   0.187   0.201   0.148   0.117     0.1     0.4     1.2     2.2     4.0
64756 20120111  2.402  -73.74   41.79     7.2    -6.3     0.5     1.2     0.0     8.53 R     7.0    -9.6    -2.8    93.3    43.7    68.9 -99.000   0.187   0.201   0.148   0.117     0.2     0.4     1.1     2.2     3.9
64756 20120112  2.402  -73.74   41.79     4.7     2.1     3.4     3.1     9.6     1.36 R     1.0    -2.9    -1.7    99.2    76.5    90.3   0.299   0.225   0.211   0.149   0.116     1.1     1.1     1.4     2.2     3.8
64756 20120113  2.402  -73.74   41.79     7.6    -3.3     2.1     0.8     2.4     3.68 R     2.7    -8.4    -3.6    96.4    49.3    73.8   0.311   0.224   0.218   0.154   0.116     2.0     2.0     2.2     2.5     3.8
64756 20120114  2.402  -73.74   41.79     0.6    -9.0    -4.2    -3.1     0.0     5.83 R     2.2    -9.8    -6.0    66.2    41.9    53.5   0.273   0.210   0.213   0.155   0.117     0.5     0.9     1.8     2.7     3.9
64756 20120115  2.402  -73.74   41.79    -7.1   -14.8   -11.0   -11.1     0.0    10.04 R    -0.9   -14.1    -9.5    73.5    26.7    46.9 -99.000 -99.000   0.209   0.153   0.120    -0.2     0.4     1.3     2.4     3.9
64756 20120116  2.402  -73.74   41.79    -0.3   -16.9    -8.6    -7.9     2.6     8.72 R    -0.7   -15.9    -8.7    94.3    26.1    63.3 -99.000 -99.000   0.204   0.154   0.120    -0.9    -0.2     0.8     2.0     3.7
64756 20120117  2.402  -73.74   41.79     6.9    -1.6     2.6     2.3     2.9     2.24 R     0.2    -6.2    -3.4    96.0    82.8    91.7 -99.000 -99.000   0.202   0.152   0.120    -0.4    -0.2     0.6     1.8     3.6
64756 20120118  2.402  -73.74   41.79     7.8    -8.5    -0.3    -0.4     0.0    10.61 R     4.2    -9.9    -4.4    87.8    37.8    51.4 -99.000 -99.000   0.203   0.149   0.119    -0.3    -0.1     0.6     1.6     3.4
64756 20120119  2.402  -73.74   41.79    -1.2   -13.8    -7.5    -6.0     1.2     8.49 R     0.0   -13.4    -7.5    93.7    35.4    68.1 -99.000 -99.000   0.218   0.149   0.119    -0.5    -0.1     0.6     1.6     3.3
64756 20120120  2.402  -73.74   41.79    -1.4    -8.4    -4.9    -5.1     0.0     8.97 R    -2.0   -14.2    -7.9    97.4    40.5    59.5 -99.000 -99.000   0.220   0.150   0.118    -0.4    -0.1     0.5     1.5     3.2
64756 20120121  2.402  -73.74   41.79    -6.7   -10.9    -8.8    -8.2     7.1     0.93 R    -5.3   -16.7    -8.7    90.2    43.3    77.7 -99.000 -99.000   0.219   0.150   0.118    -0.6    -0.2     0.5     1.4     3.1
64756 20120122  2.402  -73.74   41.79    -1.1   -18.2    -9.6    -7.7     0.0     8.43 R    -3.8   -21.6   -11.8    90.7    56.4    74.1 -99.000 -99.000   0.217   0.149   0.117    -0.5    -0.2     0.5     1.4     3.0
64756 20120123  2.402  -73.74   41.79    10.6    -1.2     4.7     3.8     3.9     1.40 R     5.7    -6.5    -1.8    97.7    73.8    89.0 -99.000 -99.000   0.216   0.148   0.117    -0.4    -0.2     0.5     1.3     2.9
64756 20120124  2.402  -73.74   41.79    10.3     1.4     5.8     6.2     0.0     9.35 R    11.3    -3.7     2.0    95.8    57.5    78.2 -99.000 -99.000   0.225   0.148   0.116    -0.3    -0.2     0.4     1.3     2.9
64756 20120125  2.402  -73.74   41.79     4.7    -0.7     2.0     1.4     0.0     6.58 R     7.4    -5.5    -2.4    89.4    53.5    67.8 -99.000 -99.000   0.236   0.149   0.115    -0.2    -0.1     0.4     1.2     2.8
64756 20120126  2.402  -73.74   41.79     2.6    -1.5     0.6     0.4     8.2     3.20 R     3.6    -6.8    -3.1    99.6    65.5    82.9 -99.000 -99.000   0.242   0.152   0.116    -0.1    -0.1     0.4     1.2     2.7
64756 20120127  2.402  -73.74   41.79    10.6     0.9     5.8     6.1    19.9     1.06 R     8.0    -3.0     1.8    98.9    61.5    86.3   0.330 -99.000   0.267   0.167   0.128     1.1     0.9     0.8     1.2     2.7
64756 20120128  2.402  -73.74   41.79     7.9    -2.6     2.6     3.0     0.0     7.26 R    10.3    -8.9    -1.8    89.1    41.3    60.9   0.299   0.229   0.221   0.159   0.134     1.4     1.3     1.5     1.6     2.6
64756 20120129  2.402  -73.74   41.79     5.7    -1.3     2.2     2.0     0.0    10.07 R     7.0    -8.3    -2.8    45.3    32.3    39.0   0.278   0.212   0.215   0.156   0.128     0.7     0.9     1.4     1.9     2.7
64756 20120130  2.402  -73.74   41.79     2.7    -3.9    -0.6     0.0     0.0     7.84 R     8.4   -10.1    -3.5    68.4    32.9    48.5   0.264   0.205   0.212   0.154   0.125     0.4     0.7     1.2     1.8     2.8
64756 20120131  2.402  -73.74   41.79    13.4    -1.3     6.1     6.1     0.0    10.92 R    14.9    -7.5     2.4    60.6    30.5    42.5 -99.000   0.201   0.209   0.152   0.123     1.3     1.2     1.3     1.7     2.8
64756 20120201  2.402  -73.74   41.79    16.1     1.2     8.7    10.3     0.0     6.18 R    20.1    -4.2     5.9    86.6    40.5    54.3   0.273   0.204   0.208   0.152   0.122     3.7     3.3     2.6     2.1     2.8
64756 20120202  2.402  -73.74   41.79     5.1    -0.9     2.1     2.1     0.0     3.71 R     6.6    -5.0    -1.2    90.7    54.8    66.9   0.270   0.201   0.207   0.151   0.121     2.3     2.5     2.8     2.7     3.1
64756 20120203  2.402  -73.74   41.79     4.8    -6.0    -0.6    -0.3     0.0    12.21 R     9.7    -8.9    -1.8    72.0    35.6    53.5   0.263   0.197   0.206   0.151   0.119     1.4     1.7     2.2     2.7     3.3
64756 20120204  2.402  -73.74   41.79     7.1    -3.8     1.7     1.8     0.0     9.78 R    13.1   -10.1    -0.8    80.3    37.5    57.4   0.263   0.197   0.204   0.150   0.119     2.1     2.1     2.2     2.5     3.3
64756 20120205  2.402  -73.74   41.79     2.2    -7.7    -2.7    -2.9     0.0    12.37 R     8.3   -10.3    -4.2    86.1    39.5    60.6   0.253   0.192   0.204   0.149   0.118     0.9     1.3     2.0     2.6     3.3
64756 20120206  2.402  -73.74   41.79    11.3    -9.2     1.0     1.8     0.0    12.55 R    12.6    -9.6    -1.4    91.6    23.9    57.5 -99.000   0.183   0.203   0.148   0.118     0.4     0.8     1.5     2.3     3.3
64756 20120207  2.402  -73.74   41.79     7.8    -5.6     1.1     0.9     0.0     6.11 R    11.2    -9.6    -2.9    91.4    40.4    66.9 -99.000   0.181   0.202   0.148   0.117     0.6     0.8     1.3     2.0     3.2
64756 20120208  2.402  -73.74   41.79     1.7    -5.4    -1.9    -1.5     0.0     8.12 R    10.0   -10.0    -4.1    70.9    32.9    50.0 -99.000   0.180   0.201   0.148   0.117     0.3     0.6     1.2     2.0     3.1
64756 20120209  2.402  -73.74   41.79     6.6    -7.5    -0.4    -1.1     0.0    13.16 R    10.6   -10.5    -3.2    95.5    27.2    63.7 -99.000   0.179   0.201   0.147   0.115     0.6     0.8     1.2     1.8     3.0
64756 20120210  2.402  -73.74   41.79     6.7    -7.7    -0.5     0.2     0.0    11.55 R     8.6    -8.8    -2.7    92.8    36.9    60.3 -99.000   0.173   0.200   0.147   0.115     0.3     0.6     1.2     1.8     2.9
64756 20120211  2.402  -73.74   41.79     2.8    -5.6    -1.4    -0.2     1.0     6.12 R     6.7    -5.8    -2.9    98.2    51.4    72.2   0.239   0.182   0.200   0.147   0.115     1.0     1.0     1.3     1.8     2.9
64756 20120212  2.402  -73.74   41.79    -1.3   -11.5    -6.4    -6.6     0.0     8.76 R     3.7   -11.9    -5.4    72.3    34.9    48.6 -99.000   0.164   0.200   0.147   0.114     0.1     0.5     1.2     1.8     2.8
64756 20120213  2.402  -73.74   41.79     6.5    -7.2    -0.3     0.5     0.0    14.02 R     8.9    -7.5    -1.5    70.8    24.6    46.0 -99.000 -99.000   0.198   0.147   0.114    -0.1     0.2     0.9     1.6     2.8
64756 20120214  2.402  -73.74   41.79     6.7    -2.3     2.2     2.0     0.6     5.71 R    11.1    -7.5    -1.4    93.8    33.0    46.5 -99.000 -99.000   0.197   0.146   0.114    -0.1     0.2     0.7     1.5     2.8
64756 20120215  2.402  -73.74   41.79     6.5    -2.0     2.3     2.3     1.3     5.73 R     9.2    -6.6     0.0    99.4    66.2    86.8 -99.000 -99.000   0.197   0.146   0.114     1.0     0.9     1.0     1.4     2.7
64756 20120216  2.402  -73.74   41.79     3.7    -5.6    -1.0    -0.3     6.1     2.30 R     1.2    -7.5    -2.9    98.5    71.3    93.4   0.248   0.193   0.199   0.146   0.114     0.5     0.8     1.4     1.8     2.7
64756 20120217  2.402  -73.74   41.79     9.8    -2.4     3.7     4.3     0.6    10.81 R    13.7    -7.7     1.0    97.4    36.5    71.3   0.287   0.219   0.208   0.147   0.113     2.8     2.5     2.0     1.8     2.7
64756 20120218  2.402  -73.74   41.79     6.6    -3.0     1.8     1.9     0.0     9.91 R    11.3    -8.9    -1.8    85.7    38.0    61.3   0.273   0.208   0.208   0.149   0.113     1.9     2.1     2.3     2.3     2.8
64756 20120219  2.402  -73.74   41.79     5.7    -2.4     1.7     1.2     0.0    14.99 R    10.7    -8.3    -1.6    92.0    35.1    55.1   0.266   0.203   0.207   0.149   0.113     1.9     2.0     2.2     2.3     2.9
64756 20120220  2.402  -73.74   41.79     4.2    -6.4    -1.1    -1.0     0.0    14.48 R     9.8    -9.4    -2.5    80.3    29.9    54.8   0.257   0.198   0.206   0.149   0.114     1.3     1.6     2.0     2.4     3.0
64756 20120221  2.402  -73.74   41.79     5.7    -9.9    -2.1    -0.4     0.0    10.41 R    10.1   -10.0    -2.2    92.9    35.6    68.6 -99.000   0.189   0.205   0.148   0.114     0.5     0.8     1.6     2.2     3.0
64756 20120222  2.402  -73.74   41.79    13.1     3.0     8.1     7.6     0.0    11.34 R    16.5    -3.8     2.8    80.2    31.8    56.1   0.255   0.192   0.204   0.148   0.114     2.8     2.5     2.0     2.1     3.0
64756 20120223  2.402  -73.74   41.79    11.4    -2.4     4.5     5.6     0.0     9.86 R    19.5    -7.5     1.4    87.5    31.8    62.5   0.252   0.192   0.204   0.148   0.114     3.9     3.7     3.2     2.7     3.0
64756 20120224  2.402  -73.74   41.79     3.0    -1.8     0.6     0.9    14.0     0.95 R     0.5    -7.1    -3.8    99.5    66.8    94.0   0.264   0.197   0.203   0.148   0.114     1.9     2.2     2.8     3.0     3.2
64756 20120225  2.402  -73.74   41.79     5.3    -2.2     1.6     1.8     0.2     9.93 R     8.6    -9.3    -3.5    86.0    42.6    55.4   0.295   0.224   0.213   0.150   0.113     2.0     2.2     2.4     2.7     3.3
64756 20120226  2.402  -73.74   41.79     4.9    -5.5    -0.3    -0.8     0.0    16.79 R    10.3   -10.3    -3.0    75.3    24.0    44.0   0.278   0.213   0.215   0.154   0.114     1.5     1.8     2.2     2.6     3.3
64756 20120227  2.402  -73.74   41.79    11.7    -8.6     1.6     2.7     0.0    11.38 R    16.9    -8.4    -0.2    90.4    35.9    60.9   0.266   0.206   0.212   0.153   0.115     1.6     1.7     2.0     2.5     3.3
64756 20120228  2.402  -73.74   41.79     8.2    -0.4     3.9     4.0     0.0    14.64 R    14.9    -6.2     0.7    59.7    32.5    44.2   0.269   0.205   0.211   0.152   0.116     3.4     3.2     2.8     2.6     3.2
64756 20120229  2.402  -73.74   41.79     1.9    -1.6     0.2     0.1    11.7     1.80 R     0.7    -7.0    -4.3    98.8    51.4    80.5   0.267   0.202   0.209   0.152   0.117     2.0     2.3     2.8     2.9     3.3
64756 20120301  2.402  -73.74   41.79     2.1    -0.6     0.8     0.9     8.4     2.19 R    -2.5    -5.1    -3.9    99.3    78.0    93.3   0.288   0.215   0.213   0.151   0.118     1.5     1.7     2.3     2.8     3.4
64756 20120302  2.402  -73.74   41.79     1.9    -1.9     0.0     0.0     3.4     4.85 R    -1.7    -5.2    -4.0    91.0    75.2    81.2   0.294   0.224   0.219   0.155   0.118     1.5     1.6     2.1     2.6     3.4
64756 20120303  2.402  -73.74   41.79    13.1     1.4     7.3     6.0     2.2     8.10 R    12.2    -6.0    -0.1    99.2    21.0    70.0   0.307   0.237   0.228   0.161   0.124     2.7     2.6     2.4     2.5     3.3
64756 20120304  2.402  -73.74   41.79     6.0    -3.2     1.4     1.9     0.0     9.37 R    13.9    -9.4    -2.8    83.1    32.6    53.2   0.287   0.219   0.220   0.158   0.130     2.3     2.5     2.7     2.7     3.3
64756 20120305  2.402  -73.74   41.79     4.4    -6.5    -1.1    -1.4     0.0    18.33 R    10.6   -10.0    -2.8    59.7    18.9    41.4   0.277   0.210   0.215   0.155   0.127     2.2     2.4     2.6     2.7     3.3
64756 20120306  2.402  -73.74   41.79     4.7   -10.9    -3.1    -2.5     0.0    17.58 R    11.2   -11.4    -3.5    84.6    25.2    50.4   0.262   0.203   0.211   0.154   0.124     1.3     1.6     2.2     2.7     3.3
64756 20120307  2.402  -73.74   41.79    15.8    -0.5     7.6     7.8     0.0    17.33 R    19.3    -7.8     3.5    70.6    29.0    47.3   0.262   0.200   0.209   0.152   0.123     3.1     2.8     2.5     2.5     3.3
64756 20120308  2.402  -73.74   41.79    21.0     7.6    14.3    15.2     0.0    14.98 R    24.9    -1.3    11.4    80.6    39.8    56.6   0.260   0.198   0.208   0.151   0.121     6.5     5.7     4.3     3.2     3.3
64756 20120309  2.402  -73.74   41.79    17.6    -1.2     8.2     3.1     5.9    15.29 R    17.7    -6.5     2.6    98.2    27.8    59.4   0.282   0.208   0.209   0.151   0.120     6.7     6.6     5.8     4.3     3.6
64756 20120310  2.402  -73.74   41.79     4.4    -4.6    -0.1    -0.6     0.0    18.38 R    12.5    -9.4    -1.7    70.2    31.3    44.8   0.271   0.204   0.209   0.151   0.119     3.7     4.1     4.6     4.5     4.0
64756 20120311  2.402  -73.74   41.79    16.1    -2.7     6.7     7.2     0.0    18.98 R    20.4    -8.3     4.3    61.4    22.1    36.0   0.263   0.199   0.208   0.151   0.118     4.1     4.1     4.1     4.1     4.2
64756 20120312  2.402  -73.74   41.79    22.1     1.6    11.8    13.5     0.0    17.42 R    28.3    -2.8    11.2    75.3    16.6    38.6   0.257   0.195   0.206   0.151   0.118     6.8     6.2     5.2     4.3     4.2
64756 20120313  2.402  -73.74   41.79    24.0    10.8    17.4    16.6     0.0    11.66 R    29.3     5.3    14.0    77.5    35.2    54.8   0.250   0.190   0.205   0.150   0.118     9.6     8.9     7.2     5.3     4.4
64756 20120314  2.402  -73.74   41.79    20.1     2.1    11.1    11.0     0.0    19.54 R    26.4    -0.5    10.2    97.0    15.8    57.3   0.244   0.185   0.203   0.149   0.117     9.3     9.0     8.0     6.3     4.9
64756 20120315  2.402  -73.74   41.79    14.0     0.5     7.2     6.9     0.0    15.05 R    22.1     0.0     7.3    94.1    50.8    73.9   0.238   0.181   0.201   0.148   0.116     8.3     8.2     7.8     6.7     5.4
64756 20120316  2.402  -73.74   41.79    11.4     4.4     7.9     6.9     0.7     5.59 R    13.2     3.8     7.1    97.5    78.4    90.6   0.238   0.180   0.200   0.147   0.116     8.1     8.0     7.7     6.8     5.7
64756 20120317  2.402  -73.74   41.79    18.7     0.1     9.4     9.8     0.0    19.37 R    24.8     0.2    10.4   100.0    32.0    74.1   0.238   0.180   0.198   0.146   0.116     9.3     8.9     8.0     6.9     5.9
64756 20120318  2.402  -73.74   41.79    22.7     5.9    14.3    13.2     0.0    16.77 R    27.7     3.2    13.1    94.3    38.7    72.5   0.233   0.177   0.197   0.146   0.114    10.7    10.1     8.9     7.4     6.1
64756 20120319  2.402  -73.74   41.79    25.5     8.1    16.8    17.3     0.0    18.77 R    30.7     6.3    15.9    93.1    33.6    64.2   0.226   0.173   0.196   0.145   0.113    12.4    11.7    10.1     8.1     6.4
64756 20120320  2.402  -73.74   41.79    24.4     6.9    15.6    16.4     0.0    19.31 R    31.1     6.5    15.6    95.1    37.3    68.5   0.220   0.169   0.194   0.145   0.113    13.3    12.7    11.2     8.9     6.9
64756 20120321  2.402  -73.74   41.79    22.2     8.8    15.5    16.4     0.0    10.75 R    31.0     7.9    15.6    96.9    53.6    79.3   0.217   0.166   0.192   0.144   0.113    13.6    13.0    11.7     9.6     7.4
64756 20120322  2.402  -73.74   41.79    26.1    10.3    18.2    17.9     0.0    19.22 R    31.1     9.1    17.3    98.8    37.3    71.6   0.213   0.163   0.190   0.144   0.112    14.5    13.8    12.2    10.1     7.9
64756 20120323  2.402  -73.74   41.79    23.8     9.1    16.4    15.9     0.0    14.51 R    29.3     8.8    15.0    97.8    22.6    59.6   0.205   0.159   0.187   0.143   0.112    14.0    13.6    12.7    10.7     8.3
64756 20120324  2.402  -73.74   41.79    18.0     9.0    13.5    13.4     0.0    10.03 R    23.5     8.0    12.8    57.6    17.4    30.8   0.197   0.155   0.185   0.141   0.111    12.7    12.5    12.2    10.8     8.7
64756 20120325  2.402  -73.74   41.79    12.6     5.5     9.0     8.6     0.0     6.66 R    17.6     4.6    10.1    90.5    36.2    63.1   0.194   0.154   0.183   0.140   0.111    11.2    11.3    11.3    10.6     8.9
64756 20120326  2.402  -73.74   41.79     8.9    -1.5     3.7     4.2     0.0    21.52 R    18.4    -3.9     6.2    98.7    21.3    49.6   0.190   0.151   0.181   0.140   0.112     9.9    10.2    10.5    10.1     9.0
64756 20120327  2.402  -73.74   41.79     8.2    -4.8     1.7     1.3     0.0    22.76 R    18.9    -6.9     3.3    55.4    12.8    26.6   0.182   0.147   0.179   0.138   0.111     7.7     8.1     9.0     9.4     8.9
64756 20120328  2.402  -73.74   41.79    16.6     0.2     8.4     8.9     2.5    12.20 R    19.5    -1.0     7.8    87.0    19.5    49.5   0.180   0.145   0.177   0.138   0.110     8.6     8.6     8.7     8.8     8.7
64756 20120329  2.402  -73.74   41.79    11.3     4.0     7.6     7.9     0.0     9.51 R    19.5     2.3     7.1    75.9    47.6    58.4   0.183   0.145   0.177   0.137   0.110     9.6     9.5     9.4     8.9     8.5
64756 20120330  2.402  -73.74   41.79    10.5    -1.7     4.4     5.7     0.3    23.18 R    20.5    -5.5     7.0    73.8    19.7    37.8   0.179   0.143   0.175   0.136   0.110     9.3     9.2     9.1     8.8     8.4
64756 20120331  2.402  -73.74   41.79     5.6     0.3     2.9     3.2     7.8     4.55 R     9.8    -0.9     3.2    99.5    69.8    87.8   0.201   0.147   0.174   0.135   0.108     7.8     8.1     8.8     8.8     8.4
64756 20120401  2.402  -73.74   41.79     8.9     2.5     5.7     5.4     6.4     6.54 R    14.7     1.1     5.5    98.9    60.4    88.3   0.234   0.159   0.176   0.135   0.109     8.1     8.1     8.3     8.4     8.3
64756 20120402  2.402  -73.74   41.79    12.4     1.9     7.1     6.4     0.0    19.46 R    19.7    -4.5     5.0    92.4    21.0    54.2   0.259   0.182   0.179   0.136   0.109     8.5     8.5     8.5     8.3     8.2
64756 20120403  2.402  -73.74   41.79    16.1    -4.8     5.6     6.8     0.0    24.07 R    22.6    -6.7     5.8    87.7    12.9    38.6   0.236   0.174   0.182   0.137   0.109     8.5     8.4     8.4     8.3     8.1
64756 20120404  2.402  -73.74   41.79    17.7     1.9     9.8     9.7     0.0    23.46 R    24.3    -2.4     9.1    78.7    19.0    43.7   0.216   0.166   0.181   0.137   0.108    10.6    10.2     9.5     8.5     8.1
64756 20120405  2.402  -73.74   41.79    10.6    -3.2     3.7     4.8     0.0    24.22 R    20.7    -5.9     4.4    92.4    34.5    52.9   0.201   0.158   0.180   0.137   0.107     9.6     9.6     9.6     8.9     8.2
64756 20120406  2.402  -73.74   41.79    11.8    -5.1     3.4     4.6     0.0    24.72 R    21.1    -6.4     4.1    89.8    23.5    48.2   0.190   0.152   0.178   0.136   0.107     8.9     9.0     9.1     8.8     8.4
64756 20120407  2.402  -73.74   41.79    14.2    -3.8     5.2     7.0     0.0    23.39 R    22.8    -6.9     6.4    80.8    18.6    40.1   0.180   0.147   0.176   0.135   0.107     9.2     9.1     9.1     8.7     8.4
64756 20120408  2.402  -73.74   41.79    17.3    -1.9     7.7     8.9     0.0    24.78 R    23.8    -5.7     8.0    83.9    19.8    42.2   0.169   0.140   0.174   0.135   0.107    10.6    10.3     9.7     8.8     8.4
64756 20120409  2.402  -73.74   41.79    13.5     7.2    10.4    10.1     0.0    15.40 R    20.3     0.1     7.2    52.6    24.7    35.7   0.158   0.134   0.171   0.134   0.107    10.4    10.3    10.1     9.2     8.4
64756 20120410  2.402  -73.74   41.79    15.5     4.6    10.1     9.8     0.0    17.92 R    23.4    -2.1     7.4    71.1    23.5    39.8   0.150   0.130   0.168   0.133   0.107     9.9     9.8     9.7     9.2     8.6
64756 20120411  2.402  -73.74   41.79    11.6     0.0     5.8     6.2     0.0    13.10 R    20.7    -3.2     5.1    89.0    33.0    60.8   0.143   0.125   0.166   0.133   0.107     9.3     9.4     9.5     9.1     8.6
64756 20120412  2.402  -73.74   41.79    14.9     1.8     8.3     8.2     0.0    20.61 R    27.0    -2.1     7.3    88.9    29.4    58.2   0.137   0.121   0.163   0.132   0.106    10.1     9.9     9.6     9.0     8.6
64756 20120413  2.402  -73.74   41.79    17.6    -2.0     7.8     8.9     0.0    25.20 R    26.8    -4.0     8.6    95.2    19.9    50.6   0.127   0.116   0.160   0.131   0.105    11.1    10.8    10.1     9.2     8.6
64756 20120414  2.402  -73.74   41.79    21.8    -2.1     9.9    12.0     0.0    22.80 R    30.7    -5.4    11.3    89.5    16.5    45.0   0.117   0.109   0.157   0.131   0.105    11.6    11.2    10.5     9.5     8.7
64756 20120415  2.402  -73.74   41.79    24.2    13.3    18.7    17.8     0.2    17.52 R    34.3     9.3    16.7    84.4    45.8    63.0   0.109   0.102   0.154   0.130   0.106    14.5    13.6    12.0    10.1     8.9
64756 20120416  2.402  -73.74   41.79    31.5    10.1    20.8    22.2     0.0    22.68 R    37.8     6.9    20.6    96.3    24.6    55.5   0.102   0.096   0.151   0.129   0.106    16.4    15.4    13.4    11.0     9.2
64756 20120417  2.402  -73.74   41.79    22.9     9.0    16.0    17.6     0.0    23.33 R    35.5     7.1    17.4    76.6    24.6    43.9   0.092   0.086   0.147   0.129   0.106    16.6    15.9    14.4    12.0     9.7
64756 20120418  2.402  -73.74   41.79    12.7     4.4     8.5     8.8     0.0    17.16 R    24.7     1.9    10.3    81.0    35.5    50.8   0.085   0.078   0.142   0.128   0.105    13.9    13.9    13.6    12.3    10.1
64756 20120419  2.402  -73.74   41.79    22.2     0.7    11.4    13.2     0.0    25.92 R    33.2    -1.9    14.5    95.5    24.5    54.5   0.081   0.073   0.138   0.126   0.105    14.6    14.1    13.2    12.0    10.4
64756 20120420  2.402  -73.74   41.79    24.1     6.9    15.5    16.1     0.0    23.60 R    35.9     3.2    16.3    91.1    32.4    58.3   0.076   0.066   0.133   0.125   0.104    15.8    15.2    14.0    12.3    10.6
64756 20120421  2.402  -73.74   41.79    25.0     7.4    16.2    16.7     4.9    16.88 R    35.7     6.0    17.2    92.6    43.7    70.9   0.073   0.061   0.128   0.125   0.104    16.7    16.0    14.6    12.7    10.8
64756 20120422  2.402  -73.74   41.79     7.5     3.9     5.7     5.6    31.4     6.86 R    10.6     1.3     4.2    96.4    73.2    88.8   0.100   0.068   0.126   0.124   0.103    12.1    12.8    13.7    12.9    11.0
64756 20120423  2.402  -73.74   41.79    13.6     4.4     9.0     7.9    13.6     6.41 R    16.4     1.5     5.5    98.6    72.5    86.7   0.274   0.223   0.182   0.124   0.103    10.3    10.5    11.2    11.8    11.1
64756 20120424  2.402  -73.74   41.79    13.5     2.8     8.1     7.6     0.2    16.49 R    21.1    -1.9     5.4    89.2    30.2    59.8   0.241   0.191   0.191   0.133   0.103    10.9    11.0    11.2    11.2    10.8
64756 20120425  2.402  -73.74   41.79    14.6    -0.6     7.0     7.7     0.0    16.67 R    22.4    -2.8     5.6    92.8    38.1    59.0   0.225   0.181   0.188   0.136   0.103    10.8    10.8    11.0    11.0    10.6
64756 20120426  2.402  -73.74   41.79    15.4    -2.5     6.5     8.2     1.4    10.77 R    17.8    -4.3     6.3    97.2    41.2    75.8   0.216   0.174   0.185   0.136   0.103    10.2    10.3    10.8    10.8    10.5
64756 20120427  2.402  -73.74   41.79    11.1     0.3     5.7     6.7     0.6    26.88 R    22.2    -3.8     7.0    97.3    40.9    56.7   0.217   0.173   0.184   0.136   0.103    12.4    12.2    11.6    10.8    10.4
64756 20120428  2.402  -73.74   41.79    15.5    -2.5     6.5     7.0     0.0    25.20 R    22.5    -5.6     6.8    83.8    17.7    40.7   0.205   0.165   0.182   0.135   0.102    11.7    11.5    11.5    11.0    10.4
64756 20120429  2.402  -73.74   41.79    15.9    -3.1     6.4     7.4     0.0    28.24 R    25.0    -6.6     6.7    83.8    16.6    38.5   0.192   0.158   0.179   0.136   0.103    12.4    12.2    11.9    11.1    10.4
64756 20120430  2.402  -73.74   41.79    17.5    -2.6     7.4     8.9     0.0    24.40 R    26.8    -5.5     9.0    82.3    20.5    43.9   0.180   0.150   0.175   0.135   0.103    12.6    12.3    12.0    11.3    10.5
64756 20120501  2.402  -73.74   41.79    17.2     8.9    13.1    11.8     7.3    10.30 R    22.6     5.1     9.8    94.1    57.4    81.2   0.191   0.152   0.173   0.134   0.103    13.5    13.2    12.7    11.6    10.6
64756 20120502  2.402  -73.74   41.79    12.1     9.0    10.5    10.7     0.0     5.87 R    14.3     4.9     8.9    97.6    73.7    81.8   0.205   0.158   0.174   0.134   0.102    13.1    13.0    12.8    11.9    10.7
64756 20120503  2.402  -73.74   41.79    14.9     9.4    12.1    11.7     3.8     6.95 R    16.8     7.2    10.4    97.2    81.4    91.1   0.214   0.163   0.175   0.134   0.102    13.3    13.1    12.7    11.9    10.9
64756 20120504  2.402  -73.74   41.79    24.6    11.4    18.0    16.9     5.9    15.14 R    29.3     8.7    15.6    97.2    59.6    83.8   0.251   0.188   0.178   0.134   0.102    15.9    15.1    13.7    12.2    11.0
64756 20120505  2.402  -73.74   41.79    22.3     8.4    15.3    15.6     0.0    14.61 R    28.3     5.0    14.5    97.8    36.3    73.5   0.236   0.184   0.182   0.136   0.102    16.8    16.4    15.2    13.2    11.3
64756 20120506  2.402  -73.74   41.79    20.4     7.5    14.0    13.6     0.0    19.85 R    29.7     4.0    13.8    95.1    50.9    67.0   0.218   0.174   0.181   0.136   0.102    16.5    16.1    15.2    13.6    11.6
64756 20120507  2.402  -73.74   41.79    21.1     7.3    14.2    13.5     1.2    19.43 R    29.3     4.8    14.3    96.2    52.3    73.2   0.203   0.165   0.179   0.136   0.103    16.7    16.3    15.5    13.9    12.0
64756 20120508  2.402  -73.74   41.79    15.1    10.6    12.8    13.4     5.5     4.05 R    14.7     8.5    11.1    94.9    59.2    79.8   0.209   0.163   0.176   0.135   0.102    14.9    15.0    15.0    14.1    12.2
64756 20120509  2.402  -73.74   41.79    21.4    13.9    17.6    16.8    21.5    12.10 R    28.9    11.4    15.9    98.1    67.9    87.8   0.250   0.193   0.181   0.135   0.102    17.2    16.5    15.4    13.9    12.4
64756 20120510  2.402  -73.74   41.79    16.0     6.7    11.3    11.7     6.2    12.32 R    22.6     3.3    11.0    97.8    50.8    74.7   0.282   0.231   0.216   0.152   0.102    16.5    16.5    16.1    14.6    12.6
64756 20120511  2.402  -73.74   41.79    19.6     2.6    11.1    11.7     0.0    26.70 R    30.6     0.9    11.5    96.1    20.9    54.1   0.256   0.206   0.210   0.154   0.104    15.9    15.7    15.3    14.5    12.9
64756 20120512  2.402  -73.74   41.79    25.5     0.8    13.1    14.5     0.0    29.01 R    32.0    -1.0    14.9    97.0    24.0    58.3   0.238   0.193   0.204   0.152   0.106    17.1    16.6    15.8    14.5    13.0
64756 20120513  2.402  -73.74   41.79    26.8     9.1    18.0    18.5     0.0    25.18 R    32.8     7.6    18.8    94.7    31.0    61.1   0.221   0.182   0.199   0.150   0.106    19.4    18.6    17.1    15.1    13.1
64756 20120514  2.402  -73.74   41.79    22.8    14.2    18.5    16.5    16.5    10.39 R    31.1    13.2    16.4    97.1    60.4    88.2   0.240   0.191   0.196   0.147   0.107    19.0    18.7    17.8    15.9    13.5
64756 20120515  2.402  -73.74   41.79    18.9    15.5    17.2    16.7     6.1     6.88 R    21.8    14.0    16.0    97.4    81.4    90.5   0.288   0.233   0.216   0.153   0.108    18.1    17.9    17.4    16.0    13.8
64756 20120516  2.402  -73.74   41.79    25.6    15.0    20.3    19.9     0.0    19.60 R    31.7    13.3    19.8    97.7    50.6    78.6   0.267   0.215   0.213   0.156   0.109    20.4    19.6    18.0    16.2    14.1
64756 20120517  2.402  -73.74   41.79    20.0     5.2    12.6    13.4     0.0    29.97 R    28.6     3.1    14.9    95.6    32.2    55.4   0.245   0.200   0.207   0.153   0.114    19.7    19.4    18.6    16.8    14.4
64756 20120518  2.402  -73.74   41.79    22.3     2.4    12.3    13.4     0.0    29.68 R    30.4     0.4    14.9    98.1    27.7    63.0   0.225   0.188   0.202   0.151   0.116    19.2    18.8    18.2    16.8    14.7
64756 20120519  2.402  -73.74   41.79    27.0     5.1    16.1    16.8     0.0    29.04 R    33.4     3.3    17.7    96.7    29.3    63.0   0.209   0.178   0.197   0.148   0.116    20.5    19.8    18.7    17.0    14.8
64756 20120520  2.402  -73.74   41.79    28.0     8.7    18.4    18.3     0.0    27.81 R    33.2     6.6    18.3    95.6    26.2    56.7   0.190   0.168   0.192   0.146   0.115    21.3    20.7    19.5    17.4    15.0
64756 20120521  2.402  -73.74   41.79    19.3     8.1    13.7    15.4    11.3     6.74 R    22.4     6.8    15.4    98.0    61.4    85.0   0.201   0.166   0.188   0.143   0.114    18.9    18.9    18.9    17.6    15.3
64756 20120522  2.402  -73.74   41.79    20.8    15.6    18.2    17.9     9.8     9.85 R    24.9    14.0    17.5    98.3    80.4    93.8   0.271   0.208   0.193   0.143   0.113    19.9    19.5    18.7    17.4    15.4
64756 20120523  2.402  -73.74   41.79    24.9    15.9    20.4    19.6     2.3    18.13 R    34.1    13.5    19.8    98.1    60.6    87.3   0.272   0.218   0.207   0.148   0.111    21.8    21.1    19.7    17.7    15.5
64756 20120524  2.402  -73.74   41.79    23.2    15.0    19.1    19.0     0.0    12.65 R    28.0    13.1    18.6    97.7    70.6    84.4   0.260   0.208   0.206   0.150   0.112    21.1    20.8    20.0    18.3    15.8
64756 20120525  2.402  -73.74   41.79    24.3    16.0    20.2    19.7     0.0    12.95 R    30.7    14.7    19.1    94.2    71.7    85.8   0.252   0.201   0.203   0.149   0.113    21.2    20.7    19.9    18.4    16.1
64756 20120526  2.402  -73.74   41.79    28.0    16.8    22.4    22.3    18.2    19.30 R    35.1    14.8    22.5    99.8    61.3    85.7   0.259   0.211   0.204   0.150   0.113    23.2    22.4    20.9    18.7    16.3
64756 20120527  2.402  -73.74   41.79    27.3    12.9    20.1    20.7     0.0    25.16 R    32.6    12.0    21.5   100.0    44.4    75.5   0.271   0.222   0.214   0.157   0.113    23.8    23.1    21.7    19.4    16.6
64756 20120528  2.402  -73.74   41.79    29.8    17.3    23.5    24.0     0.0    25.06 R    35.6    16.0    24.7    97.0    58.3    78.8   0.252   0.205   0.207   0.154   0.118    25.4    24.5    22.7    20.1    17.0
64756 20120529  2.402  -73.74   41.79    32.1    18.7    25.4    24.4    13.1    21.70 R    37.0    17.7    24.5    97.4    50.5    80.0   0.248   0.205   0.203   0.151   0.119    26.0    25.2    23.6    20.9    17.5
64756 20120530  2.402  -73.74   41.79    26.4    16.8    21.6    20.8     8.0    17.53 R    32.1    15.3    21.2    97.4    50.8    84.2   0.283   0.229   0.212   0.153   0.119    24.8    24.4    23.4    21.3    18.0
64756 20120531  2.402  -73.74   41.79    24.0    11.1    17.5    18.0     0.0    27.29 R    31.7     8.7    18.6   100.0    41.1    69.8   0.276   0.224   0.216   0.156   0.119    24.2    23.8    23.1    21.3    18.3
64756 20120601  2.402  -73.74   41.79    22.0     7.9    14.9    15.8     0.0    20.07 R    28.8     5.9    14.8    97.5    52.4    71.5   0.252   0.207   0.209   0.153   0.122    21.6    21.7    22.0    21.1    18.6
64756 20120602  2.402  -73.74   41.79    21.3    12.1    16.7    16.3     6.3    11.82 R    28.2     7.5    15.2    97.8    69.4    86.1   0.269   0.212   0.208   0.151   0.120    20.9    20.8    20.8    20.4    18.5
64756 20120603  2.402  -73.74   41.79    21.5     9.0    15.2    14.7     1.5    21.31 R    28.9     6.6    14.6   100.0    50.9    82.1   0.262   0.210   0.208   0.151   0.118    21.2    21.0    20.8    20.0    18.3
64756 20120604  2.402  -73.74   41.79    15.4     8.1    11.8    12.1     2.7    11.16 R    20.4     6.3    11.8    97.3    58.8    82.1   0.263   0.208   0.206   0.150   0.118    19.4    19.6    20.1    19.8    18.2
64756 20120605  2.402  -73.74   41.79    17.0     6.9    11.9    12.2     0.0    13.97 R    22.6     4.8    12.0    98.7    60.1    85.0   0.264   0.209   0.206   0.150   0.116    18.6    18.6    19.0    19.0    18.1
64756 20120606  2.402  -73.74   41.79    20.5     6.9    13.7    13.8     0.3    21.18 R    28.3     4.5    13.8    98.7    51.6    83.2   0.254   0.204   0.205   0.149   0.116    19.6    19.3    19.0    18.6    17.8
64756 20120607  2.402  -73.74   41.79    23.4    10.2    16.8    15.1     5.8    23.81 R    28.9     7.2    15.4   100.0    40.4    83.0   0.249   0.198   0.202   0.148   0.115    21.3    20.9    20.0    18.8    17.6
64756 20120608  2.402  -73.74   41.79    25.5     7.6    16.5    15.8     5.8    24.24 R    30.9     5.3    15.4   100.0    44.8    85.6   0.276   0.209   0.202   0.147   0.115    21.6    21.2    20.5    19.2    17.7
64756 20120609  2.402  -73.74   41.79    21.0    12.1    16.6    16.8     0.4    10.41 R    23.3     9.4    15.0    98.0    73.0    89.1   0.277   0.214   0.206   0.148   0.114    20.8    20.7    20.4    19.5    17.8
64756 20120610  2.402  -73.74   41.79    27.6    13.0    20.3    21.1     0.0    26.65 R    33.3     9.9    20.7    98.2    52.4    75.7   0.258   0.206   0.205   0.149   0.114    23.5    22.7    21.2    19.5    17.9
64756 20120611  2.402  -73.74   41.79    24.2    15.6    19.9    19.9     0.0    21.11 R    29.1    10.4    18.1    87.9    47.8    68.5   0.237   0.194   0.201   0.148   0.113    23.4    23.0    22.1    20.3    18.0
64756 20120612  2.402  -73.74   41.79    21.7    14.1    17.9    18.3    18.6     6.93 R    22.5     9.4    15.1    97.4    74.5    87.7   0.239   0.192   0.198   0.146   0.113    21.5    21.5    21.4    20.4    18.3
64756 20120613  2.402  -73.74   41.79    24.3    14.6    19.5    19.2     6.1    24.75 R    27.8     9.4    17.4    97.6    51.3    75.6   0.295   0.241   0.225   0.156   0.113    22.8    22.3    21.4    20.2    18.4
64756 20120614  2.402  -73.74   41.79    24.6    11.1    17.8    18.6     0.0    26.58 R    30.3     7.2    17.6    97.3    46.0    72.4   0.260   0.212   0.215   0.155   0.118    23.1    22.6    21.8    20.5    18.6
64756 20120615  2.402  -73.74   41.79    25.5    12.1    18.8    18.8     0.0    29.07 R    31.1     8.0    17.7    97.7    36.5    69.2   0.239   0.199   0.208   0.152   0.120    23.8    23.3    22.3    20.7    18.8
64756 20120616  2.412  -73.74   41.79 -9999.0 -9999.0 -9999.0 -9999.0 -9999.0 -9999.00 U -9999.0 -9999.0 -9999.0 -9999.0 -9999.0 -9999.0 -99.000 -99.000 -99.000 -99.000 -99.000 -9999.0 -9999.0 -9999.0 -9999.0 -9999.0
64756 20120617  2.412  -73.74   41.79    22.3    12.6    17.5    17.6     0.0    17.34 C    28.6    11.9    19.9    91.3    58.9    75.4   0.206   0.180   0.197   0.146   0.118    22.8    22.7    22.3    21.1    19.0
64756 20120618  2.412  -73.74   41.79    22.1     9.6    15.9    16.0     0.0    15.51 C    30.9     9.4    17.9    97.1    58.6    78.0   0.200   0.175   0.194   0.145   0.116    21.4    21.4    21.4    20.8    19.1
64756 20120619  2.412  -73.74   41.79    25.1    14.0    19.6    19.7     0.0    16.27 C    31.3    13.6    21.5    93.7    69.2    80.3   0.194   0.170   0.190   0.143   0.115    22.2    21.9    21.3    20.5    19.0
64756 20120620  2.412  -73.74   41.79    33.9    18.7    26.3    26.2     0.0    27.03 C    40.1    17.8    28.7    97.5    51.2    78.9   0.180   0.162   0.186   0.141   0.114    25.8    24.7    22.8    20.8    18.9
64756 20120621  2.412  -73.74   41.79    33.4    19.3    26.3    26.4     0.0    28.60 C    40.1    19.3    29.3    97.9    43.5    76.5   0.158   0.151   0.181   0.140   0.113    27.7    26.7    24.7    21.9    19.2
64756 20120622  2.412  -73.74   41.79    30.8    18.0    24.4    22.5    28.2    18.65 C    39.3    17.2    25.1    98.0    53.3    86.1   0.154   0.157   0.180   0.139   0.113    26.1    25.8    24.9    22.7    19.7
64756 20120623  2.412  -73.74   41.79    27.5    12.6    20.0    20.1     0.0    27.31 C    35.5    12.3    23.1    98.8    40.7    76.3   0.184   0.167   0.187   0.141   0.115    25.4    24.9    24.1    22.6    20.0
64756 20120624  2.412  -73.74   41.79    26.4    10.6    18.5    19.4     0.3    26.71 C    35.4    10.4    22.8    97.9    41.4    73.8   0.171   0.156   0.185   0.140   0.114    24.8    24.4    23.8    22.5    20.2
64756 20120625  2.412  -73.74   41.79    22.7    10.6    16.7    17.1    22.4    13.00 C    31.3     9.8    19.0    96.6    62.1    86.8   0.209   0.176   0.189   0.142   0.113    23.3    23.4    23.3    22.4    20.3
64756 20120626  2.412  -73.74   41.79    20.3     8.6    14.4    15.4     0.0    14.69 C    27.2     8.2    17.2    96.3    54.4    74.2   0.233   0.189   0.197   0.147   0.112    21.4    21.5    21.9    21.7    20.3
64756 20120627  2.412  -73.74   41.79    26.1    10.6    18.3    18.3     0.0    29.65 C    32.9     9.7    20.7    92.6    25.2    61.5   0.215   0.179   0.196   0.147   0.112    22.9    22.5    21.9    21.2    20.1
64756 20120628  2.412  -73.74   41.79    29.3    10.0    19.7    20.6     0.0    29.52 C    35.5    10.6    23.6    96.5    37.0    69.4   0.192   0.168   0.192   0.145   0.112    24.2    23.7    22.7    21.4    19.9
64756 20120629  2.412  -73.74   41.79    32.8    17.3    25.1    25.0     0.3    27.02 C    38.5    17.1    27.2    94.2    45.7    70.7   0.173   0.159   0.188   0.143   0.112    26.5    25.7    24.1    22.0    20.0
64756 20120630  2.412  -73.74   41.79    31.4    14.2    22.8    23.1     0.0    27.43 C    38.1    14.0    25.8    96.0    32.6    69.8   0.156   0.150   0.183   0.142   0.112    26.5    25.9    24.7    22.7    20.3
64756 20120701  2.412  -73.74   41.79    31.4    15.2    23.3    23.3     0.0    26.71 C    38.8    15.0    25.6    96.2    41.2    70.3   0.140   0.139   0.177   0.139   0.111    26.6    26.0    24.9    23.0    20.5
64756 20120702  2.412  -73.74   41.79    28.4    13.3    20.9    21.0     0.0    27.57 C    37.5    13.2    24.0    95.8    39.3    72.4   0.126   0.127   0.172   0.137   0.110    26.0    25.5    24.7    23.2    20.8
64756 20120703  2.412  -73.74   41.79    29.5    12.6    21.1    21.8     0.0    27.97 C    37.3    12.5    25.1    96.4    39.0    70.4   0.115   0.114   0.165   0.136   0.110    26.2    25.6    24.7    23.2    21.0
64756 20120704  2.412  -73.74   41.79    31.0    19.6    25.3    24.6     2.4    24.63 C    38.9    20.2    27.6    97.6    50.4    78.5   0.108   0.105   0.160   0.134   0.109    27.5    26.8    25.4    23.4    21.1
64756 20120705  2.412  -73.74   41.79    28.9    17.0    23.0    23.2     0.0    26.30 C    37.8    16.3    25.9    98.0    47.4    77.1   0.103   0.098   0.154   0.133   0.110    27.3    26.8    25.7    23.8    21.3
64756 20120706  2.412  -73.74   41.79    30.6    13.9    22.2    22.6     0.0    28.59 C    38.7    13.3    26.1    97.9    42.3    73.5   0.097   0.088   0.148   0.131   0.109    27.0    26.4    25.4    23.9    21.5
64756 20120707  2.412  -73.74   41.79    30.2    16.4    23.3    22.7     0.6    14.18 C    38.8    16.1    24.7    96.9    53.2    83.6   0.091   0.081   0.142   0.130   0.108    26.2    25.9    25.4    23.9    21.6
64756 20120708  2.412  -73.74   41.79    30.1    16.2    23.2    23.5     0.0    27.52 C    40.2    14.8    26.5    97.9    44.6    69.8   0.088   0.077   0.137   0.129   0.107    27.0    26.3    25.3    23.8    21.6
64756 20120709  2.412  -73.74   41.79    27.7    12.3    20.0    20.3     0.0    28.81 C    38.9    11.0    23.7    96.9    36.2    66.8   0.081   0.068   0.128   0.127   0.107    26.2    25.8    25.1    23.8    21.7
64756 20120710  2.412  -73.74   41.79    28.0    10.3    19.1    19.5     0.4    27.44 C    39.1     9.3    23.4    97.5    32.5    69.2   0.075   0.061   0.118   0.126   0.107    25.6    25.3    24.7    23.6    21.7
64756 20120711  2.412  -73.74   41.79    30.0    12.6    21.3    22.0     0.0    28.53 C    41.7    12.3    25.6    98.1    37.8    70.4   0.070   0.055   0.109   0.124   0.106    26.3    25.7    24.7    23.5    21.7
64756 20120712  2.412  -73.74   41.79    31.8    14.5    23.2    24.1     0.0    28.06 C    42.5    13.6    27.5    96.2    35.5    62.7   0.065   0.050   0.100   0.123   0.106    27.2    26.4    25.1    23.6    21.7
64756 20120713  2.412  -73.74   41.79    31.9    17.1    24.5    24.9     0.0    21.07 C    43.4    17.8    27.7    88.5    41.1    65.5   0.062   0.045   0.091   0.121   0.106    27.2    26.5    25.4    23.8    21.7
64756 20120714  2.412  -73.74   41.79    31.3    20.0    25.7    24.8     0.0    24.15 C    43.8    20.1    28.6    96.5    38.3    70.1   0.060   0.043   0.084   0.119   0.105    28.1    27.3    25.7    23.9    21.9
64756 20120715  2.412  -73.74   41.79    29.7    17.7    23.7    22.6     5.5    11.32 C    42.0    17.6    24.7    97.5    59.8    84.9   0.056   0.039   0.079   0.117   0.104    26.3    26.0    25.4    24.1    22.0
64756 20120716  2.412  -73.74   41.79    30.5    19.7    25.1    24.5     0.0    24.99 C    41.0    19.6    28.2    97.8    50.7    79.5   0.064   0.041   0.079   0.116   0.104    28.0    27.1    25.5    23.9    22.1
64756 20120717  2.412  -73.74   41.79    34.2    18.0    26.1    26.9     0.0    24.08 C    42.4    18.3    29.1    97.0    40.2    65.0   0.061   0.041   0.076   0.115   0.105    28.0    27.2    25.9    24.2    22.1
64756 20120718  2.412  -73.74   41.79    35.4    20.9    28.2    26.1     6.3    18.61 C    46.1    21.4    28.7    97.5    47.0    78.1   0.059   0.039   0.072   0.113   0.105    28.3    27.6    26.2    24.5    22.2
64756 20120719  2.412  -73.74   41.79    27.4    17.7    22.6    21.4     0.2    19.35 C    36.5    19.1    24.7    96.8    46.4    74.2   0.066   0.039   0.072   0.112   0.103    26.9    26.6    25.8    24.5    22.4
64756 20120720  2.412  -73.74   41.79    19.3    15.6    17.5    17.2    13.8     5.85 C    23.4    16.8    19.2    97.7    80.1    91.9   0.118   0.059   0.071   0.111   0.103    23.7    24.0    24.6    24.2    22.5
64756 20120721  2.412  -73.74   41.79    26.5    13.7    20.1    19.7     0.0    27.68 C    35.9    14.0    23.3   100.0    39.3    72.5   0.138   0.086   0.072   0.110   0.102    25.2    24.7    24.1    23.5    22.3
64756 20120722  2.412  -73.74   41.79    28.8    12.8    20.8    21.6     0.0    25.95 C    37.2    13.0    24.6    97.3    48.1    70.4   0.117   0.076   0.072   0.110   0.102    25.6    25.2    24.5    23.5    22.1
64756 20120723  2.412  -73.74   41.79    29.1    18.9    24.0    22.9    11.1    14.47 C    35.6    19.1    24.4    97.0    65.5    81.3   0.135   0.076   0.073   0.110   0.101    25.7    25.4    24.7    23.6    22.1
64756 20120724  2.412  -73.74   41.79    30.8    16.9    23.9    23.6    18.5    21.07 C    37.9    15.2    25.6    94.2    49.5    72.6   0.147   0.091   0.073   0.110   0.101    26.2    25.8    25.0    23.7    22.1
64756 20120725  2.412  -73.74   41.79    27.7    11.8    19.8    20.2     0.0    28.31 C    35.5    11.0    23.1    97.3    34.9    65.9   0.149   0.094   0.074   0.110   0.101    25.2    24.9    24.6    23.7    22.1
64756 20120726  2.412  -73.74   41.79    30.1    17.1    23.6    21.8    12.5    13.30 C    33.9    18.0    23.4    96.2    62.4    83.5   0.167   0.098   0.077   0.110   0.101    25.1    24.8    24.5    23.7    22.1
64756 20120727  2.412  -73.74   41.79    29.0    20.3    24.6    23.9     0.6    17.25 C    36.3    20.8    26.2    96.4    63.1    83.5   0.187   0.112   0.079   0.110   0.100    26.3    25.8    24.9    23.7    22.1
64756 20120728  2.412  -73.74   41.79    25.0    18.6    21.8    20.9    22.7     3.68 C    28.6    19.0    22.0    97.6    77.1    93.2   0.207   0.133   0.092   0.110   0.100    24.8    24.8    24.8    23.9    22.2
64756 20120729  2.412  -73.74   41.79    24.6    16.3    20.5    19.9     0.2    13.74 C    31.2    15.9    21.9    97.9    60.3    87.9   0.214   0.153   0.109   0.113   0.100    24.2    24.1    23.9    23.5    22.3
64756 20120730  2.412  -73.74   41.79    27.3    15.3    21.3    21.2     0.0    19.00 C    34.1    14.9    22.9    98.0    56.7    80.4   0.192   0.143   0.116   0.118   0.100    24.6    24.3    24.0    23.4    22.1
64756 20120731  2.412  -73.74   41.79    26.1    17.5    21.8    21.0     0.0    21.38 C    34.8    16.9    23.4    95.3    57.3    78.4   0.170   0.133   0.120   0.121   0.100    25.2    24.8    24.3    23.4    22.1
64756 20120801  2.412  -73.74   41.79    28.3    17.4    22.8    22.2     0.0    16.50 C    36.5    17.7    24.2    95.8    56.5    81.8   0.153   0.124   0.121   0.122   0.100    25.3    24.9    24.4    23.6    22.1
64756 20120802  2.412  -73.74   41.79    30.2    17.2    23.7    23.3     0.0    24.09 C    37.2    16.8    25.7    97.7    46.2    77.2   0.137   0.115   0.121   0.121   0.101    26.2    25.7    24.8    23.6    22.1
64756 20120803  2.412  -73.74   41.79    32.0    17.8    24.9    25.3     0.0    23.34 C    38.8    17.1    27.1    97.0    40.9    72.2   0.120   0.103   0.119   0.121   0.101    26.8    26.2    25.3    24.0    22.3
64756 20120804  2.412  -73.74   41.79    32.7    19.2    25.9    26.0     0.0    24.12 C    39.2    19.0    28.0    97.1    47.8    74.9   0.104   0.091   0.116   0.120   0.100    27.5    26.9    25.8    24.3    22.4
64756 20120805  2.412  -73.74   41.79    30.1    21.9    26.0    25.1    12.0    16.10 C    37.5    21.6    26.6    95.1    64.6    83.3   0.105   0.082   0.112   0.119   0.100    27.0    26.5    25.9    24.6    22.6
64756 20120806  2.412  -73.74   41.79    26.7    15.5    21.1    22.2     0.0    23.80 C    35.6    14.9    25.0    97.7    48.8    76.0   0.142   0.091   0.112   0.118   0.100    26.8    26.5    25.8    24.6    22.7
64756 20120807  2.412  -73.74   41.79    27.8    12.2    20.0    19.9     0.0    24.65 C    34.5    11.5    22.5    98.1    37.1    75.0   0.128   0.088   0.112   0.117   0.100    25.5    25.3    25.2    24.5    22.9
64756 20120808  2.412  -73.74   41.79    30.2    14.5    22.3    23.0     0.0    22.53 C    37.2    14.0    24.9    97.5    40.4    74.3   0.113   0.081   0.109   0.117   0.099    25.8    25.5    25.0    24.3    22.8
64756 20120809  2.412  -73.74   41.79    30.8    18.4    24.6    23.6     0.0    18.46 C    37.8    18.0    25.4    97.2    48.5    79.2   0.100   0.074   0.106   0.116   0.099    26.2    25.8    25.3    24.3    22.7
64756 20120810  2.412  -73.74   41.79    26.0    19.1    22.6    22.3    14.5     5.66 C    28.9    19.1    23.3    97.8    76.3    91.0   0.127   0.079   0.104   0.115   0.099    25.1    25.0    24.9    24.3    22.8
64756 20120811  2.412  -73.74   41.79    29.2    18.5    23.8    23.9     0.0    18.19 C    35.2    18.5    25.4    98.0    62.3    82.9   0.158   0.094   0.106   0.115   0.098    25.8    25.4    24.7    24.0    22.7
64756 20120812  2.412  -73.74   41.79    28.6    16.8    22.7    23.2     0.0    24.22 C    35.2    16.7    25.5    96.5    45.2    73.2   0.140   0.089   0.107   0.115   0.099    26.7    26.3    25.4    24.3    22.7
64756 20120813  2.412  -73.74   41.79    27.9    14.1    21.0    20.6     0.0    21.66 C    35.9    13.6    23.1    97.5    47.6    78.4   0.119   0.081   0.106   0.115   0.098    25.5    25.3    25.0    24.3    22.8
64756 20120814  2.412  -73.74   41.79    24.9    14.6    19.8    19.9     3.7     9.64 C    31.5    14.2    21.5    97.7    59.1    87.2   0.109   0.076   0.105   0.114   0.098    24.1    24.1    24.3    24.0    22.8
64756 20120815  2.412  -73.74   41.79    26.8    17.3    22.1    21.2    24.8    18.61 C    35.8    17.4    23.9    97.7    57.5    86.1   0.188   0.123   0.114   0.114   0.098    24.7    24.4    24.1    23.6    22.7
64756 20120816  2.412  -73.74   41.79    27.6    15.9    21.7    21.4     0.0    24.01 C    35.5    15.7    24.3   100.0    45.9    79.3   0.172   0.116   0.119   0.117   0.098    25.6    25.2    24.5    23.7    22.6
64756 20120817  2.412  -73.74   41.79    29.4    13.9    21.6    21.2     2.2    17.81 C    34.9    14.3    23.2    96.9    48.5    79.3   0.153   0.107   0.119   0.118   0.098    24.9    24.6    24.4    23.8    22.6
64756 20120818  2.412  -73.74   41.79    24.5    11.3    17.9    18.8     4.4    23.78 C    34.1    10.7    21.6    97.5    41.9    77.5   0.175   0.109   0.119   0.119   0.097    25.0    24.8    24.5    23.8    22.6
64756 20120819  2.412  -73.74   41.79    22.1     8.4    15.2    15.7     0.0    17.74 C    29.4     8.1    18.0    98.1    48.9    78.6   0.162   0.109   0.120   0.118   0.098    22.8    22.8    23.4    23.4    22.6
64756 20120820  2.412  -73.74   41.79    25.2    10.6    17.9    17.8     6.4    19.04 C    32.8    10.3    20.4    97.7    46.3    81.7   0.153   0.104   0.120   0.119   0.097    22.9    22.8    22.9    22.9    22.4
64756 20120821  2.412  -73.74   41.79    25.5    14.2    19.9    19.3     0.2    22.25 C    34.0    13.2    22.2    97.8    46.5    79.5   0.177   0.111   0.120   0.118   0.098    24.2    23.8    23.4    22.8    22.1
64756 20120822  2.412  -73.74   41.79    27.3    11.5    19.4    18.8     0.0    21.87 C    34.5    11.2    21.1    98.2    40.9    79.0   0.158   0.108   0.120   0.118   0.097    23.7    23.4    23.3    22.9    22.0
64756 20120823  2.412  -73.74   41.79    28.8    12.9    20.8    20.5     0.0    20.69 C    36.5    12.5    22.3    97.5    38.4    75.2   0.141   0.103   0.118   0.117   0.097    23.9    23.6    23.3    22.8    21.9
64756 20120824  2.412  -73.74   41.79    28.3    12.9    20.6    20.4     0.0    22.27 C    36.2    12.5    22.8    97.7    42.2    78.3   0.127   0.095   0.116   0.118   0.097    24.0    23.7    23.4    22.8    21.9
64756 20120825  2.412  -73.74   41.79    28.5    15.0    21.7    21.0     0.0    17.66 C    35.0    14.8    22.6    97.3    48.0    74.4   0.115   0.088   0.114   0.117   0.097    24.1    23.8    23.5    22.9    21.9
64756 20120826  2.412  -73.74   41.79    27.8    13.8    20.8    20.4     0.0    23.26 C    36.0    12.7    22.5    97.6    34.5    70.5   0.104   0.081   0.111   0.116   0.097    24.0    23.7    23.4    22.9    21.9
64756 20120827  2.412  -73.74   41.79    27.7    14.0    20.9    21.1     4.6    13.74 C    36.3    13.5    22.8    96.9    62.9    85.3   0.096   0.074   0.107   0.115   0.097    23.6    23.3    23.2    22.8    21.9
64756 20120828  2.412  -73.74   41.79    28.7    15.7    22.2    22.5     6.5    18.06 C    37.0    14.2    24.3    97.2    44.4    77.1   0.130   0.088   0.107   0.115   0.097    25.0    24.6    23.8    22.9    21.9
64756 20120829  2.412  -73.74   41.79    23.1     9.6    16.4    16.6     0.0    24.34 C    32.0     8.0    18.7    97.0    39.1    71.2   0.136   0.095   0.106   0.114   0.097    23.0    23.0    23.3    22.9    21.9
64756 20120830  2.412  -73.74   41.79    25.9     6.9    16.4    17.0     0.0    22.83 C    32.7     5.7    18.8    97.8    37.3    69.6   0.122   0.088   0.105   0.114   0.097    21.8    21.8    22.2    22.4    21.9
64756 20120831  2.412  -73.74   41.79    31.1    11.5    21.3    22.3     0.0    22.45 C    36.7    10.0    23.0    93.9    32.5    61.9   0.108   0.079   0.103   0.113   0.097    22.6    22.4    22.2    22.1    21.6
64756 20120901  2.412  -73.74   41.79    29.8    17.0    23.4    23.3     0.0    21.70 C    39.4    17.1    25.6    92.8    36.5    68.0   0.096   0.071   0.100   0.112   0.097    24.2    23.7    23.0    22.2    21.6
64756 20120902  2.412  -73.74   41.79    27.3    14.9    21.1    21.1     0.0    18.67 C    38.4    13.6    23.1    94.8    36.8    73.1   0.087   0.064   0.097   0.112   0.096    24.3    24.0    23.5    22.6    21.6
64756 20120903  2.412  -73.74   41.79    23.8    12.7    18.2    18.8     0.0    10.20 C    32.0    11.7    20.1    97.6    52.3    76.6   0.082   0.059   0.094   0.111   0.096    22.4    22.4    22.7    22.5    21.7
64756 20120904  2.412  -73.74   41.79    25.1    18.6    21.9    21.9     7.9     5.35 C    29.9    18.8    22.9    94.8    78.1    87.4   0.080   0.058   0.092   0.110   0.095    22.9    22.6    22.5    22.2    21.6
64756 20120905  2.412  -73.74   41.79    27.1    17.0    22.0    22.9     9.3    12.64 C    34.4    15.9    24.3    97.7    57.2    84.0   0.164   0.114   0.093   0.109   0.094    24.3    23.9    23.1    22.3    21.5
64756 20120906  2.412  -73.74   41.79    26.7    14.4    20.5    20.3     0.0    12.86 C    32.5    14.3    21.7    97.9    56.8    84.6   0.165   0.121   0.093   0.109   0.094    23.3    23.1    23.0    22.5    21.5
64756 20120907  2.412  -73.74   41.79    30.0    17.0    23.5    23.5     0.0    20.99 C    38.3    17.0    25.8    97.8    48.3    78.4   0.148   0.112   0.094   0.109   0.093    24.6    24.1    23.4    22.5    21.6
64756 20120908  2.412  -73.74   41.79    27.2    16.5    21.8    21.3    23.8    11.51 C    32.3    17.0    22.3    97.4    69.4    86.8   0.164   0.132   0.098   0.109   0.093    23.8    23.7    23.5    22.8    21.6
64756 20120909  2.412  -73.74   41.79    23.2    12.5    17.9    17.0     1.1    20.33 C    32.8    11.7    20.4    98.7    47.3    82.1   0.200   0.160   0.111   0.109   0.093    22.9    22.8    22.8    22.6    21.7
64756 20120910  2.412  -73.74   41.79    20.5     7.0    13.7    13.7     0.0    19.43 C    30.5     6.1    15.7    98.5    39.2    72.1   0.182   0.144   0.114   0.111   0.093    20.9    21.1    21.9    22.2    21.7
64756 20120911  2.412  -73.74   41.79    20.7     3.4    12.0    12.0     0.0    20.75 C    31.8     2.8    15.0    97.7    42.1    75.6   0.165   0.133   0.114   0.111   0.093    19.4    19.5    20.5    21.4    21.4
64756 20120912  2.412  -73.74   41.79    25.5     6.1    15.8    15.5     0.0    21.06 C    33.4     5.7    17.8    97.8    33.6    75.1   0.152   0.124   0.113   0.111   0.093    19.9    19.8    20.2    20.8    21.1
64756 20120913  2.412  -73.74   41.79    26.6     8.8    17.7    17.9     0.0    20.82 C    34.0     8.9    19.7    97.1    39.1    74.2   0.139   0.116   0.113   0.111   0.094    20.6    20.4    20.5    20.7    20.8
64756 20120914  2.412  -73.74   41.79    26.5    10.9    18.7    19.1     0.0    19.55 C    34.4    10.6    20.8    96.7    43.9    74.7   0.128   0.108   0.111   0.111   0.093    21.0    20.8    20.8    20.7    20.6
64756 20120915  2.412  -73.74   41.79    20.7     7.7    14.2    15.2     1.7    18.48 C    30.5     7.0    17.7    97.9    45.5    77.8   0.120   0.102   0.110   0.111   0.094    20.6    20.6    20.9    20.8    20.5
64756 20120916  2.412  -73.74   41.79    21.2     6.0    13.6    13.0     0.0    21.00 C    33.3     5.5    15.9    97.6    39.6    76.2   0.114   0.096   0.109   0.111   0.094    19.3    19.4    20.0    20.4    20.4
64756 20120917  2.412  -73.74   41.79    24.6     5.1    14.8    14.9     0.0    18.18 C    33.2     4.9    16.8    97.7    42.4    73.4   0.107   0.091   0.107   0.110   0.094    19.2    19.2    19.6    20.1    20.3
64756 20120918  2.412  -73.74   41.79    23.5    13.0    18.2    19.3    81.5     1.91 C    22.1    12.9    19.1    96.5    76.4    88.8   0.227   0.189   0.144   0.121   0.094    19.4    19.4    19.6    19.9    20.0
64756 20120919  2.412  -73.74   41.79    19.1     5.8    12.5    13.9     2.6    19.09 C    28.4     5.1    16.5    97.7    41.4    76.1   0.248   0.204   0.204   0.157   0.117    19.8    19.7    19.8    19.8    19.9
64756 20120920  2.412  -73.74   41.79    19.7     3.5    11.6    12.2     0.0    15.14 C    28.0     2.7    13.9    98.7    55.5    79.8   0.225   0.188   0.196   0.152   0.117    17.8    18.0    18.7    19.5    19.7
64756 20120921  2.412  -73.74   41.79    21.8     9.2    15.5    14.9     0.0    13.18 C    30.5     8.5    16.2    97.9    57.7    81.2   0.216   0.183   0.192   0.150   0.114    18.4    18.4    18.7    19.1    19.5
64756 20120922  2.412  -73.74   41.79    21.5    10.0    15.8    16.5    11.3     7.40 C    24.6     9.1    17.2    97.3    69.6    85.9   0.224   0.189   0.191   0.148   0.111    18.2    18.2    18.6    19.0    19.3
64756 20120923  2.412  -73.74   41.79    18.7     5.7    12.2    12.6     0.0    18.47 C    28.3     4.9    15.3   100.0    41.1    80.4   0.244   0.203   0.201   0.152   0.110    18.5    18.5    18.7    18.9    19.2
64756 20120924  2.412  -73.74   41.79    17.1     5.2    11.2     9.9     0.0    13.49 C    26.8     4.4    11.8    97.6    42.0    79.8   0.226   0.190   0.197   0.151   0.110    17.0    17.2    18.0    18.7    19.0
64756 20120925  2.412  -73.74   41.79    21.5     3.0    12.2    13.3     0.0    19.20 C    28.0     2.3    14.7    97.8    35.0    68.3   0.216   0.183   0.194   0.149   0.111    16.6    16.7    17.3    18.2    18.8
64756 20120926  2.412  -73.74   41.79    19.1    13.8    16.4    16.9     1.9     5.11 C    24.1    14.1    17.5    96.0    75.1    86.1   0.218   0.182   0.191   0.147   0.110    17.9    17.8    17.8    18.1    18.6
64756 20120927  2.412  -73.74   41.79    20.0    10.4    15.2    15.4     0.0    16.42 C    27.9     9.5    17.3    97.9    50.9    79.5   0.213   0.180   0.191   0.146   0.110    18.5    18.4    18.3    18.2    18.5
64756 20120928  2.412  -73.74   41.79    14.6    10.8    12.7    12.6    24.7     1.48 C    16.0    11.5    13.7    97.8    69.3    94.0   0.275   0.225   0.212   0.154   0.110    16.8    17.0    17.7    18.2    18.5
64756 20120929  2.412  -73.74   41.79    16.4    11.7    14.0    13.3     0.0     5.94 C    23.0    12.5    15.1    97.4    72.0    89.4   0.250   0.205   0.209   0.157   0.119    17.2    17.1    17.4    17.8    18.3
64756 20120930  2.412  -73.74   41.79    18.6     8.7    13.7    13.1     0.6    11.91 C    27.1     7.6    15.0    97.7    49.1    82.0   0.240   0.197   0.203   0.154   0.123    17.7    17.6    17.7    17.8    18.2
64756 20121001  2.412  -73.74   41.79    19.0     8.5    13.7    12.7     0.0    14.26 C    27.0     7.3    14.0    96.8    55.5    79.3   0.229   0.190   0.199   0.151   0.100    16.7    16.8    17.3    17.7    18.1
64756 20121002  2.412  -73.74   41.79    16.1     9.6    12.9    13.8    22.7     1.98 C    18.4     9.7    14.9    97.8    81.0    94.4   0.259   0.212   0.211   0.155   0.118    16.6    16.7    17.1    17.6    17.9
64756 20121003  2.412  -73.74   41.79    20.0    14.7    17.4    17.7     0.6     2.93 C    25.4    15.4    18.7    97.9    93.6    96.7   0.258   0.210   0.214   0.159   0.129    17.9    17.7    17.4    17.5    17.8
64756 20121004  2.412  -73.74   41.79    22.2    13.7    18.0    19.0    26.7     3.22 C    25.0    14.1    19.6   100.0    84.2    96.9   0.264   0.214   0.215   0.160   0.128    19.2    18.9    18.4    17.9    17.8
64756 20121005  2.412  -73.74   41.79    24.1    14.2    19.1    17.8     0.0    15.12 C    29.6    13.8    19.5   100.0    52.3    85.1   0.256   0.207   0.212   0.159   0.131    19.7    19.3    18.8    18.3    17.9
64756 20121006  2.412  -73.74   41.79    22.9     5.6    14.2    14.6     1.1     7.42 C    28.7     4.4    14.7    96.5    61.2    82.3   0.242   0.197   0.204   0.154   0.125    18.3    18.4    18.7    18.5    18.1
64756 20121007  2.412  -73.74   41.79    11.7     2.8     7.3     7.7     2.7     5.80 C    17.0     2.6     9.2    98.2    57.2    83.3   0.241   0.195   0.202   0.152   0.121    15.3    15.8    17.0    18.0    18.1
64756 20121008  2.412  -73.74   41.79    12.8     2.3     7.5     7.0     0.0    11.91 C    21.7     2.5     9.5   100.0    55.0    87.6   0.246   0.198   0.202   0.152   0.119    14.8    15.1    16.0    17.2    17.9
64756 20121009  2.412  -73.74   41.79    15.1     5.7    10.4    10.6     0.0     6.75 C    22.6     7.0    12.1    97.2    62.7    82.8   0.235   0.192   0.200   0.151   0.118    14.9    15.1    15.8    16.7    17.6
64756 20121010  2.412  -73.74   41.79    15.9     6.3    11.1    12.1     1.2     4.65 C    19.9     3.9    12.5    95.8    60.5    81.8   0.232   0.190   0.198   0.149   0.118    15.2    15.3    15.8    16.5    17.3
64756 20121011  2.412  -73.74   41.79    14.1     3.4     8.7     8.7     0.0    16.58 C    22.3     2.0     9.6    95.3    35.7    62.2   0.229   0.189   0.197   0.149   0.116    13.9    14.2    15.2    16.2    17.1
64756 20121012  2.412  -73.74   41.79    11.7    -1.3     5.2     6.1     0.6     8.12 C    19.5    -2.5     6.2    94.7    40.0    67.2   0.225   0.185   0.196   0.148   0.116    12.5    13.0    14.3    15.7    16.8
64756 20121013  2.412  -73.74   41.79    10.8    -4.4     3.2     4.5     0.0    14.79 C    20.2    -4.8     6.8    95.8    30.7    62.4   0.222   0.182   0.194   0.147   0.115    11.3    11.7    13.1    14.9    16.4
64756 20121014  2.412  -73.74   41.79    20.0     8.0    14.0    13.6     1.8    10.03 C    25.1     8.0    13.9    90.4    54.7    71.2   0.224   0.182   0.193   0.146   0.113    13.4    13.4    13.6    14.5    16.0
64756 20121015  2.412  -73.74   41.79    20.0    11.7    15.8    16.3    11.2     3.75 C    22.8    11.9    16.2    97.9    69.9    85.0   0.245   0.196   0.196   0.145   0.114    14.9    14.7    14.6    14.8    15.7
64756 20121016  2.412  -73.74   41.79    13.4     0.6     7.0     8.5     0.0    13.57 C    20.3     0.5     9.8    97.2    47.4    74.6   0.255   0.206   0.207   0.152   0.112    14.1    14.3    14.8    15.1    15.7
64756 20121017  2.412  -73.74   41.79    15.3    -1.3     7.0     6.0     0.0    14.20 C    21.9    -1.6     8.0    98.5    42.4    79.3   0.239   0.195   0.203   0.151   0.113    12.4    12.7    13.6    14.8    15.7
64756 20121018  2.412  -73.74   41.79    19.2     1.0    10.1    11.0     0.0    14.29 C    24.8     0.8    12.0    98.6    43.4    75.1   0.231   0.190   0.200   0.150   0.114    12.8    12.9    13.4    14.4    15.5
64756 20121019  2.412  -73.74   41.79    18.9    14.3    16.6    17.2    24.5     1.70 C    19.8    13.2    16.8    94.3    76.2    89.0   0.272   0.218   0.216   0.156   0.115    15.0    14.7    14.4    14.5    15.2
64756 20121020  2.412  -73.74   41.79    20.9     7.2    14.0    15.2     0.0    13.41 C    25.9     4.4    14.9    98.4    35.9    70.7   0.255   0.206   0.212   0.158   0.128    15.5    15.4    15.2    15.0    15.3
64756 20121021  2.412  -73.74   41.79    17.9     4.0    11.0    11.5     0.0    13.62 C    24.6     3.0    11.4    93.0    38.6    60.5   0.241   0.196   0.205   0.154   0.124    13.6    13.8    14.4    15.0    15.4
64756 20121022  2.412  -73.74   41.79    19.0     3.3    11.1    11.4     0.0    14.01 C    24.7     2.9    11.3    95.2    37.9    65.0   0.232   0.190   0.201   0.152   0.121    13.2    13.3    13.9    14.7    15.3
64756 20121023  2.412  -73.74   41.79    11.9     3.1     7.5     8.6     9.3     2.97 C    15.8     2.3     9.7    98.1    73.0    92.9   0.249   0.199   0.201   0.150   0.119    12.4    12.7    13.4    14.4    15.2
64756 20121024  2.412  -73.74   41.79    12.9    10.3    11.6    11.2     0.2     1.46 C    15.4    11.1    12.2    98.1    79.3    91.1   0.262   0.209   0.210   0.154   0.118    13.4    13.4    13.6    14.2    15.0
64756 20121025  2.412  -73.74   41.79    14.8    10.2    12.5    12.6     0.0     2.90 C    18.6    11.2    13.5    94.7    73.3    82.1   0.249   0.201   0.206   0.154   0.118    13.9    13.8    13.8    14.2    14.9
64756 20121026  2.412  -73.74   41.79    16.1    12.8    14.4    14.4     0.0     2.36 C    18.6    13.0    14.9    90.7    75.0    81.3   0.243   0.196   0.203   0.152   0.119    14.5    14.4    14.3    14.4    14.8
64756 20121027  2.412  -73.74   41.79    17.3    11.6    14.5    14.7     0.0     3.39 C    20.6    10.7    14.7    93.7    66.3    81.2   0.240   0.193   0.201   0.151   0.119    14.9    14.8    14.7    14.6    14.8
64756 20121028  2.412  -73.74   41.79    13.9    11.0    12.4    12.7     0.0     2.00 C    15.3     9.8    12.2    93.9    46.5    68.3   0.236   0.190   0.199   0.149   0.117    13.6    13.8    14.3    14.7    14.9
64756 20121029  2.412  -73.74   41.79    18.5    11.4    15.0    14.1    10.0     1.16 C    17.0    11.3    13.4    87.7    62.6    76.2   0.255   0.201   0.201   0.149   0.116    13.4    13.5    13.8    14.4    14.9
64756 20121030  2.412  -73.74   41.79    15.0     9.1    12.0    12.9     0.6     6.28 C    18.3     6.9    12.5    89.1    60.3    73.1   0.266   0.211   0.210   0.154   0.116    13.6    13.7    13.9    14.3    14.8
64756 20121031  2.412  -73.74   41.79    10.9     6.3     8.6     7.3     0.5     3.12 C    14.0     6.1     8.2    91.5    64.2    75.6   0.256   0.201   0.206   0.153   0.118    12.1    12.5    13.3    14.1    14.7
64756 20121101  2.412  -73.74   41.79    10.1     6.3     8.2     7.7     0.2     4.10 C    14.8     6.5     8.5    84.6    64.4    74.5   0.250   0.197   0.204   0.151   0.118    11.6    11.8    12.6    13.7    14.6
64756 20121102  2.412  -73.74   41.79    10.2     4.2     7.2     7.0     0.0     4.91 C    16.2     4.5     7.9    89.1    50.9    69.3   0.249   0.194   0.202   0.151   0.117    11.3    11.6    12.3    13.3    14.3
64756 20121103  2.412  -73.74   41.79     9.3     0.7     5.0     4.9     0.0     7.00 C    14.9    -1.1     5.4    94.2    47.7    68.4   0.248   0.191   0.200   0.149   0.116    10.2    10.6    11.7    13.0    14.1
64756 20121104  2.412  -73.74   41.79     9.2    -2.9     3.1     3.3     0.0    10.70 C    17.3    -3.7     4.5    96.1    49.2    69.7   0.243   0.188   0.198   0.149   0.116     8.9     9.3    10.7    12.4    13.8
64756 20121105  2.412  -73.74   41.79     5.3    -3.1     1.1     1.8     0.0     5.64 C    10.4    -5.9     2.0    70.0    39.7    53.8   0.241   0.185   0.197   0.148   0.115     8.2     8.7    10.1    11.8    13.5
64756 20121106  2.412  -73.74   41.79     5.4    -7.7    -1.1    -1.8     0.0    12.22 C    12.8    -9.0    -1.0    92.6    35.4    67.0   0.238   0.184   0.195   0.146   0.114     6.1     6.9     8.8    11.0    13.1
64756 20121107  2.412  -73.74   41.79     2.0    -5.5    -1.8    -1.0    11.9     1.66 C     3.7    -6.6    -0.8    95.7    54.6    75.7   0.238   0.183   0.195   0.145   0.114     5.4     6.0     7.8    10.2    12.6
64756 20121108  2.412  -73.74   41.79     5.6     0.5     3.1     2.7     0.0     6.45 C     2.8    -1.8     1.0    68.5    42.6    55.9   0.260   0.191   0.196   0.145   0.113     5.6     6.1     7.5     9.6    12.1
64756 20121109  2.412  -73.74   41.79    11.1    -0.3     5.4     5.1     0.0    11.07 C    15.5    -4.6     3.9    72.6    28.6    49.3   0.268   0.199   0.202   0.147   0.113     5.9     6.2     7.3     9.1    11.6
64756 20121110  2.412  -73.74   41.79    12.1     2.1     7.1     7.3     0.0     5.90 C    17.6     0.8     7.7    92.1    53.9    70.6   0.260   0.196   0.202   0.148   0.112     7.5     7.5     7.9     9.1    11.3
64756 20121111  2.412  -73.74   41.79    17.9     4.8    11.4    11.6     0.0     9.59 C    21.3     2.8    10.4    88.0    46.3    69.4   0.257   0.192   0.200   0.148   0.113     9.1     9.0     9.0     9.4    11.1
64756 20121112  2.412  -73.74   41.79    17.2     3.8    10.5    13.1     0.0     9.95 C    21.6     1.9    12.3    95.9    66.9    78.1   0.253   0.189   0.199   0.147   0.112     9.8     9.6     9.5     9.9    11.1
64756 20121113  2.412  -73.74   41.79    17.1     2.0     9.6     6.9     9.6     2.77 C    15.9     0.2     7.2    96.0    57.4    77.3   0.286   0.211   0.206   0.149   0.112    10.1    10.2    10.4    10.4    11.2
64756 20121114  2.412  -73.74   41.79     7.2    -4.2     1.5     1.4     0.0    11.17 C    13.0    -6.0     1.2    94.2    40.9    66.2   0.275   0.206   0.209   0.153   0.112     7.0     7.5     8.9    10.2    11.3
64756 20121115  2.412  -73.74   41.79     5.6    -5.2     0.2    -0.5     0.0     7.90 C    13.5    -6.5     0.0    95.2    48.5    76.0   0.265   0.199   0.205   0.152   0.115     5.6     6.1     7.6     9.5    11.1
64756 20121116  2.412  -73.74   41.79     5.8    -4.8     0.5     0.1     0.0     7.08 C    10.5    -5.8    -0.1    96.4    41.6    73.4   0.262   0.196   0.203   0.151   0.116     5.0     5.5     7.0     8.8    10.8
64756 20121117  2.412  -73.74   41.79     8.6    -3.9     2.4     1.8     0.0    10.22 C    14.3    -5.7     1.1    94.0    48.1    71.6   0.257   0.193   0.202   0.149   0.115     4.6     5.1     6.4     8.2    10.4
64756 20121118  2.412  -73.74   41.79     9.2    -6.2     1.5     0.1     0.0    10.04 C    15.1    -7.9     0.3    96.1    39.7    76.3   0.254   0.191   0.200   0.148   0.115     4.2     4.6     5.9     7.8    10.0
64756 20121119  2.412  -73.74   41.79    10.0    -6.0     2.0     0.6     0.0    10.35 C    15.4    -8.0     0.5    95.7    43.5    77.9   0.252   0.190   0.200   0.148   0.116     3.9     4.3     5.6     7.4     9.7
64756 20121120  2.412  -73.74   41.79     9.8    -5.2     2.3     0.6     0.0     8.38 C    15.3    -6.9     0.9    95.9    42.1    77.6   0.250   0.188   0.198   0.147   0.115     3.9     4.2     5.4     7.1     9.4
64756 20121121  2.412  -73.74   41.79    11.9    -3.2     4.3     2.0     0.0     9.48 C    16.0    -4.5     2.2    94.5    21.2    70.5   0.248   0.187   0.197   0.146   0.115     4.3     4.6     5.5     6.9     9.1
64756 20121122  2.412  -73.74   41.79    12.0    -5.0     3.5     2.1     0.0     9.66 C    16.9    -6.0     2.4    95.9    48.3    78.0   0.246   0.185   0.196   0.146   0.113     4.2     4.4     5.4     6.8     8.9
64756 20121123  2.412  -73.74   41.79    14.1    -3.3     5.4     6.0     0.2     9.42 C    17.7    -4.4     6.0    97.7    39.5    74.5   0.245   0.183   0.195   0.146   0.113     4.9     5.0     5.5     6.7     8.7
64756 20121124  2.412  -73.74   41.79     8.0    -0.2     3.9     3.4     0.0     5.60 C    11.1    -2.6     3.1    87.7    34.3    51.6   0.246   0.183   0.195   0.146   0.113     5.3     5.5     6.2     7.0     8.6
64756 20121125  2.412  -73.74   41.79     3.9    -0.8     1.6     1.4     0.0     3.98 C     7.5    -3.1     1.2    63.1    42.8    52.8   0.244   0.184   0.194   0.145   0.113     3.8     4.2     5.3     6.8     8.6
64756 20121126  2.412  -73.74   41.79     8.1    -3.4     2.4     2.3     0.0     6.85 C    14.8    -5.6     2.0    78.9    35.0    54.4   0.242   0.183   0.193   0.144   0.112     4.0     4.3     5.2     6.5     8.4
64756 20121127  2.412  -73.74   41.79     0.6    -3.6    -1.5    -0.5     4.9     0.91 C     1.5    -5.0    -0.1    98.9    72.6    92.7   0.246   0.183   0.193   0.143   0.113     3.3     3.7     4.8     6.3     8.2
64756 20121128  2.412  -73.74   41.79     2.9    -3.1    -0.1     0.0     0.0     5.73 C     8.9    -6.4    -0.4    98.0    53.5    75.5   0.262   0.192   0.195   0.143   0.111     3.7     3.9     4.8     6.1     8.1
64756 20121129  2.412  -73.74   41.79     6.4    -7.1    -0.3     0.4     0.0     8.26 C     9.8    -8.4    -0.5    93.7    41.2    67.3   0.258   0.195   0.196   0.144   0.112     2.2     2.7     4.1     5.8     7.9
64756 20121130  2.412  -73.74   41.79     2.1    -3.8    -0.9    -1.3     0.0     3.68 C     7.2    -4.2    -0.6    89.2    62.2    74.8   0.256   0.193   0.197   0.144   0.111     2.3     2.6     3.8     5.4     7.7
64756 20121201  2.412  -73.74   41.79     3.3    -3.6    -0.2    -0.5     0.0     0.73 C     3.5    -1.9     0.8    93.5    69.2    84.2   0.256   0.192   0.197   0.144   0.112     2.7     2.9     3.8     5.2     7.4
64756 20121202  2.412  -73.74   41.79     9.8     1.8     5.8     5.5     3.9     3.20 C    11.4     2.8     6.2    98.8    73.1    90.7   0.259   0.192   0.196   0.144   0.112     4.7     4.5     4.5     5.3     7.2
64756 20121203  2.412  -73.74   41.79    12.3    -1.5     5.4     6.2     0.0     7.32 C    16.6    -2.1     5.9   100.0    62.1    89.5   0.275   0.202   0.200   0.146   0.112     5.8     5.7     5.6     5.8     7.2
64756 20121204  2.412  -73.74   41.79    13.7    -1.6     6.1     7.2     0.0     2.08 C    15.1    -2.0     6.7    98.1    81.9    93.4   0.266   0.199   0.200   0.147   0.112     5.5     5.5     5.7     6.1     7.3
64756 20121205  2.412  -73.74   41.79    13.7    -1.2     6.2     7.0     1.0     5.45 C    14.8    -1.9     6.8    98.1    45.6    67.4   0.268   0.199   0.201   0.147   0.112     6.7     6.6     6.5     6.5     7.4
64756 20121206  2.412  -73.74   41.79     2.4    -7.2    -2.4    -2.3     0.0     9.02 C     8.5    -8.1    -2.1    89.4    41.7    58.5   0.262   0.197   0.200   0.147   0.111     3.5     4.0     5.4     6.5     7.6
64756 20121207  2.412  -73.74   41.79     3.6    -7.1    -1.8     0.3     1.9     1.82 C     6.0    -8.0     0.6    97.6    67.4    87.6   0.262   0.196   0.200   0.147   0.111     2.6     3.0     4.1     5.8     7.5
64756 20121208  2.412  -73.74   41.79     7.6     3.1     5.3     5.4     5.1     1.73 C    10.1     3.7     6.1    98.7    91.2    96.6   0.293   0.218   0.208   0.149   0.111     4.9     4.8     4.8     5.6     7.2
64756 20121209  2.412  -73.74   41.79     7.4     3.2     5.3     4.7     2.0     3.45 C    10.3     1.6     4.9    98.8    62.9    82.1   0.278   0.210   0.208   0.152   0.111     5.4     5.4     5.6     5.9     7.1
64756 20121210  2.412  -73.74   41.79    12.0     3.2     7.6     7.4     2.8     0.90 C    12.3     3.9     7.8    98.6    79.3    95.2   0.291   0.218   0.212   0.154   0.111     6.1     5.9     5.9     6.2     7.2
64756 20121211  2.412  -73.74   41.79     6.5    -2.8     1.9     3.5     0.3     5.47 C    12.5    -5.1     4.1    97.2    54.4    76.6   0.281   0.212   0.211   0.154   0.114     6.2     6.3     6.5     6.5     7.2
64756 20121212  2.412  -73.74   41.79     3.2    -5.0    -0.9    -2.1     0.0     3.97 C     7.2    -6.5    -2.4    96.5    61.2    86.5   0.274   0.207   0.208   0.153   0.116     3.3     3.8     5.2     6.4     7.4
64756 20121213  2.412  -73.74   41.79     5.5    -6.8    -0.6    -1.9     0.0     8.15 C    10.8    -8.5    -1.7    96.2    48.6    81.2   0.269   0.204   0.206   0.152   0.118     2.3     2.7     4.1     5.7     7.2
64756 20121214  2.412  -73.74   41.79     8.0    -5.8     1.1     0.2     0.0     8.12 C    11.3    -7.0    -0.7    94.8    38.1    70.0   0.265   0.201   0.204   0.151   0.117     1.8     2.2     3.4     5.1     7.0
64756 20121215  2.412  -73.74   41.79     6.7    -7.1    -0.2    -0.8     0.0     7.30 C    11.6    -7.8    -0.6    95.0    50.7    80.4   0.262   0.199   0.203   0.149   0.118     1.5     1.8     3.0     4.6     6.7
64756 20121216  2.412  -73.74   41.79     3.1    -1.4     0.9     2.2     0.0     0.16 C     3.1    -0.8     2.1    89.3    72.8    80.8   0.264   0.198   0.203   0.149   0.117     2.3     2.4     3.1     4.4     6.4
64756 20121217  2.412  -73.74   41.79     5.8     1.8     3.8     3.4    12.1     0.62 C     6.0     2.2     3.9    98.2    81.5    94.7   0.300   0.222   0.210   0.151   0.117     3.4     3.4     3.7     4.4     6.2
64756 20121218  2.412  -73.74   41.79     7.5     4.3     5.9     6.0    17.1     1.38 C     9.8     3.9     6.4    98.4    81.6    93.2   0.312   0.241   0.232   0.164   0.127     4.9     4.7     4.5     4.8     6.1
64756 20121219  2.412  -73.74   41.79     8.7     1.2     5.0     4.5     0.0     7.14 C    13.8    -1.8     3.8    87.0    43.9    59.7   0.287   0.217   0.218   0.158   0.130     4.7     4.7     5.0     5.2     6.1
64756 20121220  2.412  -73.74   41.79     5.7    -4.1     0.8     1.9     1.8     6.62 C    12.6    -6.2     1.7    89.8    50.7    68.4   0.276   0.209   0.211   0.154   0.127     2.9     3.2     4.1     5.1     6.2
64756 20121221  2.412  -73.74   41.79    13.5     2.3     7.9     5.7    23.0     2.34 C    13.5     2.1     5.7    94.2    65.3    79.6   0.309   0.236   0.228   0.162   0.131     5.0     4.8     4.7     5.0     6.1
64756 20121222  2.412  -73.74   41.79     2.3     0.2     1.2     1.1     0.2     3.19 C     5.2    -1.1     1.2    84.7    47.2    59.7   0.287   0.216   0.217   0.158   0.132     3.6     3.9     4.6     5.3     6.1
64756 20121223  2.412  -73.74   41.79     5.1    -1.5     1.8     1.3     0.0     4.58 C     8.6    -4.9     0.0    62.7    44.3    54.8   0.278   0.209   0.211   0.154   0.127     2.2     2.6     3.7     4.9     6.1
64756 20121224  2.412  -73.74   41.79     2.8    -7.5    -2.4    -2.0     0.3     6.61 C     7.4    -8.7    -2.0    91.8    47.1    70.8   0.268   0.203   0.208   0.152   0.124     1.1     1.5     2.9     4.4     5.9
64756 20121225  2.412  -73.74   41.79     1.1    -3.9    -1.4    -1.1     1.4     2.59 C     4.2    -6.6    -1.0    97.0    70.1    84.8   0.273   0.204   0.207   0.151   0.122     1.5     1.7     2.6     3.9     5.7
64756 20121226  2.412  -73.74   41.79     1.5    -6.6    -2.6    -3.3    13.0     2.76 C     0.6    -8.6    -3.0    92.2    58.0    76.8   0.255   0.202   0.206   0.150   0.121     0.6     1.1     2.2     3.7     5.5
64756 20121227  2.412  -73.74   41.79     2.0    -2.8    -0.4    -0.4    15.4     1.67 C     0.8    -2.8    -0.1    97.7    72.3    89.2   0.269   0.203   0.207   0.151   0.119     0.8     1.0     2.0     3.3     5.3
64756 20121228  2.412  -73.74   41.79     0.7    -7.0    -3.2    -2.6     0.0     7.91 C     1.9   -11.1    -4.6    95.4    62.6    77.5   0.277   0.208   0.209   0.152   0.120     1.1     1.3     2.0     3.2     5.0
64756 20121229  2.412  -73.74   41.79    -1.3    -8.6    -5.0    -4.3     9.0     0.76 C    -1.0   -11.7    -4.5    96.8    81.4    93.0   0.272   0.205   0.208   0.151   0.120     0.7     1.1     1.9     3.1     4.9
64756 20121230  2.412  -73.74   41.79    -0.8    -6.7    -3.7    -3.7     0.0     6.79 C     1.1   -13.5    -7.1    97.8    41.8    66.8   0.272   0.204   0.208   0.151   0.121     1.1     1.2     1.9     2.9     4.7
64756 20121231  2.412  -73.74   41.79     1.3   -12.4    -5.5    -3.7     0.0     5.51 C    -0.7   -16.5    -6.8    89.5    52.3    66.4   0.270   0.204   0.206   0.151   0.120     1.3     1.4     2.0     3.0     4.6
