53149 20080101  1.302 -111.29   38.30    -4.8   -15.2   -10.0    -9.9     0.0    11.11 R     3.6   -16.4   -10.6 -9999.0 -9999.0 -9999.0 -99.000 -99.000 -99.000 -99.000 -99.000 -9999.0 -9999.0 -9999.0 -9999.0 -9999.0
53149 20080102  1.302 -111.29   38.30    -3.8   -12.8    -8.3    -8.6     0.0     7.56 R     4.6   -14.3    -8.4 -9999.0 -9999.0 -9999.0 -99.000 -99.000 -99.000 -99.000 -99.000 -9999.0 -9999.0 -9999.0 -9999.0 -9999.0
53149 20080103  1.302 -111.29   38.30    -2.6    -9.2    -5.9    -5.7     0.0     5.99 R     4.8   -10.3    -5.1 -9999.0 -9999.0 -9999.0 -99.000 -99.000 -99.000 -99.000 -99.000 -9999.0 -9999.0 -9999.0 -9999.0 -9999.0
53149 20080104  1.302 -111.29   38.30     3.2    -6.4    -1.6    -2.0     0.0     8.67 R    10.0    -8.5    -3.4 -9999.0 -9999.0 -9999.0 -99.000 -99.000 -99.000 -99.000 -99.000 -9999.0 -9999.0 -9999.0 -9999.0 -9999.0
53149 20080105  1.302 -111.29   38.30     9.4     0.4     4.9     4.0     0.0     4.64 R    12.0    -3.0     1.6 -9999.0 -9999.0 -9999.0 -99.000 -99.000 -99.000 -99.000 -99.000 -9999.0 -9999.0 -9999.0 -9999.0 -9999.0
53149 20080106  1.302 -111.29   38.30     6.4    -2.8     1.8     0.3     1.2     7.00 R    11.0    -5.0    -1.0 -9999.0 -9999.0 -9999.0 -99.000 -99.000 -99.000 -99.000 -99.000 -9999.0 -9999.0 -9999.0 -9999.0 -9999.0
53149 20080107  1.302 -111.29   38.30    -0.5    -6.8    -3.7    -3.8     1.6     6.75 R     5.8   -10.1    -6.0 -9999.0 -9999.0 -9999.0 -99.000 -99.000 -99.000 -99.000 -99.000 -9999.0 -9999.0 -9999.0 -9999.0 -9999.0
53149 20080108  1.302 -111.29   38.30    -1.3   -10.4    -5.8    -4.9     0.0     9.37 R     1.8   -13.6    -7.1 -9999.0 -9999.0 -9999.0 -99.000 -99.000 -99.000 -99.000 -99.000 -9999.0 -9999.0 -9999.0 -9999.0 -9999.0
53149 20080109  1.302 -111.29   38.30     1.9    -5.8    -1.9    -2.4     2.5    10.82 R     2.9   -12.2    -5.5 -9999.0 -9999.0 -9999.0 -99.000 -99.000 -99.000 -99.000 -99.000 -9999.0 -9999.0 -9999.0 -9999.0 -9999.0
53149 20080110  1.302 -111.29   38.30    -1.2    -8.1    -4.6    -4.7     0.0     8.27 R     1.7   -13.3    -8.3 -9999.0 -9999.0 -9999.0 -99.000 -99.000 -99.000 -99.000 -99.000 -9999.0 -9999.0 -9999.0 -9999.0 -9999.0
53149 20080111  1.302 -111.29   38.30     4.5    -8.5    -2.0    -2.4     0.0    11.92 R     3.7   -12.6    -6.9 -9999.0 -9999.0 -9999.0 -99.000 -99.000 -99.000 -99.000 -99.000 -9999.0 -9999.0 -9999.0 -9999.0 -9999.0
53149 20080112  1.302 -111.29   38.30     2.8    -6.7    -2.0    -2.4     0.0    10.77 R     3.1   -10.0    -6.1 -9999.0 -9999.0 -9999.0 -99.000 -99.000 -99.000 -99.000 -99.000 -9999.0 -9999.0 -9999.0 -9999.0 -9999.0
53149 20080113  1.302 -111.29   38.30     2.7    -5.0    -1.2    -2.2     0.0     7.92 R     5.5    -8.9    -4.6 -9999.0 -9999.0 -9999.0 -99.000 -99.000 -99.000 -99.000 -99.000 -9999.0 -9999.0 -9999.0 -9999.0 -9999.0
53149 20080114  1.302 -111.29   38.30     1.3    -9.5    -4.1    -4.5     0.0    12.11 R     6.0   -12.2    -7.2 -9999.0 -9999.0 -9999.0 -99.000 -99.000 -99.000 -99.000 -99.000 -9999.0 -9999.0 -9999.0 -9999.0 -9999.0
53149 20080115  1.302 -111.29   38.30     4.5    -8.7    -2.1    -4.0     0.0    11.17 R     5.5   -12.9    -6.5 -9999.0 -9999.0 -9999.0 -99.000 -99.000 -99.000 -99.000 -99.000 -9999.0 -9999.0 -9999.0 -9999.0 -9999.0
53149 20080116  1.302 -111.29   38.30    -7.0   -13.7   -10.4   -10.5     0.0    12.14 R     0.6   -16.6   -12.2 -9999.0 -9999.0 -9999.0 -99.000 -99.000 -99.000 -99.000 -99.000 -9999.0 -9999.0 -9999.0 -9999.0 -9999.0
53149 20080117  1.302 -111.29   38.30    -4.0   -14.1    -9.1    -9.6     0.0    11.97 R     2.5   -16.6   -10.8 -9999.0 -9999.0 -9999.0 -99.000 -99.000 -99.000 -99.000 -99.000 -9999.0 -9999.0 -9999.0 -9999.0 -9999.0
53149 20080118  1.302 -111.29   38.30     0.5   -12.8    -6.1    -6.2     0.0    11.36 R     5.4   -15.8    -8.6 -9999.0 -9999.0 -9999.0 -99.000 -99.000 -99.000 -99.000 -99.000 -9999.0 -9999.0 -9999.0 -9999.0 -9999.0
53149 20080119  1.302 -111.29   38.30    -2.0    -9.2    -5.6    -5.9     0.0    12.30 R     5.9   -12.3    -7.7 -9999.0 -9999.0 -9999.0 -99.000 -99.000 -99.000 -99.000 -99.000 -9999.0 -9999.0 -9999.0 -9999.0 -9999.0
53149 20080120  1.302 -111.29   38.30    -1.5   -13.1    -7.3    -7.2     0.0    12.63 R     6.5   -15.1    -8.2 -9999.0 -9999.0 -9999.0 -99.000 -99.000 -99.000 -99.000 -99.000 -9999.0 -9999.0 -9999.0 -9999.0 -9999.0
53149 20080121  1.302 -111.29   38.30     2.4    -8.1    -2.9    -2.5     0.0    12.46 R     7.4   -11.3    -5.1 -9999.0 -9999.0 -9999.0 -99.000 -99.000 -99.000 -99.000 -99.000 -9999.0 -9999.0 -9999.0 -9999.0 -9999.0
53149 20080122  1.302 -111.29   38.30     1.6    -7.9    -3.2    -3.4     0.0    11.03 R     9.0   -10.9    -4.7 -9999.0 -9999.0 -9999.0 -99.000 -99.000 -99.000 -99.000 -99.000 -9999.0 -9999.0 -9999.0 -9999.0 -9999.0
53149 20080123  1.302 -111.29   38.30     0.1    -9.5    -4.7    -4.9     0.0    10.74 R     8.2   -12.0    -5.8 -9999.0 -9999.0 -9999.0 -99.000 -99.000 -99.000 -99.000 -99.000 -9999.0 -9999.0 -9999.0 -9999.0 -9999.0
53149 20080124  1.302 -111.29   38.30    -3.8    -8.5    -6.2    -5.9     3.0     5.52 R     2.2   -15.3    -7.5 -9999.0 -9999.0 -9999.0 -99.000 -99.000 -99.000 -99.000 -99.000 -9999.0 -9999.0 -9999.0 -9999.0 -9999.0
53149 20080125  1.302 -111.29   38.30     0.3    -9.5    -4.6    -4.6     0.0    10.29 R     2.5   -15.9    -9.4 -9999.0 -9999.0 -9999.0 -99.000 -99.000 -99.000 -99.000 -99.000 -9999.0 -9999.0 -9999.0 -9999.0 -9999.0
53149 20080126  1.302 -111.29   38.30    -0.4    -9.3    -4.8    -4.4     0.0    10.42 R     2.3   -12.7    -7.4 -9999.0 -9999.0 -9999.0 -99.000 -99.000 -99.000 -99.000 -99.000 -9999.0 -9999.0 -9999.0 -9999.0 -9999.0
53149 20080127  1.302 -111.29   38.30    -1.8    -5.7    -3.7    -3.6     1.0     5.57 R     6.6    -9.1    -4.1 -9999.0 -9999.0 -9999.0 -99.000 -99.000 -99.000 -99.000 -99.000 -9999.0 -9999.0 -9999.0 -9999.0 -9999.0
53149 20080128  1.302 -111.29   38.30     6.0    -8.8    -1.4    -1.8     1.1    11.67 R     8.5   -11.4    -4.4 -9999.0 -9999.0 -9999.0 -99.000 -99.000 -99.000 -99.000 -99.000 -9999.0 -9999.0 -9999.0 -9999.0 -9999.0
53149 20080129  1.302 -111.29   38.30    -2.9   -10.1    -6.5    -6.6     0.0    12.68 R     4.5   -13.7    -7.2 -9999.0 -9999.0 -9999.0 -99.000 -99.000 -99.000 -99.000 -99.000 -9999.0 -9999.0 -9999.0 -9999.0 -9999.0
53149 20080130  1.302 -111.29   38.30    -3.0    -9.5    -6.2    -5.9     0.0    13.09 R     3.3   -13.2    -7.2 -9999.0 -9999.0 -9999.0 -99.000 -99.000 -99.000 -99.000 -99.000 -9999.0 -9999.0 -9999.0 -9999.0 -9999.0
53149 20080131  1.302 -111.29   38.30    -2.1   -13.0    -7.5    -7.5     0.0    14.20 R     6.3   -15.5    -8.1 -9999.0 -9999.0 -9999.0 -99.000 -99.000 -99.000 -99.000 -99.000 -9999.0 -9999.0 -9999.0 -9999.0 -9999.0
53149 20080201  1.302 -111.29   38.30    -1.0    -7.8    -4.4    -5.1     0.0     7.55 R     7.1   -10.4    -5.5 -9999.0 -9999.0 -9999.0 -99.000 -99.000 -99.000 -99.000 -99.000 -9999.0 -9999.0 -9999.0 -9999.0 -9999.0
53149 20080202  1.302 -111.29   38.30     0.6    -7.3    -3.4    -4.0     1.5    10.30 R     4.6   -11.4    -5.6 -9999.0 -9999.0 -9999.0 -99.000 -99.000 -99.000 -99.000 -99.000 -9999.0 -9999.0 -9999.0 -9999.0 -9999.0
53149 20080203  1.302 -111.29   38.30     2.2    -8.3    -3.0    -2.5     0.3     3.79 R     3.7   -12.0    -4.0 -9999.0 -9999.0 -9999.0 -99.000 -99.000 -99.000 -99.000 -99.000 -9999.0 -9999.0 -9999.0 -9999.0 -9999.0
53149 20080204  1.302 -111.29   38.30    -0.5    -7.2    -3.8    -4.3     0.0    13.49 R     7.8   -10.6    -5.3 -9999.0 -9999.0 -9999.0 -99.000 -99.000 -99.000 -99.000 -99.000 -9999.0 -9999.0 -9999.0 -9999.0 -9999.0
53149 20080205  1.302 -111.29   38.30    -1.5    -8.9    -5.2    -5.7     0.0    14.92 R     7.0   -12.7    -6.8 -9999.0 -9999.0 -9999.0 -99.000 -99.000 -99.000 -99.000 -99.000 -9999.0 -9999.0 -9999.0 -9999.0 -9999.0
53149 20080206  1.302 -111.29   38.30     3.1   -10.3    -3.6    -4.5     0.0    13.54 R    11.9   -12.9    -5.1 -9999.0 -9999.0 -9999.0 -99.000 -99.000 -99.000 -99.000 -99.000 -9999.0 -9999.0 -9999.0 -9999.0 -9999.0
53149 20080207  1.302 -111.29   38.30     6.9    -7.7    -0.4    -1.5     0.0    11.54 R    11.5   -11.2    -2.9 -9999.0 -9999.0 -9999.0 -99.000 -99.000 -99.000 -99.000 -99.000 -9999.0 -9999.0 -9999.0 -9999.0 -9999.0
53149 20080208  1.302 -111.29   38.30     6.7    -3.2     1.7     2.6     0.0    15.06 R    16.1    -8.0     0.6 -9999.0 -9999.0 -9999.0 -99.000 -99.000 -99.000 -99.000 -99.000 -9999.0 -9999.0 -9999.0 -9999.0 -9999.0
53149 20080209  1.302 -111.29   38.30     9.8    -1.6     4.1     3.7     0.0    14.55 R    18.7    -5.4     1.8 -9999.0 -9999.0 -9999.0 -99.000 -99.000 -99.000 -99.000 -99.000 -9999.0 -9999.0 -9999.0 -9999.0 -9999.0
53149 20080210  1.302 -111.29   38.30     5.7    -4.8     0.4     0.6     0.0    13.81 R    16.6    -7.0    -0.1 -9999.0 -9999.0 -9999.0 -99.000 -99.000 -99.000 -99.000 -99.000 -9999.0 -9999.0 -9999.0 -9999.0 -9999.0
53149 20080211  1.302 -111.29   38.30     9.6    -1.6     4.0     3.9     0.0    13.14 R    17.5    -5.4     2.0 -9999.0 -9999.0 -9999.0 -99.000 -99.000 -99.000 -99.000 -99.000 -9999.0 -9999.0 -9999.0 -9999.0 -9999.0
53149 20080212  1.302 -111.29   38.30    11.1     1.2     6.1     4.9     0.0    15.59 R    23.8    -3.1     4.3 -9999.0 -9999.0 -9999.0 -99.000 -99.000 -99.000 -99.000 -99.000 -9999.0 -9999.0 -9999.0 -9999.0 -9999.0
53149 20080213  1.302 -111.29   38.30    12.4    -3.3     4.5     3.0     1.8    15.91 R    21.4    -6.5     3.6 -9999.0 -9999.0 -9999.0 -99.000 -99.000 -99.000 -99.000 -99.000 -9999.0 -9999.0 -9999.0 -9999.0 -9999.0
53149 20080214  1.302 -111.29   38.30    -1.3    -7.2    -4.3    -4.4     0.0    12.59 R    16.8    -9.7    -3.4 -9999.0 -9999.0 -9999.0 -99.000 -99.000 -99.000 -99.000 -99.000 -9999.0 -9999.0 -9999.0 -9999.0 -9999.0
53149 20080215  1.302 -111.29   38.30     3.0    -8.4    -2.7    -3.1     0.0    13.03 R    16.3    -9.4    -2.1 -9999.0 -9999.0 -9999.0 -99.000 -99.000 -99.000 -99.000 -99.000 -9999.0 -9999.0 -9999.0 -9999.0 -9999.0
53149 20080216  1.302 -111.29   38.30     9.6    -6.1     1.7     1.1     0.0    15.70 R    20.7    -8.1     1.1 -9999.0 -9999.0 -9999.0 -99.000 -99.000 -99.000 -99.000 -99.000 -9999.0 -9999.0 -9999.0 -9999.0 -9999.0
53149 20080217  1.302 -111.29   38.30     6.9    -1.2     2.8     1.7     0.0    17.21 R    21.3    -5.3     1.6 -9999.0 -9999.0 -9999.0 -99.000 -99.000 -99.000 -99.000 -99.000 -9999.0 -9999.0 -9999.0 -9999.0 -9999.0
53149 20080218  1.302 -111.29   38.30     5.5    -2.3     1.6     1.2     0.0    17.42 R    20.3    -6.2     1.6 -9999.0 -9999.0 -9999.0 -99.000 -99.000 -99.000 -99.000 -99.000 -9999.0 -9999.0 -9999.0 -9999.0 -9999.0
53149 20080219  1.302 -111.29   38.30     5.2    -6.2    -0.5    -0.3     0.0    15.34 R    20.6    -8.1     0.8 -9999.0 -9999.0 -9999.0 -99.000 -99.000 -99.000 -99.000 -99.000 -9999.0 -9999.0 -9999.0 -9999.0 -9999.0
53149 20080220  1.302 -111.29   38.30     4.0    -1.4     1.3     0.9     0.2     7.08 R    13.3    -4.0     2.5 -9999.0 -9999.0 -9999.0 -99.000 -99.000 -99.000 -99.000 -99.000 -9999.0 -9999.0 -9999.0 -9999.0 -9999.0
53149 20080221  1.302 -111.29   38.30     8.3    -0.7     3.8     2.4     0.0    16.65 R    22.6    -3.4     4.3 -9999.0 -9999.0 -9999.0 -99.000 -99.000 -99.000 -99.000 -99.000 -9999.0 -9999.0 -9999.0 -9999.0 -9999.0
53149 20080222  1.302 -111.29   38.30     7.5    -1.4     3.0     1.7     0.0    11.00 R    24.0    -4.0     2.9 -9999.0 -9999.0 -9999.0 -99.000 -99.000 -99.000 -99.000 -99.000 -9999.0 -9999.0 -9999.0 -9999.0 -9999.0
53149 20080223  1.302 -111.29   38.30     8.3    -2.7     2.8     2.7     0.0    18.33 R    23.1    -5.3     3.9 -9999.0 -9999.0 -9999.0 -99.000 -99.000 -99.000 -99.000 -99.000 -9999.0 -9999.0 -9999.0 -9999.0 -9999.0
53149 20080224  1.302 -111.29   38.30    13.6    -0.9     6.3     4.4     1.4    16.92 R    29.5    -4.1     5.3 -9999.0 -9999.0 -9999.0 -99.000 -99.000 -99.000 -99.000 -99.000 -9999.0 -9999.0 -9999.0 -9999.0 -9999.0
53149 20080225  1.302 -111.29   38.30     7.4     0.6     4.0     3.3     0.0    13.73 R    23.4    -3.1     3.4 -9999.0 -9999.0 -9999.0 -99.000 -99.000 -99.000 -99.000 -99.000 -9999.0 -9999.0 -9999.0 -9999.0 -9999.0
53149 20080226  1.302 -111.29   38.30     8.6    -2.4     3.1     3.0     0.0    19.18 R    25.3    -5.7     4.2 -9999.0 -9999.0 -9999.0 -99.000 -99.000 -99.000 -99.000 -99.000 -9999.0 -9999.0 -9999.0 -9999.0 -9999.0
53149 20080227  1.302 -111.29   38.30     9.2    -4.0     2.6     2.7     0.0    16.34 R    22.6    -6.4     4.2 -9999.0 -9999.0 -9999.0 -99.000 -99.000 -99.000 -99.000 -99.000 -9999.0 -9999.0 -9999.0 -9999.0 -9999.0
53149 20080228  1.302 -111.29   38.30    12.3    -1.7     5.3     5.4     0.0    15.67 R    26.6    -4.1     5.3 -9999.0 -9999.0 -9999.0 -99.000 -99.000 -99.000 -99.000 -99.000 -9999.0 -9999.0 -9999.0 -9999.0 -9999.0
53149 20080229  1.302 -111.29   38.30    12.6    -2.8     4.9     5.4     0.0    19.80 R    28.4    -5.1     6.5 -9999.0 -9999.0 -9999.0 -99.000 -99.000 -99.000 -99.000 -99.000 -9999.0 -9999.0 -9999.0 -9999.0 -9999.0
53149 20080301  1.302 -111.29   38.30    17.3    -1.2     8.1     6.0     0.0    11.26 R    28.9    -3.6     5.5 -9999.0 -9999.0 -9999.0 -99.000 -99.000 -99.000 -99.000 -99.000 -9999.0 -9999.0 -9999.0 -9999.0 -9999.0
53149 20080302  1.302 -111.29   38.30     2.1    -4.6    -1.3    -1.3     0.0    20.50 R    15.8    -7.5     0.0 -9999.0 -9999.0 -9999.0 -99.000 -99.000 -99.000 -99.000 -99.000 -9999.0 -9999.0 -9999.0 -9999.0 -9999.0
53149 20080303  1.302 -111.29   38.30     5.8    -7.5    -0.8    -0.8     0.0    20.51 R    23.4    -9.9     1.3 -9999.0 -9999.0 -9999.0 -99.000 -99.000 -99.000 -99.000 -99.000 -9999.0 -9999.0 -9999.0 -9999.0 -9999.0
53149 20080304  1.302 -111.29   38.30    10.4    -2.8     3.8     3.6     0.0    20.53 R    23.5    -5.7     3.6 -9999.0 -9999.0 -9999.0 -99.000 -99.000 -99.000 -99.000 -99.000 -9999.0 -9999.0 -9999.0 -9999.0 -9999.0
53149 20080305  1.302 -111.29   38.30     3.2    -8.2    -2.5    -2.3     0.0    21.11 R    21.4   -10.1     0.4 -9999.0 -9999.0 -9999.0 -99.000 -99.000 -99.000 -99.000 -99.000 -9999.0 -9999.0 -9999.0 -9999.0 -9999.0
53149 20080306  1.302 -111.29   38.30     6.7    -5.8     0.5    -0.2     0.0    21.02 R    24.6    -9.1     1.8 -9999.0 -9999.0 -9999.0 -99.000 -99.000 -99.000 -99.000 -99.000 -9999.0 -9999.0 -9999.0 -9999.0 -9999.0
53149 20080307  1.302 -111.29   38.30     9.6    -2.4     3.6     3.8     0.0    21.07 R    26.5    -6.1     5.4 -9999.0 -9999.0 -9999.0 -99.000 -99.000 -99.000 -99.000 -99.000 -9999.0 -9999.0 -9999.0 -9999.0 -9999.0
53149 20080308  1.302 -111.29   38.30     9.5     0.5     5.0     5.3     0.0     9.56 R    23.4    -3.4     5.4 -9999.0 -9999.0 -9999.0 -99.000 -99.000 -99.000 -99.000 -99.000 -9999.0 -9999.0 -9999.0 -9999.0 -9999.0
53149 20080309  1.302 -111.29   38.30     8.5    -2.4     3.0     3.1     0.0    21.52 R    28.0    -5.6     5.7 -9999.0 -9999.0 -9999.0 -99.000 -99.000 -99.000 -99.000 -99.000 -9999.0 -9999.0 -9999.0 -9999.0 -9999.0
53149 20080310  1.302 -111.29   38.30    10.5    -2.4     4.1     3.9     0.0    21.18 R    29.9    -4.8     6.6 -9999.0 -9999.0 -9999.0 -99.000 -99.000 -99.000 -99.000 -99.000 -9999.0 -9999.0 -9999.0 -9999.0 -9999.0
53149 20080311  1.302 -111.29   38.30    12.0    -3.0     4.5     4.4     0.0    19.64 R    29.2    -5.3     6.7 -9999.0 -9999.0 -9999.0 -99.000 -99.000 -99.000 -99.000 -99.000 -9999.0 -9999.0 -9999.0 -9999.0 -9999.0
53149 20080312  1.302 -111.29   38.30    13.7     0.9     7.3     6.7     0.0    16.69 R    28.8    -2.4     7.2 -9999.0 -9999.0 -9999.0 -99.000 -99.000 -99.000 -99.000 -99.000 -9999.0 -9999.0 -9999.0 -9999.0 -9999.0
53149 20080313  1.302 -111.29   38.30    15.6    -1.3     7.2     8.1     0.0    18.20 R    32.4    -3.8     8.6 -9999.0 -9999.0 -9999.0 -99.000 -99.000 -99.000 -99.000 -99.000 -9999.0 -9999.0 -9999.0 -9999.0 -9999.0
53149 20080314  1.302 -111.29   38.30     9.0    -1.7     3.6     3.9     0.0    21.53 R    24.7    -4.4     5.4 -9999.0 -9999.0 -9999.0 -99.000 -99.000 -99.000 -99.000 -99.000 -9999.0 -9999.0 -9999.0 -9999.0 -9999.0
53149 20080315  1.302 -111.29   38.30     5.7    -6.0    -0.2    -0.4     0.0    13.75 R    26.6    -7.3     2.3 -9999.0 -9999.0 -9999.0 -99.000 -99.000 -99.000 -99.000 -99.000 -9999.0 -9999.0 -9999.0 -9999.0 -9999.0
53149 20080316  1.302 -111.29   38.30     1.2    -4.2    -1.5    -1.9    14.4     6.50 R    11.1    -5.5    -0.6 -9999.0 -9999.0 -9999.0 -99.000 -99.000 -99.000 -99.000 -99.000 -9999.0 -9999.0 -9999.0 -9999.0 -9999.0
53149 20080317  1.302 -111.29   38.30     4.6    -4.1     0.2     0.5     0.3    22.46 R    12.3    -6.1    -0.5 -9999.0 -9999.0 -9999.0 -99.000 -99.000 -99.000 -99.000 -99.000 -9999.0 -9999.0 -9999.0 -9999.0 -9999.0
53149 20080318  1.302 -111.29   38.30     9.8    -1.3     4.2     3.8     0.0    23.19 R    22.8    -4.7     4.3 -9999.0 -9999.0 -9999.0 -99.000 -99.000 -99.000 -99.000 -99.000 -9999.0 -9999.0 -9999.0 -9999.0 -9999.0
53149 20080319  1.302 -111.29   38.30    13.0    -1.8     5.6     5.8     0.0    23.14 R    26.5    -4.2     6.6 -9999.0 -9999.0 -9999.0 -99.000 -99.000 -99.000 -99.000 -99.000 -9999.0 -9999.0 -9999.0 -9999.0 -9999.0
53149 20080320  1.302 -111.29   38.30    13.6     3.8     8.7     8.5     0.0    20.07 R    30.4    -1.4     8.1 -9999.0 -9999.0 -9999.0 -99.000 -99.000 -99.000 -99.000 -99.000 -9999.0 -9999.0 -9999.0 -9999.0 -9999.0
53149 20080321  1.302 -111.29   38.30    14.1     0.8     7.5     7.4     0.0    23.33 R    30.8    -3.9     8.6 -9999.0 -9999.0 -9999.0 -99.000 -99.000 -99.000 -99.000 -99.000 -9999.0 -9999.0 -9999.0 -9999.0 -9999.0
53149 20080322  1.302 -111.29   38.30    10.8     0.7     5.7     5.1     0.0    24.02 R    29.6    -2.9     7.6 -9999.0 -9999.0 -9999.0 -99.000 -99.000 -99.000 -99.000 -99.000 -9999.0 -9999.0 -9999.0 -9999.0 -9999.0
53149 20080323  1.302 -111.29   38.30    11.3    -3.4     3.9     4.1     0.0    24.48 R    30.9    -5.8     7.3 -9999.0 -9999.0 -9999.0 -99.000 -99.000 -99.000 -99.000 -99.000 -9999.0 -9999.0 -9999.0 -9999.0 -9999.0
53149 20080324  1.302 -111.29   38.30    18.0    -1.0     8.5     8.5     0.0    24.81 R    35.3    -4.0    10.1 -9999.0 -9999.0 -9999.0 -99.000 -99.000 -99.000 -99.000 -99.000 -9999.0 -9999.0 -9999.0 -9999.0 -9999.0
53149 20080325  1.302 -111.29   38.30    18.7     7.7    13.2    12.9     0.0    24.74 R    38.2     1.8    13.8 -9999.0 -9999.0 -9999.0 -99.000 -99.000 -99.000 -99.000 -99.000 -9999.0 -9999.0 -9999.0 -9999.0 -9999.0
53149 20080326  1.302 -111.29   38.30    18.8     7.4    13.1    13.2     0.0    24.69 R    35.2     1.8    13.7 -9999.0 -9999.0 -9999.0 -99.000 -99.000 -99.000 -99.000 -99.000 -9999.0 -9999.0 -9999.0 -9999.0 -9999.0
53149 20080327  1.302 -111.29   38.30    13.1     2.4     7.7     9.2     0.0    23.31 R    29.3     0.4    11.0 -9999.0 -9999.0 -9999.0 -99.000 -99.000 -99.000 -99.000 -99.000 -9999.0 -9999.0 -9999.0 -9999.0 -9999.0
53149 20080328  1.302 -111.29   38.30    11.4    -2.5     4.5     5.7     0.0    19.74 R    33.6    -3.9     9.7 -9999.0 -9999.0 -9999.0 -99.000 -99.000 -99.000 -99.000 -99.000 -9999.0 -9999.0 -9999.0 -9999.0 -9999.0
53149 20080329  1.302 -111.29   38.30    17.3     3.1    10.2    10.8     0.0    22.90 R    34.9    -0.2    12.4 -9999.0 -9999.0 -9999.0 -99.000 -99.000 -99.000 -99.000 -99.000 -9999.0 -9999.0 -9999.0 -9999.0 -9999.0
53149 20080330  1.302 -111.29   38.30    13.7     1.9     7.8     8.1     0.4    15.65 R    30.7    -0.7     9.8 -9999.0 -9999.0 -9999.0 -99.000 -99.000 -99.000 -99.000 -99.000 -9999.0 -9999.0 -9999.0 -9999.0 -9999.0
53149 20080331  1.302 -111.29   38.30     6.0    -2.0     2.0     2.6     0.3    25.73 R    22.8    -4.4     5.6 -9999.0 -9999.0 -9999.0 -99.000 -99.000 -99.000 -99.000 -99.000 -9999.0 -9999.0 -9999.0 -9999.0 -9999.0
53149 20080401  1.302 -111.29   38.30     8.8    -6.5     1.1     1.2     0.0    20.43 R    30.6    -7.8     5.4 -9999.0 -9999.0 -9999.0 -99.000 -99.000 -99.000 -99.000 -99.000 -9999.0 -9999.0 -9999.0 -9999.0 -9999.0
53149 20080402  1.302 -111.29   38.30    13.3    -0.9     6.2     5.8     0.0    17.53 R    31.2    -3.1     8.4 -9999.0 -9999.0 -9999.0 -99.000 -99.000 -99.000 -99.000 -99.000 -9999.0 -9999.0 -9999.0 -9999.0 -9999.0
53149 20080403  1.302 -111.29   38.30    11.3     1.4     6.3     6.3     0.0    25.89 R    31.1    -1.3     9.5 -9999.0 -9999.0 -9999.0 -99.000 -99.000 -99.000 -99.000 -99.000 -9999.0 -9999.0 -9999.0 -9999.0 -9999.0
53149 20080404  1.302 -111.29   38.30    15.2    -2.0     6.6     6.9     0.0    23.22 R    33.4    -4.7     9.6 -9999.0 -9999.0 -9999.0 -99.000 -99.000 -99.000 -99.000 -99.000 -9999.0 -9999.0 -9999.0 -9999.0 -9999.0
53149 20080405  1.302 -111.29   38.30    14.7     4.7     9.7     8.9     0.0    19.93 R    31.0     0.2     9.7 -9999.0 -9999.0 -9999.0 -99.000 -99.000 -99.000 -99.000 -99.000 -9999.0 -9999.0 -9999.0 -9999.0 -9999.0
53149 20080406  1.302 -111.29   38.30    15.6    -0.6     7.5     7.7     0.0    18.94 R    34.0    -2.4     9.8 -9999.0 -9999.0 -9999.0 -99.000 -99.000 -99.000 -99.000 -99.000 -9999.0 -9999.0 -9999.0 -9999.0 -9999.0
53149 20080407  1.302 -111.29   38.30    10.3     1.6     5.9     6.2     0.0    24.89 R    29.2    -1.6     8.8 -9999.0 -9999.0 -9999.0 -99.000 -99.000 -99.000 -99.000 -99.000 -9999.0 -9999.0 -9999.0 -9999.0 -9999.0
53149 20080408  1.302 -111.29   38.30    12.1    -2.8     4.6     4.9     0.0    22.50 R    32.0    -4.1     9.3 -9999.0 -9999.0 -9999.0 -99.000 -99.000 -99.000 -99.000 -99.000 -9999.0 -9999.0 -9999.0 -9999.0 -9999.0
53149 20080409  1.302 -111.29   38.30     8.6    -1.8     3.4     4.2     0.0    13.35 R    31.3    -3.7     7.5 -9999.0 -9999.0 -9999.0 -99.000 -99.000 -99.000 -99.000 -99.000 -9999.0 -9999.0 -9999.0 -9999.0 -9999.0
53149 20080410  1.302 -111.29   38.30     7.1    -2.5     2.3     2.0     0.0    27.22 R    24.3    -5.1     5.7 -9999.0 -9999.0 -9999.0 -99.000 -99.000 -99.000 -99.000 -99.000 -9999.0 -9999.0 -9999.0 -9999.0 -9999.0
53149 20080411  1.302 -111.29   38.30     8.0    -1.4     3.3     3.3     0.0    27.54 R    30.5    -5.2     7.7 -9999.0 -9999.0 -9999.0 -99.000 -99.000 -99.000 -99.000 -99.000 -9999.0 -9999.0 -9999.0 -9999.0 -9999.0
53149 20080412  1.302 -111.29   38.30    13.1    -2.9     5.1     6.1     0.0    27.60 R    37.1    -4.7    11.1 -9999.0 -9999.0 -9999.0 -99.000 -99.000 -99.000 -99.000 -99.000 -9999.0 -9999.0 -9999.0 -9999.0 -9999.0
53149 20080413  1.302 -111.29   38.30    16.5     0.6     8.5     9.2     0.0    27.95 R    39.1    -1.5    14.3 -9999.0 -9999.0 -9999.0 -99.000 -99.000 -99.000 -99.000 -99.000 -9999.0 -9999.0 -9999.0 -9999.0 -9999.0
53149 20080414  1.302 -111.29   38.30    22.9     2.4    12.6    13.5     0.0    28.11 R    42.3     0.5    16.9 -9999.0 -9999.0 -9999.0 -99.000 -99.000 -99.000 -99.000 -99.000 -9999.0 -9999.0 -9999.0 -9999.0 -9999.0
53149 20080415  1.302 -111.29   38.30    22.0     0.7    11.3    13.8     0.0    27.69 R    40.5    -0.8    16.1 -9999.0 -9999.0 -9999.0 -99.000 -99.000 -99.000 -99.000 -99.000 -9999.0 -9999.0 -9999.0 -9999.0 -9999.0
53149 20080416  1.302 -111.29   38.30     6.9    -0.9     3.0     1.7     0.0    25.16 R    29.4    -2.5     7.5 -9999.0 -9999.0 -9999.0 -99.000 -99.000 -99.000 -99.000 -99.000 -9999.0 -9999.0 -9999.0 -9999.0 -9999.0
53149 20080417  1.302 -111.29   38.30    12.9    -2.2     5.3     5.2     0.0    28.58 R    37.1    -4.8    11.3 -9999.0 -9999.0 -9999.0 -99.000 -99.000 -99.000 -99.000 -99.000 -9999.0 -9999.0 -9999.0 -9999.0 -9999.0
53149 20080418  1.302 -111.29   38.30    19.3    -0.2     9.5    10.6     0.0    26.81 R    39.3    -2.5    14.3 -9999.0 -9999.0 -9999.0 -99.000 -99.000 -99.000 -99.000 -99.000 -9999.0 -9999.0 -9999.0 -9999.0 -9999.0
53149 20080419  1.302 -111.29   38.30    20.4     4.0    12.2    13.6     0.0    29.07 R    40.1     0.2    16.0 -9999.0 -9999.0 -9999.0 -99.000 -99.000 -99.000 -99.000 -99.000 -9999.0 -9999.0 -9999.0 -9999.0 -9999.0
53149 20080420  1.302 -111.29   38.30    15.9     3.8     9.8    11.0     0.0    28.43 R    32.9     0.3    13.1 -9999.0 -9999.0 -9999.0 -99.000 -99.000 -99.000 -99.000 -99.000 -9999.0 -9999.0 -9999.0 -9999.0 -9999.0
53149 20080421  1.302 -111.29   38.30    15.3    -1.1     7.1     7.7     0.0    29.05 R    32.4    -3.2    11.4 -9999.0 -9999.0 -9999.0 -99.000 -99.000 -99.000 -99.000 -99.000 -9999.0 -9999.0 -9999.0 -9999.0 -9999.0
53149 20080422  1.302 -111.29   38.30    18.8     0.3     9.6    10.6     0.0    29.28 R    41.5    -1.6    15.2 -9999.0 -9999.0 -9999.0 -99.000 -99.000 -99.000 -99.000 -99.000 -9999.0 -9999.0 -9999.0 -9999.0 -9999.0
53149 20080423  1.302 -111.29   38.30    19.3     7.7    13.5    13.2     0.0    19.52 R    41.9     3.3    14.2 -9999.0 -9999.0 -9999.0 -99.000 -99.000 -99.000 -99.000 -99.000 -9999.0 -9999.0 -9999.0 -9999.0 -9999.0
53149 20080424  1.302 -111.29   38.30    12.3     0.8     6.5     8.2     0.0    28.15 R    31.3    -2.6    11.3 -9999.0 -9999.0 -9999.0 -99.000 -99.000 -99.000 -99.000 -99.000 -9999.0 -9999.0 -9999.0 -9999.0 -9999.0
53149 20080425  1.302 -111.29   38.30    16.1    -3.2     6.4     7.0     0.0    28.75 R    37.9    -5.1    11.8 -9999.0 -9999.0 -9999.0 -99.000 -99.000 -99.000 -99.000 -99.000 -9999.0 -9999.0 -9999.0 -9999.0 -9999.0
53149 20080426  1.302 -111.29   38.30    13.7     3.7     8.7     9.2     0.0    29.61 R    36.5     0.4    13.5 -9999.0 -9999.0 -9999.0 -99.000 -99.000 -99.000 -99.000 -99.000 -9999.0 -9999.0 -9999.0 -9999.0 -9999.0
53149 20080427  1.302 -111.29   38.30    15.3    -1.5     6.9     7.6     0.0    30.35 R    40.1    -3.3    14.0 -9999.0 -9999.0 -9999.0 -99.000 -99.000 -99.000 -99.000 -99.000 -9999.0 -9999.0 -9999.0 -9999.0 -9999.0
53149 20080428  1.302 -111.29   38.30    22.4     3.4    12.9    13.5     0.0    29.06 R    42.7     0.8    17.7 -9999.0 -9999.0 -9999.0 -99.000 -99.000 -99.000 -99.000 -99.000 -9999.0 -9999.0 -9999.0 -9999.0 -9999.0
53149 20080429  1.302 -111.29   38.30    23.9    10.1    17.0    17.4     0.0    25.57 R    47.7     7.2    20.3 -9999.0 -9999.0 -9999.0 -99.000 -99.000 -99.000 -99.000 -99.000 -9999.0 -9999.0 -9999.0 -9999.0 -9999.0
53149 20080430  1.302 -111.29   38.30    18.5    -0.3     9.1    12.2     0.0    28.15 R    37.1    -0.9    15.5 -9999.0 -9999.0 -9999.0 -99.000 -99.000 -99.000 -99.000 -99.000 -9999.0 -9999.0 -9999.0 -9999.0 -9999.0
53149 20080501  1.302 -111.29   38.30     7.2    -3.0     2.1     1.6     0.0    22.40 R    24.7    -4.5     5.4 -9999.0 -9999.0 -9999.0 -99.000 -99.000 -99.000 -99.000 -99.000 -9999.0 -9999.0 -9999.0 -9999.0 -9999.0
53149 20080502  1.302 -111.29   38.30    13.2    -0.4     6.4     6.2     0.0    30.83 R    40.5    -3.5    13.1 -9999.0 -9999.0 -9999.0 -99.000 -99.000 -99.000 -99.000 -99.000 -9999.0 -9999.0 -9999.0 -9999.0 -9999.0
53149 20080503  1.302 -111.29   38.30    16.2    -1.3     7.4     8.4     0.0    24.80 R    39.2    -2.7    13.4 -9999.0 -9999.0 -9999.0 -99.000 -99.000 -99.000 -99.000 -99.000 -9999.0 -9999.0 -9999.0 -9999.0 -9999.0
53149 20080504  1.302 -111.29   38.30    17.8     5.9    11.9    11.9     0.0    19.81 R    42.6     3.9    15.4 -9999.0 -9999.0 -9999.0 -99.000 -99.000 -99.000 -99.000 -99.000 -9999.0 -9999.0 -9999.0 -9999.0 -9999.0
53149 20080505  1.302 -111.29   38.30    22.4     4.2    13.3    14.0     0.0    27.97 R    46.7     2.1    18.9 -9999.0 -9999.0 -9999.0 -99.000 -99.000 -99.000 -99.000 -99.000 -9999.0 -9999.0 -9999.0 -9999.0 -9999.0
53149 20080506  1.302 -111.29   38.30    22.2     7.5    14.8    15.0     0.0    26.80 R    51.1     5.5    20.5 -9999.0 -9999.0 -9999.0 -99.000 -99.000 -99.000 -99.000 -99.000 -9999.0 -9999.0 -9999.0 -9999.0 -9999.0
53149 20080507  1.302 -111.29   38.30    21.4     7.2    14.3    13.1     0.7    18.36 R    43.3     6.2    15.7 -9999.0 -9999.0 -9999.0 -99.000 -99.000 -99.000 -99.000 -99.000 -9999.0 -9999.0 -9999.0 -9999.0 -9999.0
53149 20080508  1.302 -111.29   38.30    18.7     7.8    13.2    12.6     0.0    29.85 R    39.8     5.4    17.8 -9999.0 -9999.0 -9999.0 -99.000 -99.000 -99.000 -99.000 -99.000 -9999.0 -9999.0 -9999.0 -9999.0 -9999.0
53149 20080509  1.302 -111.29   38.30    21.5     4.2    12.9    12.9     0.0    25.05 R    43.1     2.4    17.0 -9999.0 -9999.0 -9999.0 -99.000 -99.000 -99.000 -99.000 -99.000 -9999.0 -9999.0 -9999.0 -9999.0 -9999.0
53149 20080510  1.302 -111.29   38.30    17.5     5.7    11.6    11.8     0.0    30.64 R    44.2     2.8    18.6 -9999.0 -9999.0 -9999.0 -99.000 -99.000 -99.000 -99.000 -99.000 -9999.0 -9999.0 -9999.0 -9999.0 -9999.0
53149 20080511  1.302 -111.29   38.30    24.8     4.7    14.7    15.3     0.0    29.54 R    48.8     2.6    20.5 -9999.0 -9999.0 -9999.0 -99.000 -99.000 -99.000 -99.000 -99.000 -9999.0 -9999.0 -9999.0 -9999.0 -9999.0
53149 20080512  1.302 -111.29   38.30    16.9     5.9    11.4    11.1     0.0    11.60 R    26.9     5.6    12.4 -9999.0 -9999.0 -9999.0 -99.000 -99.000 -99.000 -99.000 -99.000 -9999.0 -9999.0 -9999.0 -9999.0 -9999.0
53149 20080513  1.302 -111.29   38.30    14.3     3.1     8.7     8.7     0.0    29.60 R    43.0     0.9    15.8 -9999.0 -9999.0 -9999.0 -99.000 -99.000 -99.000 -99.000 -99.000 -9999.0 -9999.0 -9999.0 -9999.0 -9999.0
53149 20080514  1.302 -111.29   38.30    19.1     4.5    11.8    12.3     0.0    23.66 R    44.2     2.2    17.2 -9999.0 -9999.0 -9999.0 -99.000 -99.000 -99.000 -99.000 -99.000 -9999.0 -9999.0 -9999.0 -9999.0 -9999.0
53149 20080515  1.302 -111.29   38.30    16.8    10.9    13.9    13.3     0.0    21.28 R    40.5     6.1    16.8 -9999.0 -9999.0 -9999.0 -99.000 -99.000 -99.000 -99.000 -99.000 -9999.0 -9999.0 -9999.0 -9999.0 -9999.0
53149 20080516  1.302 -111.29   38.30    22.0     5.8    13.9    14.7     0.0    31.01 R    48.0     3.0    21.5 -9999.0 -9999.0 -9999.0 -99.000 -99.000 -99.000 -99.000 -99.000 -9999.0 -9999.0 -9999.0 -9999.0 -9999.0
53149 20080517  1.302 -111.29   38.30    26.7     9.0    17.8    18.8     0.0    31.64 R    52.8     7.2    25.3 -9999.0 -9999.0 -9999.0 -99.000 -99.000 -99.000 -99.000 -99.000 -9999.0 -9999.0 -9999.0 -9999.0 -9999.0
53149 20080518  1.302 -111.29   38.30    29.4    13.3    21.3    21.4     0.0    29.90 R    51.8     9.6    26.2 -9999.0 -9999.0 -9999.0 -99.000 -99.000 -99.000 -99.000 -99.000 -9999.0 -9999.0 -9999.0 -9999.0 -9999.0
53149 20080519  1.302 -111.29   38.30    31.5    15.3    23.4    23.6     0.0    30.55 R    53.6    11.5    27.9 -9999.0 -9999.0 -9999.0 -99.000 -99.000 -99.000 -99.000 -99.000 -9999.0 -9999.0 -9999.0 -9999.0 -9999.0
53149 20080520  1.302 -111.29   38.30    31.3    13.7    22.5    23.3     0.0    20.80 R    50.5    11.6    25.6 -9999.0 -9999.0 -9999.0 -99.000 -99.000 -99.000 -99.000 -99.000 -9999.0 -9999.0 -9999.0 -9999.0 -9999.0
53149 20080521  1.302 -111.29   38.30    22.3     5.0    13.6    12.1     0.0    11.14 R    31.5     6.5    13.8 -9999.0 -9999.0 -9999.0 -99.000 -99.000 -99.000 -99.000 -99.000 -9999.0 -9999.0 -9999.0 -9999.0 -9999.0
53149 20080522  1.302 -111.29   38.30     8.8     3.0     5.9     5.2     0.8    16.18 R    36.0     3.1    11.1 -9999.0 -9999.0 -9999.0 -99.000 -99.000 -99.000 -99.000 -99.000 -9999.0 -9999.0 -9999.0 -9999.0 -9999.0
53149 20080523  1.302 -111.29   38.30    11.3     2.1     6.7     5.8     5.1    18.24 R    29.0     1.9     9.5 -9999.0 -9999.0 -9999.0 -99.000 -99.000 -99.000 -99.000 -99.000 -9999.0 -9999.0 -9999.0 -9999.0 -9999.0
53149 20080524  1.302 -111.29   38.30    13.6     2.0     7.8     8.2     0.0    26.10 R    35.1     0.2    13.0 -9999.0 -9999.0 -9999.0 -99.000 -99.000 -99.000 -99.000 -99.000 -9999.0 -9999.0 -9999.0 -9999.0 -9999.0
53149 20080525  1.302 -111.29   38.30    16.2     5.9    11.0    11.2     0.0    27.69 R    41.8     3.7    16.7 -9999.0 -9999.0 -9999.0 -99.000 -99.000 -99.000 -99.000 -99.000 -9999.0 -9999.0 -9999.0 -9999.0 -9999.0
53149 20080526  1.302 -111.29   38.30    14.9     7.9    11.4    11.3     0.0    24.52 R    40.1     5.5    15.8 -9999.0 -9999.0 -9999.0 -99.000 -99.000 -99.000 -99.000 -99.000 -9999.0 -9999.0 -9999.0 -9999.0 -9999.0
53149 20080527  1.302 -111.29   38.30    20.1     3.8    11.9    12.9     0.0    31.29 R    42.6     2.1    19.0 -9999.0 -9999.0 -9999.0 -99.000 -99.000 -99.000 -99.000 -99.000 -9999.0 -9999.0 -9999.0 -9999.0 -9999.0
53149 20080528  1.302 -111.29   38.30    21.8     9.4    15.6    16.1     0.0    28.10 R    45.3     5.6    20.7 -9999.0 -9999.0 -9999.0 -99.000 -99.000 -99.000 -99.000 -99.000 -9999.0 -9999.0 -9999.0 -9999.0 -9999.0
53149 20080529  1.302 -111.29   38.30    21.0     8.4    14.7    15.2     0.0    25.96 R    47.6     4.7    19.8 -9999.0 -9999.0 -9999.0 -99.000 -99.000 -99.000 -99.000 -99.000 -9999.0 -9999.0 -9999.0 -9999.0 -9999.0
53149 20080530  1.302 -111.29   38.30    22.8     5.7    14.2    16.0     0.0    32.72 R    48.5     3.0    22.2 -9999.0 -9999.0 -9999.0 -99.000 -99.000 -99.000 -99.000 -99.000 -9999.0 -9999.0 -9999.0 -9999.0 -9999.0
53149 20080531  1.302 -111.29   38.30    27.7     8.0    17.8    18.4     0.0    32.55 R    50.2     6.1    24.7 -9999.0 -9999.0 -9999.0 -99.000 -99.000 -99.000 -99.000 -99.000 -9999.0 -9999.0 -9999.0 -9999.0 -9999.0
53149 20080601  1.302 -111.29   38.30    29.6    11.6    20.6    20.9     0.0    29.30 R    50.1     9.4    25.2 -9999.0 -9999.0 -9999.0 -99.000 -99.000 -99.000 -99.000 -99.000 -9999.0 -9999.0 -9999.0 -9999.0 -9999.0
53149 20080602  1.302 -111.29   38.30    28.5    12.3    20.4    21.2     0.0    27.48 R    53.1     9.4    25.5 -9999.0 -9999.0 -9999.0 -99.000 -99.000 -99.000 -99.000 -99.000 -9999.0 -9999.0 -9999.0 -9999.0 -9999.0
53149 20080603  1.302 -111.29   38.30    27.6    14.4    21.0    21.1     0.0    28.16 R    47.8    10.5    24.4 -9999.0 -9999.0 -9999.0 -99.000 -99.000 -99.000 -99.000 -99.000 -9999.0 -9999.0 -9999.0 -9999.0 -9999.0
53149 20080604  1.302 -111.29   38.30    19.4     7.0    13.2    13.5     0.2     8.11 R    37.0     7.0    14.0 -9999.0 -9999.0 -9999.0 -99.000 -99.000 -99.000 -99.000 -99.000 -9999.0 -9999.0 -9999.0 -9999.0 -9999.0
53149 20080605  1.302 -111.29   38.30    18.1     5.5    11.8    12.0     0.2    24.71 R    40.0     5.2    16.5 -9999.0 -9999.0 -9999.0 -99.000 -99.000 -99.000 -99.000 -99.000 -9999.0 -9999.0 -9999.0 -9999.0 -9999.0
53149 20080606  1.302 -111.29   38.30    28.1     6.2    17.2    18.5     0.0    32.94 R    48.4     4.4    23.5 -9999.0 -9999.0 -9999.0 -99.000 -99.000 -99.000 -99.000 -99.000 -9999.0 -9999.0 -9999.0 -9999.0 -9999.0
53149 20080607  1.302 -111.29   38.30    19.8    10.7    15.2    15.9     0.0    19.30 R    43.6     8.0    19.5 -9999.0 -9999.0 -9999.0 -99.000 -99.000 -99.000 -99.000 -99.000 -9999.0 -9999.0 -9999.0 -9999.0 -9999.0
53149 20080608  1.302 -111.29   38.30    20.2     6.5    13.4    14.0     0.0    33.40 R    48.9     4.4    22.2 -9999.0 -9999.0 -9999.0 -99.000 -99.000 -99.000 -99.000 -99.000 -9999.0 -9999.0 -9999.0 -9999.0 -9999.0
53149 20080609  1.302 -111.29   38.30    25.6     5.3    15.5    16.8     0.0    33.36 R    47.6     3.8    22.8 -9999.0 -9999.0 -9999.0 -99.000 -99.000 -99.000 -99.000 -99.000 -9999.0 -9999.0 -9999.0 -9999.0 -9999.0
53149 20080610  1.302 -111.29   38.30    30.4    11.6    21.0    21.9     0.0    33.19 R    52.1     8.0    26.3 -9999.0 -9999.0 -9999.0 -99.000 -99.000 -99.000 -99.000 -99.000 -9999.0 -9999.0 -9999.0 -9999.0 -9999.0
53149 20080611  1.302 -111.29   38.30    19.9     9.3    14.6    13.9     0.0    33.24 R    41.9     7.0    20.4 -9999.0 -9999.0 -9999.0 -99.000 -99.000 -99.000 -99.000 -99.000 -9999.0 -9999.0 -9999.0 -9999.0 -9999.0
53149 20080612  1.302 -111.29   38.30    21.5     5.5    13.5    14.2     0.0    33.57 R    44.0     3.9    21.3 -9999.0 -9999.0 -9999.0 -99.000 -99.000 -99.000 -99.000 -99.000 -9999.0 -9999.0 -9999.0 -9999.0 -9999.0
53149 20080613  1.302 -111.29   38.30    24.6     6.0    15.3    16.3     0.0    33.74 R    49.5     4.3    23.4 -9999.0 -9999.0 -9999.0 -99.000 -99.000 -99.000 -99.000 -99.000 -9999.0 -9999.0 -9999.0 -9999.0 -9999.0
53149 20080614  1.302 -111.29   38.30    29.2    10.3    19.8    21.0     0.0    33.61 R    51.9     8.2    26.6 -9999.0 -9999.0 -9999.0 -99.000 -99.000 -99.000 -99.000 -99.000 -9999.0 -9999.0 -9999.0 -9999.0 -9999.0
53149 20080615  1.302 -111.29   38.30    32.3    14.5    23.4    24.8     0.0    29.67 R    53.7    11.0    28.2 -9999.0 -9999.0 -9999.0 -99.000 -99.000 -99.000 -99.000 -99.000 -9999.0 -9999.0 -9999.0 -9999.0 -9999.0
53149 20080616  1.302 -111.29   38.30    32.6    14.9    23.8    25.2     0.0    27.68 R    55.2    11.9    28.1 -9999.0 -9999.0 -9999.0 -99.000 -99.000 -99.000 -99.000 -99.000 -9999.0 -9999.0 -9999.0 -9999.0 -9999.0
53149 20080617  1.302 -111.29   38.30    32.5    17.3    24.9    25.5     0.0    23.82 R    51.5    12.4    27.6 -9999.0 -9999.0 -9999.0 -99.000 -99.000 -99.000 -99.000 -99.000 -9999.0 -9999.0 -9999.0 -9999.0 -9999.0
53149 20080618  1.302 -111.29   38.30    32.8    18.5    25.6    26.0     0.0    32.22 R    56.0    14.3    30.6 -9999.0 -9999.0 -9999.0 -99.000 -99.000 -99.000 -99.000 -99.000 -9999.0 -9999.0 -9999.0 -9999.0 -9999.0
53149 20080619  1.302 -111.29   38.30    30.3    15.2    22.7    23.4     0.0    33.46 R    58.0    12.2    30.4 -9999.0 -9999.0 -9999.0 -99.000 -99.000 -99.000 -99.000 -99.000 -9999.0 -9999.0 -9999.0 -9999.0 -9999.0
53149 20080620  1.302 -111.29   38.30    29.9    11.9    20.9    22.3     0.0    32.25 R    54.1    10.1    28.7 -9999.0 -9999.0 -9999.0 -99.000 -99.000 -99.000 -99.000 -99.000 -9999.0 -9999.0 -9999.0 -9999.0 -9999.0
53149 20080621  1.302 -111.29   38.30    31.2    13.5    22.3    23.8     0.0    26.75 R    54.6    11.7    28.5 -9999.0 -9999.0 -9999.0 -99.000 -99.000 -99.000 -99.000 -99.000 -9999.0 -9999.0 -9999.0 -9999.0 -9999.0
53149 20080622  1.302 -111.29   38.30    32.8    15.9    24.4    24.6     0.2    24.61 R    56.9    13.4    28.1 -9999.0 -9999.0 -9999.0 -99.000 -99.000 -99.000 -99.000 -99.000 -9999.0 -9999.0 -9999.0 -9999.0 -9999.0
53149 20080623  1.302 -111.29   38.30    28.7    15.8    22.3    23.1     0.0    23.08 R    49.4    13.9    27.0 -9999.0 -9999.0 -9999.0 -99.000 -99.000 -99.000 -99.000 -99.000 -9999.0 -9999.0 -9999.0 -9999.0 -9999.0
53149 20080624  1.302 -111.29   38.30    31.8    13.8    22.8    23.9     0.0    26.18 R    56.0    12.4    28.4 -9999.0 -9999.0 -9999.0 -99.000 -99.000 -99.000 -99.000 -99.000 -9999.0 -9999.0 -9999.0 -9999.0 -9999.0
53149 20080625  1.302 -111.29   38.30    32.5    16.7    24.6    25.3     0.0    28.77 R    56.8    13.3    29.8 -9999.0 -9999.0 -9999.0 -99.000 -99.000 -99.000 -99.000 -99.000 -9999.0 -9999.0 -9999.0 -9999.0 -9999.0
53149 20080626  1.302 -111.29   38.30    31.7    17.2    24.4    25.2     0.0    32.96 R    54.9    14.2    30.6 -9999.0 -9999.0 -9999.0 -99.000 -99.000 -99.000 -99.000 -99.000 -9999.0 -9999.0 -9999.0 -9999.0 -9999.0
53149 20080627  1.302 -111.29   38.30    32.3    17.4    24.8    25.2     0.0    30.14 R    58.2    13.9    30.6 -9999.0 -9999.0 -9999.0 -99.000 -99.000 -99.000 -99.000 -99.000 -9999.0 -9999.0 -9999.0 -9999.0 -9999.0
53149 20080628  1.302 -111.29   38.30    32.5    18.5    25.5    26.0     0.0    30.12 R    59.8    14.8    31.9 -9999.0 -9999.0 -9999.0 -99.000 -99.000 -99.000 -99.000 -99.000 -9999.0 -9999.0 -9999.0 -9999.0 -9999.0
53149 20080629  1.302 -111.29   38.30    31.0    17.0    24.0    24.2     0.0    25.25 R    58.7    15.9    29.6 -9999.0 -9999.0 -9999.0 -99.000 -99.000 -99.000 -99.000 -99.000 -9999.0 -9999.0 -9999.0 -9999.0 -9999.0
53149 20080630  1.302 -111.29   38.30    31.8    16.2    24.0    24.8     0.0    29.93 R    59.1    14.1    31.2 -9999.0 -9999.0 -9999.0 -99.000 -99.000 -99.000 -99.000 -99.000 -9999.0 -9999.0 -9999.0 -9999.0 -9999.0
53149 20080701  1.302 -111.29   38.30    31.3    18.3    24.8    24.0     1.3    17.80 R    57.7    15.3    26.3 -9999.0 -9999.0 -9999.0 -99.000 -99.000 -99.000 -99.000 -99.000 -9999.0 -9999.0 -9999.0 -9999.0 -9999.0
53149 20080702  1.302 -111.29   38.30    34.4    14.5    24.4    25.1     0.0    32.84 R    56.2    11.8    30.0 -9999.0 -9999.0 -9999.0 -99.000 -99.000 -99.000 -99.000 -99.000 -9999.0 -9999.0 -9999.0 -9999.0 -9999.0
53149 20080703  1.302 -111.29   38.30    33.4    16.3    24.8    25.7     0.0    28.96 R    61.8    14.4    31.3 -9999.0 -9999.0 -9999.0 -99.000 -99.000 -99.000 -99.000 -99.000 -9999.0 -9999.0 -9999.0 -9999.0 -9999.0
53149 20080704  1.302 -111.29   38.30    32.9    17.8    25.3    26.1     0.0    20.58 R    58.2    16.4    29.9 -9999.0 -9999.0 -9999.0 -99.000 -99.000 -99.000 -99.000 -99.000 -9999.0 -9999.0 -9999.0 -9999.0 -9999.0
53149 20080705  1.302 -111.29   38.30    26.0    17.0    21.5    22.5     0.0    10.69 R    40.1    15.1    23.7 -9999.0 -9999.0 -9999.0 -99.000 -99.000 -99.000 -99.000 -99.000 -9999.0 -9999.0 -9999.0 -9999.0 -9999.0
53149 20080706  1.302 -111.29   38.30    29.0    13.5    21.2    20.2     0.8    16.47 R    50.2    11.6    22.2 -9999.0 -9999.0 -9999.0 -99.000 -99.000 -99.000 -99.000 -99.000 -9999.0 -9999.0 -9999.0 -9999.0 -9999.0
53149 20080707  1.302 -111.29   38.30    30.7    13.5    22.1    22.6     0.0    31.81 R    56.9    11.4    29.4 -9999.0 -9999.0 -9999.0 -99.000 -99.000 -99.000 -99.000 -99.000 -9999.0 -9999.0 -9999.0 -9999.0 -9999.0
53149 20080708  1.302 -111.29   38.30    31.8    16.2    24.0    24.9     0.0    31.09 R    56.3    13.6    30.9 -9999.0 -9999.0 -9999.0 -99.000 -99.000 -99.000 -99.000 -99.000 -9999.0 -9999.0 -9999.0 -9999.0 -9999.0
53149 20080709  1.302 -111.29   38.30    32.8    16.8    24.8    25.6     0.0    31.80 R    56.9    14.5    31.8 -9999.0 -9999.0 -9999.0 -99.000 -99.000 -99.000 -99.000 -99.000 -9999.0 -9999.0 -9999.0 -9999.0 -9999.0
53149 20080710  1.302 -111.29   38.30    33.1    16.8    25.0    26.1     0.0    30.54 R    56.5    13.9    31.5 -9999.0 -9999.0 -9999.0 -99.000 -99.000 -99.000 -99.000 -99.000 -9999.0 -9999.0 -9999.0 -9999.0 -9999.0
53149 20080711  1.302 -111.29   38.30    32.4    19.5    25.9    25.1     0.0    18.79 R    56.3    16.5    27.6 -9999.0 -9999.0 -9999.0 -99.000 -99.000 -99.000 -99.000 -99.000 -9999.0 -9999.0 -9999.0 -9999.0 -9999.0
53149 20080712  1.302 -111.29   38.30    31.0    17.6    24.3    24.6     0.0    26.68 R    55.8    15.2    30.1 -9999.0 -9999.0 -9999.0 -99.000 -99.000 -99.000 -99.000 -99.000 -9999.0 -9999.0 -9999.0 -9999.0 -9999.0
53149 20080713  1.302 -111.29   38.30    30.4    19.2    24.8    24.8     0.0    21.69 R    54.7    17.2    29.4 -9999.0 -9999.0 -9999.0 -99.000 -99.000 -99.000 -99.000 -99.000 -9999.0 -9999.0 -9999.0 -9999.0 -9999.0
53149 20080714  1.302 -111.29   38.30    30.5    18.8    24.6    25.1     0.0    26.25 R    56.7    16.1    30.6 -9999.0 -9999.0 -9999.0 -99.000 -99.000 -99.000 -99.000 -99.000 -9999.0 -9999.0 -9999.0 -9999.0 -9999.0
53149 20080715  1.302 -111.29   38.30    31.8    20.0    25.9    25.7     0.0    29.80 R    56.3    17.7    32.9 -9999.0 -9999.0 -9999.0 -99.000 -99.000 -99.000 -99.000 -99.000 -9999.0 -9999.0 -9999.0 -9999.0 -9999.0
53149 20080716  1.302 -111.29   38.30    28.3    16.0    22.2    21.8     0.6    10.63 R    44.8    13.6    22.5 -9999.0 -9999.0 -9999.0 -99.000 -99.000 -99.000 -99.000 -99.000 -9999.0 -9999.0 -9999.0 -9999.0 -9999.0
53149 20080717  1.302 -111.29   38.30    30.2    14.3    22.3    22.9     0.0    29.15 R    54.8    11.8    29.8 -9999.0 -9999.0 -9999.0 -99.000 -99.000 -99.000 -99.000 -99.000 -9999.0 -9999.0 -9999.0 -9999.0 -9999.0
53149 20080718  1.302 -111.29   38.30    31.6    18.5    25.1    25.6     0.0    27.00 R    58.0    17.3    31.8 -9999.0 -9999.0 -9999.0 -99.000 -99.000 -99.000 -99.000 -99.000 -9999.0 -9999.0 -9999.0 -9999.0 -9999.0
53149 20080719  1.302 -111.29   38.30    33.7    17.3    25.5    25.9     0.0    26.03 R    58.9    15.6    30.9 -9999.0 -9999.0 -9999.0 -99.000 -99.000 -99.000 -99.000 -99.000 -9999.0 -9999.0 -9999.0 -9999.0 -9999.0
53149 20080720  1.302 -111.29   38.30    31.4    20.3    25.8    24.9     0.0    20.26 R    59.6    19.0    29.8 -9999.0 -9999.0 -9999.0 -99.000 -99.000 -99.000 -99.000 -99.000 -9999.0 -9999.0 -9999.0 -9999.0 -9999.0
53149 20080721  1.302 -111.29   38.30    26.7    18.8    22.8    22.3     1.4    22.50 R    54.6    18.4    28.1 -9999.0 -9999.0 -9999.0 -99.000 -99.000 -99.000 -99.000 -99.000 -9999.0 -9999.0 -9999.0 -9999.0 -9999.0
53149 20080722  1.302 -111.29   38.30    28.0    18.3    23.1    22.7     1.6    14.83 R    44.3    15.6    23.9 -9999.0 -9999.0 -9999.0 -99.000 -99.000 -99.000 -99.000 -99.000 -9999.0 -9999.0 -9999.0 -9999.0 -9999.0
53149 20080723  1.302 -111.29   38.30    31.2    16.5    23.8    24.8     0.0    25.77 R    54.9    13.8    28.8 -9999.0 -9999.0 -9999.0 -99.000 -99.000 -99.000 -99.000 -99.000 -9999.0 -9999.0 -9999.0 -9999.0 -9999.0
53149 20080724  1.302 -111.29   38.30    33.0    17.6    25.3    26.0     0.0    27.90 R    58.9    15.1    31.8 -9999.0 -9999.0 -9999.0 -99.000 -99.000 -99.000 -99.000 -99.000 -9999.0 -9999.0 -9999.0 -9999.0 -9999.0
53149 20080725  1.302 -111.29   38.30    30.9    18.2    24.5    24.8     0.0    16.76 R    54.3    16.6    27.6 -9999.0 -9999.0 -9999.0 -99.000 -99.000 -99.000 -99.000 -99.000 -9999.0 -9999.0 -9999.0 -9999.0 -9999.0
53149 20080726  1.302 -111.29   38.30    30.6    18.4    24.5    23.7     0.0    20.30 R    54.1    17.0    28.7 -9999.0 -9999.0 -9999.0 -99.000 -99.000 -99.000 -99.000 -99.000 -9999.0 -9999.0 -9999.0 -9999.0 -9999.0
53149 20080727  1.302 -111.29   38.30    30.3    18.3    24.3    23.8     0.0    21.96 R    56.3    16.5    29.1 -9999.0 -9999.0 -9999.0 -99.000 -99.000 -99.000 -99.000 -99.000 -9999.0 -9999.0 -9999.0 -9999.0 -9999.0
53149 20080728  1.302 -111.29   38.30    30.0    15.4    22.7    23.8     0.0    19.87 R    53.4    14.1    27.3 -9999.0 -9999.0 -9999.0 -99.000 -99.000 -99.000 -99.000 -99.000 -9999.0 -9999.0 -9999.0 -9999.0 -9999.0
53149 20080729  1.302 -111.29   38.30 -9999.0 -9999.0 -9999.0 -9999.0 -9999.0 -9999.00 U -9999.0 -9999.0 -9999.0 -9999.0 -9999.0 -9999.0 -99.000 -99.000 -99.000 -99.000 -99.000 -9999.0 -9999.0 -9999.0 -9999.0 -9999.0
53149 20080730  1.302 -111.29   38.30    34.5    16.0    25.3    26.4     0.0    30.68 R    60.3    14.0    32.0 -9999.0 -9999.0 -9999.0 -99.000 -99.000 -99.000 -99.000 -99.000 -9999.0 -9999.0 -9999.0 -9999.0 -9999.0
53149 20080731  1.302 -111.29   38.30    34.0    19.2    26.6    27.5     0.0    29.56 R    57.6    16.3    32.3 -9999.0 -9999.0 -9999.0 -99.000 -99.000 -99.000 -99.000 -99.000 -9999.0 -9999.0 -9999.0 -9999.0 -9999.0
53149 20080801  1.302 -111.29   38.30    34.8    18.5    26.7    27.8     0.0    20.61 R    56.1    16.0    30.9 -9999.0 -9999.0 -9999.0 -99.000 -99.000 -99.000 -99.000 -99.000 -9999.0 -9999.0 -9999.0 -9999.0 -9999.0
53149 20080802  1.302 -111.29   38.30    30.4    22.7    26.6    26.4     0.0     8.62 R    47.5    19.8    26.1 -9999.0 -9999.0 -9999.0 -99.000 -99.000 -99.000 -99.000 -99.000 -9999.0 -9999.0 -9999.0 -9999.0 -9999.0
53149 20080803  1.302 -111.29   38.30    32.5    22.1    27.3    27.2     0.0    18.80 R    52.0    18.3    29.3 -9999.0 -9999.0 -9999.0 -99.000 -99.000 -99.000 -99.000 -99.000 -9999.0 -9999.0 -9999.0 -9999.0 -9999.0
53149 20080804  1.302 -111.29   38.30    32.0    21.5    26.8    26.2     0.0    19.23 R    57.2    18.7    30.1 -9999.0 -9999.0 -9999.0 -99.000 -99.000 -99.000 -99.000 -99.000 -9999.0 -9999.0 -9999.0 -9999.0 -9999.0
53149 20080805  1.302 -111.29   38.30    29.1    17.6    23.3    24.0     1.2    16.13 R    56.7    17.8    28.2 -9999.0 -9999.0 -9999.0 -99.000 -99.000 -99.000 -99.000 -99.000 -9999.0 -9999.0 -9999.0 -9999.0 -9999.0
53149 20080806  1.302 -111.29   38.30    23.4    16.4    19.9    18.8     7.1    15.78 R    46.7    16.3    22.9 -9999.0 -9999.0 -9999.0 -99.000 -99.000 -99.000 -99.000 -99.000 -9999.0 -9999.0 -9999.0 -9999.0 -9999.0
53149 20080807  1.302 -111.29   38.30    22.6    16.2    19.4    18.4     6.2     9.16 R    34.7    15.7    19.4 -9999.0 -9999.0 -9999.0 -99.000 -99.000 -99.000 -99.000 -99.000 -9999.0 -9999.0 -9999.0 -9999.0 -9999.0
53149 20080808  1.302 -111.29   38.30    22.2    15.6    18.9    17.9     1.1    10.13 R    33.8    13.9    18.1 -9999.0 -9999.0 -9999.0 -99.000 -99.000 -99.000 -99.000 -99.000 -9999.0 -9999.0 -9999.0 -9999.0 -9999.0
53149 20080809  1.302 -111.29   38.30    24.1    13.7    18.9    19.0     1.1    17.62 R    43.6    12.3    20.6 -9999.0 -9999.0 -9999.0 -99.000 -99.000 -99.000 -99.000 -99.000 -9999.0 -9999.0 -9999.0 -9999.0 -9999.0
53149 20080810  1.302 -111.29   38.30    28.7    13.6    21.1    21.7     0.0    28.26 R    45.0    11.8    24.9 -9999.0 -9999.0 -9999.0 -99.000 -99.000 -99.000 -99.000 -99.000 -9999.0 -9999.0 -9999.0 -9999.0 -9999.0
53149 20080811  1.302 -111.29   38.30    30.4    14.5    22.4    23.5     0.0    28.08 R    50.8    12.2    27.5 -9999.0 -9999.0 -9999.0 -99.000 -99.000 -99.000 -99.000 -99.000 -9999.0 -9999.0 -9999.0 -9999.0 -9999.0
53149 20080812  1.302 -111.29   38.30    28.3    15.3    21.8    22.9     0.0    20.68 R    47.8    13.4    25.7 -9999.0 -9999.0 -9999.0 -99.000 -99.000 -99.000 -99.000 -99.000 -9999.0 -9999.0 -9999.0 -9999.0 -9999.0
53149 20080813  1.302 -111.29   38.30    30.6    17.1    23.8    24.2     0.0    26.72 R    53.6    14.8    28.6 -9999.0 -9999.0 -9999.0 -99.000 -99.000 -99.000 -99.000 -99.000 -9999.0 -9999.0 -9999.0 -9999.0 -9999.0
53149 20080814  1.302 -111.29   38.30    33.2    15.6    24.4    24.6     0.0    26.57 R    54.4    14.2    28.4 -9999.0 -9999.0 -9999.0 -99.000 -99.000 -99.000 -99.000 -99.000 -9999.0 -9999.0 -9999.0 -9999.0 -9999.0
53149 20080815  1.302 -111.29   38.30    31.2    16.4    23.8    23.9     0.0    26.36 R    52.7    14.5    27.9 -9999.0 -9999.0 -9999.0 -99.000 -99.000 -99.000 -99.000 -99.000 -9999.0 -9999.0 -9999.0 -9999.0 -9999.0
53149 20080816  1.302 -111.29   38.30    25.2    12.2    18.7    19.5     0.0    28.12 R    46.8    11.5    25.8 -9999.0 -9999.0 -9999.0 -99.000 -99.000 -99.000 -99.000 -99.000 -9999.0 -9999.0 -9999.0 -9999.0 -9999.0
53149 20080817  1.302 -111.29   38.30    26.9    11.5    19.2    19.9     0.0    28.34 R    48.9    10.5    25.9 -9999.0 -9999.0 -9999.0 -99.000 -99.000 -99.000 -99.000 -99.000 -9999.0 -9999.0 -9999.0 -9999.0 -9999.0
53149 20080818  1.302 -111.29   38.30    29.1    12.7    20.9    21.6     0.0    26.69 R    50.7    11.6    27.1 -9999.0 -9999.0 -9999.0 -99.000 -99.000 -99.000 -99.000 -99.000 -9999.0 -9999.0 -9999.0 -9999.0 -9999.0
53149 20080819  1.302 -111.29   38.30    31.7    17.7    24.7    24.7     0.0    27.03 R    50.6    15.2    28.8 -9999.0 -9999.0 -9999.0 -99.000 -99.000 -99.000 -99.000 -99.000 -9999.0 -9999.0 -9999.0 -9999.0 -9999.0
53149 20080820  1.302 -111.29   38.30    31.2    19.1    25.1    25.1     0.0    27.57 R    51.6    15.7    28.9 -9999.0 -9999.0 -9999.0 -99.000 -99.000 -99.000 -99.000 -99.000 -9999.0 -9999.0 -9999.0 -9999.0 -9999.0
53149 20080821  1.302 -111.29   38.30    33.0    17.2    25.1    25.7     0.0    27.90 R    52.8    14.3    29.2 -9999.0 -9999.0 -9999.0 -99.000 -99.000 -99.000 -99.000 -99.000 -9999.0 -9999.0 -9999.0 -9999.0 -9999.0
53149 20080822  1.302 -111.29   38.30    31.6    19.4    25.5    25.8     0.0    27.06 R    54.1    16.1    29.8 -9999.0 -9999.0 -9999.0 -99.000 -99.000 -99.000 -99.000 -99.000 -9999.0 -9999.0 -9999.0 -9999.0 -9999.0
53149 20080823  1.302 -111.29   38.30    32.9    17.6    25.2    25.9     0.0    27.06 R    53.9    15.4    30.2 -9999.0 -9999.0 -9999.0 -99.000 -99.000 -99.000 -99.000 -99.000 -9999.0 -9999.0 -9999.0 -9999.0 -9999.0
53149 20080824  1.302 -111.29   38.30    30.2    18.1    24.1    24.0     0.0    15.52 R    48.4    16.2    25.5 -9999.0 -9999.0 -9999.0 -99.000 -99.000 -99.000 -99.000 -99.000 -9999.0 -9999.0 -9999.0 -9999.0 -9999.0
53149 20080825  1.302 -111.29   38.30    27.1    15.8    21.5    20.4     0.0     8.75 R    43.9    14.4    20.7 -9999.0 -9999.0 -9999.0 -99.000 -99.000 -99.000 -99.000 -99.000 -9999.0 -9999.0 -9999.0 -9999.0 -9999.0
53149 20080826  1.302 -111.29   38.30    29.7    14.1    21.9    22.3     0.0    25.26 R    51.1    12.0    27.0 -9999.0 -9999.0 -9999.0 -99.000 -99.000 -99.000 -99.000 -99.000 -9999.0 -9999.0 -9999.0 -9999.0 -9999.0
53149 20080827  1.302 -111.29   38.30    32.5    15.7    24.1    24.3     0.0    26.21 R    53.2    14.0    28.5 -9999.0 -9999.0 -9999.0 -99.000 -99.000 -99.000 -99.000 -99.000 -9999.0 -9999.0 -9999.0 -9999.0 -9999.0
53149 20080828  1.302 -111.29   38.30    30.5    15.2    22.9    23.6     0.0    26.69 R    52.3    13.1    27.9 -9999.0 -9999.0 -9999.0 -99.000 -99.000 -99.000 -99.000 -99.000 -9999.0 -9999.0 -9999.0 -9999.0 -9999.0
53149 20080829  1.302 -111.29   38.30    30.6    14.9    22.7    23.2     0.0    26.95 R    52.1    12.4    27.4 -9999.0 -9999.0 -9999.0 -99.000 -99.000 -99.000 -99.000 -99.000 -9999.0 -9999.0 -9999.0 -9999.0 -9999.0
53149 20080830  1.302 -111.29   38.30    29.2    14.8    22.0    21.4     0.0    14.89 R    47.3    13.6    23.8 -9999.0 -9999.0 -9999.0 -99.000 -99.000 -99.000 -99.000 -99.000 -9999.0 -9999.0 -9999.0 -9999.0 -9999.0
53149 20080831  1.302 -111.29   38.30    21.6    16.4    19.0    18.3     0.8    11.10 R    33.0    15.1    19.7 -9999.0 -9999.0 -9999.0 -99.000 -99.000 -99.000 -99.000 -99.000 -9999.0 -9999.0 -9999.0 -9999.0 -9999.0
53149 20080901  1.302 -111.29   38.30    24.7    10.8    17.8    18.6     0.0    20.41 R    41.1     8.4    20.5 -9999.0 -9999.0 -9999.0 -99.000 -99.000 -99.000 -99.000 -99.000 -9999.0 -9999.0 -9999.0 -9999.0 -9999.0
53149 20080902  1.302 -111.29   38.30    19.8     5.2    12.5    13.4     0.0    26.43 R    42.9     4.4    19.0 -9999.0 -9999.0 -9999.0 -99.000 -99.000 -99.000 -99.000 -99.000 -9999.0 -9999.0 -9999.0 -9999.0 -9999.0
53149 20080903  1.302 -111.29   38.30    27.2     8.0    17.6    18.1     0.0    25.90 R    45.2     6.5    21.7 -9999.0 -9999.0 -9999.0 -99.000 -99.000 -99.000 -99.000 -99.000 -9999.0 -9999.0 -9999.0 -9999.0 -9999.0
53149 20080904  1.302 -111.29   38.30    29.0    10.1    19.5    19.3     0.0    25.52 R    47.7     8.1    22.5 -9999.0 -9999.0 -9999.0 -99.000 -99.000 -99.000 -99.000 -99.000 -9999.0 -9999.0 -9999.0 -9999.0 -9999.0
53149 20080905  1.302 -111.29   38.30    28.9    12.2    20.5    20.5     0.0    25.51 R    46.2     9.6    23.3 -9999.0 -9999.0 -9999.0 -99.000 -99.000 -99.000 -99.000 -99.000 -9999.0 -9999.0 -9999.0 -9999.0 -9999.0
53149 20080906  1.302 -111.29   38.30    27.0    11.5    19.2    20.1     0.0    25.49 R    46.7     9.1    23.6 -9999.0 -9999.0 -9999.0 -99.000 -99.000 -99.000 -99.000 -99.000 -9999.0 -9999.0 -9999.0 -9999.0 -9999.0
53149 20080907  1.302 -111.29   38.30    28.1    10.5    19.3    19.9     0.0    24.19 R    47.8     8.6    23.6 -9999.0 -9999.0 -9999.0 -99.000 -99.000 -99.000 -99.000 -99.000 -9999.0 -9999.0 -9999.0 -9999.0 -9999.0
53149 20080908  1.302 -111.29   38.30    27.8    11.7    19.8    19.8     0.0    18.59 R    45.2    10.4    22.2 -9999.0 -9999.0 -9999.0 -99.000 -99.000 -99.000 -99.000 -99.000 -9999.0 -9999.0 -9999.0 -9999.0 -9999.0
53149 20080909  1.302 -111.29   38.30    21.7    11.8    16.8    16.9     1.6     9.45 R    32.8    10.0    17.0 -9999.0 -9999.0 -9999.0 -99.000 -99.000 -99.000 -99.000 -99.000 -9999.0 -9999.0 -9999.0 -9999.0 -9999.0
53149 20080910  1.302 -111.29   38.30    24.0     8.3    16.1    16.5     0.0    14.99 R    38.9     7.0    18.6 -9999.0 -9999.0 -9999.0 -99.000 -99.000 -99.000 -99.000 -99.000 -9999.0 -9999.0 -9999.0 -9999.0 -9999.0
53149 20080911  1.302 -111.29   38.30    22.3     9.5    15.9    15.6     0.0    15.33 R    34.9     7.3    17.5 -9999.0 -9999.0 -9999.0 -99.000 -99.000 -99.000 -99.000 -99.000 -9999.0 -9999.0 -9999.0 -9999.0 -9999.0
53149 20080912  1.302 -111.29   38.30    20.9     5.5    13.2    13.9     0.0    24.45 R    41.3     3.9    18.1 -9999.0 -9999.0 -9999.0 -99.000 -99.000 -99.000 -99.000 -99.000 -9999.0 -9999.0 -9999.0 -9999.0 -9999.0
53149 20080913  1.302 -111.29   38.30    23.8     7.2    15.5    16.6     0.0    24.15 R    42.2     5.8    20.0 -9999.0 -9999.0 -9999.0 -99.000 -99.000 -99.000 -99.000 -99.000 -9999.0 -9999.0 -9999.0 -9999.0 -9999.0
53149 20080914  1.302 -111.29   38.30    24.9     9.7    17.3    17.7     0.0    24.27 R    44.2     7.7    21.1 -9999.0 -9999.0 -9999.0 -99.000 -99.000 -99.000 -99.000 -99.000 -9999.0 -9999.0 -9999.0 -9999.0 -9999.0
53149 20080915  1.302 -111.29   38.30    25.4     8.6    17.0    17.8     0.0    23.67 R    44.6     7.2    21.2 -9999.0 -9999.0 -9999.0 -99.000 -99.000 -99.000 -99.000 -99.000 -9999.0 -9999.0 -9999.0 -9999.0 -9999.0
53149 20080916  1.302 -111.29   38.30    25.6     9.6    17.6    18.3     0.0    22.35 R    43.0     8.1    21.1 -9999.0 -9999.0 -9999.0 -99.000 -99.000 -99.000 -99.000 -99.000 -9999.0 -9999.0 -9999.0 -9999.0 -9999.0
53149 20080917  1.302 -111.29   38.30    24.0    11.0    17.5    17.6     0.0    16.19 R    41.7     9.4    19.7 -9999.0 -9999.0 -9999.0 -99.000 -99.000 -99.000 -99.000 -99.000 -9999.0 -9999.0 -9999.0 -9999.0 -9999.0
53149 20080918  1.302 -111.29   38.30    25.2    10.6    17.9    18.0     0.0    20.38 R    46.4     9.0    21.5 -9999.0 -9999.0 -9999.0 -99.000 -99.000 -99.000 -99.000 -99.000 -9999.0 -9999.0 -9999.0 -9999.0 -9999.0
53149 20080919  1.302 -111.29   38.30    23.0    11.8    17.4    17.6     0.0    14.23 R    41.7    10.3    19.8 -9999.0 -9999.0 -9999.0 -99.000 -99.000 -99.000 -99.000 -99.000 -9999.0 -9999.0 -9999.0 -9999.0 -9999.0
53149 20080920  1.302 -111.29   38.30    25.4    10.7    18.0    18.4     0.0    18.26 R    40.9     9.2    20.4 -9999.0 -9999.0 -9999.0 -99.000 -99.000 -99.000 -99.000 -99.000 -9999.0 -9999.0 -9999.0 -9999.0 -9999.0
53149 20080921  1.302 -111.29   38.30    26.2    13.8    20.0    19.7     0.0    22.31 R    45.3     9.8    22.2 -9999.0 -9999.0 -9999.0 -99.000 -99.000 -99.000 -99.000 -99.000 -9999.0 -9999.0 -9999.0 -9999.0 -9999.0
53149 20080922  1.302 -111.29   38.30    24.0    12.4    18.2    19.1     0.0    22.12 R    39.3     9.8    20.8 -9999.0 -9999.0 -9999.0 -99.000 -99.000 -99.000 -99.000 -99.000 -9999.0 -9999.0 -9999.0 -9999.0 -9999.0
53149 20080923  1.302 -111.29   38.30    21.9     7.3    14.6    15.0     0.0    21.31 R    38.4     6.0    18.0 -9999.0 -9999.0 -9999.0 -99.000 -99.000 -99.000 -99.000 -99.000 -9999.0 -9999.0 -9999.0 -9999.0 -9999.0
53149 20080924  1.302 -111.29   38.30    25.5     7.8    16.7    16.7     0.0    22.06 R    40.7     6.1    19.2 -9999.0 -9999.0 -9999.0 -99.000 -99.000 -99.000 -99.000 -99.000 -9999.0 -9999.0 -9999.0 -9999.0 -9999.0
53149 20080925  1.302 -111.29   38.30    25.9    10.7    18.3    18.8     0.3    16.93 R    41.9     8.8    19.5 -9999.0 -9999.0 -9999.0 -99.000 -99.000 -99.000 -99.000 -99.000 -9999.0 -9999.0 -9999.0 -9999.0 -9999.0
53149 20080926  1.302 -111.29   38.30    26.2    12.1    19.1    19.3     0.0    14.79 R    42.9     9.7    19.8 -9999.0 -9999.0 -9999.0 -99.000 -99.000 -99.000 -99.000 -99.000 -9999.0 -9999.0 -9999.0 -9999.0 -9999.0
53149 20080927  1.302 -111.29   38.30    23.4    10.9    17.2    17.5     0.0    10.46 R    30.4     9.2    17.3 -9999.0 -9999.0 -9999.0 -99.000 -99.000 -99.000 -99.000 -99.000 -9999.0 -9999.0 -9999.0 -9999.0 -9999.0
53149 20080928  1.302 -111.29   38.30    23.2    10.7    16.9    16.9     0.0    14.10 R    39.0     9.0    18.3 -9999.0 -9999.0 -9999.0 -99.000 -99.000 -99.000 -99.000 -99.000 -9999.0 -9999.0 -9999.0 -9999.0 -9999.0
53149 20080929  1.302 -111.29   38.30    24.5     9.0    16.8    17.0     0.0    20.72 R    41.8     7.7    19.8 -9999.0 -9999.0 -9999.0 -99.000 -99.000 -99.000 -99.000 -99.000 -9999.0 -9999.0 -9999.0 -9999.0 -9999.0
53149 20080930  1.302 -111.29   38.30    25.3     9.7    17.5    17.6     0.0    20.83 R    40.4     8.2    19.5 -9999.0 -9999.0 -9999.0 -99.000 -99.000 -99.000 -99.000 -99.000 -9999.0 -9999.0 -9999.0 -9999.0 -9999.0
53149 20081001  1.302 -111.29   38.30    25.8    10.5    18.2    17.9     0.0    20.05 R    41.0     8.4    19.4 -9999.0 -9999.0 -9999.0 -99.000 -99.000 -99.000 -99.000 -99.000 -9999.0 -9999.0 -9999.0 -9999.0 -9999.0
53149 20081002  1.302 -111.29   38.30    24.5    10.3    17.4    17.5     0.0    12.80 R    37.1     8.0    17.9 -9999.0 -9999.0 -9999.0 -99.000 -99.000 -99.000 -99.000 -99.000 -9999.0 -9999.0 -9999.0 -9999.0 -9999.0
53149 20081003  1.302 -111.29   38.30    22.9    12.5    17.7    17.5     0.0    13.02 R    37.3    10.2    18.4 -9999.0 -9999.0 -9999.0 -99.000 -99.000 -99.000 -99.000 -99.000 -9999.0 -9999.0 -9999.0 -9999.0 -9999.0
53149 20081004  1.302 -111.29   38.30    17.0     8.1    12.6    11.4     6.3     4.61 R    18.1     6.9    12.0 -9999.0 -9999.0 -9999.0 -99.000 -99.000 -99.000 -99.000 -99.000 -9999.0 -9999.0 -9999.0 -9999.0 -9999.0
53149 20081005  1.302 -111.29   38.30    15.0     7.3    11.2    10.2     0.0    12.36 R    29.9     4.1    10.5 -9999.0 -9999.0 -9999.0 -99.000 -99.000 -99.000 -99.000 -99.000 -9999.0 -9999.0 -9999.0 -9999.0 -9999.0
53149 20081006  1.302 -111.29   38.30    16.5     3.4    10.0    10.5     0.0    19.36 R    32.8     1.7    12.4 -9999.0 -9999.0 -9999.0 -99.000 -99.000 -99.000 -99.000 -99.000 -9999.0 -9999.0 -9999.0 -9999.0 -9999.0
53149 20081007  1.302 -111.29   38.30    19.2     4.2    11.7    11.9     0.0    19.94 R    32.8     2.8    13.6 -9999.0 -9999.0 -9999.0 -99.000 -99.000 -99.000 -99.000 -99.000 -9999.0 -9999.0 -9999.0 -9999.0 -9999.0
53149 20081008  1.302 -111.29   38.30    21.5     7.2    14.3    13.9     0.0    19.78 R    34.3     4.6    15.0 -9999.0 -9999.0 -9999.0 -99.000 -99.000 -99.000 -99.000 -99.000 -9999.0 -9999.0 -9999.0 -9999.0 -9999.0
53149 20081009  1.302 -111.29   38.30    23.6     7.7    15.6    15.7     0.0    18.80 R    37.3     4.9    15.5 -9999.0 -9999.0 -9999.0 -99.000 -99.000 -99.000 -99.000 -99.000 -9999.0 -9999.0 -9999.0 -9999.0 -9999.0
53149 20081010  1.302 -111.29   38.30    18.8     5.6    12.2    13.1     0.0    19.29 R    32.7     3.7    13.6 -9999.0 -9999.0 -9999.0 -99.000 -99.000 -99.000 -99.000 -99.000 -9999.0 -9999.0 -9999.0 -9999.0 -9999.0
53149 20081011  1.302 -111.29   38.30    12.8    -0.9     6.0     7.6     0.0    18.24 R    26.0    -1.1     9.7 -9999.0 -9999.0 -9999.0 -99.000 -99.000 -99.000 -99.000 -99.000 -9999.0 -9999.0 -9999.0 -9999.0 -9999.0
53149 20081012  1.302 -111.29   38.30     6.4    -3.5     1.4     1.0     0.0    17.38 R    24.3    -4.7     4.5 -9999.0 -9999.0 -9999.0 -99.000 -99.000 -99.000 -99.000 -99.000 -9999.0 -9999.0 -9999.0 -9999.0 -9999.0
53149 20081013  1.302 -111.29   38.30     7.9    -3.9     2.0     2.1     0.0    18.66 R    24.4    -5.2     5.0 -9999.0 -9999.0 -9999.0 -99.000 -99.000 -99.000 -99.000 -99.000 -9999.0 -9999.0 -9999.0 -9999.0 -9999.0
53149 20081014  1.302 -111.29   38.30    14.0    -1.4     6.3     6.3     0.0    18.64 R    30.3    -3.5     8.1 -9999.0 -9999.0 -9999.0 -99.000 -99.000 -99.000 -99.000 -99.000 -9999.0 -9999.0 -9999.0 -9999.0 -9999.0
53149 20081015  1.302 -111.29   38.30    16.1     1.6     8.8     8.9     0.0    18.27 R    29.9    -0.2    10.1 -9999.0 -9999.0 -9999.0 -99.000 -99.000 -99.000 -99.000 -99.000 -9999.0 -9999.0 -9999.0 -9999.0 -9999.0
53149 20081016  1.302 -111.29   38.30    18.2     3.9    11.0    10.9     0.0    18.00 R    31.4     1.3    11.5 -9999.0 -9999.0 -9999.0 -99.000 -99.000 -99.000 -99.000 -99.000 -9999.0 -9999.0 -9999.0 -9999.0 -9999.0
53149 20081017  1.302 -111.29   38.30    19.6     4.3    11.9    12.2     0.0    17.83 R    32.2     2.8    12.7 -9999.0 -9999.0 -9999.0 -99.000 -99.000 -99.000 -99.000 -99.000 -9999.0 -9999.0 -9999.0 -9999.0 -9999.0
53149 20081018  1.302 -111.29   38.30    20.6     4.2    12.4    12.2     0.0    16.10 R    30.3     2.5    12.1 -9999.0 -9999.0 -9999.0 -99.000 -99.000 -99.000 -99.000 -99.000 -9999.0 -9999.0 -9999.0 -9999.0 -9999.0
53149 20081019  1.302 -111.29   38.30    19.5     6.5    13.0    13.2     0.0    11.89 R    27.7     4.3    13.0 -9999.0 -9999.0 -9999.0 -99.000 -99.000 -99.000 -99.000 -99.000 -9999.0 -9999.0 -9999.0 -9999.0 -9999.0
53149 20081020  1.302 -111.29   38.30    15.1     6.5    10.8    11.6     2.2     9.48 R    27.6     2.5    10.4 -9999.0 -9999.0 -9999.0 -99.000 -99.000 -99.000 -99.000 -99.000 -9999.0 -9999.0 -9999.0 -9999.0 -9999.0
53149 20081021  1.302 -111.29   38.30    18.7     3.9    11.3    11.2     0.0    14.75 R    27.0     0.8     9.1 -9999.0 -9999.0 -9999.0 -99.000 -99.000 -99.000 -99.000 -99.000 -9999.0 -9999.0 -9999.0 -9999.0 -9999.0
53149 20081022  1.302 -111.29   38.30     9.0    -2.1     3.5     5.1     0.0    17.36 R    23.5    -3.9     5.9 -9999.0 -9999.0 -9999.0 -99.000 -99.000 -99.000 -99.000 -99.000 -9999.0 -9999.0 -9999.0 -9999.0 -9999.0
53149 20081023  1.302 -111.29   38.30    11.7     0.2     6.0     6.4     0.0    17.06 R    25.1    -2.7     6.6 -9999.0 -9999.0 -9999.0 -99.000 -99.000 -99.000 -99.000 -99.000 -9999.0 -9999.0 -9999.0 -9999.0 -9999.0
53149 20081024  1.302 -111.29   38.30    18.4     1.8    10.1    10.5     0.0    16.70 R    29.2    -0.7    10.1 -9999.0 -9999.0 -9999.0 -99.000 -99.000 -99.000 -99.000 -99.000 -9999.0 -9999.0 -9999.0 -9999.0 -9999.0
53149 20081025  1.302 -111.29   38.30    21.0     8.2    14.6    14.0     0.0    16.37 R    31.7     4.0    12.8 -9999.0 -9999.0 -9999.0 -99.000 -99.000 -99.000 -99.000 -99.000 -9999.0 -9999.0 -9999.0 -9999.0 -9999.0
53149 20081026  1.302 -111.29   38.30    18.4     6.2    12.3    12.6     0.0    16.00 R    30.6     3.7    12.3 -9999.0 -9999.0 -9999.0 -99.000 -99.000 -99.000 -99.000 -99.000 -9999.0 -9999.0 -9999.0 -9999.0 -9999.0
53149 20081027  1.302 -111.29   38.30    18.2     3.1    10.7    10.5     0.0    16.15 R    30.3     1.0    10.6 -9999.0 -9999.0 -9999.0 -99.000 -99.000 -99.000 -99.000 -99.000 -9999.0 -9999.0 -9999.0 -9999.0 -9999.0
53149 20081028  1.302 -111.29   38.30    18.5     3.9    11.2    11.3     0.0    15.68 R    29.6     1.9    11.1 -9999.0 -9999.0 -9999.0 -99.000 -99.000 -99.000 -99.000 -99.000 -9999.0 -9999.0 -9999.0 -9999.0 -9999.0
53149 20081029  1.302 -111.29   38.30    19.2     5.9    12.5    12.1     0.0    15.31 R    29.4     3.2    11.6 -9999.0 -9999.0 -9999.0 -99.000 -99.000 -99.000 -99.000 -99.000 -9999.0 -9999.0 -9999.0 -9999.0 -9999.0
53149 20081030  1.302 -111.29   38.30    19.8     6.5    13.2    12.9     0.0    15.00 R    30.1     3.4    12.0 -9999.0 -9999.0 -9999.0 -99.000 -99.000 -99.000 -99.000 -99.000 -9999.0 -9999.0 -9999.0 -9999.0 -9999.0
53149 20081031  1.302 -111.29   38.30    17.4     6.8    12.1    11.6     0.0     7.57 R    28.6     5.2    11.1 -9999.0 -9999.0 -9999.0 -99.000 -99.000 -99.000 -99.000 -99.000 -9999.0 -9999.0 -9999.0 -9999.0 -9999.0
53149 20081101  1.302 -111.29   38.30    19.0     8.3    13.6    13.8     0.0    12.10 R    30.0     5.7    13.7 -9999.0 -9999.0 -9999.0 -99.000 -99.000 -99.000 -99.000 -99.000 -9999.0 -9999.0 -9999.0 -9999.0 -9999.0
53149 20081102  1.302 -111.29   38.30    16.8     6.0    11.4    11.6     1.2     7.84 R    21.6     2.6    10.2 -9999.0 -9999.0 -9999.0 -99.000 -99.000 -99.000 -99.000 -99.000 -9999.0 -9999.0 -9999.0 -9999.0 -9999.0
53149 20081103  1.302 -111.29   38.30    14.0     0.6     7.3     8.0     0.0    13.27 R    23.3    -0.9     7.8 -9999.0 -9999.0 -9999.0 -99.000 -99.000 -99.000 -99.000 -99.000 -9999.0 -9999.0 -9999.0 -9999.0 -9999.0
53149 20081104  1.302 -111.29   38.30    12.8    -0.4     6.2     7.2     0.4    10.23 R    21.6    -2.7     6.9 -9999.0 -9999.0 -9999.0 -99.000 -99.000 -99.000 -99.000 -99.000 -9999.0 -9999.0 -9999.0 -9999.0 -9999.0
53149 20081105  1.302 -111.29   38.30     3.7    -3.5     0.1    -0.3     0.5    14.80 R    13.8    -5.1     0.3 -9999.0 -9999.0 -9999.0 -99.000 -99.000 -99.000 -99.000 -99.000 -9999.0 -9999.0 -9999.0 -9999.0 -9999.0
53149 20081106  1.302 -111.29   38.30     7.5    -3.2     2.1     1.4     0.0    14.24 R    18.3    -5.8     1.7 -9999.0 -9999.0 -9999.0 -99.000 -99.000 -99.000 -99.000 -99.000 -9999.0 -9999.0 -9999.0 -9999.0 -9999.0
53149 20081107  1.302 -111.29   38.30     8.2    -1.2     3.5     3.4     0.0    13.94 R    18.6    -3.7     3.5 -9999.0 -9999.0 -9999.0 -99.000 -99.000 -99.000 -99.000 -99.000 -9999.0 -9999.0 -9999.0 -9999.0 -9999.0
53149 20081108  1.302 -111.29   38.30    10.4    -2.5     3.9     4.0     0.0    13.99 R    20.3    -4.3     4.0 -9999.0 -9999.0 -9999.0 -99.000 -99.000 -99.000 -99.000 -99.000 -9999.0 -9999.0 -9999.0 -9999.0 -9999.0
53149 20081109  1.302 -111.29   38.30     7.9     0.5     4.2     4.0     0.0     8.97 R    18.4    -1.6     4.4 -9999.0 -9999.0 -9999.0 -99.000 -99.000 -99.000 -99.000 -99.000 -9999.0 -9999.0 -9999.0 -9999.0 -9999.0
53149 20081110  1.302 -111.29   38.30    10.3    -1.4     4.4     4.3     0.0    11.42 R    17.3    -3.4     4.0 -9999.0 -9999.0 -9999.0 -99.000 -99.000 -99.000 -99.000 -99.000 -9999.0 -9999.0 -9999.0 -9999.0 -9999.0
53149 20081111  1.302 -111.29   38.30     9.8     1.0     5.4     5.2     0.0    12.32 R    17.0    -2.4     5.0 -9999.0 -9999.0 -9999.0 -99.000 -99.000 -99.000 -99.000 -99.000 -9999.0 -9999.0 -9999.0 -9999.0 -9999.0
53149 20081112  1.302 -111.29   38.30    14.5     4.2     9.3     8.1     0.0    11.52 R    20.5     0.9     7.0 -9999.0 -9999.0 -9999.0 -99.000 -99.000 -99.000 -99.000 -99.000 -9999.0 -9999.0 -9999.0 -9999.0 -9999.0
53149 20081113  1.302 -111.29   38.30    18.5     5.6    12.1    11.7     0.0    13.07 R    24.2     0.7     9.3 -9999.0 -9999.0 -9999.0 -99.000 -99.000 -99.000 -99.000 -99.000 -9999.0 -9999.0 -9999.0 -9999.0 -9999.0
53149 20081114  1.302 -111.29   38.30    13.9     3.3     8.6     8.2     0.0    13.07 R    19.6    -0.8     5.9 -9999.0 -9999.0 -9999.0 -99.000 -99.000 -99.000 -99.000 -99.000 -9999.0 -9999.0 -9999.0 -9999.0 -9999.0
53149 20081115  1.302 -111.29   38.30     9.5     2.0     5.7     5.0     0.0    13.23 R    18.1    -1.9     3.8 -9999.0 -9999.0 -9999.0 -99.000 -99.000 -99.000 -99.000 -99.000 -9999.0 -9999.0 -9999.0 -9999.0 -9999.0
53149 20081116  1.302 -111.29   38.30    12.8     0.5     6.6     6.9     0.0    12.85 R    20.2    -1.6     5.4 -9999.0 -9999.0 -9999.0 -99.000 -99.000 -99.000 -99.000 -99.000 -9999.0 -9999.0 -9999.0 -9999.0 -9999.0
53149 20081117  1.302 -111.29   38.30    14.6     3.2     8.9     8.3     0.0    12.77 R    21.2     0.3     6.4 -9999.0 -9999.0 -9999.0 -99.000 -99.000 -99.000 -99.000 -99.000 -9999.0 -9999.0 -9999.0 -9999.0 -9999.0
53149 20081118  1.302 -111.29   38.30    13.9     1.1     7.5     6.9     0.0    12.77 R    20.7    -1.2     5.2 -9999.0 -9999.0 -9999.0 -99.000 -99.000 -99.000 -99.000 -99.000 -9999.0 -9999.0 -9999.0 -9999.0 -9999.0
53149 20081119  1.302 -111.29   38.30    13.2     0.9     7.0     6.5     0.0    12.70 R    19.6    -1.8     4.5 -9999.0 -9999.0 -9999.0 -99.000 -99.000 -99.000 -99.000 -99.000 -9999.0 -9999.0 -9999.0 -9999.0 -9999.0
53149 20081120  1.302 -111.29   38.30    10.5    -0.4     5.1     4.2     0.0     9.03 R    17.5    -2.9     3.0 -9999.0 -9999.0 -9999.0 -99.000 -99.000 -99.000 -99.000 -99.000 -9999.0 -9999.0 -9999.0 -9999.0 -9999.0
53149 20081121  1.302 -111.29   38.30    10.9    -1.1     4.9     4.5     0.0    12.40 R    17.5    -4.2     2.3 -9999.0 -9999.0 -9999.0 -99.000 -99.000 -99.000 -99.000 -99.000 -9999.0 -9999.0 -9999.0 -9999.0 -9999.0
53149 20081122  1.302 -111.29   38.30     7.6    -3.4     2.1     2.0     0.0    10.37 R    14.7    -5.0     0.8 -9999.0 -9999.0 -9999.0 -99.000 -99.000 -99.000 -99.000 -99.000 -9999.0 -9999.0 -9999.0 -9999.0 -9999.0
53149 20081123  1.302 -111.29   38.30    10.4     0.2     5.3     5.4     0.0    11.85 R    16.7    -3.9     2.4 -9999.0 -9999.0 -9999.0 -99.000 -99.000 -99.000 -99.000 -99.000 -9999.0 -9999.0 -9999.0 -9999.0 -9999.0
53149 20081124  1.302 -111.29   38.30     8.1    -4.2     1.9     1.6     0.0    12.20 R    15.3    -6.3     0.3 -9999.0 -9999.0 -9999.0 -99.000 -99.000 -99.000 -99.000 -99.000 -9999.0 -9999.0 -9999.0 -9999.0 -9999.0
53149 20081125  1.302 -111.29   38.30     6.9    -1.7     2.6     1.8     0.0     7.27 R    13.4    -3.2     1.2 -9999.0 -9999.0 -9999.0 -99.000 -99.000 -99.000 -99.000 -99.000 -9999.0 -9999.0 -9999.0 -9999.0 -9999.0
53149 20081126  1.302 -111.29   38.30     6.5    -2.1     2.2     2.0     1.9     4.46 R    11.5    -3.6     2.6 -9999.0 -9999.0 -9999.0 -99.000 -99.000 -99.000 -99.000 -99.000 -9999.0 -9999.0 -9999.0 -9999.0 -9999.0
53149 20081127  1.302 -111.29   38.30     3.1     0.6     1.8     1.8     9.9     1.76 R     8.2     1.1     2.9 -9999.0 -9999.0 -9999.0 -99.000 -99.000 -99.000 -99.000 -99.000 -9999.0 -9999.0 -9999.0 -9999.0 -9999.0
53149 20081128  1.302 -111.29   38.30     8.7     2.3     5.5     4.8     0.0     9.48 R    12.0    -1.5     2.7 -9999.0 -9999.0 -9999.0 -99.000 -99.000 -99.000 -99.000 -99.000 -9999.0 -9999.0 -9999.0 -9999.0 -9999.0
53149 20081129  1.302 -111.29   38.30    10.5     2.9     6.7     5.8     0.0    11.05 R    13.5    -1.5     2.6 -9999.0 -9999.0 -9999.0 -99.000 -99.000 -99.000 -99.000 -99.000 -9999.0 -9999.0 -9999.0 -9999.0 -9999.0
53149 20081130  1.302 -111.29   38.30    12.9     4.5     8.7     8.0     0.0    11.41 R    14.7    -0.8     4.0 -9999.0 -9999.0 -9999.0 -99.000 -99.000 -99.000 -99.000 -99.000 -9999.0 -9999.0 -9999.0 -9999.0 -9999.0
53149 20081201  1.302 -111.29   38.30    13.5     4.9     9.2     8.2     0.0    10.35 R    16.4     0.1     4.7 -9999.0 -9999.0 -9999.0 -99.000 -99.000 -99.000 -99.000 -99.000 -9999.0 -9999.0 -9999.0 -9999.0 -9999.0
53149 20081202  1.302 -111.29   38.30    16.4     2.7     9.5     7.3     0.0    10.24 R    17.3    -0.7     3.9 -9999.0 -9999.0 -9999.0 -99.000 -99.000 -99.000 -99.000 -99.000 -9999.0 -9999.0 -9999.0 -9999.0 -9999.0
53149 20081203  1.302 -111.29   38.30     9.6     1.3     5.4     4.5     0.0    11.61 R    13.5    -2.8     1.7 -9999.0 -9999.0 -9999.0 -99.000 -99.000 -99.000 -99.000 -99.000 -9999.0 -9999.0 -9999.0 -9999.0 -9999.0
53149 20081204  1.302 -111.29   38.30     5.5    -2.9     1.3     1.0     0.0     6.31 R     8.6    -5.2    -1.1 -9999.0 -9999.0 -9999.0 -99.000 -99.000 -99.000 -99.000 -99.000 -9999.0 -9999.0 -9999.0 -9999.0 -9999.0
53149 20081205  1.302 -111.29   38.30     5.0    -4.0     0.5     0.1     0.0    10.29 R     9.8    -6.5    -1.6 -9999.0 -9999.0 -9999.0 -99.000 -99.000 -99.000 -99.000 -99.000 -9999.0 -9999.0 -9999.0 -9999.0 -9999.0
53149 20081206  1.302 -111.29   38.30     5.9    -2.3     1.8     1.5     0.0    10.67 R    11.5    -4.9    -0.4 -9999.0 -9999.0 -9999.0 -99.000 -99.000 -99.000 -99.000 -99.000 -9999.0 -9999.0 -9999.0 -9999.0 -9999.0
53149 20081207  1.302 -111.29   38.30     5.3    -3.0     1.2     1.5     0.0     8.23 R    11.1    -5.1     0.7 -9999.0 -9999.0 -9999.0 -99.000 -99.000 -99.000 -99.000 -99.000 -9999.0 -9999.0 -9999.0 -9999.0 -9999.0
53149 20081208  1.302 -111.29   38.30     5.6    -2.5     1.6     1.4     0.0     5.64 R     8.0    -5.2     0.3 -9999.0 -9999.0 -9999.0 -99.000 -99.000 -99.000 -99.000 -99.000 -9999.0 -9999.0 -9999.0 -9999.0 -9999.0
53149 20081209  1.302 -111.29   38.30     3.4    -3.9    -0.3    -0.7     0.0    11.23 R     8.7    -7.7    -3.0 -9999.0 -9999.0 -9999.0 -99.000 -99.000 -99.000 -99.000 -99.000 -9999.0 -9999.0 -9999.0 -9999.0 -9999.0
53149 20081210  1.302 -111.29   38.30     5.7    -4.4     0.7     0.6     0.0    10.73 R    10.6    -6.3    -1.6 -9999.0 -9999.0 -9999.0 -99.000 -99.000 -99.000 -99.000 -99.000 -9999.0 -9999.0 -9999.0 -9999.0 -9999.0
53149 20081211  1.302 -111.29   38.30     6.8    -2.1     2.3     1.3     0.0    10.79 R    11.0    -5.3    -1.2 -9999.0 -9999.0 -9999.0 -99.000 -99.000 -99.000 -99.000 -99.000 -9999.0 -9999.0 -9999.0 -9999.0 -9999.0
53149 20081212  1.302 -111.29   38.30     4.3    -2.6     0.9     0.1     0.0     7.63 R     7.2    -5.1    -1.1 -9999.0 -9999.0 -9999.0 -99.000 -99.000 -99.000 -99.000 -99.000 -9999.0 -9999.0 -9999.0 -9999.0 -9999.0
53149 20081213  1.302 -111.29   38.30    10.8    -6.8     2.0     2.4     0.6    10.48 R    15.2    -8.9     0.9 -9999.0 -9999.0 -9999.0 -99.000 -99.000 -99.000 -99.000 -99.000 -9999.0 -9999.0 -9999.0 -9999.0 -9999.0
53149 20081214  1.302 -111.29   38.30    -3.8   -10.9    -7.3    -7.2     0.0    11.09 R     3.7   -12.2    -7.6 -9999.0 -9999.0 -9999.0 -99.000 -99.000 -99.000 -99.000 -99.000 -9999.0 -9999.0 -9999.0 -9999.0 -9999.0
53149 20081215  1.302 -111.29   38.30    -4.6   -13.4    -9.0    -8.3     0.0     4.02 R     3.2   -14.2    -7.3 -9999.0 -9999.0 -9999.0 -99.000 -99.000 -99.000 -99.000 -99.000 -9999.0 -9999.0 -9999.0 -9999.0 -9999.0
53149 20081216  1.302 -111.29   38.30     0.6   -10.9    -5.1    -5.2     0.0     9.07 R     8.2   -11.2    -4.5 -9999.0 -9999.0 -9999.0 -99.000 -99.000 -99.000 -99.000 -99.000 -9999.0 -9999.0 -9999.0 -9999.0 -9999.0
53149 20081217  1.302 -111.29   38.30    -2.5   -11.1    -6.8    -6.1     3.7     7.10 R     5.4   -12.2    -5.0 -9999.0 -9999.0 -9999.0 -99.000 -99.000 -99.000 -99.000 -99.000 -9999.0 -9999.0 -9999.0 -9999.0 -9999.0
53149 20081218  1.302 -111.29   38.30     0.4    -8.0    -3.8    -4.5     7.1     6.80 R     2.3   -16.0    -7.7 -9999.0 -9999.0 -9999.0 -99.000 -99.000 -99.000 -99.000 -99.000 -9999.0 -9999.0 -9999.0 -9999.0 -9999.0
53149 20081219  1.302 -111.29   38.30     2.4   -10.0    -3.8    -3.1     0.0    10.97 R     0.2   -15.8    -7.8 -9999.0 -9999.0 -9999.0 -99.000 -99.000 -99.000 -99.000 -99.000 -9999.0 -9999.0 -9999.0 -9999.0 -9999.0
53149 20081220  1.302 -111.29   38.30     1.4    -7.4    -3.0    -3.0     0.0     9.18 R     1.7   -11.8    -7.0 -9999.0 -9999.0 -9999.0 -99.000 -99.000 -99.000 -99.000 -99.000 -9999.0 -9999.0 -9999.0 -9999.0 -9999.0
53149 20081221  1.302 -111.29   38.30    -3.3    -8.2    -5.7    -6.1     0.0     9.08 R     1.5   -12.6    -7.4 -9999.0 -9999.0 -9999.0 -99.000 -99.000 -99.000 -99.000 -99.000 -9999.0 -9999.0 -9999.0 -9999.0 -9999.0
53149 20081222  1.302 -111.29   38.30     1.2    -6.8    -2.8    -3.5     0.4     5.72 R     4.8    -7.1    -3.2 -9999.0 -9999.0 -9999.0 -99.000 -99.000 -99.000 -99.000 -99.000 -9999.0 -9999.0 -9999.0 -9999.0 -9999.0
53149 20081223  1.302 -111.29   38.30    -2.6   -11.3    -6.9    -6.3     0.0     9.80 R     0.4   -13.9    -9.0 -9999.0 -9999.0 -9999.0 -99.000 -99.000 -99.000 -99.000 -99.000 -9999.0 -9999.0 -9999.0 -9999.0 -9999.0
53149 20081224  1.302 -111.29   38.30    -4.5   -12.6    -8.6    -7.6     0.6     6.25 R     2.0   -15.0    -7.4 -9999.0 -9999.0 -9999.0 -99.000 -99.000 -99.000 -99.000 -99.000 -9999.0 -9999.0 -9999.0 -9999.0 -9999.0
53149 20081225  1.302 -111.29   38.30     2.6    -6.7    -2.1    -2.5     4.8     6.24 R     8.1    -7.0    -2.3 -9999.0 -9999.0 -9999.0 -99.000 -99.000 -99.000 -99.000 -99.000 -9999.0 -9999.0 -9999.0 -9999.0 -9999.0
53149 20081226  1.302 -111.29   38.30    -0.8   -10.3    -5.5    -7.2     0.7    10.28 R     1.4   -14.6    -9.7 -9999.0 -9999.0 -9999.0 -99.000 -99.000 -99.000 -99.000 -99.000 -9999.0 -9999.0 -9999.0 -9999.0 -9999.0
53149 20081227  1.302 -111.29   38.30    -4.4   -11.7    -8.0    -8.4     0.0    10.95 R     0.0   -16.2   -11.1 -9999.0 -9999.0 -9999.0 -99.000 -99.000 -99.000 -99.000 -99.000 -9999.0 -9999.0 -9999.0 -9999.0 -9999.0
53149 20081228  1.302 -111.29   38.30    -4.9   -13.8    -9.4    -9.2     0.0    10.90 R     0.1   -15.6   -10.7 -9999.0 -9999.0 -9999.0 -99.000 -99.000 -99.000 -99.000 -99.000 -9999.0 -9999.0 -9999.0 -9999.0 -9999.0
53149 20081229  1.302 -111.29   38.30    -3.3   -12.6    -8.0    -8.4     0.0    10.94 R     1.8   -14.2    -9.9 -9999.0 -9999.0 -9999.0 -99.000 -99.000 -99.000 -99.000 -99.000 -9999.0 -9999.0 -9999.0 -9999.0 -9999.0
53149 20081230  1.302 -111.29   38.30    -1.7   -11.9    -6.8    -7.0     0.0    11.24 R     2.4   -13.7    -9.5 -9999.0 -9999.0 -9999.0 -99.000 -99.000 -99.000 -99.000 -99.000 -9999.0 -9999.0 -9999.0 -9999.0 -9999.0
53149 20081231  1.302 -111.29   38.30    -1.6   -11.1    -6.4    -6.7     0.0    10.14 R     3.1   -14.3    -9.2 -9999.0 -9999.0 -9999.0 -99.000 -99.000 -99.000 -99.000 -99.000 -9999.0 -9999.0 -9999.0 -9999.0 -9999.0
