03048 20110101  2.402 -106.89   34.36    -1.3   -15.3    -8.3    -7.5     0.0    11.92 R     6.8   -16.1    -6.9    72.9    27.1    45.3 -99.000 -99.000   0.043   0.021   0.052    -3.0    -1.3     1.7     6.2     8.3
03048 20110102  2.402 -106.89   34.36     1.7   -14.9    -6.6    -5.8     0.0    11.80 R     7.6   -14.5    -5.3    74.1    23.5    42.9 -99.000 -99.000 -99.000   0.020   0.051    -2.6    -1.5     0.9     5.1     7.5
03048 20110103  2.402 -106.89   34.36     5.6   -10.4    -2.4    -3.5     0.0    10.36 R    11.6   -11.1    -3.3    73.0    23.2    45.8 -99.000 -99.000   0.042   0.021   0.050    -1.3    -0.5     1.2     4.6     6.8
03048 20110104  2.402 -106.89   34.36     9.6   -12.1    -1.2    -2.1     0.0    11.62 R    13.7   -12.9    -2.5    83.0    24.1    53.3 -99.000 -99.000   0.042   0.021   0.048    -0.7     0.0     1.4     4.4     6.4
03048 20110105  2.402 -106.89   34.36     7.0   -10.2    -1.6    -1.4     0.0    12.14 R    11.8   -11.9    -2.1    88.2    29.3    58.3 -99.000 -99.000   0.042   0.021   0.049    -0.3     0.4     1.7     4.4     6.2
03048 20110106  2.402 -106.89   34.36     8.2    -8.4    -0.1     1.0     0.0    10.14 R    13.3    -8.3     0.7    80.4    25.2    46.8 -99.000 -99.000   0.043   0.021   0.049     1.2     1.5     2.3     4.4     6.1
03048 20110107  2.402 -106.89   34.36    10.3    -7.1     1.6     0.6     0.0    11.51 R    15.1    -7.7     0.5    75.2    25.8    49.1 -99.000 -99.000   0.044   0.021   0.049     2.1     2.4     3.1     4.7     6.2
03048 20110108  2.402 -106.89   34.36    10.4    -7.6     1.4     1.8     0.0    11.67 R    17.8    -8.4     1.3    86.9    29.6    52.2 -99.000 -99.000   0.044   0.020   0.049     2.4     2.6     3.3     4.9     6.3
03048 20110109  2.402 -106.89   34.36    12.7    -5.7     3.5     4.6     0.0    12.14 R    17.3    -7.2     3.1    76.8    20.9    44.6 -99.000   0.044   0.045   0.020   0.049     3.9     3.9     4.1     5.2     6.4
03048 20110110  2.402 -106.89   34.36     6.0    -7.4    -0.7     0.5     0.0     9.59 R    12.3    -8.8     0.1    65.7    33.7    45.5 -99.000   0.041   0.045   0.022   0.049     2.4     3.3     4.3     5.6     6.6
03048 20110111  2.402 -106.89   34.36     2.8   -13.3    -5.3    -3.9     0.0    12.35 R     9.9   -13.3    -3.5    62.6    12.2    30.0 -99.000 -99.000   0.043   0.020   0.049    -0.2     0.8     2.7     5.3     6.6
03048 20110112  2.402 -106.89   34.36     5.7    -6.7    -0.5    -1.4     0.0     6.38 R    10.1    -8.7    -1.1    43.1    15.4    29.0 -99.000   0.046   0.043   0.021   0.049     0.6     1.4     2.6     4.9     6.4
03048 20110113  2.402 -106.89   34.36    10.5   -10.8    -0.2    -0.2     0.0    12.57 R    14.9   -11.9    -0.9    70.1    22.8    39.6 -99.000 -99.000   0.043   0.021   0.048     0.8     1.2     2.2     4.6     6.2
03048 20110114  2.402 -106.89   34.36    12.3    -8.1     2.1     2.2     0.0    12.07 R    16.4    -8.5     1.6    78.9    29.6    50.1 -99.000 -99.000   0.044   0.021   0.049     2.7     2.7     3.2     4.6     6.0
03048 20110115  2.402 -106.89   34.36    11.6    -8.1     1.7     2.1     0.0    12.64 R    16.6    -9.0     1.7    88.1    30.2    55.7 -99.000   0.045   0.045   0.020   0.048     3.5     3.5     3.9     5.0     6.2
03048 20110116  2.402 -106.89   34.36    13.7    -6.3     3.7     3.3     0.0    12.20 R    18.3    -7.5     2.6    80.8    25.6    51.1 -99.000   0.043   0.045   0.020   0.048     4.3     4.3     4.5     5.3     6.3
03048 20110117  2.402 -106.89   34.36    18.7    -3.7     7.5     8.3     0.0    12.30 R    21.7    -4.4     6.8    73.4    25.8    46.0   0.037   0.044   0.046   0.022   0.047     6.6     5.9     5.4     5.7     6.5
03048 20110118  2.402 -106.89   34.36    15.5     0.1     7.8     7.6     0.0    12.51 R    23.0    -2.1     6.4    73.4    20.0    42.7   0.037   0.046   0.048   0.021   0.049     7.8     7.5     7.0     6.5     7.0
03048 20110119  2.402 -106.89   34.36    17.5    -5.6     5.9     6.8     0.0     9.56 R    24.5    -6.0     5.9    67.0     6.9    35.1   0.035   0.044   0.048   0.022   0.050     6.2     6.3     6.6     6.9     7.5
03048 20110120  2.402 -106.89   34.36     8.1    -4.8     1.6     3.2     0.0    13.40 R    16.8    -6.2     3.7    55.8    24.2    38.2   0.035   0.045   0.048   0.023   0.050     7.0     7.2     7.2     7.2     7.7
03048 20110121  2.402 -106.89   34.36    12.2    -8.5     1.9     1.4     0.0    12.98 R    17.7    -9.5     1.1    68.4    15.9    37.6 -99.000   0.042   0.047   0.022   0.050     3.9     4.6     5.7     7.1     7.9
03048 20110122  2.402 -106.89   34.36    13.6    -8.4     2.6     3.6     0.0    13.12 R    21.8    -8.7     4.1    66.5    18.2    36.0 -99.000   0.043   0.047   0.021   0.050     5.1     5.0     5.4     6.7     7.7
03048 20110123  2.402 -106.89   34.36     9.8    -3.4     3.2     3.8     0.0    13.48 R    17.6    -5.8     3.9    56.2    24.0    39.2   0.033   0.044   0.048   0.021   0.050     6.7     6.8     6.8     7.0     7.7
03048 20110124  2.402 -106.89   34.36     9.4    -9.8    -0.2     0.2     0.0    13.45 R    16.2   -10.4     0.4    73.7    17.3    45.5 -99.000   0.041   0.047   0.022   0.050     3.5     4.3     5.5     7.0     7.8
03048 20110125  2.402 -106.89   34.36     8.7    -9.1    -0.2    -0.2     0.0    13.15 R    17.9   -10.2     0.3    85.4    22.4    48.0 -99.000   0.042   0.046   0.021   0.050     3.3     3.9     4.9     6.5     7.6
03048 20110126  2.402 -106.89   34.36     9.5   -10.4    -0.5    -0.3     0.0    13.93 R    17.5   -10.7     0.1    66.7    18.5    37.8 -99.000 -99.000   0.046   0.022   0.049     2.8     3.3     4.4     6.2     7.4
03048 20110127  2.402 -106.89   34.36    11.2   -11.5    -0.1     0.2     0.0    14.14 R    18.1   -11.9     0.3    65.4    17.5    35.6 -99.000 -99.000   0.045   0.022   0.049     3.0     3.3     4.3     5.9     7.2
03048 20110128  2.402 -106.89   34.36    14.7    -8.4     3.2     2.7     0.0    14.11 R    20.4    -9.6     2.3    61.1    16.4    34.2 -99.000   0.043   0.046   0.022   0.050     4.2     4.2     4.6     5.9     7.0
03048 20110129  2.402 -106.89   34.36    16.4    -8.6     3.9     3.8     0.0    14.24 R    21.8    -8.9     3.5    57.5    16.8    35.0 -99.000   0.042   0.046   0.022   0.050     5.2     5.1     5.3     6.0     7.0
03048 20110130  2.402 -106.89   34.36    15.9    -6.8     4.5     5.6     0.0    13.73 R    23.5    -7.6     4.9    67.8    13.0    33.3   0.030   0.041   0.047   0.022   0.050     5.9     5.8     5.8     6.3     7.2
03048 20110131  2.402 -106.89   34.36     9.8    -0.4     4.7     4.5     0.0     5.91 R    18.4    -0.6     5.0    76.0    20.0    43.2   0.028   0.042   0.048   0.021   0.050     6.0     6.3     6.5     6.8     7.4
03048 20110201  2.402 -106.89   34.36    -0.4   -14.8    -7.6    -8.3     3.8     5.90 R     3.1   -14.2    -6.6    94.3    58.5    72.9   0.024   0.038   0.046   0.021   0.050     1.9     3.3     5.2     6.8     7.5
03048 20110202  2.402 -106.89   34.36   -13.7   -23.1   -18.4   -16.3     0.0    13.52 R   -10.4   -25.4   -16.4    80.0    44.9    56.1 -99.000   0.038   0.044   0.021   0.049    -0.3     1.2     3.3     6.0     7.3
03048 20110203  2.402 -106.89   34.36    -9.8   -27.4   -18.6   -18.3     0.0    15.43 R    -7.1   -29.1   -18.6    80.4    47.1    64.6 -99.000 -99.000   0.041   0.020   0.049    -4.1    -2.1     0.9     4.9     6.7
03048 20110204  2.402 -106.89   34.36     0.9   -19.9    -9.5    -8.4     0.0    15.29 R     2.1   -20.9    -8.5    82.4    35.9    61.0 -99.000 -99.000 -99.000   0.019   0.049    -3.3    -2.3    -0.2     3.8     5.8
03048 20110205  2.402 -106.89   34.36     6.3   -12.9    -3.3    -1.7     0.0    12.09 R    12.4   -13.2    -2.3    90.4    35.5    61.2 -99.000 -99.000 -99.000   0.019   0.048    -0.6    -0.4     0.6     3.3     5.2
03048 20110206  2.402 -106.89   34.36     7.4    -3.9     1.7     3.4     0.0    13.76 R    13.0    -5.3     1.8    56.9    20.6    37.4 -99.000 -99.000   0.043   0.020   0.049     2.4     2.3     2.4     3.6     5.0
03048 20110207  2.402 -106.89   34.36    10.1    -9.9     0.1     1.1     0.0    15.58 R    16.8   -10.4     1.5    90.9    27.6    49.6 -99.000 -99.000   0.044   0.019   0.049     2.4     2.5     2.8     4.0     5.2
03048 20110208  2.402 -106.89   34.36    14.7    -6.2     4.2     3.9     0.0    12.47 R    23.0    -4.5     4.4    56.3    20.4    41.9 -99.000   0.040   0.045   0.021   0.048     4.9     4.6     4.2     4.5     5.4
03048 20110209  2.402 -106.89   34.36     2.5   -12.4    -5.0    -5.4     0.0    16.22 R    14.2   -12.3    -2.3    74.2    23.2    44.4 -99.000   0.040   0.045   0.019   0.049     2.3     3.1     4.1     5.0     5.8
03048 20110210  2.402 -106.89   34.36     5.7   -14.9    -4.6    -3.9     0.0    16.49 R    15.2   -14.6    -2.2    81.1    14.5    40.7 -99.000 -99.000   0.043   0.021   0.048     0.6     1.3     2.7     4.7     5.8
03048 20110211  2.402 -106.89   34.36    10.6   -12.3    -0.9    -0.5     0.0    16.56 R    19.3   -13.3     0.5    67.3    15.5    36.9 -99.000 -99.000   0.043   0.021   0.048     2.0     2.1     2.7     4.3     5.5
03048 20110212  2.402 -106.89   34.36    12.7   -10.2     1.3     1.4     0.0    16.58 R    22.2   -11.5     2.4    72.4    15.2    37.7 -99.000 -99.000   0.044   0.022   0.049     3.7     3.6     3.6     4.4     5.5
03048 20110213  2.402 -106.89   34.36    16.5    -7.9     4.3     4.6     0.0    16.69 R    25.0    -8.8     5.2    70.2    10.5    31.9 -99.000   0.042   0.045   0.020   0.050     5.8     5.3     4.8     4.9     5.7
03048 20110214  2.402 -106.89   34.36    20.6    -1.1     9.7    10.3     0.0    16.31 R    30.0    -1.5    10.7    53.7     8.7    23.7   0.058   0.044   0.048   0.022   0.049     9.5     8.3     6.8     5.7     6.1
03048 20110215  2.402 -106.89   34.36    20.1    -3.5     8.3     9.2     0.0    16.95 R    29.3    -4.2     9.5    46.9     8.7    21.7   0.057   0.045   0.050   0.021   0.049    10.2     9.6     8.4     6.9     6.8
03048 20110216  2.402 -106.89   34.36    23.8    -3.6    10.1    11.2     0.0    16.95 R    31.4    -4.9    11.8    53.9     7.6    24.5   0.054   0.046   0.050   0.022   0.050    10.6     9.7     8.7     7.6     7.5
03048 20110217  2.402 -106.89   34.36    20.2     7.5    13.8    14.3     0.0    15.76 R    29.1     4.4    13.7    48.2    12.9    25.3   0.053   0.049   0.053   0.022   0.050    13.4    12.6    10.8     8.5     8.1
03048 20110218  2.402 -106.89   34.36    21.1    -2.0     9.6    11.0     0.0    15.61 R    31.3    -1.9    12.6    53.7    16.8    31.8   0.048   0.048   0.053   0.024   0.051    12.1    11.5    10.7     9.2     8.9
03048 20110219  2.402 -106.89   34.36    21.8     5.2    13.5    14.5     0.0    15.62 R    32.0     3.0    15.1    55.3    16.5    32.2   0.048   0.050   0.055   0.023   0.052    14.3    13.4    11.9     9.8     9.4
03048 20110220  2.402 -106.89   34.36    14.6     4.1     9.4    10.1     0.0    15.77 R    28.3     4.4    12.8    55.4    22.0    35.6   0.045   0.051   0.056   0.026   0.053    13.8    13.5    12.5    10.6    10.0
03048 20110221  2.402 -106.89   34.36    10.5    -3.7     3.4     3.9     0.0    17.97 R    26.2    -4.6     7.5    61.7    16.6    34.9   0.040   0.048   0.054   0.026   0.052    10.6    10.9    11.2    10.7    10.4
03048 20110222  2.402 -106.89   34.36    17.8    -6.9     5.4     6.2     0.0    18.14 R    30.2    -7.4     8.3    65.5     5.7    25.8   0.038   0.046   0.052   0.026   0.051     9.5     9.5     9.9    10.2    10.3
03048 20110223  2.402 -106.89   34.36    17.4    -4.2     6.6     7.8     0.0    18.26 R    31.2    -5.8    10.0    49.7     8.4    25.4   0.037   0.046   0.053   0.026   0.051    10.5    10.2    10.1    10.0    10.2
03048 20110224  2.402 -106.89   34.36    13.1     0.9     7.0     7.4     0.0    18.36 R    27.5    -1.5     9.5    52.0    14.0    30.4   0.036   0.047   0.053   0.026   0.051    11.0    10.9    10.6    10.1    10.2
03048 20110225  2.402 -106.89   34.36    20.1    -3.5     8.3     9.4     0.0    17.81 R    33.7    -4.0    11.5    53.8     7.9    24.6   0.035   0.047   0.053   0.026   0.051    11.4    10.9    10.5    10.2    10.3
03048 20110226  2.402 -106.89   34.36    20.3     1.5    10.9    11.3     0.0    17.78 R    32.9    -1.7    12.3    24.7     2.0    11.7   0.035   0.047   0.054   0.026   0.052    12.2    11.7    11.2    10.4    10.5
03048 20110227  2.402 -106.89   34.36    10.4     2.0     6.2     6.0     0.0    14.98 R    25.0    -0.2     6.8    55.8    10.4    24.2   0.031   0.046   0.053   0.025   0.052     9.8    10.5    11.0    10.7    10.7
03048 20110228  2.402 -106.89   34.36    14.7    -6.8     4.0     4.7     0.0    19.36 R    29.9    -7.7     7.6    57.2    12.1    30.2   0.031   0.044   0.052   0.026   0.052     9.3     9.2     9.6    10.2    10.6
03048 20110301  2.402 -106.89   34.36    18.5    -7.6     5.5     5.9     0.0    19.19 R    33.1    -8.6     8.8    57.0     8.2    23.7   0.030   0.044   0.052   0.026   0.051     9.9     9.6     9.7    10.0    10.4
03048 20110302  2.402 -106.89   34.36    24.5    -4.3    10.1    11.6     0.0    19.22 R    36.8    -5.0    13.8    44.7     7.2    19.4   0.032   0.045   0.053   0.026   0.051    12.4    11.4    10.6    10.1    10.4
03048 20110303  2.402 -106.89   34.36    23.5     6.5    15.0    15.7     0.0    18.10 R    38.6     3.9    17.3    37.5     7.9    20.6   0.033   0.048   0.056   0.025   0.053    16.1    14.8    13.0    10.9    10.7
03048 20110304  2.402 -106.89   34.36    17.3     1.5     9.4    10.6     0.0    18.39 R    32.2    -0.3    12.7    52.8     9.4    26.2   0.031   0.047   0.057   0.026   0.054    14.3    14.2    13.5    11.9    11.4
03048 20110305  2.402 -106.89   34.36    15.1    -2.0     6.5     7.0     0.0    19.63 R    33.0    -3.0    10.9    69.4    13.7    35.6   0.029   0.044   0.055   0.026   0.055    12.2    12.1    12.2    11.9    11.7
03048 20110306  2.402 -106.89   34.36    17.4     1.6     9.5    10.7     0.0    14.88 R    32.1    -0.7    12.3    36.6    13.1    22.5   0.028   0.044   0.055   0.025   0.055    12.0    11.8    11.9    11.7    11.7
03048 20110307  2.402 -106.89   34.36    20.0     7.5    13.8    12.7     0.0    12.02 R    30.3     4.3    12.8    31.0     9.6    21.9   0.029   0.044   0.055   0.025   0.054    13.1    12.9    12.5    11.8    11.7
03048 20110308  2.402 -106.89   34.36    13.0     1.6     7.3     7.7     0.5    20.08 R    27.0     0.8    10.0    91.1    21.6    39.4   0.028   0.042   0.055   0.026   0.054    11.8    11.9    12.0    11.8    11.9
03048 20110309  2.402 -106.89   34.36    17.7    -3.0     7.3     8.0     0.0    20.50 R    33.5    -4.1    11.2    63.1    11.5    29.6   0.028   0.042   0.054   0.026   0.054    12.1    11.8    11.7    11.6    11.8
03048 20110310  2.402 -106.89   34.36    20.9    -2.5     9.2     9.5     0.0    21.09 R    37.0    -3.5    13.2    51.3    10.6    23.5   0.029   0.042   0.055   0.025   0.054    13.4    12.7    12.1    11.7    11.8
03048 20110311  2.402 -106.89   34.36    26.3    -0.3    13.0    13.5     0.0    21.02 R    41.1     0.7    16.4    43.8     4.0    15.7   0.030   0.044   0.056   0.026   0.056    15.6    14.6    13.4    12.1    12.0
03048 20110312  2.402 -106.89   34.36    24.8     4.3    14.5    14.9     0.0    17.81 R    42.4     3.2    16.3    26.6     4.9    12.0   0.029   0.044   0.057   0.025   0.056    15.9    15.2    14.2    12.7    12.4
03048 20110313  2.402 -106.89   34.36    22.3     5.8    14.0    14.5     0.0    20.09 R    38.8     2.1    16.0    25.2     7.8    15.0   0.028   0.044   0.058   0.027   0.055    16.1    15.6    14.7    13.2    12.8
03048 20110314  2.402 -106.89   34.36    23.1    -1.4    10.9    12.1     0.0    19.86 R    42.2    -1.5    15.6    36.5     7.2    17.6   0.027   0.042   0.057   0.026   0.055    15.6    15.0    14.4    13.4    13.1
03048 20110315  2.402 -106.89   34.36    22.5     2.3    12.4    13.9     0.0    19.10 R    41.2     2.3    17.1    39.6    11.4    20.1   0.028   0.042   0.058   0.026   0.054    17.0    16.2    15.1    13.7    13.3
03048 20110316  2.402 -106.89   34.36    26.7     1.7    14.2    15.8     0.0    21.26 R    44.1     0.4    19.2    47.9     8.4    19.7   0.028   0.043   0.058   0.027   0.056    17.9    16.9    15.6    14.0    13.6
03048 20110317  2.402 -106.89   34.36    27.1     8.8    18.0    19.0     0.0    21.63 R    46.2     5.1    21.7    29.4     6.0    15.2   0.029   0.043   0.059   0.028   0.057    20.1    18.8    17.0    14.6    14.0
03048 20110318  2.402 -106.89   34.36    25.5     4.5    15.0    17.1     0.0    21.16 R    45.1     4.1    20.8    41.1     8.3    16.7   0.028   0.043   0.060   0.027   0.057    20.1    19.1    17.6    15.3    14.5
03048 20110319  2.402 -106.89   34.36    26.4     9.1    17.7    17.9     0.0    21.91 R    45.9     8.2    22.2    29.7     5.0    13.2   0.029   0.043   0.060   0.029   0.058    21.4    20.2    18.4    15.9    15.0
03048 20110320  2.402 -106.89   34.36    24.1     2.9    13.5    15.5     0.0    21.84 R    44.2     2.5    19.0    27.9     3.7     9.4   0.026   0.041   0.060   0.029   0.058    19.3    19.0    18.2    16.3    15.5
03048 20110321  2.402 -106.89   34.36    24.9     8.0    16.4    17.2     0.0    22.13 R    40.5     3.4    19.1    20.3     3.9     9.7   0.025   0.040   0.060   0.029   0.057    18.4    18.1    17.6    16.3    15.7
03048 20110322  2.402 -106.89   34.36    16.8     5.5    11.1    11.4     0.0    22.39 R    36.5     3.6    15.9    53.8    15.0    27.8   0.024   0.039   0.059   0.028   0.058    17.8    17.8    17.4    16.3    15.7
03048 20110323  2.402 -106.89   34.36    17.7    -1.9     7.9     9.2     0.0    22.92 R    41.2    -2.1    15.1    49.4    10.1    23.3   0.022   0.037   0.057   0.028   0.059    16.0    16.1    16.2    16.0    15.7
03048 20110324  2.402 -106.89   34.36    23.4    -1.5    10.9    12.4     0.0    22.87 R    40.2    -1.3    16.1    41.4     6.6    16.5   0.022   0.037   0.057   0.028   0.057    16.4    16.2    16.0    15.6    15.5
03048 20110325  2.402 -106.89   34.36    23.2    -0.6    11.3    12.7     0.0    22.90 R    45.2    -1.8    17.5    40.6     7.4    18.3   0.022   0.037   0.057   0.028   0.057    17.2    16.8    16.3    15.6    15.4
03048 20110326  2.402 -106.89   34.36    21.7     4.6    13.1    13.6     0.0    22.10 R    43.9     2.1    19.0    45.2    11.6    26.8   0.023   0.037   0.057   0.028   0.057    18.5    17.8    16.9    15.8    15.4
03048 20110327  2.402 -106.89   34.36    23.4     3.5    13.4    14.3     0.0    23.27 R    45.4     1.7    18.9    45.5     4.2    21.9   0.023   0.037   0.058   0.028   0.058    18.8    18.3    17.4    16.0    15.6
03048 20110328  2.402 -106.89   34.36    25.3     8.4    16.9    17.2     0.0    23.27 R    47.2     6.9    21.2    29.4     8.1    16.0   0.024   0.038   0.058   0.030   0.057    20.1    19.2    17.9    16.3    15.8
03048 20110329  2.402 -106.89   34.36    21.1     8.9    15.0    15.3     0.0    23.50 R    42.4     5.6    20.5    33.9     3.5    16.7   0.023   0.037   0.058   0.030   0.057    19.9    19.4    18.4    16.7    16.2
03048 20110330  2.402 -106.89   34.36    23.1     4.4    13.8    14.7     0.0    21.34 R    43.5     2.7    19.1    27.6     5.7    13.6   0.023   0.037   0.058   0.030   0.059    19.5    19.2    18.3    16.9    16.4
03048 20110331  2.402 -106.89   34.36    27.1     4.1    15.6    16.5     0.0    23.27 R    48.4     3.4    21.9    46.8     9.5    23.1   0.023   0.037   0.057   0.029   0.059    20.6    19.7    18.5    17.0    16.5
03048 20110401  2.402 -106.89   34.36    28.6     5.5    17.1    19.0     0.0    24.30 R    50.6     4.1    23.5    43.6     3.6    13.3   0.024   0.037   0.058   0.029   0.059    22.1    21.1    19.4    17.4    16.7
03048 20110402  2.402 -106.89   34.36    31.9     4.5    18.2    19.9     0.0    24.38 R    54.3     3.0    24.9    22.6     3.9     9.8   0.023   0.038   0.058   0.028   0.060    22.7    21.6    20.0    17.9    17.1
03048 20110403  2.402 -106.89   34.36    27.1     9.9    18.5    20.8     0.0    22.54 R    50.1    11.3    23.7    45.1     6.7    17.1   0.024   0.038   0.059   0.031   0.061    23.7    22.9    21.1    18.5    17.5
03048 20110404  2.402 -106.89   34.36    15.7     1.8     8.7     8.7     0.0    24.52 R    43.2     0.6    16.6    42.7     6.5    14.7   0.019   0.035   0.057   0.030   0.062    19.5    20.1    20.0    18.7    17.9
03048 20110405  2.402 -106.89   34.36    26.2    -1.0    12.6    15.0     0.0    23.86 R    49.8    -1.1    20.6    32.7     4.6    11.2   0.019   0.034   0.055   0.029   0.061    19.3    18.9    18.6    18.2    17.9
03048 20110406  2.402 -106.89   34.36    26.0    11.8    18.9    19.1     0.0    15.30 R    47.8     8.1    21.9    41.0     9.1    18.6   0.020   0.036   0.056   0.030   0.061    21.4    20.8    19.7    18.2    17.7
03048 20110407  2.402 -106.89   34.36    23.1    10.7    16.9    17.4     0.0    24.67 R    43.2     7.9    21.8    51.8     9.0    26.5   0.021   0.036   0.055   0.030   0.061    22.1    21.3    20.0    18.4    17.9
03048 20110408  2.402 -106.89   34.36    23.6     9.7    16.7    17.2     0.0    24.71 R    49.6     6.4    22.2    35.1     8.2    19.9   0.020   0.035   0.055   0.030   0.061    21.2    20.9    20.0    18.6    18.0
03048 20110409  2.402 -106.89   34.36    22.1     5.3    13.7    15.5     0.0    18.78 R    44.2     6.7    19.2    47.7    13.3    26.1   0.019   0.034   0.054   0.030   0.060    19.9    20.1    19.8    18.7    18.1
03048 20110410  2.402 -106.89   34.36    14.3     2.1     8.2     8.0     0.0    23.45 R    40.7     1.0    14.9    51.5    10.5    27.2   0.017   0.032   0.053   0.030   0.060    17.6    18.2    18.6    18.4    18.1
03048 20110411  2.402 -106.89   34.36    20.5    -2.1     9.2    10.4     0.0    25.83 R    46.9    -3.2    17.8    45.1     5.5    18.6   0.017   0.032   0.051   0.028   0.061    17.7    17.6    17.6    17.8    17.8
03048 20110412  2.402 -106.89   34.36    26.0     5.1    15.5    16.4     0.0    19.51 R    45.7     2.1    18.8    33.6     3.9    10.5   0.017   0.032   0.051   0.028   0.060    18.0    18.1    17.9    17.6    17.5
03048 20110413  2.402 -106.89   34.36    25.9     7.2    16.6    17.6     0.0    26.02 R    49.8     4.6    22.4    23.7     3.5    11.6   0.020   0.034   0.052   0.028   0.059    21.0    20.1    18.7    17.6    17.4
03048 20110414  2.402 -106.89   34.36    20.0     7.6    13.8    14.1     0.0    25.54 R    40.0     4.8    17.7    24.7     5.2    12.5   0.018   0.033   0.052   0.028   0.061    19.5    19.8    19.3    18.1    17.7
03048 20110415  2.402 -106.89   34.36    22.0     5.6    13.8    13.7     0.0    26.12 R    45.2     2.6    19.0    15.6     1.9     7.6   0.017   0.032   0.051   0.028   0.062    19.2    19.0    18.6    18.0    17.8
03048 20110416  2.402 -106.89   34.36    25.8     0.6    13.2    14.8     0.0    26.15 R    51.6    -0.4    21.7    21.7     4.1     7.7   0.018   0.032   0.051   0.028   0.062    20.5    19.8    18.8    17.9    17.7
03048 20110417  2.402 -106.89   34.36    29.2     5.4    17.3    19.5     0.0    26.13 R    48.0     3.8    23.9    24.1     4.6    12.2   0.018   0.034   0.052   0.029   0.061    22.5    21.5    20.0    18.3    17.8
03048 20110418  2.402 -106.89   34.36    30.7    13.0    21.8    22.8     0.0    26.21 R    55.1     8.9    28.0    25.3     4.9    12.2   0.021   0.035   0.053   0.031   0.061    26.0    24.3    21.6    19.0    18.2
03048 20110419  2.402 -106.89   34.36    27.8    13.3    20.6    21.3     0.0    24.96 R    52.4    10.2    26.1    31.8     6.3    16.4   0.020   0.035   0.054   0.032   0.060    25.5    24.5    22.6    19.8    18.8
03048 20110420  2.402 -106.89   34.36    28.8    12.3    20.6    21.2     0.0    24.89 R    55.5    10.5    27.8    26.7     5.8    14.2   0.020   0.035   0.054   0.031   0.060    26.4    25.1    23.0    20.4    19.3
03048 20110421  2.402 -106.89   34.36    29.5    12.9    21.2    21.7     0.0    25.33 R    57.3    11.0    27.8    21.7     5.1    11.8   0.020   0.035   0.053   0.032   0.061    26.8    25.6    23.5    20.8    19.8
03048 20110422  2.402 -106.89   34.36    28.6     6.4    17.5    19.8     0.0    26.60 R    55.8     6.3    27.3    21.5     6.4    13.1   0.019   0.035   0.053   0.033   0.063    26.4    25.4    23.7    21.2    20.2
03048 20110423  2.402 -106.89   34.36    25.4     8.1    16.7    19.5     0.0    15.46 R    49.5     9.0    22.5    32.1     9.9    16.2   0.017   0.033   0.052   0.033   0.064    23.7    23.8    23.3    21.5    20.5
03048 20110424  2.402 -106.89   34.36    24.2    15.4    19.8    19.3     0.0    18.40 R    45.1    11.6    23.0    24.2    10.3    17.0   0.017   0.033   0.051   0.033   0.064    24.0    23.6    22.6    21.2    20.6
03048 20110425  2.402 -106.89   34.36    24.2     9.9    17.1    17.6     0.0    23.92 R    44.9     7.8    21.8    43.0     6.5    18.6   0.016   0.032   0.050   0.032   0.063    22.8    22.6    22.0    21.0    20.5
03048 20110426  2.402 -106.89   34.36    21.6     7.9    14.8    15.9     0.0    26.39 R    40.7     5.7    19.9    30.1     4.6    15.9   0.016   0.031   0.049   0.031   0.062    21.9    22.0    21.7    20.8    20.4
03048 20110427  2.402 -106.89   34.36 -9999.0 -9999.0 -9999.0 -9999.0 -9999.0 -9999.00 U -9999.0 -9999.0 -9999.0 -9999.0 -9999.0 -9999.0 -99.000 -99.000 -99.000 -99.000 -99.000 -9999.0 -9999.0 -9999.0 -9999.0 -9999.0
03048 20110428  2.402 -106.89   34.36    25.4     0.1    12.7    14.9     0.0    29.39 R    53.9    -0.5    22.9    35.9     6.0    13.0   0.017   0.031   0.048   0.032   0.062    21.5    20.9    20.4    20.0    19.9
03048 20110429  2.402 -106.89   34.36    29.5    13.7    21.6    22.6     0.0    29.48 R    50.7     8.3    25.7    14.4     4.3     8.1   0.018   0.033   0.049   0.032   0.062    24.3    23.3    21.7    20.1    19.8
03048 20110430  2.402 -106.89   34.36    21.3     5.6    13.4    13.6     0.0    29.01 R    50.9     4.9    22.1    24.1     6.7    12.6   0.016   0.032   0.049   0.031   0.062    23.1    22.9    22.1    20.6    20.1
03048 20110501  2.402 -106.89   34.36    12.1     2.1     7.1     6.9     0.0    22.20 R    33.2     1.2    12.1    61.7    16.5    41.2   0.013   0.028   0.047   0.032   0.062    17.2    18.8    20.3    20.4    20.1
03048 20110502  2.402 -106.89   34.36    14.9    -3.2     5.8     7.2     0.0    28.17 R    47.4    -3.1    16.6    74.2    14.3    38.8   0.014   0.028   0.045   0.030   0.061    17.5    17.7    18.4    19.3    19.7
03048 20110503  2.402 -106.89   34.36    22.0    -2.5     9.8    12.1     0.0    30.37 R    52.8    -2.5    21.5    43.3     5.9    18.0   0.016   0.029   0.046   0.029   0.062    19.7    19.3    18.9    18.9    19.2
03048 20110504  2.402 -106.89   34.36    27.7     9.4    18.5    18.8     0.0    27.80 R    57.0     5.7    25.3    17.5     4.8     9.8   0.017   0.031   0.047   0.029   0.062    22.6    21.7    20.4    19.2    19.1
03048 20110505  2.402 -106.89   34.36    27.6     5.9    16.8    19.3     0.0    29.98 R    58.1     5.3    27.7    33.5     5.8    14.5   0.018   0.032   0.048   0.031   0.063    25.3    23.8    21.7    19.7    19.3
03048 20110506  2.402 -106.89   34.36    31.4     8.2    19.8    22.1     0.0    29.90 R    60.5     7.0    29.5    29.9     2.2    11.1   0.019   0.033   0.048   0.032   0.062    27.1    25.6    23.2    20.5    19.8
03048 20110507  2.402 -106.89   34.36    32.3    17.8    25.0    24.9     0.0    30.49 R    61.3    13.5    31.3    15.5     1.6     6.3   0.019   0.034   0.050   0.032   0.063    28.8    27.1    24.5    21.4    20.4
03048 20110508  2.402 -106.89   34.36    31.1     8.3    19.7    22.3     0.0    30.41 R    61.1     7.3    28.7    17.8     0.8     5.4   0.017   0.034   0.049   0.033   0.062    27.6    26.8    24.9    22.1    21.0
03048 20110509  2.402 -106.89   34.36    27.3    12.9    20.1    21.7     0.0    17.54 R    49.2     8.9    22.9    23.9     4.2     9.0   0.015   0.031   0.048   0.034   0.064    24.0    24.3    24.1    22.3    21.4
03048 20110510  2.402 -106.89   34.36    26.2     8.2    17.2    17.8     0.0    27.44 R    56.9     7.0    25.5    41.3     9.1    23.0   0.016   0.031   0.047   0.033   0.064    24.5    24.2    23.2    22.0    21.4
03048 20110511  2.402 -106.89   34.36    20.9     4.5    12.7    13.1     0.0    20.38 R    46.0     4.0    19.4    49.3    16.1    32.8   0.014   0.029   0.046   0.032   0.063    21.2    21.9    22.3    21.8    21.3
03048 20110512  2.402 -106.89   34.36    26.5    10.0    18.2    18.4     0.0    29.99 R    53.4     7.3    25.5    49.9     9.6    24.1   0.017   0.030   0.046   0.032   0.062    24.1    23.2    22.1    21.3    21.1
03048 20110513  2.402 -106.89   34.36    27.2     7.6    17.4    18.9     0.0    31.15 R    58.8     5.6    28.4    34.6     4.6    18.5   0.018   0.032   0.047   0.032   0.062    26.4    25.1    23.3    21.5    21.0
03048 20110514  2.402 -106.89   34.36    28.5    13.3    20.9    21.2     0.0    29.64 R    58.4     9.5    28.6    30.9     8.6    19.2   0.018   0.032   0.047   0.032   0.063    26.7    25.9    24.3    22.0    21.3
03048 20110515  2.402 -106.89   34.36    29.0    10.5    19.7    20.1     0.0    30.20 R    58.6     8.5    28.8    38.9     6.6    19.9   0.018   0.032   0.047   0.033   0.064    27.4    26.4    24.6    22.4    21.6
03048 20110516  2.402 -106.89   34.36    30.3     6.8    18.6    21.3     0.0    30.90 R    60.6     7.6    29.1    27.3     2.9    10.3   0.018   0.032   0.047   0.033   0.065    27.3    26.6    25.0    22.7    21.9
03048 20110517  2.402 -106.89   34.36    25.4    14.3    19.8    20.2     0.0    21.88 R    51.9    12.0    24.9    25.0     8.4    13.7   0.017   0.031   0.047   0.034   0.065    25.8    25.6    24.8    23.0    22.1
03048 20110518  2.402 -106.89   34.36    25.3     8.0    16.7    17.7     0.0    23.05 R    55.1     7.0    23.8    43.6    13.5    26.3   0.016   0.031   0.046   0.033   0.065    24.6    24.7    24.1    22.8    22.2
03048 20110519  2.402 -106.89   34.36    19.6     8.7    14.1    12.6     0.0    17.88 R    44.7     7.0    17.8    71.9    11.3    41.4   0.015   0.029   0.045   0.032   0.066    21.3    22.3    23.0    22.6    22.1
03048 20110520  2.402 -106.89   34.36    23.2     5.9    14.5    15.3     0.0    29.92 R    51.7     4.2    23.3    59.2    11.5    31.7   0.017   0.029   0.043   0.032   0.065    22.9    22.3    21.9    21.8    21.8
03048 20110521  2.402 -106.89   34.36    26.5    11.3    18.9    19.2     0.0    31.00 R    56.1     9.1    27.3    53.4    10.8    26.7   0.019   0.031   0.045   0.033   0.064    26.3    25.2    23.5    21.8    21.6
03048 20110522  2.402 -106.89   34.36    29.3     8.0    18.7    20.3     0.0    25.11 R    60.3     6.8    27.7    34.4     7.8    18.7   0.018   0.032   0.046   0.032   0.064    26.8    25.9    24.4    22.3    21.8
03048 20110523  2.402 -106.89   34.36    29.5    11.8    20.6    22.2     0.0    30.43 R    60.2     9.7    30.0    25.0     3.5    11.9   0.019   0.032   0.046   0.032   0.063    27.9    26.9    25.0    22.8    22.0
03048 20110524  2.402 -106.89   34.36    24.8    14.9    19.8    20.2     0.0    31.18 R    49.3    11.6    25.8    26.4     5.1    13.6   0.017   0.031   0.046   0.032   0.058    26.7    26.4    25.3    23.2    22.2
03048 20110525  2.402 -106.89   34.36    29.1     9.9    19.5    20.5     0.0    31.13 R    54.1     7.8    27.5    33.1     7.3    16.3   0.017   0.031   0.045   0.033   0.058    26.9    26.1    24.9    23.2    22.5
03048 20110526  2.402 -106.89   34.36    34.5     7.4    21.0    23.1     0.0    27.61 R    60.0     7.7    29.2    31.5     2.4    10.8   0.017   0.031   0.045   0.033   0.058    27.7    26.8    25.2    23.3    22.6
03048 20110527  2.402 -106.89   34.36    35.6    15.0    25.3    26.7     0.0    31.49 R    58.0    11.0    31.9    15.7     5.2     9.2   0.018   0.033   0.046   0.033   0.059    30.1    28.7    26.3    23.7    22.7
03048 20110528  2.402 -106.89   34.36    35.9    15.8    25.9    27.2     0.0    31.43 R    62.0    12.3    33.7    24.1     4.0    11.6   0.019   0.033   0.047   0.034   0.059    31.8    30.3    27.6    24.3    23.1
03048 20110529  2.402 -106.89   34.36    34.0    20.6    27.3    27.2     0.0    30.72 R    59.9    16.4    33.5    17.0     4.3    10.0   0.018   0.033   0.047   0.034   0.062    31.7    30.7    28.3    25.0    23.7
03048 20110530  2.402 -106.89   34.36    28.9    13.3    21.1    22.7     0.0    31.45 R    54.1    10.9    28.9    27.5     4.0    12.9   0.017   0.032   0.047   0.034   0.060    30.3    29.8    28.2    25.4    24.1
03048 20110531  2.402 -106.89   34.36    30.3     4.9    17.6    20.4     0.0    29.64 R    61.7     4.4    28.1    22.8     4.4     9.1   0.017   0.030   0.045   0.034   0.060    27.7    27.5    26.9    25.3    24.3
03048 20110601  2.402 -106.89   34.36    33.5    16.0    24.7    27.4     0.0    20.09 R    57.1    14.5    30.6    40.7     4.4    18.7   0.017   0.030   0.045   0.034   0.060    28.7    28.2    27.0    25.1    24.2
03048 20110602  2.402 -106.89   34.36    35.0    21.3    28.2    28.2     0.0    23.74 R    58.3    17.8    32.0    34.4     3.4    15.7   0.019   0.031   0.045   0.034   0.061    30.5    29.5    27.6    25.2    24.3
03048 20110603  2.402 -106.89   34.36    34.8    14.2    24.5    25.9     0.0    25.17 R    61.6    12.2    31.7    36.7     5.3    14.0   0.018   0.031   0.045   0.033   0.060    30.1    29.3    27.7    25.4    24.4
03048 20110604  2.402 -106.89   34.36    35.5    18.3    26.9    27.4     0.0    28.02 R    63.7    15.1    34.4    32.2     5.4    14.6   0.019   0.032   0.046   0.034   0.061    32.0    30.6    28.3    25.6    24.6
03048 20110605  2.402 -106.89   34.36    35.2    17.7    26.4    25.8     0.0    23.71 R    65.8    15.4    32.7    36.0     8.8    22.2   0.018   0.032   0.046   0.034   0.062    31.7    30.9    29.0    26.1    24.8
03048 20110606  2.402 -106.89   34.36    34.8    16.8    25.8    27.1     0.0    22.52 R    64.9    16.4    32.3    50.1     7.4    21.8   0.019   0.032   0.045   0.034   0.062    31.4    30.7    29.0    26.3    25.1
03048 20110607  2.402 -106.89   34.36    35.7    12.2    23.9    25.9     0.0    31.78 R    64.7    11.9    33.9    30.2     1.8    10.0   0.019   0.032   0.046   0.034   0.061    32.3    31.0    29.0    26.4    25.3
03048 20110608  2.402 -106.89   34.36    35.6    11.6    23.6    25.7     0.0    31.89 R    65.5    11.1    33.4    19.0     1.7     6.7   0.019   0.032   0.046   0.034   0.060    32.3    31.3    29.4    26.7    25.5
03048 20110609  2.402 -106.89   34.36    33.9    13.6    23.7    25.0     0.0    31.06 R    61.9    11.1    32.7    17.8     2.6     6.9   0.018   0.032   0.046   0.034   0.061    31.8    31.0    29.4    26.9    25.7
03048 20110610  2.402 -106.89   34.36    33.1    10.1    21.6    23.6     0.0    31.46 R    62.2     9.6    32.4    22.0     2.6     7.0   0.018   0.031   0.045   0.034   0.060    31.6    30.8    29.2    26.9    25.8
03048 20110611  2.402 -106.89   34.36    34.1    12.5    23.3    25.7     0.0    29.86 R    60.9    11.8    32.8    25.2     1.3     7.7   0.018   0.031   0.045   0.033   0.060    31.6    30.9    29.4    27.0    25.9
03048 20110612  2.402 -106.89   34.36    36.3     9.8    23.0    25.4     0.0    28.16 R    63.5    10.0    32.2    18.2     3.0     7.3   0.017   0.031   0.044   0.033   0.060    31.1    30.5    29.2    27.1    26.0
03048 20110613  2.402 -106.89   34.36    35.8    13.3    24.6    26.3     0.0    30.85 R    65.4    12.5    33.6    20.0     0.8     6.9   0.017   0.031   0.045   0.033   0.061    32.1    31.1    29.3    27.1    26.0
03048 20110614  2.402 -106.89   34.36    34.5    16.8    25.7    26.7     0.0    31.63 R    63.7    14.9    34.4    10.4     4.4     6.7   0.018   0.031   0.045   0.033   0.062    33.0    31.9    29.9    27.3    26.1
03048 20110615  2.402 -106.89   34.36    35.1    12.4    23.8    26.6     0.0    31.39 R    63.7    12.9    35.1    24.8     5.8     9.9   0.018   0.031   0.045   0.033   0.062    33.5    32.3    30.3    27.5    26.3
03048 20110616  2.402 -106.89   34.36    36.3    18.4    27.4    29.0     0.0    30.83 R    61.9    15.6    35.1    15.7     2.3     7.0   0.018   0.031   0.046   0.033   0.062    34.4    33.3    31.0    27.9    26.6
03048 20110617  2.402 -106.89   34.36    36.0    15.0    25.5    27.1     0.0    31.01 R    63.7    13.2    34.5    19.7     3.1     8.3   0.018   0.031   0.045   0.035   0.063    33.8    33.0    31.0    28.2    26.8
03048 20110618  2.402 -106.89   34.36    36.1    15.5    25.8    27.4     0.0    30.20 R    58.9    13.5    33.6    18.6     2.7     8.7   0.017   0.030   0.045   0.034   0.063    33.4    32.7    31.0    28.3    26.9
03048 20110619  2.402 -106.89   34.36    35.5    19.9    27.7    28.1     0.0    27.13 R    56.4    16.0    31.5    30.0     2.6     8.2   0.017   0.030   0.045   0.033   0.064    32.4    32.0    30.8    28.4    27.1
03048 20110620  2.402 -106.89   34.36    31.5    15.1    23.3    23.1     0.0    31.87 R    58.3    12.8    31.1    35.1     7.3    18.7   0.017   0.029   0.044   0.033   0.064    31.9    31.4    30.2    28.2    27.1
03048 20110621  2.402 -106.89   34.36    32.8    12.6    22.7    23.7     0.0    31.83 R    60.7    11.8    32.4    35.1     7.0    17.4   0.017   0.029   0.044   0.034   0.063    32.0    31.4    30.0    28.1    27.1
03048 20110622  2.402 -106.89   34.36    35.8    13.2    24.5    26.2     0.0    31.96 R    64.4    12.2    34.4    21.6     4.7    10.3   0.018   0.030   0.044   0.035   0.064    33.1    32.0    30.3    28.1    27.1
03048 20110623  2.402 -106.89   34.36    39.5    14.4    26.9    29.2     0.0    31.31 R    66.7    14.0    37.1    19.8     4.2     9.9   0.018   0.030   0.044   0.035   0.064    34.3    33.1    31.0    28.3    27.1
03048 20110624  2.402 -106.89   34.36    38.9    19.2    29.0    31.5     0.0    31.98 R    65.1    17.4    37.7    21.4     1.6     8.9   0.019   0.031   0.045   0.035   0.064    36.1    34.6    32.0    28.7    27.4
03048 20110625  2.402 -106.89   34.36    38.6    20.4    29.5    31.2     0.0    30.32 R    64.1    17.7    37.9    21.0     4.1    10.6   0.019   0.031   0.045   0.034   0.065    36.6    35.2    32.7    29.2    27.7
03048 20110626  2.402 -106.89   34.36    38.8    18.4    28.6    30.2     0.0    24.52 R    64.8    16.3    35.2    18.7     5.5    11.2   0.018   0.030   0.045   0.034   0.065    35.2    34.6    32.8    29.6    28.0
03048 20110627  2.402 -106.89   34.36    37.8    21.0    29.4    30.0     0.0    28.55 R    69.9    19.3    38.0    23.2     5.7    13.5   0.018   0.030   0.045   0.034   0.064    36.3    35.0    32.6    29.7    28.2
03048 20110628  2.402 -106.89   34.36    38.3    20.6    29.4    29.4     0.0    26.87 R    66.0    19.5    37.0    34.4     7.4    19.4   0.019   0.030   0.045   0.033   0.064    35.9    35.2    33.2    30.0    28.4
03048 20110629  2.402 -106.89   34.36    37.3    17.8    27.5    29.5     0.0    29.95 R    65.0    17.9    37.3    36.0     7.5    18.3   0.019   0.030   0.044   0.034   0.064    35.0    34.3    32.6    30.0    28.6
03048 20110630  2.402 -106.89   34.36    37.5    17.4    27.5    28.1     5.5    26.93 R    65.4    18.0    34.8    50.9    10.6    26.2   0.026   0.029   0.044   0.035   0.064    33.0    33.6    32.6    30.1    28.7
03048 20110701  2.402 -106.89   34.36    36.7    15.4    26.0    27.3     0.0    30.73 R    58.6    14.1    32.9    71.2     7.4    27.3   0.060   0.032   0.042   0.034   0.064    32.1    31.7    30.7    29.6    28.7
03048 20110702  2.402 -106.89   34.36    36.0    21.2    28.6    27.6     3.8    26.26 R    64.0    19.2    33.5    65.8    14.7    34.4   0.064   0.038   0.045   0.034   0.064    31.9    32.5    31.9    29.6    28.4
03048 20110703  2.402 -106.89   34.36    35.4    19.1    27.2    26.9     0.0    28.87 R    59.0    17.2    33.4    64.8    17.6    36.4   0.075   0.041   0.044   0.033   0.065    32.0    31.6    30.7    29.3    28.4
03048 20110704  2.402 -106.89   34.36    36.2    16.9    26.6    27.0     0.0    29.54 R    62.4    17.1    35.9    70.6    13.4    35.1   0.077   0.045   0.046   0.033   0.065    34.1    33.5    31.8    29.4    28.3
03048 20110705  2.402 -106.89   34.36    35.3    18.0    26.6    28.4     0.0    26.69 R    68.7    18.2    36.1    54.0    12.5    25.7   0.070   0.048   0.048   0.033   0.065    34.5    34.0    32.6    29.8    28.5
03048 20110706  2.402 -106.89   34.36    36.5    19.0    27.8    29.0     0.0    25.02 R    62.9    18.1    35.7    39.8    12.8    22.4   0.060   0.048   0.049   0.034   0.064    34.0    33.4    32.3    30.0    28.7
03048 20110707  2.402 -106.89   34.36    36.7    20.2    28.4    29.9     0.0    29.94 R    65.6    20.0    38.6    43.6     9.5    22.4   0.054   0.050   0.050   0.033   0.064    36.3    35.1    33.1    30.2    28.8
03048 20110708  2.402 -106.89   34.36    38.0    19.2    28.6    29.6     0.0    30.19 R    67.4    19.4    39.2    48.7     9.0    23.8   0.047   0.048   0.052   0.034   0.064    36.8    35.7    33.7    30.6    29.0
03048 20110709  2.402 -106.89   34.36    38.1    19.1    28.6    28.8     0.0    30.18 R    66.1    19.9    39.2    46.1     9.8    27.9   0.041   0.047   0.053   0.034   0.064    37.4    36.2    34.1    31.0    29.3
03048 20110710  2.402 -106.89   34.36    38.1    19.2    28.6    29.2     0.0    29.95 R    67.3    19.1    39.7    48.2    10.3    25.3   0.038   0.045   0.052   0.034   0.065    37.6    36.4    34.3    31.3    29.6
03048 20110711  2.402 -106.89   34.36    35.8    19.1    27.4    26.8     0.0    29.25 R    68.8    20.9    37.2    62.2    16.9    36.6   0.035   0.044   0.053   0.035   0.066    37.5    36.7    34.7    31.6    29.8
03048 20110712  2.402 -106.89   34.36    33.8    16.4    25.1    24.4     6.8    22.84 R    61.3    17.6    32.9    75.4    19.1    47.5   0.031   0.041   0.051   0.034   0.066    34.0    34.1    33.5    31.6    30.0
03048 20110713  2.402 -106.89   34.36    33.7    17.5    25.6    25.3     0.0    23.56 R    52.2    17.2    28.7    85.4    20.1    49.6   0.058   0.040   0.049   0.034   0.065    31.2    32.0    32.0    31.0    29.9
03048 20110714  2.402 -106.89   34.36    33.5    19.6    26.6    26.7     0.0    25.07 R    59.3    18.9    32.7    76.0    16.1    40.0   0.069   0.043   0.049   0.033   0.065    32.9    32.5    31.7    30.4    29.5
03048 20110715  2.402 -106.89   34.36    36.6    19.5    28.0    28.8     0.0    30.59 R    61.7    18.0    36.4    46.8    10.8    19.5   0.068   0.046   0.050   0.033   0.065    34.7    33.9    32.4    30.4    29.3
03048 20110716  2.402 -106.89   34.36    37.3    21.3    29.3    29.7     0.3    29.04 R    63.9    20.2    37.2    47.8    12.9    27.4   0.058   0.047   0.052   0.033   0.064    35.6    35.0    33.4    30.8    29.4
03048 20110717  2.402 -106.89   34.36    33.3    22.4    27.8    28.3     0.2    16.19 R    51.5    21.2    31.3    49.2    22.4    33.7   0.049   0.045   0.052   0.034   0.064    32.2    32.7    32.7    31.0    29.6
03048 20110718  2.402 -106.89   34.36    36.7    20.3    28.5    29.1     0.0    29.61 R    64.7    19.8    37.9    53.7    11.8    26.9   0.047   0.046   0.051   0.033   0.065    35.2    33.9    32.2    30.6    29.5
03048 20110719  2.402 -106.89   34.36    37.5    21.7    29.6    28.9     0.0    28.36 R    64.7    21.0    37.4    44.2    13.1    26.1   0.042   0.046   0.053   0.033   0.065    36.5    35.5    33.6    30.9    29.5
03048 20110720  2.402 -106.89   34.36    37.0    18.1    27.6    27.1     0.0    26.72 R    63.2    18.7    35.4    52.7    14.6    34.5   0.039   0.045   0.053   0.034   0.064    35.6    35.0    33.7    31.3    29.8
03048 20110721  2.402 -106.89   34.36    36.8    20.7    28.8    27.6     0.0    27.16 R    64.4    21.3    36.7    52.2    14.8    34.6   0.037   0.044   0.053   0.034   0.065    36.2    35.3    33.6    31.3    29.9
03048 20110722  2.402 -106.89   34.36    35.3    22.5    28.9    27.6     0.0    20.70 R    61.1    22.8    35.1    47.0    17.1    35.4   0.035   0.042   0.053   0.034   0.065    35.4    34.9    33.7    31.5    30.1
03048 20110723  2.402 -106.89   34.36    36.0    22.5    29.3    28.5     0.0    27.18 R    69.1    22.3    38.0    56.0    15.2    34.4   0.035   0.042   0.052   0.034   0.065    36.7    35.5    33.6    31.4    30.1
03048 20110724  2.402 -106.89   34.36    34.8    19.9    27.3    25.9     4.1    19.82 R    66.5    20.1    31.9    81.8    23.9    46.8   0.033   0.040   0.053   0.034   0.066    33.3    34.1    33.7    31.6    30.2
03048 20110725  2.402 -106.89   34.36    35.8    17.6    26.7    25.3     2.5    29.54 R    59.2    17.7    32.5    95.3    15.7    59.7   0.052   0.040   0.050   0.033   0.066    32.0    32.0    31.6    31.0    30.1
03048 20110726  2.402 -106.89   34.36    35.2    17.7    26.4    25.3     0.2    23.30 R    57.6    17.7    29.9    86.9    19.8    50.2   0.063   0.042   0.050   0.034   0.065    31.1    31.6    31.5    30.6    29.8
03048 20110727  2.402 -106.89   34.36    34.4    16.6    25.5    25.6     0.0    26.21 R    58.6    17.0    32.7    84.5    20.6    45.9   0.067   0.045   0.051   0.033   0.065    32.2    31.9    31.2    30.3    29.5
03048 20110728  2.402 -106.89   34.36    35.8    18.1    27.0    27.1     0.0    21.58 R    61.3    18.8    32.6    72.3    16.1    37.8   0.064   0.046   0.052   0.033   0.066    32.3    32.1    31.5    30.3    29.4
03048 20110729  2.402 -106.89   34.36    33.3    20.2    26.7    24.9    13.1    20.82 R    60.0    20.8    31.1    85.4    25.8    56.8   0.071   0.046   0.052   0.033   0.066    31.0    31.6    31.6    30.3    29.3
03048 20110730  2.402 -106.89   34.36    32.4    19.9    26.2    25.5     0.9    24.28 R    46.1    19.3    28.2    91.5    19.9    50.4   0.106   0.047   0.051   0.032   0.065    29.5    29.8    29.8    29.7    29.2
03048 20110731  2.402 -106.89   34.36    33.6    19.2    26.4    23.6     5.3    25.08 R    50.6    19.8    28.8    94.0    27.0    64.9   0.107   0.051   0.052   0.032   0.064    30.0    30.4    30.3    29.4    28.9
03048 20110801  2.402 -106.89   34.36    33.8    17.8    25.8    24.5     0.0    25.74 R    47.8    18.0    28.9    97.2    23.3    60.8   0.117   0.054   0.051   0.032   0.064    29.7    29.9    29.7    29.2    28.7
03048 20110802  2.402 -106.89   34.36    34.5    18.6    26.6    26.6     0.0    27.97 R    55.4    18.6    33.6    85.0    23.9    49.6   0.114   0.061   0.054   0.031   0.063    33.0    32.5    31.0    29.3    28.5
03048 20110803  2.402 -106.89   34.36    34.1    19.1    26.6    25.3     3.8    22.30 R    60.1    21.7    31.7    85.7    23.8    50.9   0.108   0.065   0.056   0.033   0.063    32.1    32.5    32.2    30.0    28.8
03048 20110804  2.402 -106.89   34.36    33.3    18.7    26.0    25.7     0.0    22.90 R    52.4    19.0    30.5    86.1    24.6    48.0   0.110   0.066   0.055   0.033   0.063    30.9    30.8    30.5    29.8    28.9
03048 20110805  2.402 -106.89   34.36    34.5    19.6    27.0    26.2     0.0    25.28 R    57.4    19.9    33.3    69.9    19.3    42.6   0.109   0.070   0.057   0.032   0.063    33.1    32.8    31.5    29.7    28.8
03048 20110806  2.402 -106.89   34.36    35.0    18.9    27.0    27.5     0.0    26.29 R    57.7    19.4    34.3    70.7    16.3    38.0   0.104   0.072   0.059   0.033   0.064    33.8    33.4    32.2    30.2    28.9
03048 20110807  2.402 -106.89   34.36    37.2    20.0    28.6    30.0     0.0    27.42 R    59.3    20.0    35.9    49.0     9.5    23.3   0.097   0.075   0.061   0.033   0.064    35.0    34.6    33.1    30.6    29.2
03048 20110808  2.402 -106.89   34.36    37.7    18.5    28.1    28.8     0.0    29.40 R    60.7    18.0    34.6    44.2     2.9    16.5   0.086   0.075   0.063   0.033   0.065    34.4    34.1    33.2    31.0    29.6
03048 20110809  2.402 -106.89   34.36    37.2    14.4    25.8    27.8     0.0    26.39 R    62.0    15.1    34.0    36.6     4.7    15.8   0.077   0.075   0.063   0.034   0.065    33.4    33.1    32.5    31.0    29.7
03048 20110810  2.402 -106.89   34.36    36.3    20.2    28.2    29.0     0.0    25.24 R    61.4    19.1    35.6    35.9    14.4    23.4   0.071   0.076   0.064   0.034   0.065    34.7    34.2    33.1    31.1    29.8
03048 20110811  2.402 -106.89   34.36    34.1    23.3    28.7    27.7     0.0    19.79 R    58.0    22.7    34.0    47.4    19.7    33.8   0.066   0.075   0.065   0.034   0.065    34.2    33.9    33.1    31.3    29.9
03048 20110812  2.402 -106.89   34.36    35.5    21.1    28.3    27.3     0.0    25.04 R    60.9    22.4    36.0    67.9    17.4    40.5   0.063   0.074   0.066   0.034   0.065    34.9    34.2    33.1    31.3    30.0
03048 20110813  2.402 -106.89   34.36    35.5    19.5    27.5    26.3     0.0    21.27 R    63.3    20.2    33.4    62.9    20.1    39.9   0.058   0.072   0.066   0.035   0.065    33.8    33.7    33.1    31.4    30.1
03048 20110814  2.402 -106.89   34.36    33.0    18.8    25.9    26.3     0.0    26.65 R    59.4    19.0    34.8    60.7    18.0    38.7   0.056   0.070   0.066   0.034   0.065    33.8    33.3    32.5    31.2    30.1
03048 20110815  2.402 -106.89   34.36    33.3    20.5    26.9    25.2     8.8    19.54 R    62.0    18.8    29.7    67.8    23.6    49.7   0.064   0.066   0.066   0.034   0.065    30.3    31.4    31.9    31.2    30.1
03048 20110816  2.402 -106.89   34.36    34.4    19.9    27.1    26.7     0.0    22.72 R    53.6    18.5    30.1    73.8    17.7    44.3   0.089   0.065   0.063   0.033   0.065    30.3    29.9    29.6    30.1    29.7
03048 20110817  2.402 -106.89   34.36    34.1    20.7    27.4    25.8     1.2    18.66 R    55.8    21.9    30.2    80.0    24.1    48.2   0.088   0.066   0.065   0.033   0.063    31.1    31.4    31.1    30.0    29.4
03048 20110818  2.402 -106.89   34.36    33.0    18.7    25.9    25.5     0.3    22.10 R    54.3    18.1    31.4    91.3    20.2    53.8   0.086   0.066   0.064   0.033   0.064    31.1    30.7    30.2    29.8    29.3
03048 20110819  2.402 -106.89   34.36    32.6    20.0    26.3    25.4     0.6    21.38 R    54.8    20.4    31.6    84.5    27.0    52.9   0.084   0.068   0.066   0.033   0.063    32.0    31.8    31.1    29.9    29.2
03048 20110820  2.402 -106.89   34.36    31.9    18.9    25.4    25.8     0.5    21.36 R    57.0    19.3    32.1    79.8    27.8    46.9   0.080   0.068   0.066   0.033   0.063    32.2    32.0    31.3    30.1    29.2
03048 20110821  2.402 -106.89   34.36    31.9    20.2    26.1    24.3     0.2    19.59 R    60.3    19.3    30.1    76.2    31.1    57.5   0.073   0.067   0.066   0.033   0.064    31.2    31.4    31.2    30.1    29.3
03048 20110822  2.402 -106.89   34.36    33.4    17.1    25.2    25.9     0.0    21.15 R    60.1    17.5    32.1    85.1    26.0    48.1   0.068   0.067   0.066   0.033   0.063    31.5    31.1    30.6    29.9    29.2
03048 20110823  2.402 -106.89   34.36    36.2    18.7    27.5    28.4     0.0    23.04 R    59.5    18.8    34.1    62.7    17.4    34.3   0.065   0.068   0.067   0.033   0.063    33.1    32.4    31.3    30.0    29.2
03048 20110824  2.402 -106.89   34.36    36.5    20.6    28.5    27.6     4.7    20.84 R    63.6    19.7    33.6    84.2    18.6    37.7   0.060   0.067   0.068   0.035   0.063    33.2    33.0    32.0    30.3    29.3
03048 20110825  2.402 -106.89   34.36    35.0    17.6    26.3    26.1     0.0    25.52 R    53.2    18.5    31.2    93.6    18.5    51.0   0.083   0.066   0.067   0.034   0.063    31.8    31.8    31.3    30.3    29.4
03048 20110826  2.402 -106.89   34.36    35.8    17.9    26.8    27.4     0.0    26.14 R    56.0    18.7    34.0    82.1    11.6    39.4   0.087   0.067   0.068   0.034   0.063    33.2    32.8    31.7    30.2    29.4
03048 20110827  2.402 -106.89   34.36    36.2    21.0    28.6    29.2     0.0    25.50 R    59.1    21.7    36.1    51.3    14.2    28.9   0.084   0.068   0.070   0.035   0.063    34.7    34.2    32.7    30.7    29.5
03048 20110828  2.402 -106.89   34.36    36.3    21.5    28.9    28.6     0.0    21.29 R    59.3    21.5    34.3    52.3    16.3    33.1   0.074   0.068   0.070   0.034   0.064    34.2    34.0    33.0    31.1    29.8
03048 20110829  2.402 -106.89   34.36    35.3    21.9    28.6    28.3     0.0    21.53 R    61.3    21.3    34.8    65.5    15.0    33.3   0.065   0.068   0.070   0.034   0.064    34.3    33.9    32.9    31.2    29.9
03048 20110830  2.402 -106.89   34.36    37.0    18.5    27.7    28.9     0.0    24.70 R    59.8    18.2    34.7    47.9     8.0    24.7   0.059   0.066   0.069   0.034   0.064    34.2    33.7    32.7    31.2    30.1
03048 20110831  2.402 -106.89   34.36    37.2    18.5    27.8    26.5     4.6    20.72 R    61.3    18.3    31.8    71.5    12.3    35.5   0.053   0.064   0.069   0.034   0.063    32.1    32.7    32.5    31.2    30.1
03048 20110901  2.402 -106.89   34.36    35.5    18.9    27.2    24.9     0.0    20.23 R    51.7    17.7    28.9    81.3    16.4    49.4   0.063   0.061   0.066   0.035   0.064    29.9    30.1    30.4    30.6    30.0
03048 20110902  2.402 -106.89   34.36    33.8    17.5    25.7    25.7     0.0    22.81 R    53.3    17.4    31.0    85.4    17.1    44.2   0.070   0.062   0.066   0.034   0.063    30.8    30.7    30.3    30.0    29.6
03048 20110903  2.402 -106.89   34.36    34.9    21.3    28.1    26.6     0.0    22.67 R    59.9    21.1    32.9    59.9    14.8    36.3   0.071   0.063   0.067   0.035   0.063    32.6    32.2    31.2    30.1    29.4
03048 20110904  2.402 -106.89   34.36    27.6    17.3    22.4    22.2     0.0    16.46 R    44.4    17.6    26.9    69.2    34.4    53.1   0.063   0.061   0.066   0.035   0.062    29.3    30.0    30.5    30.2    29.4
03048 20110905  2.402 -106.89   34.36    29.2    15.5    22.3    22.9     0.0    24.75 R    54.2    15.3    31.0    65.9    27.5    45.8   0.059   0.061   0.065   0.034   0.062    30.1    29.9    29.5    29.5    29.2
03048 20110906  2.402 -106.89   34.36    31.7    18.7    25.2    22.6     2.3    18.43 R    58.6    17.3    28.2    88.0    24.0    52.6   0.054   0.060   0.066   0.034   0.063    29.1    29.7    29.9    29.5    29.0
03048 20110907  2.402 -106.89   34.36    29.8    16.4    23.1    20.9     1.1    19.73 R    54.7    15.1    26.1    94.1    31.7    69.1   0.056   0.058   0.064   0.033   0.062    27.4    27.9    28.5    29.0    28.8
03048 20110908  2.402 -106.89   34.36    27.3    13.0    20.1    19.9     0.0    21.19 R    51.6    12.1    25.8    74.2    16.6    43.1   0.059   0.056   0.062   0.033   0.062    26.2    26.5    27.2    28.3    28.4
03048 20110909  2.402 -106.89   34.36    26.4    15.6    21.0    19.3     0.6    13.82 R    49.7    14.9    23.4    80.3    20.5    52.5   0.059   0.056   0.061   0.033   0.062    25.5    26.4    27.3    27.9    28.0
03048 20110910  2.402 -106.89   34.36    25.7    14.2    19.9    18.6     0.8    15.57 R    46.7    13.5    22.7    86.0    29.8    61.6   0.056   0.055   0.060   0.032   0.063    24.2    24.9    25.9    27.3    27.6
03048 20110911  2.402 -106.89   34.36    28.5    15.7    22.1    21.7     0.0    22.50 R    52.1    15.0    27.7    78.4    22.5    46.4   0.058   0.057   0.060   0.033   0.062    26.8    26.3    26.0    26.7    27.1
03048 20110912  2.402 -106.89   34.36    24.7    13.8    19.3    19.7     0.0     9.67 R    40.9    13.4    21.6    77.8    28.8    52.5   0.052   0.055   0.060   0.033   0.060    24.3    25.4    26.4    26.9    27.0
03048 20110913  2.402 -106.89   34.36    28.4    13.3    20.9    19.7     1.8    19.43 R    56.0    13.2    25.4    81.8    27.6    55.4   0.051   0.055   0.059   0.033   0.061    25.6    25.6    25.7    26.4    26.7
03048 20110914  2.402 -106.89   34.36    25.6    13.3    19.4    18.4     4.7    16.14 R    47.9    13.5    21.6    91.4    32.3    62.4   0.052   0.054   0.059   0.033   0.062    23.2    24.2    25.3    26.2    26.5
03048 20110915  2.402 -106.89   34.36    24.6    11.6    18.1    17.7     0.0    15.34 R    34.7    11.3    19.5    95.8    33.5    66.9   0.072   0.051   0.057   0.031   0.060    20.8    22.0    23.6    25.5    26.1
03048 20110916  2.402 -106.89   34.36    26.3    10.1    18.2    18.1     0.0    19.41 R    42.8    10.0    21.8    92.9    32.5    61.1   0.076   0.052   0.056   0.031   0.060    22.4    22.8    23.3    24.8    25.6
03048 20110917  2.402 -106.89   34.36    27.7    11.5    19.6    19.2     2.0    20.22 R    49.4    10.9    23.3    83.6    21.6    55.6   0.077   0.054   0.057   0.031   0.061    23.6    23.9    24.0    24.7    25.2
03048 20110918  2.402 -106.89   34.36    27.7     9.6    18.7    19.2     0.0    22.78 R    43.7    10.0    23.0    95.7    22.1    52.4   0.079   0.054   0.057   0.031   0.061    23.4    23.6    24.0    24.7    25.1
03048 20110919  2.402 -106.89   34.36    30.3    10.4    20.3    21.2     0.0    22.24 R    48.0    11.0    25.8    79.9    17.0    39.2   0.080   0.056   0.058   0.031   0.060    25.3    25.1    24.7    24.7    25.0
03048 20110920  2.402 -106.89   34.36    31.0    10.9    20.9    22.4     0.0    23.26 R    49.4    11.8    27.0    70.9    13.3    31.9   0.080   0.058   0.059   0.031   0.060    26.6    26.4    25.7    25.1    25.1
03048 20110921  2.402 -106.89   34.36    29.2    13.5    21.3    21.3     0.0    19.74 R    51.0    12.8    25.4    47.3    14.0    30.4   0.076   0.058   0.060   0.031   0.062    26.0    26.2    26.1    25.5    25.3
03048 20110922  2.402 -106.89   34.36    27.5    10.4    18.9    19.6     0.0    23.25 R    47.2    11.3    24.4    66.2    15.6    34.3   0.070   0.057   0.059   0.032   0.061    25.0    25.3    25.4    25.5    25.4
03048 20110923  2.402 -106.89   34.36    30.2     8.1    19.1    20.0     0.0    23.33 R    49.1     9.0    24.7    67.9     9.8    27.9   0.065   0.057   0.059   0.031   0.061    25.0    25.1    25.2    25.3    25.3
03048 20110924  2.402 -106.89   34.36    31.1     7.6    19.3    20.4     0.0    23.18 R    49.1     7.5    24.6    48.4     8.3    19.6   0.059   0.057   0.059   0.030   0.061    24.8    24.9    25.0    25.2    25.2
03048 20110925  2.402 -106.89   34.36    31.6     8.0    19.8    21.2     0.0    21.31 R    50.2     7.6    25.2    35.2     7.7    18.7   0.054   0.056   0.059   0.030   0.061    25.1    25.0    25.0    25.1    25.2
03048 20110926  2.402 -106.89   34.36    30.9    12.3    21.6    22.3     0.0    21.78 R    50.0    11.0    26.5    44.4    10.8    25.3   0.052   0.055   0.060   0.031   0.060    26.4    26.1    25.6    25.2    25.2
03048 20110927  2.402 -106.89   34.36    31.1    12.8    21.9    22.6     0.0    20.60 R    51.4    11.7    27.1    47.5    12.4    25.9   0.049   0.055   0.060   0.032   0.061    26.9    26.5    26.0    25.4    25.2
03048 20110928  2.402 -106.89   34.36    30.9    12.1    21.5    21.9     0.0    22.00 R    50.5    11.8    26.7    50.4    10.4    26.3   0.046   0.054   0.061   0.033   0.060    27.0    26.8    26.2    25.6    25.3
03048 20110929  2.402 -106.89   34.36    31.8    10.1    21.0    21.4     0.0    20.47 R    53.1     9.9    25.9    40.9    10.1    24.1   0.043   0.052   0.060   0.034   0.060    26.3    26.1    26.0    25.6    25.4
03048 20110930  2.402 -106.89   34.36    26.5    12.7    19.6    19.6     0.0    21.16 R    47.5    11.0    24.9    41.5    19.5    29.7   0.041   0.051   0.060   0.034   0.060    26.1    26.1    25.9    25.6    25.4
03048 20111001  2.402 -106.89   34.36    28.6    13.8    21.2    21.0     0.0    21.26 R    49.2    11.8    25.4    47.5    12.3    29.5   0.040   0.050   0.059   0.033   0.060    25.5    25.4    25.5    25.5    25.4
03048 20111002  2.402 -106.89   34.36    27.0    11.2    19.1    18.7     0.0    13.28 R    49.0    10.8    21.3    65.2    23.1    42.8   0.037   0.047   0.058   0.032   0.061    23.4    24.2    24.9    25.3    25.3
03048 20111003  2.402 -106.89   34.36    25.9     9.9    17.9    17.8     0.0    10.03 R    42.0    10.5    20.1    76.2    28.5    51.4   0.036   0.045   0.056   0.030   0.060    21.6    22.4    23.5    24.7    25.1
03048 20111004  2.402 -106.89   34.36    18.6    12.1    15.4    15.0     7.2     7.34 R    31.2    12.0    16.8    93.1    48.4    73.8   0.038   0.043   0.055   0.029   0.060    19.4    21.0    22.7    24.1    24.7
03048 20111005  2.402 -106.89   34.36    21.7    10.1    15.9    15.9     2.8    17.12 R    30.5    10.0    17.0    97.8    35.5    64.5   0.098   0.042   0.053   0.029   0.058    18.4    19.4    20.9    23.1    24.1
03048 20111006  2.402 -106.89   34.36    24.5     9.0    16.8    16.5     0.0    16.84 R    35.4     8.3    16.7    64.5    16.1    43.1   0.095   0.045   0.052   0.029   0.057    18.3    19.1    20.4    22.4    23.5
03048 20111007  2.402 -106.89   34.36    14.9     6.5    10.7     9.9     6.8     7.36 R    28.1     4.7    11.9    92.5    50.8    69.8   0.098   0.043   0.050   0.030   0.058    14.1    15.8    18.8    21.8    23.0
03048 20111008  2.402 -106.89   34.36    15.4     3.2     9.3     9.4     0.0    18.30 R    24.8     2.0    10.6    82.9    26.6    54.8   0.122   0.044   0.048   0.028   0.057    12.6    13.7    16.3    20.3    22.2
03048 20111009  2.402 -106.89   34.36    17.8     3.7    10.8    11.1     0.0    20.31 R    30.5     3.8    14.0    87.2    31.3    55.2   0.116   0.058   0.048   0.027   0.056    14.9    15.4    16.5    19.4    21.3
03048 20111010  2.402 -106.89   34.36    21.7     3.7    12.7    13.0     0.0    20.51 R    34.5     3.2    15.8    89.0    18.3    48.8   0.111   0.069   0.050   0.027   0.054    16.5    16.7    17.4    19.2    20.8
03048 20111011  2.402 -106.89   34.36    25.7     7.2    16.5    16.8     0.0    20.21 R    37.0     7.1    18.7    79.1    12.2    36.7   0.108   0.075   0.051   0.027   0.053    18.9    18.8    18.7    19.5    20.6
03048 20111012  2.402 -106.89   34.36    24.2     7.5    15.8    16.1     0.0    20.34 R    36.4     6.4    18.1    62.0    16.0    33.9   0.104   0.077   0.052   0.028   0.054    19.1    19.2    19.5    20.0    20.8
03048 20111013  2.402 -106.89   34.36    25.4     6.0    15.7    15.4     0.0    20.15 R    38.9     5.4    18.4    63.1    14.1    33.1   0.101   0.077   0.052   0.029   0.055    19.1    19.1    19.3    20.1    20.8
03048 20111014  2.402 -106.89   34.36    26.9     3.8    15.3    16.2     0.0    19.87 R    39.4     4.8    18.8    76.2    13.6    34.4   0.098   0.078   0.053   0.029   0.054    19.6    19.5    19.7    20.2    20.9
03048 20111015  2.402 -106.89   34.36    27.6     5.9    16.8    16.8     0.0    19.83 R    41.3     5.9    19.4    64.4    10.0    30.6   0.096   0.078   0.053   0.029   0.055    20.1    20.0    20.0    20.4    21.0
03048 20111016  2.402 -106.89   34.36    29.3     5.6    17.4    18.3     0.0    19.45 R    41.9     5.8    20.3    62.9     9.6    28.1   0.093   0.078   0.054   0.028   0.054    20.6    20.4    20.3    20.5    21.1
03048 20111017  2.402 -106.89   34.36    27.0    11.7    19.3    20.8     0.0    19.24 R    38.4     9.4    20.5    23.7     8.6    16.3   0.089   0.079   0.055   0.028   0.055    21.3    21.3    21.2    20.9    21.2
03048 20111018  2.402 -106.89   34.36    21.0     5.6    13.3    13.4     0.0    19.30 R    37.2     5.7    16.9    61.6    17.2    33.5   0.083   0.076   0.055   0.029   0.055    18.9    19.2    20.0    20.8    21.3
03048 20111019  2.402 -106.89   34.36    21.6     2.5    12.0    13.2     0.0    19.06 R    36.0     2.1    16.0    64.0    17.8    34.8   0.079   0.074   0.054   0.028   0.056    17.4    17.7    18.8    20.3    21.2
03048 20111020  2.402 -106.89   34.36    25.9     6.4    16.2    16.5     0.0    18.90 R    39.2     4.8    17.9    53.0    11.7    25.3   0.077   0.074   0.054   0.028   0.055    18.6    18.6    18.9    19.9    20.9
03048 20111021  2.402 -106.89   34.36    26.3     3.5    14.9    15.7     0.0    18.74 R    39.0     3.2    17.6    46.8     8.8    22.2   0.073   0.074   0.054   0.028   0.055    18.6    18.6    19.0    19.9    20.7
03048 20111022  2.402 -106.89   34.36    25.7     2.9    14.3    14.9     0.0    18.56 R    37.6     2.8    16.7    45.2    10.0    22.9   0.070   0.073   0.054   0.028   0.055    18.1    18.3    18.9    19.8    20.6
03048 20111023  2.402 -106.89   34.36    24.1     3.1    13.6    13.9     0.0    18.46 R    37.7     3.1    16.2    47.1    11.2    25.2   0.067   0.073   0.054   0.028   0.055    17.7    17.9    18.5    19.6    20.5
03048 20111024  2.402 -106.89   34.36    27.2     2.8    15.0    16.0     0.0    16.23 R    39.6     2.5    17.8    51.0    11.4    28.4   0.065   0.072   0.054   0.028   0.055    17.9    17.8    18.2    19.3    20.4
03048 20111025  2.402 -106.89   34.36    24.7    10.3    17.5    19.0     0.0    12.57 R    37.6     9.3    20.2    62.9    22.6    36.9   0.064   0.074   0.056   0.028   0.056    20.7    20.4    20.0    19.6    20.3
03048 20111026  2.402 -106.89   34.36    25.1     6.2    15.6    15.0     0.0    14.25 R    38.2     6.8    17.3    70.5    13.9    43.8   0.061   0.072   0.056   0.029   0.055    18.6    18.9    19.4    19.9    20.5
03048 20111027  2.402 -106.89   34.36    12.7     4.2     8.4     7.5     0.0    15.11 R    30.4     3.9    12.4    64.5    41.5    53.7   0.058   0.069   0.055   0.029   0.055    16.2    17.0    18.3    19.7    20.5
03048 20111028  2.402 -106.89   34.36    16.7    -0.3     8.2     8.2     0.0    17.61 R    32.1    -0.3    11.5    86.3    17.8    51.7   0.056   0.067   0.053   0.027   0.056    14.3    15.0    16.5    18.8    20.2
03048 20111029  2.402 -106.89   34.36    19.6    -0.4     9.6     9.5     0.0    17.19 R    33.2    -0.8    12.4    67.3    22.4    41.9   0.055   0.065   0.052   0.028   0.054    14.4    14.7    15.8    18.1    19.6
03048 20111030  2.402 -106.89   34.36    19.9     0.3    10.1    10.8     0.0    17.30 R    33.1     0.0    12.7    61.4    14.6    31.1   0.054   0.065   0.053   0.028   0.056    14.6    14.9    15.8    17.7    19.2
03048 20111031  2.402 -106.89   34.36    22.6    -0.2    11.2    12.1     0.0    16.58 R    36.1    -0.4    13.4    54.8    12.5    29.1   0.053   0.065   0.053   0.029   0.053    14.8    15.0    15.7    17.5    18.9
03048 20111101  2.402 -106.89   34.36    24.9     1.1    13.0    14.8     0.0    16.84 R    34.7     0.5    15.2    51.2    10.5    24.1   0.052   0.065   0.053   0.029   0.054    15.9    15.9    16.2    17.4    18.7
03048 20111102  2.402 -106.89   34.36    15.2     2.7     9.0     8.9     0.0    17.06 R    25.7     0.4    10.1    38.1    14.7    24.3   0.050   0.064   0.054   0.028   0.053    14.1    15.1    16.3    17.5    18.7
03048 20111103  2.402 -106.89   34.36    14.0    -3.8     5.1     5.8     0.0    16.56 R    27.5    -4.0     8.4    63.0    16.7    33.8   0.046   0.061   0.051   0.027   0.053    11.4    12.2    14.0    16.8    18.4
03048 20111104  2.402 -106.89   34.36    19.7    -0.9     9.4    10.5     0.0    15.84 R    29.6    -0.3    11.4    46.1    18.5    29.6   0.047   0.061   0.051   0.026   0.052    12.5    12.8    13.8    16.2    17.9
03048 20111105  2.402 -106.89   34.36    13.7     3.8     8.8    10.3     0.0    12.01 R    22.5     3.2    10.3    73.7    16.0    35.1   0.047   0.061   0.052   0.025   0.050    13.2    13.7    14.6    16.1    17.6
03048 20111106  2.402 -106.89   34.36    13.4    -1.7     5.8     7.3     0.0    15.99 R    27.1    -2.7     9.7    65.4    25.1    41.3   0.045   0.060   0.051   0.025   0.050    12.0    12.5    13.6    15.9    17.5
03048 20111107  2.402 -106.89   34.36    15.0    -0.5     7.3     7.0     0.0    13.27 R    28.1    -1.9     8.7    64.9    20.7    42.6   0.044   0.059   0.051   0.025   0.053    11.5    12.3    13.5    15.6    17.2
03048 20111108  2.402 -106.89   34.36    12.2    -0.8     5.7     5.9     0.0    12.04 R    25.1    -1.9     6.9    58.3    29.3    43.6   0.042   0.057   0.050   0.026   0.053     9.8    10.8    12.5    15.2    16.9
03048 20111109  2.402 -106.89   34.36    11.0    -5.0     3.0     3.0     0.0    15.60 R    23.0    -5.4     5.0    79.4    26.1    49.8   0.041   0.055   0.048   0.025   0.052     8.6     9.6    11.4    14.5    16.5
03048 20111110  2.402 -106.89   34.36    12.8    -5.9     3.4     3.2     0.0    15.76 R    24.1    -6.8     4.8    63.0    17.9    40.7   0.040   0.054   0.048   0.025   0.050     8.0     8.8    10.6    13.8    16.0
03048 20111111  2.402 -106.89   34.36    12.4    -2.7     4.9     5.8     0.0     8.84 R    20.5    -2.3     7.2    51.6    19.0    31.9   0.040   0.054   0.047   0.024   0.051     8.3     8.9    10.4    13.4    15.5
03048 20111112  2.402 -106.89   34.36    19.3     5.6    12.4    12.6     0.0    10.70 R    28.6     3.2    12.4    37.8    16.1    25.7   0.043   0.057   0.049   0.024   0.050    12.3    12.0    12.0    13.4    15.2
03048 20111113  2.402 -106.89   34.36    14.0     7.9    11.0    11.3     0.3     3.48 R    17.4     5.7    10.2    76.2    28.6    51.1   0.041   0.056   0.050   0.026   0.049    11.3    12.0    12.8    13.9    15.3
03048 20111114  2.402 -106.89   34.36    16.9     3.7    10.3    10.0     0.0    13.50 R    26.9     1.0     9.8    72.3    23.4    46.4   0.042   0.056   0.050   0.026   0.049    11.3    11.6    12.3    13.9    15.4
03048 20111115  2.402 -106.89   34.36    16.8    -0.3     8.3     8.4     0.0    14.90 R    27.3    -2.1     8.4    73.8    22.8    44.2   0.041   0.055   0.050   0.025   0.050    10.6    11.0    12.0    13.8    15.3
03048 20111116  2.402 -106.89   34.36    15.8    -1.0     7.4     9.0     0.0    14.80 R    25.8    -2.2     9.1    64.9    13.9    33.1   0.041   0.055   0.050   0.026   0.051    11.3    11.6    12.3    13.8    15.2
03048 20111117  2.402 -106.89   34.36    16.2    -5.4     5.4     6.0     0.0    14.74 R    24.5    -5.6     6.6    46.6    18.3    30.2   0.039   0.053   0.049   0.025   0.051     9.2     9.8    11.3    13.6    15.1
03048 20111118  2.402 -106.89   34.36    20.2    -2.8     8.7    10.6     0.0    14.56 R    27.3    -2.9     9.9    69.9    12.6    35.3   0.041   0.054   0.049   0.024   0.051    11.2    11.1    11.6    13.3    14.9
03048 20111119  2.402 -106.89   34.36    16.4     7.9    12.1    12.3     0.0    10.81 R    26.4     2.4    11.2    40.7    15.9    27.5   0.041   0.054   0.050   0.025   0.051    12.0    12.1    12.5    13.5    14.9
03048 20111120  2.402 -106.89   34.36    19.1     8.5    13.8    13.5     0.0    14.07 R    27.6     5.7    13.5    44.2    12.7    27.2   0.042   0.056   0.051   0.026   0.051    14.0    13.6    13.4    13.8    15.0
03048 20111121  2.402 -106.89   34.36    14.8     2.6     8.7     7.7     0.0     6.77 R    22.0     0.4     7.7    80.7    30.6    54.7   0.038   0.053   0.051   0.026   0.050    11.0    12.0    13.2    14.2    15.2
03048 20111122  2.402 -106.89   34.36    14.4    -1.0     6.7     6.5     0.0    14.13 R    23.3    -3.3     6.7    90.4    30.5    57.4   0.037   0.051   0.049   0.025   0.051     9.5    10.2    11.5    13.7    15.1
03048 20111123  2.402 -106.89   34.36    15.7    -4.1     5.8     5.7     0.0    14.22 R    23.3    -4.7     5.8    80.6    22.8    48.6   0.036   0.050   0.048   0.024   0.050     8.9     9.6    10.9    13.2    14.8
03048 20111124  2.402 -106.89   34.36    14.7    -2.6     6.1     6.4     0.0     8.57 R    20.2    -2.8     6.3    81.9    25.1    46.7   0.035   0.049   0.047   0.024   0.049     8.0     8.7    10.3    12.8    14.5
03048 20111125  2.402 -106.89   34.36    15.2     4.7    10.0    10.6     0.3     6.86 R    20.0     1.5     8.9    81.7    25.8    51.6   0.037   0.051   0.049   0.023   0.051    10.2    10.6    11.1    12.6    14.2
03048 20111126  2.402 -106.89   34.36    11.1    -3.9     3.6     5.9     0.0    14.16 R    18.7    -5.4     4.6    43.3    12.3    23.9   0.036   0.049   0.048   0.023   0.051     8.0     9.0    10.5    12.6    14.1
03048 20111127  2.402 -106.89   34.36    11.3    -9.1     1.1     1.5     0.0    13.94 R    19.4    -9.7     1.7    54.4    12.0    29.0   0.032   0.046   0.046   0.023   0.049     5.6     6.6     8.7    12.0    13.8
03048 20111128  2.402 -106.89   34.36    16.9    -6.6     5.1     4.8     0.0    13.60 R    22.2    -7.4     4.0    52.9    12.3    27.2   0.033   0.046   0.045   0.022   0.049     6.4     6.9     8.3    11.3    13.4
03048 20111129  2.402 -106.89   34.36    14.8    -0.2     7.3     6.6     0.0    12.40 R    21.9    -2.9     5.7    45.7    17.2    29.7   0.035   0.047   0.046   0.021   0.047     7.6     8.1     9.0    11.1    13.0
03048 20111130  2.402 -106.89   34.36    15.5    -6.3     4.6     5.5     0.0    13.72 R    20.7    -7.3     4.3    56.8    20.2    35.7   0.033   0.046   0.045   0.022   0.046     6.7     7.3     8.6    11.0    12.9
03048 20111201  2.402 -106.89   34.36    13.0    -2.7     5.1     5.8     0.0    13.01 R    17.1    -4.1     4.5    64.7    23.9    43.6   0.033   0.047   0.046   0.022   0.047     7.5     8.1     9.1    11.0    12.8
03048 20111202  2.402 -106.89   34.36     4.9    -1.3     1.8     0.5     4.5     3.53 R    11.1    -2.5     2.0    99.1    51.0    77.3   0.031   0.043   0.045   0.022   0.048     4.3     5.9     8.1    10.8    12.6
03048 20111203  2.402 -106.89   34.36     5.8    -5.3     0.3     1.3     0.8     9.03 R    15.3     1.2     5.9    96.9    57.3    85.0   0.061   0.043   0.044   0.021   0.047     4.3     5.3     7.1    10.1    12.3
03048 20111204  2.402 -106.89   34.36     3.5    -5.7    -1.1    -1.4     0.4     8.46 R    13.2     0.0     3.9    98.4    63.1    86.7   0.049   0.041   0.043   0.021   0.047     2.7     3.8     6.1     9.6    11.9
03048 20111205  2.402 -106.89   34.36    -2.0   -12.8    -7.4    -6.2     1.1     6.23 R     3.0   -11.4    -2.1    86.0    54.3    68.0 -99.000   0.041   0.042   0.022   0.045     1.0     2.6     5.3     9.0    11.4
03048 20111206  2.402 -106.89   34.36    -4.2   -18.0   -11.1   -10.7     0.0    13.36 R     5.6   -16.4    -6.1    89.0    54.8    73.1 -99.000 -99.000   0.039   0.022   0.046    -3.1    -1.2     2.5     7.9    10.8
03048 20111207  2.402 -106.89   34.36     0.8   -15.4    -7.3    -7.4     0.0    13.04 R     7.6   -14.2    -4.2    90.4    39.8    69.8 -99.000 -99.000   0.038   0.020   0.045    -2.6    -1.4     1.4     6.7     9.8
03048 20111208  2.402 -106.89   34.36     2.8   -13.4    -5.3    -5.5     0.0    13.21 R     9.0   -13.0    -3.0    90.1    43.9    72.4 -99.000 -99.000   0.038   0.019   0.045    -1.4    -0.5     1.7     6.0     9.1
03048 20111209  2.402 -106.89   34.36     5.3   -10.4    -2.6    -3.0     0.0    13.13 R    10.8    -9.6    -1.4    91.7    41.6    68.3 -99.000 -99.000   0.038   0.018   0.044    -0.5     0.2     2.0     5.8     8.7
03048 20111210  2.402 -106.89   34.36     4.4   -11.1    -3.4    -3.8     0.0    12.96 R    10.1   -11.1    -2.3    91.8    43.9    72.8 -99.000 -99.000   0.039   0.017   0.045    -0.4     0.4     2.2     5.7     8.3
03048 20111211  2.402 -106.89   34.36     6.8   -11.1    -2.2    -2.9     0.0    12.16 R    11.3   -10.7    -1.7    91.9    47.8    75.4 -99.000 -99.000   0.038   0.017   0.046    -0.2     0.5     2.2     5.5     8.0
03048 20111212  2.402 -106.89   34.36     2.4    -4.5    -1.1    -0.2    10.2     1.80 R     4.9    -4.9     1.6    99.1    79.4    90.8 -99.000   0.042   0.038   0.017   0.044     0.8     1.3     2.7     5.5     8.1
03048 20111213  2.402 -106.89   34.36     5.8     1.3     3.5     3.6     6.2     2.61 R     8.8     2.3     5.1    98.8    73.3    93.3   0.157   0.116   0.045   0.018   0.045     3.7     3.8     4.0     5.7     8.0
03048 20111214  2.402 -106.89   34.36     8.5    -0.7     3.9     4.1     0.0    13.46 R    13.9    -0.1     4.3    96.0    44.4    62.0   0.150   0.137   0.075   0.019   0.045     4.6     4.8     5.1     6.4     8.2
03048 20111215  2.402 -106.89   34.36     6.4    -4.1     1.2     1.1     0.0    10.98 R    10.6    -3.6     1.9    87.5    47.5    67.1   0.116   0.127   0.077   0.020   0.045     2.8     3.3     4.4     6.6     8.4
03048 20111216  2.402 -106.89   34.36     6.2    -5.6     0.3     0.3     0.0    12.56 R     9.8    -4.1     1.4    91.3    47.9    71.0   0.101   0.121   0.080   0.019   0.045     2.2     2.6     3.6     6.3     8.3
03048 20111217  2.402 -106.89   34.36     8.5    -2.9     2.8     2.0     0.0    11.65 R    14.9    -1.3     3.5    90.3    39.9    65.7   0.110   0.119   0.082   0.019   0.044     3.1     3.3     3.9     6.0     8.2
03048 20111218  2.402 -106.89   34.36     7.0    -4.5     1.3     1.4     4.1     5.85 R    10.6    -3.7     3.0    97.5    62.0    83.5   0.102   0.116   0.085   0.019   0.043     2.5     2.9     3.8     6.1     8.1
03048 20111219  2.402 -106.89   34.36     4.2     0.5     2.4     2.4    15.1     2.79 R     8.4     3.1     5.0    97.8    83.2    93.4   0.183   0.173   0.143   0.020   0.043     3.4     3.7     4.2     6.0     8.1
03048 20111220  2.402 -106.89   34.36     5.4    -1.9     1.8     1.3     0.0     8.34 R    13.8     1.6     5.3    99.7    74.1    92.3   0.163   0.166   0.160   0.019   0.043     4.1     4.3     4.6     6.0     8.0
03048 20111221  2.402 -106.89   34.36     6.3    -2.3     2.0     1.3     0.0     4.50 R    10.8     1.6     4.2   100.0    48.6    83.6   0.150   0.154   0.153   0.020   0.044     3.3     3.8     4.5     6.1     8.0
03048 20111222  2.402 -106.89   34.36     7.3    -4.5     1.4     0.9     4.5     6.03 R    14.4    -1.1     3.5    94.1    49.4    78.1   0.145   0.151   0.149   0.019   0.044     3.2     3.7     4.4     5.9     7.9
03048 20111223  2.402 -106.89   34.36    -1.7    -7.5    -4.6    -3.7     1.0     6.37 R     4.1    -3.2    -0.4    88.1    64.1    76.2   0.131   0.157   0.154   0.018   0.045     1.4     2.2     3.4     5.6     7.8
03048 20111224  2.402 -106.89   34.36    -1.7   -12.3    -7.0    -7.2     0.0    12.88 R     3.9    -8.4    -2.6    91.4    62.1    76.3 -99.000   0.144   0.148   0.018   0.048    -0.2     0.8     2.2     4.8     7.0
03048 20111225  2.402 -106.89   34.36    -0.3   -12.4    -6.3    -6.7     0.0    12.63 R     5.0    -9.0    -2.8    92.7    53.8    76.3 -99.000   0.190   0.138   0.019   0.047    -0.6     0.3     1.6     4.1     6.5
03048 20111226  2.402 -106.89   34.36     2.3   -12.3    -5.0    -5.6     0.0    12.55 R     6.2    -9.6    -2.5    91.0    51.2    77.2 -99.000 -99.000   0.131   0.020   0.044    -0.8    -0.1     1.2     3.6     6.1
03048 20111227  2.402 -106.89   34.36     4.9    -9.7    -2.4    -3.7     0.0    12.82 R     7.5    -7.0    -1.3    92.9    48.1    76.0 -99.000 -99.000   0.126   0.020   0.043    -0.8    -0.1     1.0     3.2     5.8
03048 20111228  2.402 -106.89   34.36     6.7    -8.4    -0.8    -0.9     0.0    12.48 R    10.0    -5.8    -0.2    89.0    42.0    66.7 -99.000 -99.000   0.124   0.019   0.042    -0.5    -0.1     0.9     3.0     5.3
03048 20111229  2.402 -106.89   34.36     9.7    -5.2     2.3     1.8     0.0    12.56 R    11.7    -3.7     1.5    87.7    32.4    64.4 -99.000   0.164   0.127   0.020   0.040     0.7     0.7     1.2     2.9     5.3
03048 20111230  2.402 -106.89   34.36    11.2    -3.9     3.7     2.7     0.0    12.48 R    13.5    -3.2     2.5    92.8    46.1    73.3 -99.000   0.139   0.132   0.022   0.041     2.3     2.1     2.1     3.2     5.4
03048 20111231  2.402 -106.89   34.36    17.9    -4.3     6.8     4.9     0.0    12.50 R    15.8    -3.3     3.4    95.6    17.6    64.4   0.105   0.135   0.134   0.022   0.041     3.2     3.1     3.1     3.8     5.7
