53150 20110101  2.302 -119.82   37.76    -0.4    -5.7    -3.0    -2.0    16.5     2.03 R     5.3    -5.9    -2.1 -9999.0 -9999.0 -9999.0 -99.000 -99.000 -99.000 -99.000 -99.000 -9999.0 -9999.0 -9999.0 -9999.0 -9999.0
53150 20110102  2.302 -119.82   37.76    -1.4    -3.3    -2.3    -2.2 -9999.0     2.01 R     5.1    -4.2    -2.1 -9999.0 -9999.0 -9999.0 -99.000 -99.000 -99.000 -99.000 -99.000 -9999.0 -9999.0 -9999.0 -9999.0 -9999.0
53150 20110103  2.302 -119.82   37.76    -1.6    -4.4    -3.0    -3.0 -9999.0     6.40 R     9.1   -14.6    -6.7 -9999.0 -9999.0 -9999.0 -99.000 -99.000 -99.000 -99.000 -99.000 -9999.0 -9999.0 -9999.0 -9999.0 -9999.0
53150 20110104  2.302 -119.82   37.76     1.4    -4.6    -1.6    -1.5 -9999.0    12.19 R    -1.2   -16.0    -8.3 -9999.0 -9999.0 -9999.0 -99.000 -99.000 -99.000 -99.000 -99.000 -9999.0 -9999.0 -9999.0 -9999.0 -9999.0
53150 20110105  2.302 -119.82   37.76     7.1     0.3     3.7     4.7 -9999.0    12.23 R     0.2   -13.6    -7.7 -9999.0 -9999.0 -9999.0 -99.000 -99.000 -99.000 -99.000 -99.000 -9999.0 -9999.0 -9999.0 -9999.0 -9999.0
53150 20110106  2.302 -119.82   37.76     9.3     5.5     7.4     7.4 -9999.0    11.39 R     0.8   -13.2    -6.4 -9999.0 -9999.0 -9999.0 -99.000 -99.000 -99.000 -99.000 -99.000 -9999.0 -9999.0 -9999.0 -9999.0 -9999.0
53150 20110107  2.302 -119.82   37.76     7.2     2.2     4.7     4.3 -9999.0    11.68 R     0.2   -11.1    -4.5 -9999.0 -9999.0 -9999.0 -99.000 -99.000 -99.000 -99.000 -99.000 -9999.0 -9999.0 -9999.0 -9999.0 -9999.0
53150 20110108  2.302 -119.82   37.76     6.2     1.2     3.7     3.4     0.0     9.65 R     0.6   -10.3    -3.8 -9999.0 -9999.0 -9999.0 -99.000 -99.000 -99.000 -99.000 -99.000 -9999.0 -9999.0 -9999.0 -9999.0 -9999.0
53150 20110109  2.302 -119.82   37.76     2.1    -3.5    -0.7    -0.1     0.0    11.99 R     0.1   -17.3    -9.7 -9999.0 -9999.0 -9999.0 -99.000 -99.000 -99.000 -99.000 -99.000 -9999.0 -9999.0 -9999.0 -9999.0 -9999.0
53150 20110110  2.302 -119.82   37.76     3.8    -1.9     0.9     0.9     0.0    10.85 R     0.1   -17.7    -9.4 -9999.0 -9999.0 -9999.0 -99.000 -99.000 -99.000 -99.000 -99.000 -9999.0 -9999.0 -9999.0 -9999.0 -9999.0
53150 20110111  2.302 -119.82   37.76     3.6    -2.1     0.7     0.8     6.4     2.15 R     0.8    -6.5    -1.4 -9999.0 -9999.0 -9999.0 -99.000 -99.000 -99.000 -99.000 -99.000 -9999.0 -9999.0 -9999.0 -9999.0 -9999.0
53150 20110112  2.302 -119.82   37.76     6.6    -0.3     3.2     4.2     0.0    12.24 R     0.9    -6.7    -1.7 -9999.0 -9999.0 -9999.0 -99.000 -99.000 -99.000 -99.000 -99.000 -9999.0 -9999.0 -9999.0 -9999.0 -9999.0
53150 20110113  2.302 -119.82   37.76     8.4     2.9     5.7     5.3     2.2     4.45 R     4.5    -5.7    -1.9 -9999.0 -9999.0 -9999.0 -99.000 -99.000 -99.000 -99.000 -99.000 -9999.0 -9999.0 -9999.0 -9999.0 -9999.0
53150 20110114  2.302 -119.82   37.76    13.6     4.4     9.0    10.1     0.0    12.03 R     1.1    -6.1    -1.4 -9999.0 -9999.0 -9999.0 -99.000 -99.000 -99.000 -99.000 -99.000 -9999.0 -9999.0 -9999.0 -9999.0 -9999.0
53150 20110115  2.302 -119.82   37.76    13.2     8.3    10.7    10.5     0.0    11.75 R     1.1    -0.6     0.5 -9999.0 -9999.0 -9999.0 -99.000 -99.000 -99.000 -99.000 -99.000 -9999.0 -9999.0 -9999.0 -9999.0 -9999.0
53150 20110116  2.302 -119.82   37.76    11.6     7.9     9.8     9.8     0.0    10.71 R     1.0     0.2     0.6 -9999.0 -9999.0 -9999.0 -99.000 -99.000 -99.000 -99.000 -99.000 -9999.0 -9999.0 -9999.0 -9999.0 -9999.0
53150 20110117  2.302 -119.82   37.76    14.5     9.3    11.9    11.5     0.0    12.75 R     1.2    -1.0     0.5 -9999.0 -9999.0 -9999.0 -99.000 -99.000 -99.000 -99.000 -99.000 -9999.0 -9999.0 -9999.0 -9999.0 -9999.0
53150 20110118  2.302 -119.82   37.76    13.1     6.6     9.9    10.9     0.0    12.90 R     1.1    -2.6    -0.5 -9999.0 -9999.0 -9999.0 -99.000 -99.000 -99.000 -99.000 -99.000 -9999.0 -9999.0 -9999.0 -9999.0 -9999.0
53150 20110119  2.302 -119.82   37.76    10.0     4.2     7.1     6.7     0.0    13.15 R     0.7    -4.9    -1.7 -9999.0 -9999.0 -9999.0 -99.000 -99.000 -99.000 -99.000 -99.000 -9999.0 -9999.0 -9999.0 -9999.0 -9999.0
53150 20110120  2.302 -119.82   37.76     9.8     4.3     7.0     7.0     0.0    13.17 R     0.8    -6.4    -2.3 -9999.0 -9999.0 -9999.0 -99.000 -99.000 -99.000 -99.000 -99.000 -9999.0 -9999.0 -9999.0 -9999.0 -9999.0
53150 20110121  2.302 -119.82   37.76    11.9     7.0     9.4     9.8     0.0    13.05 R     1.3    -3.6    -0.8 -9999.0 -9999.0 -9999.0 -99.000 -99.000 -99.000 -99.000 -99.000 -9999.0 -9999.0 -9999.0 -9999.0 -9999.0
53150 20110122  2.302 -119.82   37.76    11.2     7.8     9.5     9.4     0.0    12.64 R     1.0    -6.3    -1.8 -9999.0 -9999.0 -9999.0 -99.000 -99.000 -99.000 -99.000 -99.000 -9999.0 -9999.0 -9999.0 -9999.0 -9999.0
53150 20110123  2.302 -119.82   37.76    10.4     6.5     8.4     8.1     0.0    12.18 R     1.0    -6.9    -2.5 -9999.0 -9999.0 -9999.0 -99.000 -99.000 -99.000 -99.000 -99.000 -9999.0 -9999.0 -9999.0 -9999.0 -9999.0
53150 20110124  2.302 -119.82   37.76     9.8     5.6     7.7     8.3     0.0    13.05 R     0.9    -3.9    -1.0 -9999.0 -9999.0 -9999.0 -99.000 -99.000 -99.000 -99.000 -99.000 -9999.0 -9999.0 -9999.0 -9999.0 -9999.0
53150 20110125  2.302 -119.82   37.76    11.4     7.5     9.4     9.0     0.0    13.82 R     1.0    -4.5    -1.2 -9999.0 -9999.0 -9999.0 -99.000 -99.000 -99.000 -99.000 -99.000 -9999.0 -9999.0 -9999.0 -9999.0 -9999.0
53150 20110126  2.302 -119.82   37.76    11.2     6.2     8.7     8.5     0.0    13.18 R     0.9    -5.3    -1.7 -9999.0 -9999.0 -9999.0 -99.000 -99.000 -99.000 -99.000 -99.000 -9999.0 -9999.0 -9999.0 -9999.0 -9999.0
53150 20110127  2.302 -119.82   37.76    11.6     6.8     9.2     9.5     0.0    14.02 R     1.1    -5.4    -1.6 -9999.0 -9999.0 -9999.0 -99.000 -99.000 -99.000 -99.000 -99.000 -9999.0 -9999.0 -9999.0 -9999.0 -9999.0
53150 20110128  2.302 -119.82   37.76    10.7     6.2     8.5     8.3     0.0    14.08 R     1.0    -4.9    -1.6 -9999.0 -9999.0 -9999.0 -99.000 -99.000 -99.000 -99.000 -99.000 -9999.0 -9999.0 -9999.0 -9999.0 -9999.0
53150 20110129  2.302 -119.82   37.76     8.0    -3.2     2.4     4.4     0.0    12.92 R     0.6    -6.5    -2.8 -9999.0 -9999.0 -9999.0 -99.000 -99.000 -99.000 -99.000 -99.000 -9999.0 -9999.0 -9999.0 -9999.0 -9999.0
53150 20110130  2.302 -119.82   37.76    -0.3    -3.7    -2.0    -2.4    21.5     4.87 R     0.2   -12.9    -3.3 -9999.0 -9999.0 -9999.0 -99.000 -99.000 -99.000 -99.000 -99.000 -9999.0 -9999.0 -9999.0 -9999.0 -9999.0
53150 20110131  2.302 -119.82   37.76     1.7    -2.0    -0.2     0.3     0.0    13.51 R     0.5   -13.0    -5.4 -9999.0 -9999.0 -9999.0 -99.000 -99.000 -99.000 -99.000 -99.000 -9999.0 -9999.0 -9999.0 -9999.0 -9999.0
53150 20110201  2.302 -119.82   37.76     5.2    -0.9     2.1     1.8     0.0    15.17 R     0.0   -15.1    -6.9 -9999.0 -9999.0 -9999.0 -99.000 -99.000 -99.000 -99.000 -99.000 -9999.0 -9999.0 -9999.0 -9999.0 -9999.0
53150 20110202  2.302 -119.82   37.76     3.7    -0.4     1.6     1.6     0.0    15.24 R     0.1   -17.2    -8.0 -9999.0 -9999.0 -9999.0 -99.000 -99.000 -99.000 -99.000 -99.000 -9999.0 -9999.0 -9999.0 -9999.0 -9999.0
53150 20110203  2.302 -119.82   37.76     9.2     0.1     4.7     5.1     0.0    15.12 R     0.8   -10.3    -3.7 -9999.0 -9999.0 -9999.0 -99.000 -99.000 -99.000 -99.000 -99.000 -9999.0 -9999.0 -9999.0 -9999.0 -9999.0
53150 20110204  2.302 -119.82   37.76    12.1     5.8     8.9     9.2     0.0    12.95 R     1.2    -5.8    -1.0 -9999.0 -9999.0 -9999.0 -99.000 -99.000 -99.000 -99.000 -99.000 -9999.0 -9999.0 -9999.0 -9999.0 -9999.0
53150 20110205  2.302 -119.82   37.76    11.5     5.8     8.6     8.5     0.0    12.44 R     1.1    -3.7    -0.8 -9999.0 -9999.0 -9999.0 -99.000 -99.000 -99.000 -99.000 -99.000 -9999.0 -9999.0 -9999.0 -9999.0 -9999.0
53150 20110206  2.302 -119.82   37.76    11.9     5.9     8.9     9.4     0.0    14.56 R     1.2    -2.8    -0.3 -9999.0 -9999.0 -9999.0 -99.000 -99.000 -99.000 -99.000 -99.000 -9999.0 -9999.0 -9999.0 -9999.0 -9999.0
53150 20110207  2.302 -119.82   37.76    10.7     1.8     6.3     7.4     0.0    15.36 R     1.2    -5.4    -1.6 -9999.0 -9999.0 -9999.0 -99.000 -99.000 -99.000 -99.000 -99.000 -9999.0 -9999.0 -9999.0 -9999.0 -9999.0
53150 20110208  2.302 -119.82   37.76     2.7    -3.2    -0.2     0.0     0.0    11.82 R     0.7    -9.4    -4.3 -9999.0 -9999.0 -9999.0 -99.000 -99.000 -99.000 -99.000 -99.000 -9999.0 -9999.0 -9999.0 -9999.0 -9999.0
53150 20110209  2.302 -119.82   37.76     2.9    -2.6     0.1    -0.1     0.0    16.20 R     0.2   -11.9    -5.8 -9999.0 -9999.0 -9999.0 -99.000 -99.000 -99.000 -99.000 -99.000 -9999.0 -9999.0 -9999.0 -9999.0 -9999.0
53150 20110210  2.302 -119.82   37.76     4.9    -1.3     1.8     1.7     0.0    16.31 R     0.7   -10.8    -4.6 -9999.0 -9999.0 -9999.0 -99.000 -99.000 -99.000 -99.000 -99.000 -9999.0 -9999.0 -9999.0 -9999.0 -9999.0
53150 20110211  2.302 -119.82   37.76     8.3     2.7     5.5     6.0     0.0    15.71 R     0.9    -8.1    -2.9 -9999.0 -9999.0 -9999.0 -99.000 -99.000 -99.000 -99.000 -99.000 -9999.0 -9999.0 -9999.0 -9999.0 -9999.0
53150 20110212  2.302 -119.82   37.76    10.6     5.2     7.9     7.6     0.0    16.50 R     0.9    -6.7    -2.9 -9999.0 -9999.0 -9999.0 -99.000 -99.000 -99.000 -99.000 -99.000 -9999.0 -9999.0 -9999.0 -9999.0 -9999.0
53150 20110213  2.302 -119.82   37.76    11.1     2.5     6.8     6.9     0.0    16.72 R     0.9    -7.5    -2.7 -9999.0 -9999.0 -9999.0 -99.000 -99.000 -99.000 -99.000 -99.000 -9999.0 -9999.0 -9999.0 -9999.0 -9999.0
53150 20110214  2.302 -119.82   37.76     4.2    -1.8     1.2     1.2     0.3     6.84 R     0.7    -4.7    -1.8 -9999.0 -9999.0 -9999.0 -99.000 -99.000 -99.000 -99.000 -99.000 -9999.0 -9999.0 -9999.0 -9999.0 -9999.0
53150 20110215  2.302 -119.82   37.76     4.9    -1.5     1.7     1.1     0.0    16.04 R     0.7    -5.1    -1.1 -9999.0 -9999.0 -9999.0 -99.000 -99.000 -99.000 -99.000 -99.000 -9999.0 -9999.0 -9999.0 -9999.0 -9999.0
53150 20110216  2.302 -119.82   37.76    -0.8    -7.0    -3.9    -4.4    37.4     2.95 R    -0.2    -6.8    -4.0 -9999.0 -9999.0 -9999.0 -99.000 -99.000 -99.000 -99.000 -99.000 -9999.0 -9999.0 -9999.0 -9999.0 -9999.0
53150 20110217  2.302 -119.82   37.76    -3.9    -7.4    -5.7    -5.8    19.4     5.05 R     0.0    -7.6    -5.4 -9999.0 -9999.0 -9999.0 -99.000 -99.000 -99.000 -99.000 -99.000 -9999.0 -9999.0 -9999.0 -9999.0 -9999.0
53150 20110218  2.302 -119.82   37.76    -1.4    -4.2    -2.8    -2.8    37.5     4.80 R     6.6    -4.0    -2.4 -9999.0 -9999.0 -9999.0 -99.000 -99.000 -99.000 -99.000 -99.000 -9999.0 -9999.0 -9999.0 -9999.0 -9999.0
53150 20110219  2.302 -119.82   37.76    -2.9    -7.1    -5.0    -5.7    10.5    12.08 R     7.0   -12.3    -5.9 -9999.0 -9999.0 -9999.0 -99.000 -99.000 -99.000 -99.000 -99.000 -9999.0 -9999.0 -9999.0 -9999.0 -9999.0
53150 20110220  2.302 -119.82   37.76    -3.1    -7.8    -5.5    -5.3     1.1    15.76 R     0.2   -14.9    -6.7 -9999.0 -9999.0 -9999.0 -99.000 -99.000 -99.000 -99.000 -99.000 -9999.0 -9999.0 -9999.0 -9999.0 -9999.0
53150 20110221  2.302 -119.82   37.76    -3.9    -7.6    -5.8    -5.4     0.0    10.60 R    -1.7   -17.9    -9.1 -9999.0 -9999.0 -9999.0 -99.000 -99.000 -99.000 -99.000 -99.000 -9999.0 -9999.0 -9999.0 -9999.0 -9999.0
53150 20110222  2.302 -119.82   37.76     0.3    -5.3    -2.5    -2.7     0.0    18.91 R     0.4   -15.1    -6.5 -9999.0 -9999.0 -9999.0 -99.000 -99.000 -99.000 -99.000 -99.000 -9999.0 -9999.0 -9999.0 -9999.0 -9999.0
53150 20110223  2.302 -119.82   37.76    -1.3    -4.9    -3.1    -3.2     0.0    12.80 R     0.2   -15.5    -6.5 -9999.0 -9999.0 -9999.0 -99.000 -99.000 -99.000 -99.000 -99.000 -9999.0 -9999.0 -9999.0 -9999.0 -9999.0
53150 20110224  2.302 -119.82   37.76    -2.0    -6.1    -4.0    -4.6     3.7     8.30 R    -0.4   -11.3    -5.4 -9999.0 -9999.0 -9999.0 -99.000 -99.000 -99.000 -99.000 -99.000 -9999.0 -9999.0 -9999.0 -9999.0 -9999.0
53150 20110225  2.302 -119.82   37.76    -3.2    -9.9    -6.6    -5.7    38.0     2.51 R    -2.3    -9.8    -5.4 -9999.0 -9999.0 -9999.0 -99.000 -99.000 -99.000 -99.000 -99.000 -9999.0 -9999.0 -9999.0 -9999.0 -9999.0
53150 20110226  2.302 -119.82   37.76    -7.5   -11.3    -9.4    -9.5     1.9    11.79 R    -0.6   -19.2    -9.5 -9999.0 -9999.0 -9999.0 -99.000 -99.000 -99.000 -99.000 -99.000 -9999.0 -9999.0 -9999.0 -9999.0 -9999.0
53150 20110227  2.302 -119.82   37.76     2.9    -8.3    -2.7    -4.1     0.0    19.53 R    -0.5   -18.6    -9.8 -9999.0 -9999.0 -9999.0 -99.000 -99.000 -99.000 -99.000 -99.000 -9999.0 -9999.0 -9999.0 -9999.0 -9999.0
53150 20110228  2.302 -119.82   37.76     1.9    -6.0    -2.1    -1.6     0.0    19.93 R    -0.5   -14.8    -7.3 -9999.0 -9999.0 -9999.0 -99.000 -99.000 -99.000 -99.000 -99.000 -9999.0 -9999.0 -9999.0 -9999.0 -9999.0
53150 20110301  2.302 -119.82   37.76     6.1    -1.7     2.2     1.3     0.0    14.63 R     0.4   -11.4    -4.3 -9999.0 -9999.0 -9999.0 -99.000 -99.000 -99.000 -99.000 -99.000 -9999.0 -9999.0 -9999.0 -9999.0 -9999.0
53150 20110302  2.302 -119.82   37.76     2.3    -1.6     0.3     0.9    19.5     5.52 R     4.0    -1.9     0.7 -9999.0 -9999.0 -9999.0 -99.000 -99.000 -99.000 -99.000 -99.000 -9999.0 -9999.0 -9999.0 -9999.0 -9999.0
53150 20110303  2.302 -119.82   37.76     2.5    -1.1     0.7     0.1     7.1    10.90 R     2.0    -6.7    -0.9 -9999.0 -9999.0 -9999.0 -99.000 -99.000 -99.000 -99.000 -99.000 -9999.0 -9999.0 -9999.0 -9999.0 -9999.0
53150 20110304  2.302 -119.82   37.76     6.8     2.2     4.5     4.1     0.0    18.60 R     0.7   -10.9    -3.9 -9999.0 -9999.0 -9999.0 -99.000 -99.000 -99.000 -99.000 -99.000 -9999.0 -9999.0 -9999.0 -9999.0 -9999.0
53150 20110305  2.302 -119.82   37.76     7.9     2.9     5.4     4.8     0.0    17.54 R     0.9    -5.4    -1.1 -9999.0 -9999.0 -9999.0 -99.000 -99.000 -99.000 -99.000 -99.000 -9999.0 -9999.0 -9999.0 -9999.0 -9999.0
53150 20110306  2.302 -119.82   37.76     4.3    -0.4     1.9     0.9    22.4     4.41 R     4.9    -0.2     0.4 -9999.0 -9999.0 -9999.0 -99.000 -99.000 -99.000 -99.000 -99.000 -9999.0 -9999.0 -9999.0 -9999.0 -9999.0
53150 20110307  2.302 -119.82   37.76     1.3    -3.8    -1.2    -1.9    12.8    16.94 R    13.1    -5.0    -0.9 -9999.0 -9999.0 -9999.0 -99.000 -99.000 -99.000 -99.000 -99.000 -9999.0 -9999.0 -9999.0 -9999.0 -9999.0
53150 20110308  2.302 -119.82   37.76     5.6    -3.6     1.0     1.9     0.0    18.99 R     1.2    -6.1    -1.5 -9999.0 -9999.0 -9999.0 -99.000 -99.000 -99.000 -99.000 -99.000 -9999.0 -9999.0 -9999.0 -9999.0 -9999.0
53150 20110309  2.302 -119.82   37.76    10.5     5.2     7.8     8.5     0.0    19.74 R     1.0    -3.6    -1.0 -9999.0 -9999.0 -9999.0 -99.000 -99.000 -99.000 -99.000 -99.000 -9999.0 -9999.0 -9999.0 -9999.0 -9999.0
53150 20110310  2.302 -119.82   37.76     8.5     3.5     6.0     6.2     0.0    19.02 R     1.0    -3.4    -0.5 -9999.0 -9999.0 -9999.0 -99.000 -99.000 -99.000 -99.000 -99.000 -9999.0 -9999.0 -9999.0 -9999.0 -9999.0
53150 20110311  2.302 -119.82   37.76     5.9    -0.1     2.9     2.8     0.0    13.93 R     1.1    -3.0    -0.2 -9999.0 -9999.0 -9999.0 -99.000 -99.000 -99.000 -99.000 -99.000 -9999.0 -9999.0 -9999.0 -9999.0 -9999.0
53150 20110312  2.302 -119.82   37.76     5.7    -0.7     2.5     3.0     0.0    19.84 R     0.7    -3.3    -1.1 -9999.0 -9999.0 -9999.0 -99.000 -99.000 -99.000 -99.000 -99.000 -9999.0 -9999.0 -9999.0 -9999.0 -9999.0
53150 20110313  2.302 -119.82   37.76     6.3     1.6     4.0     4.0     1.0     8.20 R     0.9    -4.4    -0.1 -9999.0 -9999.0 -9999.0 -99.000 -99.000 -99.000 -99.000 -99.000 -9999.0 -9999.0 -9999.0 -9999.0 -9999.0
53150 20110314  2.302 -119.82   37.76     7.5     1.7     4.6     4.2     1.9    13.89 R     2.5    -0.9     0.4 -9999.0 -9999.0 -9999.0 -99.000 -99.000 -99.000 -99.000 -99.000 -9999.0 -9999.0 -9999.0 -9999.0 -9999.0
53150 20110315  2.302 -119.82   37.76     9.0     2.5     5.8     5.4    14.7    14.79 R     3.8    -2.0     0.5 -9999.0 -9999.0 -9999.0 -99.000 -99.000 -99.000 -99.000 -99.000 -9999.0 -9999.0 -9999.0 -9999.0 -9999.0
53150 20110316  2.302 -119.82   37.76     4.2    -1.5     1.3     0.7    37.2     5.30 R     6.0    -6.9    -1.0 -9999.0 -9999.0 -9999.0 -99.000 -99.000 -99.000 -99.000 -99.000 -9999.0 -9999.0 -9999.0 -9999.0 -9999.0
53150 20110317  2.302 -119.82   37.76     2.6    -2.0     0.3    -0.2     0.0    21.42 R     0.3   -12.3    -5.3 -9999.0 -9999.0 -9999.0 -99.000 -99.000 -99.000 -99.000 -99.000 -9999.0 -9999.0 -9999.0 -9999.0 -9999.0
53150 20110318  2.302 -119.82   37.76    -0.2    -5.5    -2.8    -2.2    19.2     6.56 R    -2.0    -6.9    -4.2 -9999.0 -9999.0 -9999.0 -99.000 -99.000 -99.000 -99.000 -99.000 -9999.0 -9999.0 -9999.0 -9999.0 -9999.0
53150 20110319  2.302 -119.82   37.76    -1.9    -6.5    -4.2    -4.6    14.1     7.66 R    -1.5    -6.5    -4.3 -9999.0 -9999.0 -9999.0 -99.000 -99.000 -99.000 -99.000 -99.000 -9999.0 -9999.0 -9999.0 -9999.0 -9999.0
53150 20110320  2.302 -119.82   37.76    -2.3    -4.4    -3.4    -3.4    63.7     1.93 R    -1.9    -4.3    -3.1 -9999.0 -9999.0 -9999.0 -99.000 -99.000 -99.000 -99.000 -99.000 -9999.0 -9999.0 -9999.0 -9999.0 -9999.0
53150 20110321  2.302 -119.82   37.76    -3.8    -6.0    -4.9    -4.9    15.3    13.07 R     1.7    -5.8    -3.6 -9999.0 -9999.0 -9999.0 -99.000 -99.000 -99.000 -99.000 -99.000 -9999.0 -9999.0 -9999.0 -9999.0 -9999.0
53150 20110322  2.302 -119.82   37.76    -1.9    -5.6    -3.7    -3.8     1.0    18.87 R     0.5    -7.0    -3.0 -9999.0 -9999.0 -9999.0 -99.000 -99.000 -99.000 -99.000 -99.000 -9999.0 -9999.0 -9999.0 -9999.0 -9999.0
53150 20110323  2.302 -119.82   37.76    -1.7    -5.9    -3.8    -3.2    42.2     2.69 R    -0.8    -9.9    -3.0 -9999.0 -9999.0 -9999.0 -99.000 -99.000 -99.000 -99.000 -99.000 -9999.0 -9999.0 -9999.0 -9999.0 -9999.0
53150 20110324  2.302 -119.82   37.76    -2.8    -5.6    -4.2    -4.4    30.5     4.05 R    -1.9    -6.6    -4.2 -9999.0 -9999.0 -9999.0 -99.000 -99.000 -99.000 -99.000 -99.000 -9999.0 -9999.0 -9999.0 -9999.0 -9999.0
53150 20110325  2.302 -119.82   37.76    -1.7    -7.3    -4.5    -4.2 -9999.0    15.45 R     0.4    -9.0    -3.8 -9999.0 -9999.0 -9999.0 -99.000 -99.000 -99.000 -99.000 -99.000 -9999.0 -9999.0 -9999.0 -9999.0 -9999.0
53150 20110326  2.302 -119.82   37.76    -0.5    -3.7    -2.1    -2.0    41.8     6.39 R    12.5    -3.6    -1.5 -9999.0 -9999.0 -9999.0 -99.000 -99.000 -99.000 -99.000 -99.000 -9999.0 -9999.0 -9999.0 -9999.0 -9999.0
53150 20110327  2.302 -119.82   37.76     2.0    -2.3    -0.1     0.0     0.0    16.34 R    12.7    -4.6    -0.6 -9999.0 -9999.0 -9999.0 -99.000 -99.000 -99.000 -99.000 -99.000 -9999.0 -9999.0 -9999.0 -9999.0 -9999.0
53150 20110328  2.302 -119.82   37.76     6.6    -1.1     2.8     2.3     0.0    17.25 R     1.1    -8.4    -2.3 -9999.0 -9999.0 -9999.0 -99.000 -99.000 -99.000 -99.000 -99.000 -9999.0 -9999.0 -9999.0 -9999.0 -9999.0
53150 20110329  2.302 -119.82   37.76     8.2     3.8     6.0     6.1     0.0    22.83 R     1.3    -5.3    -1.3 -9999.0 -9999.0 -9999.0 -99.000 -99.000 -99.000 -99.000 -99.000 -9999.0 -9999.0 -9999.0 -9999.0 -9999.0
53150 20110330  2.302 -119.82   37.76    15.4     6.9    11.1    11.4     0.0    19.57 R     1.4    -0.4     0.6 -9999.0 -9999.0 -9999.0 -99.000 -99.000 -99.000 -99.000 -99.000 -9999.0 -9999.0 -9999.0 -9999.0 -9999.0
53150 20110331  2.302 -119.82   37.76    16.9    12.6    14.7    14.9     0.0    25.27 R     3.6     0.3     0.9 -9999.0 -9999.0 -9999.0 -99.000 -99.000 -99.000 -99.000 -99.000 -9999.0 -9999.0 -9999.0 -9999.0 -9999.0
53150 20110401  2.302 -119.82   37.76    16.5    10.1    13.3    14.1     0.0    25.33 R     1.7     0.0     0.8 -9999.0 -9999.0 -9999.0 -99.000 -99.000 -99.000 -99.000 -99.000 -9999.0 -9999.0 -9999.0 -9999.0 -9999.0
53150 20110402  2.302 -119.82   37.76    10.5     3.1     6.8     7.4     0.0     9.30 R     1.3    -0.6     0.6 -9999.0 -9999.0 -9999.0 -99.000 -99.000 -99.000 -99.000 -99.000 -9999.0 -9999.0 -9999.0 -9999.0 -9999.0
53150 20110403  2.302 -119.82   37.76     8.4     2.3     5.4     4.9     0.0    25.14 R     1.2    -3.9    -0.4 -9999.0 -9999.0 -9999.0 -99.000 -99.000 -99.000 -99.000 -99.000 -9999.0 -9999.0 -9999.0 -9999.0 -9999.0
53150 20110404  2.302 -119.82   37.76    12.1     4.5     8.3     8.7     0.0    25.07 R     1.3    -3.0     0.0 -9999.0 -9999.0 -9999.0 -99.000 -99.000 -99.000 -99.000 -99.000 -9999.0 -9999.0 -9999.0 -9999.0 -9999.0
53150 20110405  2.302 -119.82   37.76    10.3     4.9     7.6     7.7     0.0    24.19 R     1.3    -2.5     0.2 -9999.0 -9999.0 -9999.0 -99.000 -99.000 -99.000 -99.000 -99.000 -9999.0 -9999.0 -9999.0 -9999.0 -9999.0
53150 20110406  2.302 -119.82   37.76     8.8    -0.8     4.0     5.4     0.0    25.17 R     1.0    -5.6    -1.4 -9999.0 -9999.0 -9999.0 -99.000 -99.000 -99.000 -99.000 -99.000 -9999.0 -9999.0 -9999.0 -9999.0 -9999.0
53150 20110407  2.302 -119.82   37.76    -0.2    -9.0    -4.6    -6.0    22.4    11.78 R    -0.2   -18.2    -5.6 -9999.0 -9999.0 -9999.0 -99.000 -99.000 -99.000 -99.000 -99.000 -9999.0 -9999.0 -9999.0 -9999.0 -9999.0
53150 20110408  2.302 -119.82   37.76    -5.6    -9.7    -7.7    -7.4    10.1     2.37 R    -4.7   -19.2   -10.0 -9999.0 -9999.0 -9999.0 -99.000 -99.000 -99.000 -99.000 -99.000 -9999.0 -9999.0 -9999.0 -9999.0 -9999.0
53150 20110409  2.302 -119.82   37.76    -0.8    -7.2    -4.0    -3.7     1.4    19.00 R     0.4   -16.4    -7.0 -9999.0 -9999.0 -9999.0 -99.000 -99.000 -99.000 -99.000 -99.000 -9999.0 -9999.0 -9999.0 -9999.0 -9999.0
53150 20110410  2.302 -119.82   37.76     2.4    -3.6    -0.6    -0.2     0.0    18.22 R     0.9   -11.3    -3.1 -9999.0 -9999.0 -9999.0 -99.000 -99.000 -99.000 -99.000 -99.000 -9999.0 -9999.0 -9999.0 -9999.0 -9999.0
53150 20110411  2.302 -119.82   37.76     4.8     0.5     2.6     2.7     0.0    21.77 R     1.0    -6.1    -1.8 -9999.0 -9999.0 -9999.0 -99.000 -99.000 -99.000 -99.000 -99.000 -9999.0 -9999.0 -9999.0 -9999.0 -9999.0
53150 20110412  2.302 -119.82   37.76     5.7     0.0     2.9     2.4     0.0    25.19 R     1.1    -9.4    -1.8 -9999.0 -9999.0 -9999.0 -99.000 -99.000 -99.000 -99.000 -99.000 -9999.0 -9999.0 -9999.0 -9999.0 -9999.0
53150 20110413  2.302 -119.82   37.76     0.3    -5.2    -2.4    -2.1     2.8    13.91 R     0.3   -10.4    -3.3 -9999.0 -9999.0 -9999.0 -99.000 -99.000 -99.000 -99.000 -99.000 -9999.0 -9999.0 -9999.0 -9999.0 -9999.0
53150 20110414  2.302 -119.82   37.76     5.2    -0.4     2.4     3.1     0.0    26.19 R     1.0   -10.8    -3.4 -9999.0 -9999.0 -9999.0 -99.000 -99.000 -99.000 -99.000 -99.000 -9999.0 -9999.0 -9999.0 -9999.0 -9999.0
53150 20110415  2.302 -119.82   37.76    10.4     3.9     7.2     7.5     0.0    25.21 R     1.4    -3.7    -0.2 -9999.0 -9999.0 -9999.0 -99.000 -99.000 -99.000 -99.000 -99.000 -9999.0 -9999.0 -9999.0 -9999.0 -9999.0
53150 20110416  2.302 -119.82   37.76    11.0     7.1     9.1     8.8     0.0    23.58 R     1.6    -0.3     0.8 -9999.0 -9999.0 -9999.0 -99.000 -99.000 -99.000 -99.000 -99.000 -9999.0 -9999.0 -9999.0 -9999.0 -9999.0
53150 20110417  2.302 -119.82   37.76    10.9     6.6     8.8     8.8     0.0    20.03 R     1.8    -0.1     0.8 -9999.0 -9999.0 -9999.0 -99.000 -99.000 -99.000 -99.000 -99.000 -9999.0 -9999.0 -9999.0 -9999.0 -9999.0
53150 20110418  2.302 -119.82   37.76     7.7     2.7     5.2     5.4     0.8    14.56 R     1.1     0.1     0.7 -9999.0 -9999.0 -9999.0 -99.000 -99.000 -99.000 -99.000 -99.000 -9999.0 -9999.0 -9999.0 -9999.0 -9999.0
53150 20110419  2.302 -119.82   37.76     9.1     3.3     6.2     5.4     0.0    18.52 R     1.5    -1.3     0.8 -9999.0 -9999.0 -9999.0 -99.000 -99.000 -99.000 -99.000 -99.000 -9999.0 -9999.0 -9999.0 -9999.0 -9999.0
53150 20110420  2.302 -119.82   37.76     5.6     0.6     3.1     3.3     4.7     8.02 R     3.5     0.0     0.9 -9999.0 -9999.0 -9999.0 -99.000 -99.000 -99.000 -99.000 -99.000 -9999.0 -9999.0 -9999.0 -9999.0 -9999.0
53150 20110421  2.302 -119.82   37.76     5.2    -0.1     2.6     2.6    10.6    14.44 R     3.3    -3.9     0.2 -9999.0 -9999.0 -9999.0 -99.000 -99.000 -99.000 -99.000 -99.000 -9999.0 -9999.0 -9999.0 -9999.0 -9999.0
53150 20110422  2.302 -119.82   37.76     6.2    -1.1     2.6     2.3     5.1    16.07 R     1.3    -5.8    -1.3 -9999.0 -9999.0 -9999.0 -99.000 -99.000 -99.000 -99.000 -99.000 -9999.0 -9999.0 -9999.0 -9999.0 -9999.0
53150 20110423  2.302 -119.82   37.76     3.8    -0.5     1.6     1.7     0.0     9.04 R     0.8    -3.2     0.0 -9999.0 -9999.0 -9999.0 -99.000 -99.000 -99.000 -99.000 -99.000 -9999.0 -9999.0 -9999.0 -9999.0 -9999.0
53150 20110424  2.302 -119.82   37.76     3.7     0.5     2.1     2.1     1.5     8.39 R     2.0    -4.0    -0.1 -9999.0 -9999.0 -9999.0 -99.000 -99.000 -99.000 -99.000 -99.000 -9999.0 -9999.0 -9999.0 -9999.0 -9999.0
53150 20110425  2.302 -119.82   37.76     5.8    -0.3     2.7     3.0     0.0    14.48 R     1.0    -7.3    -0.8 -9999.0 -9999.0 -9999.0 -99.000 -99.000 -99.000 -99.000 -99.000 -9999.0 -9999.0 -9999.0 -9999.0 -9999.0
53150 20110426  2.302 -119.82   37.76     6.9    -0.2     3.4     3.8     0.0    29.08 R     1.7    -8.9    -2.2 -9999.0 -9999.0 -9999.0 -99.000 -99.000 -99.000 -99.000 -99.000 -9999.0 -9999.0 -9999.0 -9999.0 -9999.0
53150 20110427  2.302 -119.82   37.76     9.8     3.5     6.6     6.5     0.0    28.83 R     2.3    -5.6    -0.8 -9999.0 -9999.0 -9999.0 -99.000 -99.000 -99.000 -99.000 -99.000 -9999.0 -9999.0 -9999.0 -9999.0 -9999.0
53150 20110428  2.302 -119.82   37.76     8.9     0.7     4.8     5.0     0.0    20.10 R     2.6    -4.9    -0.4 -9999.0 -9999.0 -9999.0 -99.000 -99.000 -99.000 -99.000 -99.000 -9999.0 -9999.0 -9999.0 -9999.0 -9999.0
53150 20110429  2.302 -119.82   37.76     7.2    -1.8     2.7     2.7     0.0    30.00 R     3.4    -7.7    -1.7 -9999.0 -9999.0 -9999.0 -99.000 -99.000 -99.000 -99.000 -99.000 -9999.0 -9999.0 -9999.0 -9999.0 -9999.0
53150 20110430  2.302 -119.82   37.76     7.7     0.0     3.8     3.6     0.0    29.50 R     5.4    -7.9    -0.9 -9999.0 -9999.0 -9999.0 -99.000 -99.000 -99.000 -99.000 -99.000 -9999.0 -9999.0 -9999.0 -9999.0 -9999.0
53150 20110501  2.302 -119.82   37.76    10.8     3.2     7.0     7.0     0.0    29.65 R     9.0    -7.4     1.2 -9999.0 -9999.0 -9999.0 -99.000 -99.000 -99.000 -99.000 -99.000 -9999.0 -9999.0 -9999.0 -9999.0 -9999.0
53150 20110502  2.302 -119.82   37.76    13.0     4.6     8.8     9.2     0.0    28.61 R    17.7    -1.7     6.0 -9999.0 -9999.0 -9999.0 -99.000 -99.000 -99.000 -99.000 -99.000 -9999.0 -9999.0 -9999.0 -9999.0 -9999.0
53150 20110503  2.302 -119.82   37.76    14.8     7.8    11.3    11.1     0.0    29.36 R    27.8     0.1    10.7 -9999.0 -9999.0 -9999.0 -99.000 -99.000 -99.000 -99.000 -99.000 -9999.0 -9999.0 -9999.0 -9999.0 -9999.0
53150 20110504  2.302 -119.82   37.76    17.8    10.7    14.2    14.2     0.0    29.48 R    32.9     2.0    14.5 -9999.0 -9999.0 -9999.0 -99.000 -99.000 -99.000 -99.000 -99.000 -9999.0 -9999.0 -9999.0 -9999.0 -9999.0
53150 20110505  2.302 -119.82   37.76    19.1    12.0    15.6    15.3     0.0    29.47 R    33.2     4.6    15.2 -9999.0 -9999.0 -9999.0 -99.000 -99.000 -99.000 -99.000 -99.000 -9999.0 -9999.0 -9999.0 -9999.0 -9999.0
53150 20110506  2.302 -119.82   37.76    18.0    10.1    14.1    13.7     0.0    29.40 R    34.0     3.7    14.8 -9999.0 -9999.0 -9999.0 -99.000 -99.000 -99.000 -99.000 -99.000 -9999.0 -9999.0 -9999.0 -9999.0 -9999.0
53150 20110507  2.302 -119.82   37.76    15.3     5.2    10.2    10.2     0.0    26.51 R    34.3     3.8    13.7 -9999.0 -9999.0 -9999.0 -99.000 -99.000 -99.000 -99.000 -99.000 -9999.0 -9999.0 -9999.0 -9999.0 -9999.0
53150 20110508  2.302 -119.82   37.76     7.1    -1.7     2.7     2.1     0.0    12.90 R    30.2    -1.6     7.1 -9999.0 -9999.0 -9999.0 -99.000 -99.000 -99.000 -99.000 -99.000 -9999.0 -9999.0 -9999.0 -9999.0 -9999.0
53150 20110509  2.302 -119.82   37.76     2.4    -2.3     0.1    -0.6     2.7     9.80 R    14.6    -2.8     1.7 -9999.0 -9999.0 -9999.0 -99.000 -99.000 -99.000 -99.000 -99.000 -9999.0 -9999.0 -9999.0 -9999.0 -9999.0
53150 20110510  2.302 -119.82   37.76    10.1    -0.3     4.9     5.4     0.0    29.64 R    31.6    -3.4    10.0 -9999.0 -9999.0 -9999.0 -99.000 -99.000 -99.000 -99.000 -99.000 -9999.0 -9999.0 -9999.0 -9999.0 -9999.0
53150 20110511  2.302 -119.82   37.76    13.5     5.3     9.4     9.4     0.0    27.17 R    38.2     0.1    13.0 -9999.0 -9999.0 -9999.0 -99.000 -99.000 -99.000 -99.000 -99.000 -9999.0 -9999.0 -9999.0 -9999.0 -9999.0
53150 20110512  2.302 -119.82   37.76    16.3     7.2    11.8    11.3     0.0    30.08 R    39.8     2.8    16.0 -9999.0 -9999.0 -9999.0 -99.000 -99.000 -99.000 -99.000 -99.000 -9999.0 -9999.0 -9999.0 -9999.0 -9999.0
53150 20110513  2.302 -119.82   37.76    18.4     9.1    13.7    12.7     0.0    30.66 R    44.4     3.5    17.8 -9999.0 -9999.0 -9999.0 -99.000 -99.000 -99.000 -99.000 -99.000 -9999.0 -9999.0 -9999.0 -9999.0 -9999.0
53150 20110514  2.302 -119.82   37.76     9.6    -1.3     4.1     5.0     1.3    12.10 R    27.5    -0.9     8.7 -9999.0 -9999.0 -9999.0 -99.000 -99.000 -99.000 -99.000 -99.000 -9999.0 -9999.0 -9999.0 -9999.0 -9999.0
53150 20110515  2.302 -119.82   37.76    -1.3    -5.2    -3.3    -3.7    26.5    14.73 R     1.6   -11.2    -3.2 -9999.0 -9999.0 -9999.0 -99.000 -99.000 -99.000 -99.000 -99.000 -9999.0 -9999.0 -9999.0 -9999.0 -9999.0
53150 20110516  2.302 -119.82   37.76     1.3    -4.6    -1.7    -2.2     7.9    15.35 R     0.7   -10.1    -2.8 -9999.0 -9999.0 -9999.0 -99.000 -99.000 -99.000 -99.000 -99.000 -9999.0 -9999.0 -9999.0 -9999.0 -9999.0
53150 20110517  2.302 -119.82   37.76    -0.5    -2.2    -1.4    -1.3    26.4     6.08 R     0.1    -2.0    -1.0 -9999.0 -9999.0 -9999.0 -99.000 -99.000 -99.000 -99.000 -99.000 -9999.0 -9999.0 -9999.0 -9999.0 -9999.0
53150 20110518  2.302 -119.82   37.76     1.8    -3.2    -0.7    -0.8    18.6    15.95 R     4.4    -7.3    -1.5 -9999.0 -9999.0 -9999.0 -99.000 -99.000 -99.000 -99.000 -99.000 -9999.0 -9999.0 -9999.0 -9999.0 -9999.0
53150 20110519  2.302 -119.82   37.76     7.5     1.0     4.2     4.5     0.0    22.29 R     1.5    -6.6    -1.0 -9999.0 -9999.0 -9999.0 -99.000 -99.000 -99.000 -99.000 -99.000 -9999.0 -9999.0 -9999.0 -9999.0 -9999.0
53150 20110520  2.302 -119.82   37.76    11.9     5.9     8.9     8.5     0.0    27.50 R     2.2    -3.3     0.5 -9999.0 -9999.0 -9999.0 -99.000 -99.000 -99.000 -99.000 -99.000 -9999.0 -9999.0 -9999.0 -9999.0 -9999.0
53150 20110521  2.302 -119.82   37.76    12.8     6.5     9.6     9.0     0.0    24.36 R     8.3     0.5     2.7 -9999.0 -9999.0 -9999.0 -99.000 -99.000 -99.000 -99.000 -99.000 -9999.0 -9999.0 -9999.0 -9999.0 -9999.0
53150 20110522  2.302 -119.82   37.76    12.5     3.4     7.9     7.9     0.0    27.80 R    25.1     0.0     9.1 -9999.0 -9999.0 -9999.0 -99.000 -99.000 -99.000 -99.000 -99.000 -9999.0 -9999.0 -9999.0 -9999.0 -9999.0
53150 20110523  2.302 -119.82   37.76     8.2     2.3     5.2     4.6     0.0    19.90 R    25.5    -0.2     7.8 -9999.0 -9999.0 -9999.0 -99.000 -99.000 -99.000 -99.000 -99.000 -9999.0 -9999.0 -9999.0 -9999.0 -9999.0
53150 20110524  2.302 -119.82   37.76    12.0     1.4     6.7     6.8     0.0    30.52 R    29.9    -1.2    10.8 -9999.0 -9999.0 -9999.0 -99.000 -99.000 -99.000 -99.000 -99.000 -9999.0 -9999.0 -9999.0 -9999.0 -9999.0
53150 20110525  2.302 -119.82   37.76    10.7     2.5     6.6     6.1     0.0    16.94 R    24.4     1.7     8.0 -9999.0 -9999.0 -9999.0 -99.000 -99.000 -99.000 -99.000 -99.000 -9999.0 -9999.0 -9999.0 -9999.0 -9999.0
53150 20110526  2.302 -119.82   37.76    10.2     2.9     6.6     5.8     0.0    29.82 R    30.7     0.8    11.6 -9999.0 -9999.0 -9999.0 -99.000 -99.000 -99.000 -99.000 -99.000 -9999.0 -9999.0 -9999.0 -9999.0 -9999.0
53150 20110527  2.302 -119.82   37.76    12.5     3.5     8.0     7.0     0.0    28.39 R    34.6     0.3    12.5 -9999.0 -9999.0 -9999.0 -99.000 -99.000 -99.000 -99.000 -99.000 -9999.0 -9999.0 -9999.0 -9999.0 -9999.0
53150 20110528  2.302 -119.82   37.76     9.2    -2.3     3.4     3.2     9.7    13.20 R    30.5    -3.7     7.0 -9999.0 -9999.0 -9999.0 -99.000 -99.000 -99.000 -99.000 -99.000 -9999.0 -9999.0 -9999.0 -9999.0 -9999.0
53150 20110529  2.302 -119.82   37.76     2.3    -3.9    -0.8    -0.8     4.2    15.58 R    16.1    -7.7     1.4 -9999.0 -9999.0 -9999.0 -99.000 -99.000 -99.000 -99.000 -99.000 -9999.0 -9999.0 -9999.0 -9999.0 -9999.0
53150 20110530  2.302 -119.82   37.76     9.7     0.0     4.9     4.9     0.0    29.29 R    26.0    -2.7     8.7 -9999.0 -9999.0 -9999.0 -99.000 -99.000 -99.000 -99.000 -99.000 -9999.0 -9999.0 -9999.0 -9999.0 -9999.0
53150 20110531  2.302 -119.82   37.76     9.7     1.8     5.7     5.7     0.0    24.95 R    27.0     0.7     8.5 -9999.0 -9999.0 -9999.0 -99.000 -99.000 -99.000 -99.000 -99.000 -9999.0 -9999.0 -9999.0 -9999.0 -9999.0
53150 20110601  2.302 -119.82   37.76     2.4    -1.6     0.4     0.6     0.7     6.69 R    13.4    -1.8     2.8 -9999.0 -9999.0 -9999.0 -99.000 -99.000 -99.000 -99.000 -99.000 -9999.0 -9999.0 -9999.0 -9999.0 -9999.0
53150 20110602  2.302 -119.82   37.76     8.0    -1.3     3.3     2.7     0.0    27.86 R    31.3    -2.9     8.7 -9999.0 -9999.0 -9999.0 -99.000 -99.000 -99.000 -99.000 -99.000 -9999.0 -9999.0 -9999.0 -9999.0 -9999.0
53150 20110603  2.302 -119.82   37.76     9.3     1.0     5.2     5.8     0.0    18.05 R    26.4    -1.8     8.3 -9999.0 -9999.0 -9999.0 -99.000 -99.000 -99.000 -99.000 -99.000 -9999.0 -9999.0 -9999.0 -9999.0 -9999.0
53150 20110604  2.302 -119.82   37.76     6.4     2.3     4.4     3.8    10.2     3.36 R     8.6     3.7     4.4 -9999.0 -9999.0 -9999.0 -99.000 -99.000 -99.000 -99.000 -99.000 -9999.0 -9999.0 -9999.0 -9999.0 -9999.0
53150 20110605  2.302 -119.82   37.76     9.4     0.5     4.9     4.9    22.2    13.86 R    20.9     0.3     7.6 -9999.0 -9999.0 -9999.0 -99.000 -99.000 -99.000 -99.000 -99.000 -9999.0 -9999.0 -9999.0 -9999.0 -9999.0
53150 20110606  2.302 -119.82   37.76     6.0    -0.3     2.9     2.4     5.9     8.67 R    16.8     0.0     3.4 -9999.0 -9999.0 -9999.0 -99.000 -99.000 -99.000 -99.000 -99.000 -9999.0 -9999.0 -9999.0 -9999.0 -9999.0
53150 20110607  2.302 -119.82   37.76    10.5     3.9     7.2     6.9     0.0    19.81 R    27.1     0.0     9.5 -9999.0 -9999.0 -9999.0 -99.000 -99.000 -99.000 -99.000 -99.000 -9999.0 -9999.0 -9999.0 -9999.0 -9999.0
53150 20110608  2.302 -119.82   37.76    14.8     6.1    10.4     9.9     0.0    24.28 R    28.8     2.6    12.1 -9999.0 -9999.0 -9999.0 -99.000 -99.000 -99.000 -99.000 -99.000 -9999.0 -9999.0 -9999.0 -9999.0 -9999.0
53150 20110609  2.302 -119.82   37.76    17.7     9.3    13.5    12.7     0.0    32.08 R    30.5     3.5    14.7 -9999.0 -9999.0 -9999.0 -99.000 -99.000 -99.000 -99.000 -99.000 -9999.0 -9999.0 -9999.0 -9999.0 -9999.0
53150 20110610  2.302 -119.82   37.76    17.2     8.7    12.9    12.7     0.0    31.36 R    31.7     4.5    15.2 -9999.0 -9999.0 -9999.0 -99.000 -99.000 -99.000 -99.000 -99.000 -9999.0 -9999.0 -9999.0 -9999.0 -9999.0
53150 20110611  2.302 -119.82   37.76    14.7     7.8    11.3    11.1     0.0    26.58 R    31.2     4.4    13.6 -9999.0 -9999.0 -9999.0 -99.000 -99.000 -99.000 -99.000 -99.000 -9999.0 -9999.0 -9999.0 -9999.0 -9999.0
53150 20110612  2.302 -119.82   37.76    15.3     8.1    11.7    11.6     0.0    27.19 R    34.5     3.2    14.7 -9999.0 -9999.0 -9999.0 -99.000 -99.000 -99.000 -99.000 -99.000 -9999.0 -9999.0 -9999.0 -9999.0 -9999.0
53150 20110613  2.302 -119.82   37.76    18.4     9.6    14.0    14.2     0.0    29.90 R    37.4     5.4    17.3 -9999.0 -9999.0 -9999.0 -99.000 -99.000 -99.000 -99.000 -99.000 -9999.0 -9999.0 -9999.0 -9999.0 -9999.0
53150 20110614  2.302 -119.82   37.76    22.3    13.7    18.0    17.8     0.0    32.11 R    40.9     6.4    20.3 -9999.0 -9999.0 -9999.0 -99.000 -99.000 -99.000 -99.000 -99.000 -9999.0 -9999.0 -9999.0 -9999.0 -9999.0
53150 20110615  2.302 -119.82   37.76    21.4    14.0    17.7    17.7     0.0    31.76 R    43.2     7.7    21.3 -9999.0 -9999.0 -9999.0 -99.000 -99.000 -99.000 -99.000 -99.000 -9999.0 -9999.0 -9999.0 -9999.0 -9999.0
53150 20110616  2.302 -119.82   37.76    18.5    11.7    15.1    14.8     0.0    31.35 R    40.8     7.7    19.5 -9999.0 -9999.0 -9999.0 -99.000 -99.000 -99.000 -99.000 -99.000 -9999.0 -9999.0 -9999.0 -9999.0 -9999.0
53150 20110617  2.302 -119.82   37.76    18.0    10.1    14.0    13.7     0.0    30.94 R    43.3     5.3    19.6 -9999.0 -9999.0 -9999.0 -99.000 -99.000 -99.000 -99.000 -99.000 -9999.0 -9999.0 -9999.0 -9999.0 -9999.0
53150 20110618  2.302 -119.82   37.76    18.9    11.9    15.4    14.7     0.0    29.20 R    44.3     6.6    20.5 -9999.0 -9999.0 -9999.0 -99.000 -99.000 -99.000 -99.000 -99.000 -9999.0 -9999.0 -9999.0 -9999.0 -9999.0
53150 20110619  2.302 -119.82   37.76    19.2    11.6    15.4    15.3     0.0    32.00 R    46.9     6.2    22.0 -9999.0 -9999.0 -9999.0 -99.000 -99.000 -99.000 -99.000 -99.000 -9999.0 -9999.0 -9999.0 -9999.0 -9999.0
53150 20110620  2.302 -119.82   37.76    22.0    14.5    18.2    18.2     0.0    31.65 R    49.5     7.8    24.0 -9999.0 -9999.0 -9999.0 -99.000 -99.000 -99.000 -99.000 -99.000 -9999.0 -9999.0 -9999.0 -9999.0 -9999.0
53150 20110621  2.302 -119.82   37.76    25.5    16.7    21.1    20.5     0.0    31.62 R    52.4    10.2    25.9 -9999.0 -9999.0 -9999.0 -99.000 -99.000 -99.000 -99.000 -99.000 -9999.0 -9999.0 -9999.0 -9999.0 -9999.0
53150 20110622  2.302 -119.82   37.76    24.3    16.8    20.6    20.3     0.0    31.62 R    52.3    10.4    25.8 -9999.0 -9999.0 -9999.0 -99.000 -99.000 -99.000 -99.000 -99.000 -9999.0 -9999.0 -9999.0 -9999.0 -9999.0
53150 20110623  2.302 -119.82   37.76    22.3    14.2    18.3    18.2     0.0    31.88 R    50.4     9.7    24.2 -9999.0 -9999.0 -9999.0 -99.000 -99.000 -99.000 -99.000 -99.000 -9999.0 -9999.0 -9999.0 -9999.0 -9999.0
53150 20110624  2.302 -119.82   37.76    20.3    13.2    16.7    16.3     0.0    31.99 R    49.0     8.5    22.9 -9999.0 -9999.0 -9999.0 -99.000 -99.000 -99.000 -99.000 -99.000 -9999.0 -9999.0 -9999.0 -9999.0 -9999.0
53150 20110625  2.302 -119.82   37.76    19.3    12.4    15.8    15.3     0.0    32.03 R    48.9     7.4    22.5 -9999.0 -9999.0 -9999.0 -99.000 -99.000 -99.000 -99.000 -99.000 -9999.0 -9999.0 -9999.0 -9999.0 -9999.0
53150 20110626  2.302 -119.82   37.76    20.5    12.0    16.2    15.9     0.0    31.71 R    50.8     7.2    23.4 -9999.0 -9999.0 -9999.0 -99.000 -99.000 -99.000 -99.000 -99.000 -9999.0 -9999.0 -9999.0 -9999.0 -9999.0
53150 20110627  2.302 -119.82   37.76    21.4    12.9    17.2    16.5     0.0    31.66 R    51.0     7.3    23.7 -9999.0 -9999.0 -9999.0 -99.000 -99.000 -99.000 -99.000 -99.000 -9999.0 -9999.0 -9999.0 -9999.0 -9999.0
53150 20110628  2.302 -119.82   37.76    17.6     6.5    12.0    13.1    19.7    25.59 R    43.8     7.3    19.6 -9999.0 -9999.0 -9999.0 -99.000 -99.000 -99.000 -99.000 -99.000 -9999.0 -9999.0 -9999.0 -9999.0 -9999.0
53150 20110629  2.302 -119.82   37.76     9.2     3.3     6.3     6.2    42.3    14.90 R    23.3     5.3    10.1 -9999.0 -9999.0 -9999.0 -99.000 -99.000 -99.000 -99.000 -99.000 -9999.0 -9999.0 -9999.0 -9999.0 -9999.0
53150 20110630  2.302 -119.82   37.76    16.8     7.3    12.1    13.4     0.0    29.96 R    31.5     4.5    15.8 -9999.0 -9999.0 -9999.0 -99.000 -99.000 -99.000 -99.000 -99.000 -9999.0 -9999.0 -9999.0 -9999.0 -9999.0
53150 20110701  2.302 -119.82   37.76    22.5    15.8    19.2    19.4     0.0    31.75 R    34.5     8.3    19.3 -9999.0 -9999.0 -9999.0 -99.000 -99.000 -99.000 -99.000 -99.000 -9999.0 -9999.0 -9999.0 -9999.0 -9999.0
53150 20110702  2.302 -119.82   37.76    25.3    18.4    21.8    21.8     0.0    31.80 R    36.1     9.1    20.3 -9999.0 -9999.0 -9999.0 -99.000 -99.000 -99.000 -99.000 -99.000 -9999.0 -9999.0 -9999.0 -9999.0 -9999.0
53150 20110703  2.302 -119.82   37.76    25.0    18.7    21.9    21.7     0.0    31.63 R    38.3     9.3    21.3 -9999.0 -9999.0 -9999.0 -99.000 -99.000 -99.000 -99.000 -99.000 -9999.0 -9999.0 -9999.0 -9999.0 -9999.0
53150 20110704  2.302 -119.82   37.76    23.5    17.4    20.5    20.4     0.0    31.36 R    41.2    10.7    22.6 -9999.0 -9999.0 -9999.0 -99.000 -99.000 -99.000 -99.000 -99.000 -9999.0 -9999.0 -9999.0 -9999.0 -9999.0
53150 20110705  2.302 -119.82   37.76    23.1    18.2    20.6    20.1     0.0    24.17 R    43.3    12.2    22.5 -9999.0 -9999.0 -9999.0 -99.000 -99.000 -99.000 -99.000 -99.000 -9999.0 -9999.0 -9999.0 -9999.0 -9999.0
53150 20110706  2.302 -119.82   37.76    24.1    17.5    20.8    20.2     0.0    30.28 R    46.8    13.1    25.3 -9999.0 -9999.0 -9999.0 -99.000 -99.000 -99.000 -99.000 -99.000 -9999.0 -9999.0 -9999.0 -9999.0 -9999.0
53150 20110707  2.302 -119.82   37.76    22.7    16.6    19.7    19.5     0.0    27.88 R    46.0    12.2    24.1 -9999.0 -9999.0 -9999.0 -99.000 -99.000 -99.000 -99.000 -99.000 -9999.0 -9999.0 -9999.0 -9999.0 -9999.0
53150 20110708  2.302 -119.82   37.76    23.0    15.8    19.4    18.9     0.0    31.18 R    47.3    11.6    24.6 -9999.0 -9999.0 -9999.0 -99.000 -99.000 -99.000 -99.000 -99.000 -9999.0 -9999.0 -9999.0 -9999.0 -9999.0
53150 20110709  2.302 -119.82   37.76    22.5    15.0    18.8    18.3     0.0    31.79 R    47.6    10.9    23.9 -9999.0 -9999.0 -9999.0 -99.000 -99.000 -99.000 -99.000 -99.000 -9999.0 -9999.0 -9999.0 -9999.0 -9999.0
53150 20110710  2.302 -119.82   37.76    21.4    14.0    17.7    17.4     0.0    32.00 R    48.2     9.4    23.1 -9999.0 -9999.0 -9999.0 -99.000 -99.000 -99.000 -99.000 -99.000 -9999.0 -9999.0 -9999.0 -9999.0 -9999.0
53150 20110711  2.302 -119.82   37.76    19.4    12.2    15.8    15.6     0.0    31.54 R    47.0     8.6    22.1 -9999.0 -9999.0 -9999.0 -99.000 -99.000 -99.000 -99.000 -99.000 -9999.0 -9999.0 -9999.0 -9999.0 -9999.0
53150 20110712  2.302 -119.82   37.76    18.6    10.7    14.7    14.0     0.0    31.35 R    46.8     7.1    21.3 -9999.0 -9999.0 -9999.0 -99.000 -99.000 -99.000 -99.000 -99.000 -9999.0 -9999.0 -9999.0 -9999.0 -9999.0
53150 20110713  2.302 -119.82   37.76    16.8     8.9    12.8    12.0     0.0    27.39 R    46.5     7.0    19.1 -9999.0 -9999.0 -9999.0 -99.000 -99.000 -99.000 -99.000 -99.000 -9999.0 -9999.0 -9999.0 -9999.0 -9999.0
53150 20110714  2.302 -119.82   37.76    15.5     8.5    12.0    10.8     0.0    20.83 R    47.1     6.7    17.8 -9999.0 -9999.0 -9999.0 -99.000 -99.000 -99.000 -99.000 -99.000 -9999.0 -9999.0 -9999.0 -9999.0 -9999.0
53150 20110715  2.402 -119.82   37.76 -9999.0 -9999.0 -9999.0 -9999.0 -9999.0 -9999.00 U -9999.0 -9999.0 -9999.0 -9999.0 -9999.0 -9999.0 -99.000 -99.000 -99.000 -99.000 -99.000 -9999.0 -9999.0 -9999.0 -9999.0 -9999.0
53150 20110716  2.402 -119.82   37.76    16.0     7.3    11.6    11.4     0.0    29.86 R    57.0     3.4    20.8    83.6    45.0    70.0 -99.000 -99.000 -99.000 -99.000 -99.000 -9999.0 -9999.0 -9999.0 -9999.0 -9999.0
53150 20110717  2.402 -119.82   37.76    18.2     8.9    13.6    13.0     0.0    31.16 R    57.8     5.4    22.6    81.3    54.2    67.6 -99.000 -99.000 -99.000 -99.000 -99.000 -9999.0 -9999.0 -9999.0 -9999.0 -9999.0
53150 20110718  2.402 -119.82   37.76    19.7    11.7    15.7    15.1     0.0    31.44 R    59.0     6.7    23.4    72.2    45.3    54.3 -99.000 -99.000 -99.000 -99.000 -99.000 -9999.0 -9999.0 -9999.0 -9999.0 -9999.0
53150 20110719  2.402 -119.82   37.76    20.0    12.3    16.2    15.7     0.0    30.92 R    59.9     7.4    24.8    75.5    41.8    56.0 -99.000 -99.000 -99.000 -99.000 -99.000 -9999.0 -9999.0 -9999.0 -9999.0 -9999.0
53150 20110720  2.402 -119.82   37.76    21.2    12.6    16.9    16.2     0.0    31.30 R    61.3     6.2    24.9    69.3    45.1    54.2 -99.000 -99.000 -99.000 -99.000 -99.000 -9999.0 -9999.0 -9999.0 -9999.0 -9999.0
53150 20110721  2.402 -119.82   37.76    21.5    12.7    17.1    16.7     0.0    31.09 R    61.4     7.1    25.6    64.0    33.8    51.6 -99.000 -99.000 -99.000 -99.000 -99.000 -9999.0 -9999.0 -9999.0 -9999.0 -9999.0
53150 20110722  2.402 -119.82   37.76    21.2    13.7    17.4    17.1     0.0    30.55 R    62.3     7.8    26.1    58.1    40.8    51.0 -99.000 -99.000 -99.000 -99.000 -99.000 -9999.0 -9999.0 -9999.0 -9999.0 -9999.0
53150 20110723  2.402 -119.82   37.76    22.3    15.0    18.7    17.9     0.0    30.39 R    61.8     9.2    26.8    63.7    45.0    53.2 -99.000 -99.000 -99.000 -99.000 -99.000 -9999.0 -9999.0 -9999.0 -9999.0 -9999.0
53150 20110724  2.402 -119.82   37.76    23.2    16.3    19.8    18.9     0.0    30.66 R    62.0     9.9    27.0    63.3    31.7    47.1 -99.000 -99.000 -99.000 -99.000 -99.000 -9999.0 -9999.0 -9999.0 -9999.0 -9999.0
53150 20110725  2.402 -119.82   37.76    22.5    14.9    18.7    18.1     0.0    30.95 R    62.8     8.5    26.4    53.6    29.0    42.6 -99.000 -99.000 -99.000 -99.000 -99.000 -9999.0 -9999.0 -9999.0 -9999.0 -9999.0
53150 20110726  2.402 -119.82   37.76    21.1    12.9    17.0    16.6     0.0    30.97 R    61.0     7.5    25.1    55.2    33.3    46.4 -99.000 -99.000 -99.000 -99.000 -99.000 -9999.0 -9999.0 -9999.0 -9999.0 -9999.0
53150 20110727  2.402 -119.82   37.76    20.9    12.9    16.9    17.1     0.0    29.37 R    60.9     6.8    25.2    52.3    25.0    44.5 -99.000 -99.000 -99.000 -99.000 -99.000 -9999.0 -9999.0 -9999.0 -9999.0 -9999.0
53150 20110728  2.402 -119.82   37.76    24.6    16.8    20.7    20.6     0.0    28.20 R    65.5     8.8    27.6    55.3    15.6    34.7 -99.000 -99.000 -99.000 -99.000 -99.000 -9999.0 -9999.0 -9999.0 -9999.0 -9999.0
53150 20110729  2.402 -119.82   37.76    24.3    19.0    21.7    21.5     0.0    28.84 R    66.3    11.6    29.5    62.6    33.5    46.8 -99.000 -99.000 -99.000 -99.000 -99.000 -9999.0 -9999.0 -9999.0 -9999.0 -9999.0
53150 20110730  2.402 -119.82   37.76    24.3    16.9    20.6    20.3     0.0    27.83 R    64.0    13.1    29.4    62.8    48.0    55.3 -99.000 -99.000 -99.000 -99.000 -99.000 -9999.0 -9999.0 -9999.0 -9999.0 -9999.0
53150 20110731  2.402 -119.82   37.76    22.4    14.7    18.6    18.5     0.6    21.20 R    57.7    12.7    24.1    92.7    38.8    66.2 -99.000 -99.000 -99.000 -99.000 -99.000 -9999.0 -9999.0 -9999.0 -9999.0 -9999.0
53150 20110801  2.402 -119.82   37.76    22.9    15.4    19.1    18.7     0.0    29.21 R    62.5    11.3    27.6    82.4    44.2    59.8 -99.000 -99.000 -99.000 -99.000 -99.000 -9999.0 -9999.0 -9999.0 -9999.0 -9999.0
53150 20110802  2.402 -119.82   37.76    23.8    15.9    19.8    19.3     0.0    30.00 R    64.9    10.4    27.8    61.1    31.1    44.6 -99.000 -99.000 -99.000 -99.000 -99.000 -9999.0 -9999.0 -9999.0 -9999.0 -9999.0
53150 20110803  2.402 -119.82   37.76    23.5    14.5    19.0    19.0     0.0    30.13 R    63.1     8.7    26.6    58.3    17.7    33.6 -99.000 -99.000 -99.000 -99.000 -99.000 -9999.0 -9999.0 -9999.0 -9999.0 -9999.0
53150 20110804  2.402 -119.82   37.76    19.6    12.7    16.2    15.9     0.0    30.05 R    61.1     6.9    24.8    61.1    35.7    48.5 -99.000 -99.000 -99.000 -99.000 -99.000 -9999.0 -9999.0 -9999.0 -9999.0 -9999.0
53150 20110805  2.402 -119.82   37.76    20.5    12.8    16.6    16.0     0.0    29.91 R    62.5     5.6    24.9    67.6    32.1    49.3 -99.000 -99.000 -99.000 -99.000 -99.000 -9999.0 -9999.0 -9999.0 -9999.0 -9999.0
53150 20110806  2.402 -119.82   37.76    20.6    12.9    16.8    16.1     0.0    29.69 R    62.0     6.5    24.8    65.6    39.1    51.3 -99.000 -99.000 -99.000 -99.000 -99.000 -9999.0 -9999.0 -9999.0 -9999.0 -9999.0
53150 20110807  2.402 -119.82   37.76    21.4    13.1    17.3    16.8     0.0    29.76 R    63.8     7.4    25.5    57.1    34.7    49.2 -99.000 -99.000 -99.000 -99.000 -99.000 -9999.0 -9999.0 -9999.0 -9999.0 -9999.0
53150 20110808  2.402 -119.82   37.76    22.3    14.2    18.2    17.4     0.0    29.79 R    64.7     6.4    25.6    56.3    31.9    42.7 -99.000 -99.000 -99.000 -99.000 -99.000 -9999.0 -9999.0 -9999.0 -9999.0 -9999.0
53150 20110809  2.402 -119.82   37.76    22.2    13.5    17.8    17.5     0.0    29.89 R    63.5     6.2    25.4    55.0    30.0    40.8 -99.000 -99.000 -99.000 -99.000 -99.000 -9999.0 -9999.0 -9999.0 -9999.0 -9999.0
53150 20110810  2.402 -119.82   37.76    22.2    14.2    18.2    17.8     0.0    29.53 R    64.5     6.2    25.5    48.1    27.1    37.6 -99.000 -99.000 -99.000 -99.000 -99.000 -9999.0 -9999.0 -9999.0 -9999.0 -9999.0
53150 20110811  2.402 -119.82   37.76    21.9    15.4    18.6    17.8     0.0    28.77 R    63.6     6.6    24.7    57.2    31.8    44.8 -99.000 -99.000 -99.000 -99.000 -99.000 -9999.0 -9999.0 -9999.0 -9999.0 -9999.0
53150 20110812  2.402 -119.82   37.76    23.7    16.4    20.0    20.2     0.0    27.00 R    64.1     7.1    25.5    58.5     7.3    28.4 -99.000 -99.000 -99.000 -99.000 -99.000 -9999.0 -9999.0 -9999.0 -9999.0 -9999.0
53150 20110813  2.402 -119.82   37.76    24.2    16.8    20.5    20.5     0.0    26.65 R    63.7    10.0    27.0    59.3     7.4    30.3 -99.000 -99.000 -99.000 -99.000 -99.000 -9999.0 -9999.0 -9999.0 -9999.0 -9999.0
53150 20110814  2.402 -119.82   37.76    22.5    15.8    19.2    18.2     0.0    25.62 R    60.6     8.7    24.9    58.3    27.8    42.4 -99.000 -99.000 -99.000 -99.000 -99.000 -9999.0 -9999.0 -9999.0 -9999.0 -9999.0
53150 20110815  2.402 -119.82   37.76    22.0    14.4    18.2    17.3     0.0    29.03 R    61.5     7.8    24.6    39.8    26.5    33.1 -99.000 -99.000 -99.000 -99.000 -99.000 -9999.0 -9999.0 -9999.0 -9999.0 -9999.0
53150 20110816  2.402 -119.82   37.76    21.7    13.4    17.6    16.9     0.0    29.05 R    62.1     5.3    24.7    41.4    26.9    33.9 -99.000 -99.000 -99.000 -99.000 -99.000 -9999.0 -9999.0 -9999.0 -9999.0 -9999.0
53150 20110817  2.402 -119.82   37.76    22.7    15.4    19.0    18.7     0.0    28.10 R    64.9     5.0    24.7    43.3    16.4    34.7 -99.000 -99.000 -99.000 -99.000 -99.000 -9999.0 -9999.0 -9999.0 -9999.0 -9999.0
53150 20110818  2.402 -119.82   37.76    23.3    15.9    19.6    18.7     0.0    28.65 R    64.1     6.9    25.8    47.0    24.4    39.0 -99.000 -99.000 -99.000 -99.000 -99.000 -9999.0 -9999.0 -9999.0 -9999.0 -9999.0
53150 20110819  2.402 -119.82   37.76    21.3    13.8    17.6    17.1     0.0    28.33 R    61.5     8.1    25.0    51.6    34.7    42.6 -99.000 -99.000 -99.000 -99.000 -99.000 -9999.0 -9999.0 -9999.0 -9999.0 -9999.0
53150 20110820  2.402 -119.82   37.76    20.5    12.9    16.7    15.8     0.0    28.07 R    61.3     6.5    23.9    61.7    36.2    47.5 -99.000 -99.000 -99.000 -99.000 -99.000 -9999.0 -9999.0 -9999.0 -9999.0 -9999.0
53150 20110821  2.402 -119.82   37.76    20.5    12.9    16.7    15.9     0.0    28.13 R    61.1     5.2    23.9    60.4    29.8    46.5 -99.000 -99.000 -99.000 -99.000 -99.000 -9999.0 -9999.0 -9999.0 -9999.0 -9999.0
53150 20110822  2.402 -119.82   37.76    22.0    13.4    17.7    17.2     0.0    26.67 R    59.6     5.5    23.9    51.1    26.4    37.9 -99.000 -99.000 -99.000 -99.000 -99.000 -9999.0 -9999.0 -9999.0 -9999.0 -9999.0
53150 20110823  2.402 -119.82   37.76    24.8    14.6    19.7    19.8     0.0    27.10 R    63.5     8.3    27.1    44.8    27.5    36.8 -99.000 -99.000 -99.000 -99.000 -99.000 -9999.0 -9999.0 -9999.0 -9999.0 -9999.0
53150 20110824  2.402 -119.82   37.76    24.9    17.4    21.1    20.3     0.0    26.67 R    63.3    11.1    27.9    46.9    20.2    39.4 -99.000 -99.000 -99.000 -99.000 -99.000 -9999.0 -9999.0 -9999.0 -9999.0 -9999.0
53150 20110825  2.402 -119.82   37.76    24.9    16.2    20.6    19.9     0.0    25.98 R    61.6    10.3    26.2    51.2    29.2    41.7 -99.000 -99.000 -99.000 -99.000 -99.000 -9999.0 -9999.0 -9999.0 -9999.0 -9999.0
53150 20110826  2.402 -119.82   37.76    26.2    18.0    22.1    21.6     0.0    22.03 R    60.6    12.6    26.2    44.3    22.8    29.9 -99.000 -99.000 -99.000 -99.000 -99.000 -9999.0 -9999.0 -9999.0 -9999.0 -9999.0
53150 20110827  2.402 -119.82   37.76    25.3    18.9    22.1    21.5     0.0    22.79 R    59.3    15.2    28.1    44.5    30.7    38.3 -99.000 -99.000 -99.000 -99.000 -99.000 -9999.0 -9999.0 -9999.0 -9999.0 -9999.0
53150 20110828  2.402 -119.82   37.76    26.3    18.2    22.2    21.4     0.0    25.62 R    59.7    12.5    27.3    46.8    22.0    36.8 -99.000 -99.000 -99.000 -99.000 -99.000 -9999.0 -9999.0 -9999.0 -9999.0 -9999.0
53150 20110829  2.402 -119.82   37.76    25.2    16.7    21.0    20.2     0.0    26.89 R    62.3     9.9    26.6    43.5    25.8    37.2 -99.000 -99.000 -99.000 -99.000 -99.000 -9999.0 -9999.0 -9999.0 -9999.0 -9999.0
53150 20110830  2.402 -119.82   37.76    23.3    15.0    19.1    18.3     0.0    26.94 R    61.9     8.3    25.1    52.9    22.2    38.0 -99.000 -99.000 -99.000 -99.000 -99.000 -9999.0 -9999.0 -9999.0 -9999.0 -9999.0
53150 20110831  2.402 -119.82   37.76    21.6    13.0    17.3    16.6     0.0    26.49 R    60.7     6.8    23.9    57.0    33.2    43.7 -99.000 -99.000 -99.000 -99.000 -99.000 -9999.0 -9999.0 -9999.0 -9999.0 -9999.0
53150 20110901  2.402 -119.82   37.76    22.0    12.9    17.5    17.1     0.0    26.31 R    60.7     7.2    24.5    53.2    32.4    43.8 -99.000 -99.000 -99.000 -99.000 -99.000 -9999.0 -9999.0 -9999.0 -9999.0 -9999.0
53150 20110902  2.402 -119.82   37.76    24.3    16.0    20.1    19.3     0.0    26.07 R    62.7     7.8    25.9    47.9    24.1    36.3 -99.000 -99.000 -99.000 -99.000 -99.000 -9999.0 -9999.0 -9999.0 -9999.0 -9999.0
53150 20110903  2.402 -119.82   37.76    23.8    16.8    20.3    19.6     0.0    25.43 R    61.8     8.2    25.7    44.4    17.9    31.7 -99.000 -99.000 -99.000 -99.000 -99.000 -9999.0 -9999.0 -9999.0 -9999.0 -9999.0
53150 20110904  2.402 -119.82   37.76    24.5    15.8    20.1    19.3     0.0    26.07 R    63.1     7.8    25.9    40.7    11.0    26.4 -99.000 -99.000 -99.000 -99.000 -99.000 -9999.0 -9999.0 -9999.0 -9999.0 -9999.0
53150 20110905  2.402 -119.82   37.76    23.1    17.0    20.1    19.1     0.0    26.17 R    62.2     8.3    25.8    35.6    21.1    29.2 -99.000 -99.000 -99.000 -99.000 -99.000 -9999.0 -9999.0 -9999.0 -9999.0 -9999.0
53150 20110906  2.402 -119.82   37.76    23.7    16.5    20.1    19.4     0.0    24.97 R    62.3     9.9    26.3    34.1    18.1    26.6 -99.000 -99.000 -99.000 -99.000 -99.000 -9999.0 -9999.0 -9999.0 -9999.0 -9999.0
53150 20110907  2.402 -119.82   37.76    26.0    18.2    22.1    20.9     0.0    22.92 R    60.8     9.8    25.5    38.7    20.5    27.7 -99.000 -99.000 -99.000 -99.000 -99.000 -9999.0 -9999.0 -9999.0 -9999.0 -9999.0
53150 20110908  2.402 -119.82   37.76    23.1    16.7    19.9    19.3     0.0    24.43 R    61.0     9.6    26.1    45.9    23.2    36.4 -99.000 -99.000 -99.000 -99.000 -99.000 -9999.0 -9999.0 -9999.0 -9999.0 -9999.0
53150 20110909  2.402 -119.82   37.76    24.4    12.5    18.5    18.8     4.4    10.31 R    53.5     9.7    16.6    71.4    20.9    32.4 -99.000 -99.000 -99.000 -99.000 -99.000 -9999.0 -9999.0 -9999.0 -9999.0 -9999.0
53150 20110910  2.402 -119.82   37.76    21.7    11.4    16.5    17.2     4.6    14.87 R    46.0     7.9    16.5    70.2    23.9    38.2 -99.000 -99.000 -99.000 -99.000 -99.000 -9999.0 -9999.0 -9999.0 -9999.0 -9999.0
53150 20110911  2.402 -119.82   37.76    17.2     8.5    12.9    12.8    22.5    10.68 R    39.9     7.0    13.0    95.6    42.6    62.6 -99.000 -99.000 -99.000 -99.000 -99.000 -9999.0 -9999.0 -9999.0 -9999.0 -9999.0
53150 20110912  2.402 -119.82   37.76    18.8    11.5    15.1    15.1     0.0    22.71 R    34.6     5.8    15.4    69.5    38.7    52.2 -99.000 -99.000 -99.000 -99.000 -99.000 -9999.0 -9999.0 -9999.0 -9999.0 -9999.0
53150 20110913  2.402 -119.82   37.76    20.1    10.6    15.3    15.3     1.1    19.08 R    39.2     7.6    15.4    75.9    33.8    48.9   0.065   0.105   0.051   0.015   0.041    17.5    16.6    16.2    15.4    14.5
53150 20110914  2.402 -119.82   37.76    19.5    11.6    15.6    15.0     0.0    22.24 R    43.5     6.8    17.7    64.7    44.5    54.8   0.055   0.094   0.050   0.014   0.041    18.7    17.5    16.6    15.5    14.4
53150 20110915  2.402 -119.82   37.76    19.7    12.2    15.9    15.0     0.0    22.96 R    46.9     7.6    19.4    65.7    46.8    56.8   0.046   0.086   0.046   0.015   0.040    19.7    18.7    17.7    15.9    14.3
53150 20110916  2.402 -119.82   37.76    16.8    10.3    13.6    13.2     0.0    21.75 R    46.1     7.6    18.5    73.3    52.0    64.1   0.038   0.078   0.043   0.016   0.039    19.1    18.5    17.8    16.2    14.4
53150 20110917  2.402 -119.82   37.76    17.9    10.4    14.1    13.5     0.0    23.30 R    49.5     4.8    19.1    73.2    44.5    58.9   0.031   0.071   0.040   0.015   0.040    19.0    18.3    17.6    16.2    14.5
53150 20110918  2.402 -119.82   37.76    21.1    13.0    17.0    17.0     0.0    23.29 R    53.2     7.4    21.7    59.9    24.9    43.0   0.027   0.063   0.038   0.015   0.039    20.4    19.4    18.1    16.2    14.4
53150 20110919  2.402 -119.82   37.76    23.4    16.6    20.0    19.4     0.0    22.99 R    55.6     7.9    23.0    40.9    21.2    28.9   0.020   0.055   0.035   0.015   0.040    21.4    20.2    18.7    16.5    14.4
53150 20110920  2.402 -119.82   37.76    23.4    17.2    20.3    19.6     0.0    23.26 R    56.4     9.1    24.0    45.1    21.0    32.9   0.017   0.048   0.032   0.015   0.040    22.2    20.8    19.1    16.7    14.5
53150 20110921  2.402 -119.82   37.76    24.1    18.1    21.1    20.3     0.0    22.51 R    58.4     9.5    24.0    41.2    17.2    30.8   0.015   0.042   0.031   0.015   0.041    22.8    21.3    19.5    17.0    14.6
53150 20110922  2.402 -119.82   37.76    25.5    19.4    22.5    21.8     0.0    22.36 R    57.3     9.3    24.1    32.9    16.7    22.8   0.013   0.039   0.030   0.015   0.039    22.8    21.5    19.7    17.2    14.7
53150 20110923  2.402 -119.82   37.76    26.1    16.6    21.4    21.6     0.0    22.58 R    57.7     9.5    24.6    44.3    15.1    23.0   0.012   0.038   0.029   0.015   0.039    23.0    21.6    19.7    17.3    14.8
53150 20110924  2.402 -119.82   37.76    22.3    13.4    17.9    17.5     0.0    19.78 R    56.4     9.7    22.4    55.5    26.6    41.2   0.011   0.035   0.027   0.015   0.040    22.2    21.0    19.7    17.3    14.9
53150 20110925  2.402 -119.82   37.76    17.6    10.3    14.0    12.9     0.5    14.58 R    44.0     4.8    16.4    88.5    29.3    59.7   0.009   0.034   0.025   0.015   0.040    18.6    18.3    18.6    17.2    14.9
53150 20110926  2.402 -119.82   37.76    18.0    10.7    14.4    14.5     0.0    21.90 R    53.9     3.5    19.8    72.9    23.7    47.9   0.009   0.033   0.025   0.015   0.039    19.3    18.3    17.6    16.7    14.9
53150 20110927  2.402 -119.82   37.76    22.7    15.0    18.9    18.9     0.0    21.61 R    57.4     8.3    23.3    61.8    20.3    35.4   0.008   0.033   0.025   0.015   0.040    21.8    20.3    18.3    16.5    14.8
53150 20110928  2.402 -119.82   37.76    23.4    18.0    20.7    19.9     0.0    21.16 R    56.9     7.8    23.3    41.7    16.3    25.7   0.007   0.031   0.024   0.014   0.040    22.0    20.6    18.7    16.7    14.8
53150 20110929  2.402 -119.82   37.76    25.0    18.3    21.6    20.5     0.0    14.02 R    48.7    10.1    20.5    33.8    19.9    25.8   0.006   0.030   0.023   0.014   0.040    19.7    19.3    18.4    16.8    14.8
53150 20110930  2.402 -119.82   37.76    23.1    12.7    17.9    17.0     0.0    20.74 R    52.7     8.4    21.0    67.3    27.5    45.1   0.005   0.029   0.024   0.015   0.040    20.7    19.5    18.2    16.6    14.8
53150 20111001  2.402 -119.82   37.76    18.2    10.2    14.2    13.4     0.0    20.90 R    49.2     7.4    19.0    74.2    35.2    53.0   0.005   0.029   0.024   0.018   0.041    19.7    18.7    18.0    16.5    14.7
53150 20111002  2.402 -119.82   37.76    16.5    10.0    13.3    12.6     0.0    16.01 R    45.9     7.7    17.7    85.5    45.2    65.2   0.004   0.028   0.023   0.019   0.041    18.6    18.0    17.5    16.4    14.7
53150 20111003  2.402 -119.82   37.76    13.6     5.6     9.6     9.4     0.0    13.10 R    35.2     6.1    12.7    96.9    65.4    80.1   0.003   0.027   0.023   0.019   0.041    15.3    15.5    16.4    16.1    14.7
53150 20111004  2.402 -119.82   37.76     9.3     3.2     6.3     4.9     6.3     6.84 R    37.7     0.7     8.3    99.2    67.8    90.3   0.003   0.028   0.022   0.019   0.041    11.8    12.7    14.8    15.5    14.6
53150 20111005  2.402 -119.82   37.76     3.3    -1.8     0.8     0.2    70.8     6.69 R    13.9    -2.4     0.7   100.0    97.2    99.7   0.198   0.176   0.135   0.039   0.042     3.6     5.7     9.4    13.8    14.4
53150 20111006  2.402 -119.82   37.76     1.9    -2.4    -0.2    -0.9     6.3     5.57 R     8.1    -6.5    -1.3   100.0    38.0    92.8   0.162   0.182   0.146   0.085   0.042     2.4     4.0     6.9    11.2    13.6
53150 20111007  2.402 -119.82   37.76     7.7    -0.4     3.6     4.0     0.0    17.19 R    18.7    -5.8     2.7    99.1    35.8    67.4   0.165   0.182   0.146   0.091   0.043     5.8     5.7     6.8     9.8    12.6
53150 20111008  2.402 -119.82   37.76    12.2     4.6     8.4     8.5     0.0    20.18 R    28.2     0.4     9.5    92.7    43.2    66.7   0.136   0.171   0.137   0.095   0.043     9.6     8.8     8.3     9.5    11.8
53150 20111009  2.402 -119.82   37.76    13.8     6.7    10.3     9.6     0.0    19.72 R    27.7     2.8    10.5    91.5    44.0    65.1   0.113   0.152   0.119   0.090   0.043    11.2    10.5     9.9    10.1    11.3
53150 20111010  2.402 -119.82   37.76    11.1     6.8     9.0     8.2     5.8     6.59 R    20.0     3.5     8.9    98.8    55.2    84.5   0.112   0.147   0.111   0.085   0.046     9.3     9.5    10.1    10.6    11.2
53150 20111011  2.402 -119.82   37.76    16.4     7.9    12.1    12.1     0.0    18.23 R    30.4     5.5    13.1    98.7    38.3    75.1   0.111   0.148   0.112   0.086   0.050    13.4    12.2    11.1    10.7    11.2
53150 20111012  2.402 -119.82   37.76    20.5    13.0    16.8    16.9     0.0    19.17 R    31.3     4.5    13.4    46.4     7.7    22.5   0.093   0.136   0.103   0.083   0.052    14.0    12.8    11.9    11.2    11.2
53150 20111013  2.402 -119.82   37.76    20.9    15.9    18.4    18.0     0.0    19.01 R    33.4     6.1    14.9    56.1    27.6    38.3   0.080   0.125   0.095   0.079   0.053    16.0    14.5    13.0    11.8    11.3
53150 20111014  2.402 -119.82   37.76    21.6    15.0    18.3    17.4     0.0    17.07 R    32.8     5.9    14.2    55.8    23.6    33.5   0.070   0.117   0.089   0.077   0.054    16.0    14.8    13.6    12.3    11.5
53150 20111015  2.402 -119.82   37.76    19.7    12.7    16.2    15.8     0.0    17.40 R    37.9     5.6    14.9    67.2    22.6    41.4   0.060   0.111   0.085   0.074   0.054    16.5    15.3    14.0    12.7    11.8
53150 20111016  2.402 -119.82   37.76    18.2    11.8    15.0    14.4     0.0    18.00 R    39.2     6.1    16.0    79.0    34.8    52.6   0.053   0.105   0.081   0.072   0.055    17.1    15.9    14.5    13.0    12.0
53150 20111017  2.402 -119.82   37.76    18.8    11.7    15.2    15.2     0.0    18.65 R    41.7     5.4    16.5    63.6    22.4    40.9   0.049   0.101   0.078   0.070   0.054    17.5    16.1    14.8    13.3    12.1
53150 20111018  2.402 -119.82   37.76    19.3    12.2    15.7    15.7     0.0    18.40 R    41.9     6.0    16.8    71.9    27.6    44.3   0.042   0.096   0.075   0.068   0.055    17.7    16.4    15.1    13.5    12.3
53150 20111019  2.402 -119.82   37.76    16.0     9.4    12.7    12.6     0.0    17.96 R    40.2     5.1    15.6    88.9    42.1    62.9   0.038   0.092   0.071   0.067   0.055    17.1    16.0    15.0    13.7    12.4
53150 20111020  2.402 -119.82   37.76    17.9    10.3    14.1    14.1     0.0    18.09 R    41.8     4.4    15.1    80.3    22.9    41.3   0.034   0.088   0.069   0.065   0.055    16.6    15.7    14.8    13.7    12.5
53150 20111021  2.402 -119.82   37.76    16.1    11.4    13.7    14.0     0.0    17.83 R    41.7     2.2    15.1    71.3    20.5    41.0   0.031   0.083   0.067   0.064   0.055    16.3    15.2    14.4    13.6    12.6
53150 20111022  2.402 -119.82   37.76    19.0    13.6    16.3    15.8     0.0    17.95 R    44.3     4.4    16.8    60.7    17.5    36.0   0.027   0.079   0.064   0.062   0.055    17.3    15.9    14.7    13.6    12.6
53150 20111023  2.402 -119.82   37.76    19.6    13.7    16.7    16.1     0.0    17.62 R    44.6     4.5    16.3    47.4    13.5    23.1   0.025   0.073   0.062   0.060   0.054    17.4    16.0    14.9    13.7    12.6
53150 20111024  2.402 -119.82   37.76    16.3     9.1    12.7    12.9     0.0    14.76 R    38.7     3.9    13.4    69.6    17.1    43.1   0.023   0.068   0.059   0.058   0.056    15.1    14.6    14.4    13.7    12.6
53150 20111025  2.402 -119.82   37.76    12.3     4.9     8.6     8.1     0.0    13.74 R    33.7     1.7    11.0    98.6    45.7    72.0   0.023   0.066   0.058   0.057   0.055    13.8    13.5    13.6    13.4    12.6
53150 20111026  2.402 -119.82   37.76    10.4     4.2     7.3     6.7     0.0    15.66 R    37.3    -4.0     8.9    98.6    15.9    57.7   0.023   0.063   0.056   0.057   0.054    12.6    12.3    12.7    13.0    12.5
53150 20111027  2.402 -119.82   37.76    11.1     3.9     7.5     7.3     0.0    16.14 R    37.1    -0.7    10.8    78.4    38.2    55.9   0.021   0.061   0.056   0.054   0.055    13.0    12.5    12.3    12.6    12.4
53150 20111028  2.402 -119.82   37.76    13.9     6.1    10.0    10.2     0.0    16.38 R    39.1     1.5    12.4    57.4    23.3    36.1   0.019   0.058   0.054   0.053   0.053    13.9    13.0    12.5    12.4    12.2
53150 20111029  2.402 -119.82   37.76    16.7     9.6    13.1    12.7     0.0    16.60 R    41.4     2.8    14.2    58.2    19.2    37.1   0.017   0.054   0.052   0.051   0.053    15.2    13.7    12.7    12.3    12.0
53150 20111030  2.402 -119.82   37.76    17.3    10.6    13.9    13.2     0.0    16.46 R    40.7     3.9    13.9    40.6    17.8    26.6   0.016   0.052   0.051   0.051   0.053    15.3    14.1    13.1    12.5    11.9
53150 20111031  2.402 -119.82   37.76    16.1     9.4    12.7    12.4     0.0    16.05 R    42.0     2.5    13.7    57.7    14.7    32.8   0.015   0.050   0.048   0.049   0.053    15.1    13.8    13.0    12.5    11.9
53150 20111101  2.402 -119.82   37.76    13.4     7.1    10.2     9.7     0.0    16.09 R    38.7     0.0    11.1    64.5     2.2    39.7   0.015   0.049   0.047   0.047   0.053    13.8    13.1    12.8    12.5    11.9
53150 20111102  2.402 -119.82   37.76    14.1     5.2     9.7    10.3     0.0    15.11 R    39.6    -0.9    10.3    55.3     3.4    24.1   0.014   0.048   0.046   0.046   0.053    12.5    12.0    12.1    12.2    11.9
53150 20111103  2.402 -119.82   37.76     9.6    -4.6     2.5     3.9    12.9    14.00 R    28.9    -4.5     6.1    99.0    18.4    49.8   0.013   0.048   0.044   0.044   0.052     9.9    10.1    11.2    11.9    11.8
53150 20111104  2.402 -119.82   37.76    -0.9    -5.6    -3.3    -3.7     1.5     8.71 R     9.1   -11.6    -4.9    97.9    45.2    87.2   0.024   0.054   0.043   0.043   0.052     3.7     6.0     9.2    11.3    11.6
53150 20111105  2.402 -119.82   37.76    -0.9    -4.8    -2.9    -3.3     5.4     7.05 R     5.4   -12.2    -5.1    96.9    35.5    71.3   0.044   0.067   0.047   0.043   0.051     2.0     4.1     7.0    10.1    11.3
53150 20111106  2.402 -119.82   37.76    -1.5    -4.6    -3.1    -3.5     6.1     7.49 R     6.0   -12.7    -5.2    97.1    59.2    92.0   0.059   0.080   0.051   0.044   0.051     1.8     3.4     5.9     9.2    10.8
53150 20111107  2.402 -119.82   37.76     1.5    -4.3    -1.4    -1.5     0.0    12.90 R     5.6   -12.7    -5.6    98.8    52.1    75.6   0.086   0.102   0.058   0.043   0.052     1.6     2.9     5.3     8.5    10.3
53150 20111108  2.402 -119.82   37.76     6.0    -2.7     1.7     1.6     0.0    14.89 R     8.6    -9.6    -2.7    91.9    24.8    56.3   0.121   0.133   0.069   0.042   0.052     2.2     2.7     4.7     7.8     9.9
53150 20111109  2.402 -119.82   37.76    11.4     3.7     7.6     6.9     0.0    13.97 R    17.2    -3.3     2.2    33.9    12.7    22.5   0.118   0.147   0.103   0.041   0.052     4.2     3.6     4.7     7.4     9.5
53150 20111110  2.402 -119.82   37.76    11.6     5.0     8.3     7.6     0.0    12.70 R    18.7    -1.2     3.9    43.7    13.1    21.5   0.100   0.140   0.104   0.042   0.052     4.7     4.4     5.3     7.3     9.1
53150 20111111  2.402 -119.82   37.76     7.5     0.1     3.8     3.6     6.1     2.45 R    14.1     0.3     2.4    99.3    14.3    67.9   0.097   0.137   0.101   0.046   0.052     3.0     3.7     5.2     7.3     8.9
53150 20111112  2.402 -119.82   37.76     5.6    -0.1     2.7 -9999.0     1.3     7.77 R    27.6     0.2     3.9   100.0    89.8    99.0   0.110   0.147   0.112   0.050   0.052     5.0     4.7     5.3     7.0     8.7
53150 20111113  2.402 -119.82   37.76     8.1     1.3     4.7     4.2     0.0    10.72 R    22.7     1.3     6.6   100.0    61.3    90.3   0.095   0.140   0.107   0.055   0.052     7.3     6.4     6.3     7.2     8.5
53150 20111114  2.402 -119.82   37.76     7.1     1.9     4.5     4.6     0.0     9.28 R    20.2     0.1     6.0   100.0    29.9    81.2   0.084   0.133   0.101   0.058   0.051     7.6     7.1     7.2     7.5     8.4
53150 20111115  2.402 -119.82   37.76     9.6     4.1     6.9     6.1     0.0    13.80 R    24.1    -0.4     6.2    95.8    28.6    59.9   0.075   0.127   0.095   0.059   0.051     7.7     7.0     7.1     7.7     8.4
53150 20111116  2.402 -119.82   37.76    10.7     4.5     7.6     6.9     0.0    13.67 R    26.4    -0.1     6.9    93.1    38.4    61.4   0.066   0.122   0.091   0.061   0.050     8.4     7.4     7.3     7.8     8.4
53150 20111117  2.402 -119.82   37.76    10.6     2.0     6.3     6.7     0.0    13.45 R    26.2    -1.4     6.5    98.7    12.6    57.2   0.063   0.117   0.088   0.060   0.051     8.3     7.4     7.4     8.0     8.4
53150 20111118  2.402 -119.82   37.76     3.7    -2.2     0.7     0.3     0.2     3.46 R    30.4    -0.9     1.4    99.3    86.3    96.4   0.058   0.114   0.085   0.059   0.051     4.0     5.0     6.8     8.0     8.4
53150 20111119  2.402 -119.82   37.76     0.1    -4.3    -2.1    -2.7     0.0     5.65 R    31.0    -3.5    -0.3    98.6    75.1    91.4   0.071   0.113   0.083   0.060   0.051     2.4     3.5     5.4     7.4     8.4
53150 20111120  2.402 -119.82   37.76    -1.1    -4.1    -2.6    -2.5    12.3     6.03 R     5.1   -10.7    -3.7    98.4    73.1    93.9   0.073   0.113   0.082   0.059   0.050     1.0     2.3     4.4     6.8     8.2
53150 20111121  2.402 -119.82   37.76     3.0    -3.7    -0.3     0.5     0.0    12.42 R     5.3   -11.8    -4.7    96.2    29.3    68.6   0.082   0.120   0.086   0.059   0.051     1.1     2.1     3.8     6.2     7.9
53150 20111122  2.402 -119.82   37.76     9.0     1.7     5.3     5.2     0.0    12.88 R     6.6    -6.7    -1.5    45.4    23.6    30.4   0.119   0.144   0.105   0.059   0.052     1.2     1.8     3.4     5.8     7.6
53150 20111123  2.402 -119.82   37.76    11.0     2.0     6.5     6.4     0.0     9.88 R    10.1    -1.2     1.2    44.0    20.4    29.9   0.131   0.154   0.121   0.065   0.051     2.4     2.2     3.3     5.4     7.3
53150 20111124  2.402 -119.82   37.76     6.1     0.3     3.2     2.6     0.0    10.33 R    19.0    -2.6     2.4    99.0    40.1    70.1   0.113   0.150   0.120   0.071   0.051     3.7     3.2     3.7     5.3     7.1
53150 20111125  2.402 -119.82   37.76    11.7     1.0     6.3     5.3     0.0    12.68 R    21.9    -1.7     4.4    86.4    16.9    60.8   0.101   0.146   0.115   0.072   0.052     5.4     4.5     4.4     5.5     6.9
53150 20111126  2.402 -119.82   37.76    14.6     8.7    11.7    11.4     0.0    12.18 R    27.0     0.3     7.2    40.4    17.3    26.2   0.086   0.140   0.109   0.072   0.052     6.9     5.5     5.2     5.8     6.8
53150 20111127  2.402 -119.82   37.76    15.2     9.6    12.4    11.7     0.0    11.71 R    29.0     0.6     7.6    38.1    17.3    24.0   0.078   0.135   0.104   0.072   0.053     7.4     6.2     6.0     6.2     6.9
53150 20111128  2.402 -119.82   37.76    13.2     9.8    11.5    11.8     0.0     6.50 R    20.6    -0.2     5.3    29.4     7.3    17.2   0.073   0.130   0.099   0.071   0.052     5.5     5.4     6.0     6.5     7.0
53150 20111129  2.402 -119.82   37.76    15.6    10.2    12.9    12.9     0.0    12.44 R    31.4    -0.1     7.7    34.7     1.2    21.9   0.068   0.126   0.095   0.070   0.054     7.3     6.2     6.0     6.5     7.1
53150 20111130  2.402 -119.82   37.76    12.8    -2.8     5.0     5.3     0.0    12.67 R    27.2    -4.3     3.6    55.2     1.9    24.7   0.070   0.122   0.092   0.069   0.054     5.7     5.3     6.0     6.7     7.1
53150 20111201  2.402 -119.82   37.76     3.1    -3.5    -0.2    -0.7     0.0    12.20 R    18.7    -5.3     0.1    51.1    19.3    30.0   0.076   0.122   0.089   0.069   0.054     3.2     3.5     5.0     6.5     7.2
53150 20111202  2.402 -119.82   37.76     9.2    -1.7     3.7     3.4     0.0     9.76 R    23.0    -5.5     1.9    40.9    12.3    22.0   0.077   0.119   0.087   0.068   0.055     3.0     3.1     4.3     6.0     7.1
53150 20111203  2.402 -119.82   37.76     4.7    -2.7     1.0     0.5     0.0    12.15 R    20.2    -7.6     0.5    49.2     6.4    21.0   0.076   0.118   0.085   0.068   0.055     2.7     2.6     3.9     5.7     6.9
53150 20111204  2.402 -119.82   37.76     5.8    -0.3     2.7     2.5     0.0    11.74 R    23.3    -5.0     2.5    58.0    15.5    28.9   0.069   0.116   0.084   0.067   0.055     3.7     3.0     3.8     5.4     6.7
53150 20111205  2.402 -119.82   37.76     3.7    -2.6     0.6     0.8     0.0    10.95 R    22.8    -5.4     1.8    60.8    10.4    36.1   0.069   0.112   0.083   0.067   0.055     3.4     3.0     3.9     5.3     6.5
53150 20111206  2.402 -119.82   37.76     5.2    -1.9     1.6     1.5     0.0    11.86 R    24.0    -6.6     1.8    54.5    23.3    37.8   0.067   0.113   0.082   0.066   0.056     3.3     2.8     3.7     5.2     6.4
53150 20111207  2.402 -119.82   37.76     8.9     1.6     5.2     5.2     0.0    11.70 R    26.2    -3.7     3.9    46.0    17.6    28.1   0.061   0.110   0.081   0.066   0.057     4.6     3.5     3.9     5.1     6.3
53150 20111208  2.402 -119.82   37.76     8.8     3.8     6.3     6.4     0.0     8.48 R    23.6    -3.6     2.4    43.2    16.6    24.8   0.059   0.108   0.079   0.064   0.056     3.2     3.1     4.0     5.2     6.2
53150 20111209  2.402 -119.82   37.76    11.0     6.3     8.7     8.4     0.0    11.97 R    27.6    -4.1     3.9    30.1     4.4    18.0   0.064   0.107   0.078   0.064   0.056     4.4     3.4     3.9     5.1     6.1
53150 20111210  2.402 -119.82   37.76     8.6     1.9     5.2     5.8     0.0     9.76 R    21.0    -5.0     1.6    29.9     7.5    18.8   0.064   0.106   0.078   0.064   0.056     2.8     2.8     3.8     5.1     6.1
53150 20111211  2.402 -119.82   37.76     5.4    -4.4     0.5     0.8     0.0    10.21 R    22.3    -5.1     1.1    83.1    26.6    43.2   0.064   0.106   0.076   0.065   0.056     2.4     2.5     3.5     5.0     6.0
53150 20111212  2.402 -119.82   37.76     1.1    -5.0    -2.0    -2.6     0.0     7.24 R    15.0    -6.3    -0.9    92.1    51.2    79.3   0.065   0.107   0.076   0.064   0.056     1.1     1.7     3.1     4.8     5.9
53150 20111213  2.402 -119.82   37.76     2.8    -4.6    -0.9    -1.9     0.0    11.09 R    24.7    -6.3     0.3    96.8    39.4    75.6 -99.000   0.104   0.075   0.063   0.057     2.3     1.9     2.9     4.5     5.8
53150 20111214  2.402 -119.82   37.76     2.6    -3.5    -0.5    -1.0     0.0    11.45 R    21.7    -7.0     0.7    90.5    35.9    66.4   0.058   0.103   0.074   0.063   0.056     2.5     2.1     2.9     4.4     5.7
53150 20111215  2.402 -119.82   37.76     2.8    -3.2    -0.2    -0.5     0.0    10.00 R    20.4    -5.1     1.3    93.9    31.0    61.1   0.061   0.102   0.074   0.063   0.057     3.0     2.4     3.1     4.4     5.6
53150 20111216  2.402 -119.82   37.76    10.7     1.5     6.1     6.4     0.0    11.65 R    27.2    -5.2     3.7    35.3    11.6    22.0   0.057   0.102   0.074   0.062   0.057     3.9     2.8     3.2     4.4     5.5
53150 20111217  2.402 -119.82   37.76    10.5     2.0     6.3     7.2     0.0    11.65 R    28.4    -3.9     4.5    43.8     7.1    21.6   0.053   0.099   0.074   0.061   0.057     4.6     3.3     3.6     4.5     5.4
53150 20111218  2.402 -119.82   37.76     6.5     0.2     3.3     3.0     0.0    11.52 R    26.6    -5.2     2.7    64.5    22.8    40.1   0.053   0.097   0.072   0.062   0.057     4.0     3.2     3.7     4.6     5.4
53150 20111219  2.402 -119.82   37.76     5.9    -1.4     2.2     2.8     0.0    11.30 R    26.1    -5.3     2.9    67.9    13.6    51.1   0.053   0.097   0.072   0.061   0.058     4.2     3.3     3.7     4.6     5.4
53150 20111220  2.402 -119.82   37.76     7.7     0.8     4.3     3.4     0.0    10.63 R    26.7    -6.6     1.7    56.9    17.6    41.1   0.053   0.098   0.071   0.061   0.058     3.1     2.7     3.5     4.6     5.4
53150 20111221  2.402 -119.82   37.76     8.8     0.6     4.7     4.5     0.0    11.64 R    28.0    -6.5     3.4    61.3     5.3    30.7   0.051   0.096   0.070   0.061   0.058     4.3     3.2     3.6     4.6     5.4
53150 20111222  2.402 -119.82   37.76     6.2    -0.5     2.9     2.6     0.0    11.80 R    24.9    -9.1     0.7    49.4     1.9     9.1   0.051   0.097   0.070   0.060   0.058     2.6     2.3     3.3     4.6     5.4
53150 20111223  2.402 -119.82   37.76     9.3     2.3     5.8     5.4     0.0     8.94 R    23.5    -5.8     2.1    28.6     5.3    14.9   0.053   0.094   0.071   0.060   0.058     2.6     2.2     3.0     4.4     5.3
53150 20111224  2.402 -119.82   37.76    10.8     3.9     7.3     7.2     0.0    11.56 R    29.8    -5.2     3.8    20.4     4.7    11.5   0.048   0.094   0.070   0.061   0.057     4.0     2.9     3.2     4.3     5.3
53150 20111225  2.402 -119.82   37.76    10.7     4.9     7.8     7.6     0.0    10.89 R    31.1    -4.7     4.3    22.0     4.8    13.8   0.046   0.092   0.068   0.059   0.057     4.5     3.3     3.5     4.4     5.2
53150 20111226  2.402 -119.82   37.76    11.8     4.6     8.2     8.1     0.0    11.56 R    31.2    -3.7     5.3    35.2     9.0    19.8   0.041   0.089   0.067   0.059   0.057     5.4     4.0     4.0     4.6     5.2
53150 20111227  2.402 -119.82   37.76    11.2     5.5     8.3     8.3     0.0    11.27 R    30.7    -3.8     5.6    28.8     1.5    18.0   0.039   0.087   0.068   0.058   0.057     5.7     4.2     4.2     4.7     5.2
53150 20111228  2.402 -119.82   37.76    13.3     7.5    10.4    10.3     0.0     9.85 R    34.4    -1.2     9.8    68.0     2.1    35.2   0.028   0.084   0.067   0.058   0.058     7.6     5.5     4.8     4.9     5.3
53150 20111229  2.402 -119.82   37.76    11.6     7.1     9.3     9.7     0.0     6.60 R    26.4     0.0     6.2    76.1    10.7    49.4   0.028   0.083   0.067   0.058   0.059     6.3     5.6     5.5     5.4     5.4
53150 20111230  2.402 -119.82   37.76    10.7     5.1     7.9     8.2     0.0     8.34 R    23.8    -3.7     4.2    67.8    11.1    30.3   0.031   0.082   0.066   0.057   0.059     5.0     4.7     5.1     5.5     5.5
53150 20111231  2.402 -119.82   37.76    12.6     5.7     9.2     9.2     0.0     9.99 R    29.8    -3.5     6.6    22.9     6.4    13.7   0.035   0.081   0.064   0.057   0.059     5.8     4.7     4.8     5.4     5.6
