54810 20110101  2.404  -86.92   46.33     4.6   -13.9    -4.6    -5.3     0.2     3.65 R     3.8   -16.5    -6.6    99.3    43.2    69.7 -99.000 -99.000 -99.000 -99.000 -99.000 -9999.0 -9999.0 -9999.0 -9999.0 -9999.0
54810 20110102  2.404  -86.92   46.33    -7.6   -14.3   -11.0   -11.5     0.0     5.93 R    -4.9   -17.6   -13.8    73.6    49.6    63.4 -99.000 -99.000 -99.000 -99.000 -99.000 -9999.0 -9999.0 -9999.0 -9999.0 -9999.0
54810 20110103  2.404  -86.92   46.33    -5.5   -17.5   -11.5   -10.9     0.0     6.89 R    -1.8   -20.2   -13.3    86.9    50.5    69.1 -99.000 -99.000 -99.000 -99.000 -99.000 -9999.0 -9999.0 -9999.0 -9999.0 -9999.0
54810 20110104  2.404  -86.92   46.33    -5.6   -14.8   -10.2    -9.5     0.0     7.07 R    -1.1   -17.9   -11.6    90.7    53.0    70.0 -99.000 -99.000 -99.000 -99.000 -99.000 -9999.0 -9999.0 -9999.0 -9999.0 -9999.0
54810 20110105  2.404  -86.92   46.33    -7.6   -17.7   -12.7   -11.9     0.0     3.56 R    -4.8   -19.6   -12.8    88.0    57.0    75.7 -99.000 -99.000 -99.000 -99.000 -99.000 -9999.0 -9999.0 -9999.0 -9999.0 -9999.0
54810 20110106  2.404  -86.92   46.33    -5.4   -12.2    -8.8    -8.7     5.5     2.93 R    -2.5   -12.3    -8.7    87.8    58.2    79.0 -99.000 -99.000 -99.000 -99.000 -99.000 -9999.0 -9999.0 -9999.0 -9999.0 -9999.0
54810 20110107  2.404  -86.92   46.33    -8.3   -12.5   -10.4   -10.6     2.4     4.71 R    -5.0   -16.9   -11.7    89.2    56.3    74.1 -99.000 -99.000 -99.000 -99.000 -99.000 -9999.0 -9999.0 -9999.0 -9999.0 -9999.0
54810 20110108  2.404  -86.92   46.33    -4.9    -9.7    -7.3    -6.5    10.1     3.26 R    -1.8   -13.7    -7.4    91.8    69.6    83.6 -99.000 -99.000 -99.000 -99.000 -99.000 -9999.0 -9999.0 -9999.0 -9999.0 -9999.0
54810 20110109  2.404  -86.92   46.33    -5.8   -10.0    -7.9    -7.5     1.9     3.08 R    -2.9   -18.5    -9.1    90.1    69.4    80.0 -99.000 -99.000 -99.000 -99.000 -99.000 -9999.0 -9999.0 -9999.0 -9999.0 -9999.0
54810 20110110  2.404  -86.92   46.33    -3.5    -7.3    -5.4    -5.4     0.2     2.72 R    -0.4    -8.3    -6.0    91.9    73.8    81.9 -99.000 -99.000 -99.000 -99.000 -99.000 -9999.0 -9999.0 -9999.0 -9999.0 -9999.0
54810 20110111  2.404  -86.92   46.33    -3.9    -6.9    -5.4    -5.6     0.0     2.61 R    -1.7    -8.0    -6.6    92.4    54.8    79.0 -99.000 -99.000 -99.000 -99.000 -99.000 -9999.0 -9999.0 -9999.0 -9999.0 -9999.0
54810 20110112  2.404  -86.92   46.33    -3.7    -6.4    -5.0    -4.9     2.3     3.34 R    -0.9    -6.9    -5.5    88.2    60.1    76.3 -99.000 -99.000 -99.000 -99.000 -99.000 -9999.0 -9999.0 -9999.0 -9999.0 -9999.0
54810 20110113  2.404  -86.92   46.33    -5.4   -15.1   -10.3    -7.4     0.4     2.91 R    -2.5   -20.4    -9.0    92.6    65.2    81.4 -99.000 -99.000 -99.000 -99.000 -99.000 -9999.0 -9999.0 -9999.0 -9999.0 -9999.0
54810 20110114  2.404  -86.92   46.33    -4.3   -17.7   -11.0    -9.6     2.7     2.90 R    -3.6   -22.4   -11.4    93.5    72.9    86.8 -99.000 -99.000 -99.000 -99.000 -99.000 -9999.0 -9999.0 -9999.0 -9999.0 -9999.0
54810 20110115  2.404  -86.92   46.33    -3.5   -12.0    -7.7    -8.7     6.6     3.28 R    -2.5   -14.0    -9.1    91.2    62.1    79.6 -99.000 -99.000 -99.000 -99.000 -99.000 -9999.0 -9999.0 -9999.0 -9999.0 -9999.0
54810 20110116  2.404  -86.92   46.33   -11.5   -25.6   -18.5   -15.2     0.9     5.96 R    -7.3   -30.1   -17.7    87.4    59.0    73.9 -99.000 -99.000 -99.000 -99.000 -99.000 -9999.0 -9999.0 -9999.0 -9999.0 -9999.0
54810 20110117  2.404  -86.92   46.33    -2.9   -26.1   -14.5    -9.8     4.0     2.37 R    -0.4   -29.8   -10.6    92.0    76.9    84.7 -99.000 -99.000 -99.000 -99.000 -99.000 -9999.0 -9999.0 -9999.0 -9999.0 -9999.0
54810 20110118  2.404  -86.92   46.33    -4.3   -10.2    -7.2    -8.2     2.9     2.92 R    -1.5   -10.9    -8.5    85.9    67.7    77.3 -99.000 -99.000 -99.000 -99.000 -99.000 -9999.0 -9999.0 -9999.0 -9999.0 -9999.0
54810 20110119  2.404  -86.92   46.33   -10.0   -22.0   -16.0   -13.5     0.0     3.85 R    -6.6   -27.6   -14.8    90.8    67.3    79.8 -99.000 -99.000 -99.000 -99.000 -99.000 -9999.0 -9999.0 -9999.0 -9999.0 -9999.0
54810 20110120  2.404  -86.92   46.33   -10.4   -22.3   -16.3   -15.1     1.9     4.21 R    -7.0   -28.0   -17.2    88.1    60.4    78.6 -99.000 -99.000 -99.000 -99.000 -99.000 -9999.0 -9999.0 -9999.0 -9999.0 -9999.0
54810 20110121  2.404  -86.92   46.33   -13.4   -16.9   -15.2   -15.2     4.9     5.27 R    -9.7   -20.2   -15.8    84.6    59.5    71.8 -99.000 -99.000 -99.000 -99.000 -99.000 -9999.0 -9999.0 -9999.0 -9999.0 -9999.0
54810 20110122  2.404  -86.92   46.33   -11.2   -16.9   -14.1   -14.5     5.1     4.46 R    -8.5   -17.4   -15.1    88.5    51.6    76.9 -99.000 -99.000 -99.000 -99.000 -99.000 -9999.0 -9999.0 -9999.0 -9999.0 -9999.0
54810 20110123  2.404  -86.92   46.33   -12.4   -19.3   -15.9   -15.7     1.1     1.50 R    -9.5   -22.1   -16.5    82.8    65.3    76.8 -99.000 -99.000 -99.000 -99.000 -99.000 -9999.0 -9999.0 -9999.0 -9999.0 -9999.0
54810 20110124  2.404  -86.92   46.33    -6.3   -12.4    -9.3    -8.6     0.0     2.65 R    -3.2   -12.9    -9.2    81.0    56.4    72.3 -99.000 -99.000 -99.000 -99.000 -99.000 -9999.0 -9999.0 -9999.0 -9999.0 -9999.0
54810 20110125  2.404  -86.92   46.33    -4.4    -8.8    -6.6    -6.2     0.0     4.36 R    -2.1   -13.0    -7.6    85.4    64.9    76.0 -99.000 -99.000 -99.000 -99.000 -99.000 -9999.0 -9999.0 -9999.0 -9999.0 -9999.0
54810 20110126  2.404  -86.92   46.33    -4.1    -7.8    -5.9    -5.1     0.2     2.16 R    -1.3    -8.3    -5.7    88.3    72.9    80.6 -99.000 -99.000 -99.000 -99.000 -99.000 -9999.0 -9999.0 -9999.0 -9999.0 -9999.0
54810 20110127  2.404  -86.92   46.33    -3.3   -11.9    -7.6    -6.1     0.3     2.68 R    -0.7   -16.3    -6.9    92.9    56.2    80.1 -99.000 -99.000 -99.000 -99.000 -99.000 -9999.0 -9999.0 -9999.0 -9999.0 -9999.0
54810 20110128  2.404  -86.92   46.33    -4.4   -11.1    -7.7    -8.5     1.9     5.70 R    -2.2   -13.1    -9.0    89.3    58.1    76.1 -99.000 -99.000 -99.000 -99.000 -99.000 -9999.0 -9999.0 -9999.0 -9999.0 -9999.0
54810 20110129  2.404  -86.92   46.33    -8.6   -14.6   -11.6   -11.3     2.1     7.32 R    -6.6   -16.7   -11.7    90.5    65.2    80.5 -99.000 -99.000 -99.000 -99.000 -99.000 -9999.0 -9999.0 -9999.0 -9999.0 -9999.0
54810 20110130  2.404  -86.92   46.33    -7.7   -11.4    -9.5    -9.6     1.3     3.25 R    -5.4   -16.2   -10.2    91.6    61.7    74.3 -99.000 -99.000 -99.000 -99.000 -99.000 -9999.0 -9999.0 -9999.0 -9999.0 -9999.0
54810 20110131  2.404  -86.92   46.33    -8.6   -12.6   -10.6   -10.6     0.2     4.55 R    -4.8   -13.2   -11.1    86.6    65.6    77.0 -99.000 -99.000 -99.000 -99.000 -99.000 -9999.0 -9999.0 -9999.0 -9999.0 -9999.0
54810 20110201  2.404  -86.92   46.33    -7.3    -9.4    -8.4    -8.3     4.0     5.05 R    -4.2   -10.5    -8.7    91.2    57.3    75.8 -99.000 -99.000 -99.000 -99.000 -99.000 -9999.0 -9999.0 -9999.0 -9999.0 -9999.0
54810 20110202  2.404  -86.92   46.33    -6.3   -23.1   -14.7   -10.5     0.6     7.07 R    -2.6   -30.3   -13.3    86.5    52.9    70.8 -99.000 -99.000 -99.000 -99.000 -99.000 -9999.0 -9999.0 -9999.0 -9999.0 -9999.0
54810 20110203  2.404  -86.92   46.33    -2.7   -24.2   -13.4   -10.2     0.0     4.74 R    -1.5   -31.1   -13.7    83.5    26.7    46.5 -99.000 -99.000 -99.000 -99.000 -99.000 -9999.0 -9999.0 -9999.0 -9999.0 -9999.0
54810 20110204  2.404  -86.92   46.33    -2.1    -6.8    -4.5    -5.0     0.9     5.04 R     0.5    -8.5    -5.6    87.1    51.0    70.2 -99.000 -99.000 -99.000 -99.000 -99.000 -9999.0 -9999.0 -9999.0 -9999.0 -9999.0
54810 20110205  2.404  -86.92   46.33     0.1    -4.8    -2.3    -1.3     0.0     2.39 R     3.3    -4.9    -2.1    86.1    69.4    80.1 -99.000 -99.000 -99.000 -99.000 -99.000 -9999.0 -9999.0 -9999.0 -9999.0 -9999.0
54810 20110206  2.404  -86.92   46.33    -2.1    -7.3    -4.7    -4.8     0.0     3.43 R     0.5    -8.2    -5.0    87.0    69.0    81.2 -99.000 -99.000 -99.000 -99.000 -99.000 -9999.0 -9999.0 -9999.0 -9999.0 -9999.0
54810 20110207  2.404  -86.92   46.33    -7.1   -13.3   -10.2   -10.0     2.6     5.35 R    -4.1   -15.3   -10.3    85.5    57.9    73.0 -99.000 -99.000 -99.000 -99.000 -99.000 -9999.0 -9999.0 -9999.0 -9999.0 -9999.0
54810 20110208  2.404  -86.92   46.33    -7.7   -16.3   -12.0   -12.0     2.3    10.83 R    -8.3   -20.0   -14.5    85.8    32.6    58.2 -99.000 -99.000 -99.000 -99.000 -99.000 -9999.0 -9999.0 -9999.0 -9999.0 -9999.0
54810 20110209  2.404  -86.92   46.33   -11.4   -18.4   -14.9   -14.7     0.0     9.74 R    -7.6   -23.8   -17.8    67.8    41.5    54.5 -99.000 -99.000 -99.000 -99.000 -99.000 -9999.0 -9999.0 -9999.0 -9999.0 -9999.0
54810 20110210  2.404  -86.92   46.33    -9.8   -23.3   -16.5   -15.8     0.0    12.08 R    -8.5   -28.9   -20.0    77.4    19.9    52.2 -99.000 -99.000 -99.000 -99.000 -99.000 -9999.0 -9999.0 -9999.0 -9999.0 -9999.0
54810 20110211  2.404  -86.92   46.33    -6.5   -29.0   -17.8   -16.2     0.0     8.09 R    -5.3   -32.8   -18.9    83.4    43.5    66.4 -99.000 -99.000 -99.000 -99.000 -99.000 -9999.0 -9999.0 -9999.0 -9999.0 -9999.0
54810 20110212  2.404  -86.92   46.33    -2.2    -9.8    -6.0    -5.7     0.8    10.72 R    -1.4   -13.4    -7.6    89.0    33.7    58.9 -99.000 -99.000 -99.000 -99.000 -99.000 -9999.0 -9999.0 -9999.0 -9999.0 -9999.0
54810 20110213  2.404  -86.92   46.33     1.7    -4.4    -1.3    -0.8     0.0     3.65 R     3.6    -4.7    -1.9    94.4    73.5    84.1 -99.000 -99.000 -99.000 -99.000 -99.000 -9999.0 -9999.0 -9999.0 -9999.0 -9999.0
54810 20110214  2.404  -86.92   46.33     5.2   -13.8    -4.3    -5.4     1.5     7.30 R     3.0   -18.1    -6.6    94.7    62.8    80.0 -99.000 -99.000 -99.000 -99.000 -99.000 -9999.0 -9999.0 -9999.0 -9999.0 -9999.0
54810 20110215  2.404  -86.92   46.33     1.7   -11.5    -4.9    -2.9     0.0     6.19 R     3.1   -16.6    -5.3    94.5    61.0    77.9 -99.000 -99.000 -99.000 -99.000 -99.000 -9999.0 -9999.0 -9999.0 -9999.0 -9999.0
54810 20110216  2.404  -86.92   46.33     8.5    -3.6     2.5     2.2     0.0    12.55 R     5.1    -9.9    -1.6    97.0    51.9    76.6 -99.000 -99.000 -99.000 -99.000 -99.000 -9999.0 -9999.0 -9999.0 -9999.0 -9999.0
54810 20110217  2.404  -86.92   46.33     5.4     0.7     3.1     3.4     0.0     3.01 R     3.6     0.3     1.3   100.0    97.0    99.2 -99.000 -99.000 -99.000 -99.000 -99.000 -9999.0 -9999.0 -9999.0 -9999.0 -9999.0
54810 20110218  2.404  -86.92   46.33     5.3    -8.4    -1.5    -1.6     0.0    11.02 R     3.4    -8.9    -3.4   100.0    45.0    61.2 -99.000 -99.000 -99.000 -99.000 -99.000 -9999.0 -9999.0 -9999.0 -9999.0 -9999.0
54810 20110219  2.404  -86.92   46.33    -6.5   -13.1    -9.8    -8.6     0.2     9.00 R    -2.1   -16.4    -9.2    90.2    60.0    74.0 -99.000 -99.000 -99.000 -99.000 -99.000 -9999.0 -9999.0 -9999.0 -9999.0 -9999.0
54810 20110220  2.404  -86.92   46.33    -4.1   -10.0    -7.0    -7.0     0.0     5.26 R    -0.4   -11.2    -7.4    86.3    62.8    77.4 -99.000 -99.000 -99.000 -99.000 -99.000 -9999.0 -9999.0 -9999.0 -9999.0 -9999.0
54810 20110221  2.404  -86.92   46.33    -7.9   -17.6   -12.7   -11.2     0.0     9.72 R    -4.8   -22.0   -12.2    73.0    22.9    47.8 -99.000 -99.000 -99.000 -99.000 -99.000 -9999.0 -9999.0 -9999.0 -9999.0 -9999.0
54810 20110222  2.404  -86.92   46.33    -3.5   -20.9   -12.2   -11.8     0.0    14.38 R    -1.8   -24.8   -14.8    90.0    47.6    69.7 -99.000 -99.000 -99.000 -99.000 -99.000 -9999.0 -9999.0 -9999.0 -9999.0 -9999.0
54810 20110223  2.404  -86.92   46.33    -1.6   -10.9    -6.3    -5.3     0.0     6.72 R     0.7   -16.5    -6.6    90.7    71.8    82.6 -99.000 -99.000 -99.000 -99.000 -99.000 -9999.0 -9999.0 -9999.0 -9999.0 -9999.0
54810 20110224  2.404  -86.92   46.33    -1.4    -6.6    -4.0    -3.3     0.0     5.74 R     0.7   -10.3    -4.6    86.2    63.3    73.8 -99.000 -99.000 -99.000 -99.000 -99.000 -9999.0 -9999.0 -9999.0 -9999.0 -9999.0
54810 20110225  2.404  -86.92   46.33    -6.1   -12.9    -9.5    -9.8     0.3     7.59 R    -4.7   -13.1    -9.8    79.6    60.0    68.6 -99.000 -99.000 -99.000 -99.000 -99.000 -9999.0 -9999.0 -9999.0 -9999.0 -9999.0
54810 20110226  2.404  -86.92   46.33    -8.8   -19.8   -14.3   -13.1     1.3     7.70 R    -5.9   -23.9   -15.0    91.0    41.1    72.4 -99.000 -99.000 -99.000 -99.000 -99.000 -9999.0 -9999.0 -9999.0 -9999.0 -9999.0
54810 20110227  2.404  -86.92   46.33    -4.1   -23.0   -13.5   -12.5     0.0    12.96 R    -1.2   -26.0   -15.2    89.5    59.6    77.8 -99.000 -99.000 -99.000 -99.000 -99.000 -9999.0 -9999.0 -9999.0 -9999.0 -9999.0
54810 20110228  2.404  -86.92   46.33    -4.3   -15.5    -9.9    -7.5     0.0    10.78 R    -2.5   -18.5    -9.0    87.8    53.9    69.8 -99.000 -99.000 -99.000 -99.000 -99.000 -9999.0 -9999.0 -9999.0 -9999.0 -9999.0
54810 20110301  2.404  -86.92   46.33     7.3   -15.7    -4.2    -3.2     0.2    13.55 R     4.0   -18.6    -5.8    87.8    33.4    57.7 -99.000 -99.000 -99.000 -99.000 -99.000 -9999.0 -9999.0 -9999.0 -9999.0 -9999.0
54810 20110302  2.404  -86.92   46.33    -6.7   -20.0   -13.4   -11.8     3.1    12.41 R    -4.1   -23.5   -13.1    86.7    47.3    69.4 -99.000 -99.000 -99.000 -99.000 -99.000 -9999.0 -9999.0 -9999.0 -9999.0 -9999.0
54810 20110303  2.404  -86.92   46.33    -3.9   -20.0   -12.0    -9.5     5.5     4.00 R    -2.9   -23.1    -9.8    92.9    66.6    83.6 -99.000 -99.000 -99.000 -99.000 -99.000 -9999.0 -9999.0 -9999.0 -9999.0 -9999.0
54810 20110304  2.404  -86.92   46.33     0.6    -3.9    -1.7    -1.8     0.0     4.11 R     3.4    -4.1    -2.1    93.0    73.5    83.6 -99.000 -99.000 -99.000 -99.000 -99.000 -9999.0 -9999.0 -9999.0 -9999.0 -9999.0
54810 20110305  2.404  -86.92   46.33    -1.3    -7.4    -4.4    -5.4     0.0     5.84 R     0.1    -8.1    -5.5    87.4    69.8    77.2 -99.000 -99.000 -99.000 -99.000 -99.000 -9999.0 -9999.0 -9999.0 -9999.0 -9999.0
54810 20110306  2.404  -86.92   46.33    -5.4   -12.0    -8.7    -8.0     0.2    15.92 R    -2.1   -15.1    -8.6    86.9    50.3    68.8 -99.000 -99.000 -99.000 -99.000 -99.000 -9999.0 -9999.0 -9999.0 -9999.0 -9999.0
54810 20110307  2.404  -86.92   46.33    -2.0   -11.4    -6.7    -6.3     1.9     9.41 R     0.3   -13.4    -6.4    86.8    55.4    75.2 -99.000 -99.000 -99.000 -99.000 -99.000 -9999.0 -9999.0 -9999.0 -9999.0 -9999.0
54810 20110308  2.404  -86.92   46.33     0.4    -5.0    -2.3    -2.3     0.5     4.97 R     3.2   -10.6    -3.1    94.8    75.2    85.4 -99.000 -99.000 -99.000 -99.000 -99.000 -9999.0 -9999.0 -9999.0 -9999.0 -9999.0
54810 20110309  2.404  -86.92   46.33    -1.7    -4.8    -3.3    -2.9    11.4     3.16 R    -0.4    -9.1    -3.5    95.0    78.9    90.0 -99.000 -99.000 -99.000 -99.000 -99.000 -9999.0 -9999.0 -9999.0 -9999.0 -9999.0
54810 20110310  2.404  -86.92   46.33    -0.5    -2.3    -1.4    -1.3     0.0     6.49 R     3.3    -5.9    -2.1    94.7    74.3    84.7 -99.000 -99.000 -99.000 -99.000 -99.000 -9999.0 -9999.0 -9999.0 -9999.0 -9999.0
54810 20110311  2.404  -86.92   46.33     2.0    -3.1    -0.6    -0.7     0.0    17.05 R     4.6    -5.9    -1.9    93.4    62.1    80.8 -99.000 -99.000 -99.000 -99.000 -99.000 -9999.0 -9999.0 -9999.0 -9999.0 -9999.0
54810 20110312  2.404  -86.92   46.33     0.8    -1.4    -0.3    -0.8     0.9     4.40 R     2.0    -3.5    -1.3    93.4    69.4    83.3 -99.000 -99.000 -99.000 -99.000 -99.000 -9999.0 -9999.0 -9999.0 -9999.0 -9999.0
54810 20110313  2.404  -86.92   46.33    -0.5   -13.0    -6.8    -4.0     0.0    13.44 R     0.8   -18.1    -5.6    91.9    63.2    74.9 -99.000 -99.000 -99.000 -99.000 -99.000 -9999.0 -9999.0 -9999.0 -9999.0 -9999.0
54810 20110314  2.404  -86.92   46.33     4.2   -18.1    -6.9    -5.4     0.0    18.06 R     3.8   -22.1    -9.0    93.6    43.7    69.7 -99.000 -99.000 -99.000 -99.000 -99.000 -9999.0 -9999.0 -9999.0 -9999.0 -9999.0
54810 20110315  2.404  -86.92   46.33     5.8    -5.6     0.1     0.5     0.0    16.72 R     3.9   -10.7    -3.2    89.7    40.4    64.5 -99.000 -99.000 -99.000 -99.000 -99.000 -9999.0 -9999.0 -9999.0 -9999.0 -9999.0
54810 20110316  2.404  -86.92   46.33     8.2    -5.1     1.5     2.6     0.0    15.96 R     5.2    -9.3    -1.2    87.9    46.3    67.4 -99.000 -99.000 -99.000 -99.000 -99.000 -9999.0 -9999.0 -9999.0 -9999.0 -9999.0
54810 20110317  2.404  -86.92   46.33     8.9     3.0     5.9     4.8     3.4     3.72 R     4.2    -0.5     1.2    99.2    65.7    81.5 -99.000 -99.000 -99.000 -99.000 -99.000 -9999.0 -9999.0 -9999.0 -9999.0 -9999.0
54810 20110318  2.404  -86.92   46.33     3.0    -4.7    -0.9    -2.5     0.0     5.40 R     1.7    -4.9    -2.2    99.9    77.3    87.4 -99.000 -99.000 -99.000 -99.000 -99.000 -9999.0 -9999.0 -9999.0 -9999.0 -9999.0
54810 20110319  2.404  -86.92   46.33     4.0    -4.7    -0.4    -1.4     0.0    18.84 R     4.2    -6.0    -2.0    90.3    45.8    70.6 -99.000 -99.000 -99.000 -99.000 -99.000 -9999.0 -9999.0 -9999.0 -9999.0 -9999.0
54810 20110320  2.404  -86.92   46.33     2.1    -2.5    -0.2    -0.2    11.1     3.93 R     2.1    -4.5    -0.8    98.4    73.9    88.7 -99.000 -99.000 -99.000 -99.000 -99.000 -9999.0 -9999.0 -9999.0 -9999.0 -9999.0
54810 20110321  2.404  -86.92   46.33     3.6     0.2     1.9     1.4     0.0     3.28 R     2.2    -0.6     0.6   100.0    86.4    93.9 -99.000 -99.000 -99.000 -99.000 -99.000 -9999.0 -9999.0 -9999.0 -9999.0 -9999.0
54810 20110322  2.404  -86.92   46.33     0.8    -3.0    -1.1    -1.4     0.0     7.27 R     2.3    -4.5    -1.2    96.0    51.0    77.6 -99.000 -99.000 -99.000 -99.000 -99.000 -9999.0 -9999.0 -9999.0 -9999.0 -9999.0
54810 20110323  2.404  -86.92   46.33    -3.0    -7.9    -5.5    -5.6     0.0    14.32 R    -1.1    -8.3    -6.0    59.7    47.2    53.9 -99.000 -99.000 -99.000 -99.000 -99.000 -9999.0 -9999.0 -9999.0 -9999.0 -9999.0
54810 20110324  2.404  -86.92   46.33    -5.4   -10.6    -8.0    -7.7     0.0    16.82 R     1.0   -13.9    -7.5    76.9    52.1    65.2 -99.000 -99.000 -99.000 -99.000 -99.000 -9999.0 -9999.0 -9999.0 -9999.0 -9999.0
54810 20110325  2.404  -86.92   46.33    -6.6    -9.9    -8.3    -7.9     0.0    14.27 R    -1.7   -13.0    -7.6    85.6    53.1    67.3 -99.000 -99.000 -99.000 -99.000 -99.000 -9999.0 -9999.0 -9999.0 -9999.0 -9999.0
54810 20110326  2.404  -86.92   46.33    -5.4   -10.1    -7.8    -7.2     0.2    21.58 R    -0.9   -13.9    -7.3    82.8    49.2    63.6 -99.000 -99.000 -99.000 -99.000 -99.000 -9999.0 -9999.0 -9999.0 -9999.0 -9999.0
54810 20110327  2.404  -86.92   46.33    -3.9   -13.1    -8.5    -7.6     0.0    16.07 R     0.4   -15.9    -8.6    85.2    42.2    65.6 -99.000 -99.000 -99.000 -99.000 -99.000 -9999.0 -9999.0 -9999.0 -9999.0 -9999.0
54810 20110328  2.404  -86.92   46.33    -0.2   -13.1    -6.7    -5.2     0.0    20.30 R     2.6   -16.1    -7.6    83.4    25.2    57.5 -99.000 -99.000 -99.000 -99.000 -99.000 -9999.0 -9999.0 -9999.0 -9999.0 -9999.0
54810 20110329  2.404  -86.92   46.33     2.3   -12.2    -4.9    -4.2     0.0    21.09 R     3.8   -15.1    -6.6    89.8    28.7    60.1 -99.000 -99.000 -99.000 -99.000 -99.000 -9999.0 -9999.0 -9999.0 -9999.0 -9999.0
54810 20110330  2.404  -86.92   46.33     3.0    -9.1    -3.0    -2.1     0.0    19.21 R     3.6   -11.2    -3.5    91.2    21.0    58.6 -99.000 -99.000 -99.000 -99.000 -99.000 -9999.0 -9999.0 -9999.0 -9999.0 -9999.0
54810 20110331  2.404  -86.92   46.33     7.2   -10.3    -1.5    -0.6     0.0    22.01 R     4.8   -12.6    -3.3    92.2    21.7    56.1 -99.000 -99.000 -99.000 -99.000 -99.000 -9999.0 -9999.0 -9999.0 -9999.0 -9999.0
54810 20110401  2.404  -86.92   46.33     6.8    -7.3    -0.3     0.5     0.0    20.83 R     5.1   -10.2    -1.9    91.6    31.4    59.8 -99.000 -99.000 -99.000 -99.000 -99.000 -9999.0 -9999.0 -9999.0 -9999.0 -9999.0
54810 20110402  2.404  -86.92   46.33     6.6    -4.1     1.2     1.1     0.0    14.24 R     3.8    -6.0    -0.6    93.5    48.8    75.5 -99.000 -99.000 -99.000 -99.000 -99.000 -9999.0 -9999.0 -9999.0 -9999.0 -9999.0
54810 20110403  2.404  -86.92   46.33     1.8    -4.7    -1.5    -0.6    10.8     2.32 R     4.2    -6.6    -1.5    96.7    73.7    92.6 -99.000 -99.000 -99.000 -99.000 -99.000 -9999.0 -9999.0 -9999.0 -9999.0 -9999.0
54810 20110404  2.404  -86.92   46.33     1.4    -0.8     0.3     0.5     7.1     5.61 R     2.5    -3.5     0.0    99.7    74.8    93.1 -99.000 -99.000 -99.000 -99.000 -99.000 -9999.0 -9999.0 -9999.0 -9999.0 -9999.0
54810 20110405  2.404  -86.92   46.33     4.2    -3.9     0.1     0.3     0.0    18.67 R     4.1    -7.8    -1.6    93.9    45.7    70.7 -99.000 -99.000 -99.000 -99.000 -99.000 -9999.0 -9999.0 -9999.0 -9999.0 -9999.0
54810 20110406  2.404  -86.92   46.33     5.4    -5.0     0.2     0.0     0.0    23.05 R     4.7    -7.3    -2.1    96.5    39.6    68.6 -99.000 -99.000 -99.000 -99.000 -99.000 -9999.0 -9999.0 -9999.0 -9999.0 -9999.0
54810 20110407  2.404  -86.92   46.33    10.2    -6.9     1.6     2.2     0.0    23.39 R     5.9    -9.4    -1.3    94.3    41.0    71.0 -99.000 -99.000 -99.000 -99.000 -99.000 -9999.0 -9999.0 -9999.0 -9999.0 -9999.0
54810 20110408  2.404  -86.92   46.33    13.3    -3.1     5.1     4.8     0.0    21.84 R    15.4    -5.2     2.7    97.5    28.5    65.8 -99.000 -99.000 -99.000 -99.000 -99.000 -9999.0 -9999.0 -9999.0 -9999.0 -9999.0
54810 20110409  2.404  -86.92   46.33    14.7    -2.7     6.0     6.7     0.0    17.47 R    19.9    -4.4     5.9    90.6    42.9    65.5 -99.000 -99.000 -99.000 -99.000 -99.000 -9999.0 -9999.0 -9999.0 -9999.0 -9999.0
54810 20110410  2.404  -86.92   46.33    12.7     4.1     8.4     8.6    15.6     5.14 R    15.7     3.3     9.0    98.5    88.1    96.5 -99.000 -99.000 -99.000 -99.000 -99.000 -9999.0 -9999.0 -9999.0 -9999.0 -9999.0
54810 20110411  2.404  -86.92   46.33    12.4    -2.5     4.9     6.0     0.3     9.75 R    16.5    -4.6     5.6    96.4    60.1    76.8 -99.000 -99.000 -99.000 -99.000 -99.000 -9999.0 -9999.0 -9999.0 -9999.0 -9999.0
54810 20110412  2.404  -86.92   46.33    15.6    -3.4     6.1     6.8     0.0    23.39 R    31.4    -5.6     8.6    96.0    29.7    58.1 -99.000 -99.000 -99.000 -99.000 -99.000 -9999.0 -9999.0 -9999.0 -9999.0 -9999.0
54810 20110413  2.404  -86.92   46.33    12.1    -0.3     5.9     5.5     0.0    13.16 R    23.7    -2.0     6.1    83.4    38.3    61.8 -99.000 -99.000 -99.000 -99.000 -99.000 -9999.0 -9999.0 -9999.0 -9999.0 -9999.0
54810 20110414  2.404  -86.92   46.33    -0.3    -5.7    -3.0    -2.6     0.0    18.48 R    21.6    -8.6     0.6    88.7    56.6    71.9 -99.000 -99.000 -99.000 -99.000 -99.000 -9999.0 -9999.0 -9999.0 -9999.0 -9999.0
54810 20110415  2.404  -86.92   46.33     8.2    -5.5     1.3     2.0     0.0    20.46 R    21.7    -8.9     3.9    90.6    21.3    40.8 -99.000 -99.000 -99.000 -99.000 -99.000 -9999.0 -9999.0 -9999.0 -9999.0 -9999.0
54810 20110416  2.404  -86.92   46.33     2.9    -1.6     0.6     0.0    23.7     3.17 R     7.8    -1.8     0.0    97.8    38.4    89.4 -99.000 -99.000 -99.000 -99.000 -99.000 -9999.0 -9999.0 -9999.0 -9999.0 -9999.0
54810 20110417  2.404  -86.92   46.33    -1.4    -4.1    -2.8    -3.2     4.0    12.64 R    -1.1    -7.2    -3.1    90.4    72.0    81.5 -99.000 -99.000 -99.000 -99.000 -99.000 -9999.0 -9999.0 -9999.0 -9999.0 -9999.0
54810 20110418  2.404  -86.92   46.33     0.9    -5.9    -2.5    -2.4     0.0    22.27 R     7.4    -8.0    -1.9    91.9    53.7    70.2 -99.000 -99.000 -99.000 -99.000 -99.000 -9999.0 -9999.0 -9999.0 -9999.0 -9999.0
54810 20110419  2.404  -86.92   46.33     3.3    -8.6    -2.6    -1.5     0.0    13.27 R    10.7   -10.4    -0.7    94.0    48.3    73.9 -99.000 -99.000 -99.000 -99.000 -99.000 -9999.0 -9999.0 -9999.0 -9999.0 -9999.0
54810 20110420  2.404  -86.92   46.33     3.0    -4.1    -0.6     0.7     0.2     9.11 R     9.0    -6.7     1.2    93.6    54.7    77.5 -99.000 -99.000 -99.000 -99.000 -99.000 -9999.0 -9999.0 -9999.0 -9999.0 -9999.0
54810 20110421  2.404  -86.92   46.33    11.4    -6.2     2.6     3.1     0.0    23.34 R    27.7    -8.3     5.3    94.1    29.8    62.9 -99.000 -99.000 -99.000 -99.000 -99.000 -9999.0 -9999.0 -9999.0 -9999.0 -9999.0
54810 20110422  2.404  -86.92   46.33    10.4     0.3     5.3     5.0     4.2    16.63 R    24.2    -2.2     7.1    95.7    32.3    60.0 -99.000 -99.000 -99.000 -99.000 -99.000 -9999.0 -9999.0 -9999.0 -9999.0 -9999.0
54810 20110423  2.404  -86.92   46.33     4.9    -0.6     2.1     1.9     8.2    11.66 R    12.5    -3.1     2.6    98.8    73.5    89.2 -99.000 -99.000 -99.000 -99.000 -99.000 -9999.0 -9999.0 -9999.0 -9999.0 -9999.0
54810 20110424  2.404  -86.92   46.33    14.2    -4.2     5.0     5.7     0.0    21.74 R    32.6    -6.3     7.5    97.7    36.9    67.2 -99.000 -99.000 -99.000 -99.000 -99.000 -9999.0 -9999.0 -9999.0 -9999.0 -9999.0
54810 20110425  2.404  -86.92   46.33    18.5    -0.9     8.8     9.4     0.0    23.71 R    35.2    -3.6    10.9    95.4    22.6    55.8 -99.000 -99.000 -99.000 -99.000 -99.000 -9999.0 -9999.0 -9999.0 -9999.0 -9999.0
54810 20110426  2.404  -86.92   46.33     9.3     2.9     6.1     5.9    22.9     1.31 R     9.2     2.6     5.3    98.0    46.5    81.1 -99.000 -99.000 -99.000 -99.000 -99.000 -9999.0 -9999.0 -9999.0 -9999.0 -9999.0
54810 20110427  2.404  -86.92   46.33     8.0     1.7     4.9     4.4     1.6     3.51 R    14.9     0.8     5.5    98.9    90.7    96.7 -99.000 -99.000 -99.000 -99.000 -99.000 -9999.0 -9999.0 -9999.0 -9999.0 -9999.0
54810 20110428  2.404  -86.92   46.33     5.9     1.1     3.5     2.8     2.8     5.62 R     9.6     0.1     3.5    98.4    52.7    84.8 -99.000 -99.000 -99.000 -99.000 -99.000 -9999.0 -9999.0 -9999.0 -9999.0 -9999.0
54810 20110429  2.404  -86.92   46.33    14.4     1.1     7.7     7.6     0.0    28.16 R    28.4    -2.6     9.7    74.2    20.1    49.0 -99.000 -99.000 -99.000 -99.000 -99.000 -9999.0 -9999.0 -9999.0 -9999.0 -9999.0
54810 20110430  2.404  -86.92   46.33    16.1     0.0     8.1     9.2     0.4    16.46 R    28.3    -2.5     9.1    86.2    31.0    53.4 -99.000 -99.000 -99.000 -99.000 -99.000 -9999.0 -9999.0 -9999.0 -9999.0 -9999.0
54810 20110501  2.404  -86.92   46.33    12.7     2.8     7.8     7.9     1.3    20.80 R    24.7     2.7     9.8    93.7    35.3    61.4 -99.000 -99.000 -99.000 -99.000 -99.000 -9999.0 -9999.0 -9999.0 -9999.0 -9999.0
54810 20110502  2.404  -86.92   46.33     3.5    -0.2     1.7     1.9     0.0     5.67 R    12.3     0.5     3.5    92.2    59.8    73.0 -99.000 -99.000 -99.000 -99.000 -99.000 -9999.0 -9999.0 -9999.0 -9999.0 -9999.0
54810 20110503  2.404  -86.92   46.33     6.7    -3.0     1.9     1.8     0.0    23.06 R    26.3    -5.5     5.4    94.8    53.9    74.6 -99.000 -99.000 -99.000 -99.000 -99.000 -9999.0 -9999.0 -9999.0 -9999.0 -9999.0
54810 20110504  2.404  -86.92   46.33    16.0    -4.3     5.8     7.2     0.0    28.58 R    30.7    -6.5     9.3    92.2    21.2    51.8 -99.000 -99.000 -99.000 -99.000 -99.000 -9999.0 -9999.0 -9999.0 -9999.0 -9999.0
54810 20110505  2.404  -86.92   46.33    16.1     0.9     8.5     7.9     0.2    20.44 R    27.7    -2.8     8.7    89.0    21.7    59.4 -99.000 -99.000 -99.000 -99.000 -99.000 -9999.0 -9999.0 -9999.0 -9999.0 -9999.0
54810 20110506  2.404  -86.92   46.33     6.7     4.9     5.8     5.5     0.9     3.93 R    11.4     3.8     6.2    95.9    83.2    89.8 -99.000 -99.000 -99.000 -99.000 -99.000 -9999.0 -9999.0 -9999.0 -9999.0 -9999.0
54810 20110507  2.404  -86.92   46.33    14.6    -0.3     7.1     8.0     0.0    22.10 R    29.7    -1.4    10.5    98.3    54.2    76.2 -99.000 -99.000 -99.000 -99.000 -99.000 -9999.0 -9999.0 -9999.0 -9999.0 -9999.0
54810 20110508  2.404  -86.92   46.33    20.3     0.4    10.4    11.7     0.0    25.91 R    32.6    -1.5    12.6    96.3    23.6    55.0 -99.000 -99.000 -99.000 -99.000 -99.000 -9999.0 -9999.0 -9999.0 -9999.0 -9999.0
54810 20110509  2.404  -86.92   46.33    18.8     7.1    13.0    13.1     3.2    14.03 R    25.3     3.7    12.3    79.8    26.9    44.0 -99.000 -99.000 -99.000 -99.000 -99.000 -9999.0 -9999.0 -9999.0 -9999.0 -9999.0
54810 20110510  2.404  -86.92   46.33    15.8     7.3    11.6    11.4     7.0    16.81 R    25.1     7.2    12.7    91.4    54.7    71.2 -99.000 -99.000 -99.000 -99.000 -99.000 -9999.0 -9999.0 -9999.0 -9999.0 -9999.0
54810 20110511  2.404  -86.92   46.33    18.6     9.1    13.8    13.4    15.4    11.12 R    25.5     9.2    14.1    95.6    55.5    78.8 -99.000 -99.000 -99.000 -99.000 -99.000 -9999.0 -9999.0 -9999.0 -9999.0 -9999.0
54810 20110512  2.404  -86.92   46.33    21.3     8.1    14.7    13.5     0.5    14.33 R    31.6     9.2    15.7    97.9    70.4    88.6 -99.000 -99.000 -99.000 -99.000 -99.000 -9999.0 -9999.0 -9999.0 -9999.0 -9999.0
54810 20110513  2.404  -86.92   46.33     8.9     4.7     6.8     5.7     4.5     4.64 R    11.0     5.6     7.4    97.8    94.5    96.3 -99.000 -99.000 -99.000 -99.000 -99.000 -9999.0 -9999.0 -9999.0 -9999.0 -9999.0
54810 20110514  2.404  -86.92   46.33     8.8     3.7     6.3     5.9     6.2     8.97 R    13.1     4.1     7.0    98.6    48.3    79.6 -99.000 -99.000 -99.000 -99.000 -99.000 -9999.0 -9999.0 -9999.0 -9999.0 -9999.0
54810 20110515  2.404  -86.92   46.33     7.8     3.0     5.4     5.1     0.0    30.02 R    20.6     0.9     8.1    73.4    43.3    56.3 -99.000 -99.000 -99.000 -99.000 -99.000 -9999.0 -9999.0 -9999.0 -9999.0 -9999.0
54810 20110516  2.404  -86.92   46.33     8.8    -0.9     3.9     3.9     0.0    30.59 R    21.9    -2.9     7.5    77.9    23.1    56.5 -99.000 -99.000 -99.000 -99.000 -99.000 -9999.0 -9999.0 -9999.0 -9999.0 -9999.0
54810 20110517  2.404  -86.92   46.33    13.3    -1.5     5.9     6.7     0.0    29.51 R    26.2    -4.2     9.4    90.1    29.9    54.9 -99.000 -99.000 -99.000 -99.000 -99.000 -9999.0 -9999.0 -9999.0 -9999.0 -9999.0
54810 20110518  2.402  -86.92   46.33 -9999.0 -9999.0 -9999.0 -9999.0 -9999.0 -9999.00 U -9999.0 -9999.0 -9999.0 -9999.0 -9999.0 -9999.0 -99.000 -99.000 -99.000 -99.000 -99.000 -9999.0 -9999.0 -9999.0 -9999.0 -9999.0
54810 20110519  2.402  -86.92   46.33    19.1     8.3    13.7    12.9     0.0    15.96 R    25.2     6.8    14.4    96.6    57.5    79.6 -99.000 -99.000 -99.000 -99.000 -99.000 -9999.0 -9999.0 -9999.0 -9999.0 -9999.0
54810 20110520  2.402  -86.92   46.33    22.9     8.5    15.7    14.5     0.0    26.62 R    33.1     6.7    17.3   100.0    50.3    83.9 -99.000 -99.000 -99.000 -99.000 -99.000 -9999.0 -9999.0 -9999.0 -9999.0 -9999.0
54810 20110521  2.402  -86.92   46.33    23.7     7.6    15.7    16.5     5.1    17.63 R    30.4     5.9    16.8    97.7    50.9    77.7 -99.000 -99.000 -99.000 -99.000 -99.000 -9999.0 -9999.0 -9999.0 -9999.0 -9999.0
54810 20110522  2.402  -86.92   46.33    22.2    14.8    18.5    16.8    14.8    13.82 R    26.5    14.9    17.6    97.4    62.5    88.5 -99.000 -99.000 -99.000 -99.000 -99.000 -9999.0 -9999.0 -9999.0 -9999.0 -9999.0
54810 20110523  2.402  -86.92   46.33    18.7     5.1    11.9    11.9     6.2     8.45 R    25.0     6.0    13.3    97.6    73.7    93.3 -99.000 -99.000 -99.000 -99.000 -99.000 -9999.0 -9999.0 -9999.0 -9999.0 -9999.0
54810 20110524  2.402  -86.92   46.33     7.8     0.1     4.0     4.5     0.0    25.89 R    19.4    -0.3     8.1    95.9    62.5    79.1 -99.000 -99.000 -99.000 -99.000 -99.000 -9999.0 -9999.0 -9999.0 -9999.0 -9999.0
54810 20110525  2.402  -86.92   46.33    10.6    -0.5     5.0     5.1     0.0    17.50 R    21.0    -0.6     7.9    96.3    55.7    75.4 -99.000 -99.000 -99.000 -99.000 -99.000 -9999.0 -9999.0 -9999.0 -9999.0 -9999.0
54810 20110526  2.402  -86.92   46.33     6.0    -1.2     2.4     3.1     0.0    28.87 R    17.0    -2.8     6.2    87.4    49.0    67.4 -99.000 -99.000 -99.000 -99.000 -99.000 -9999.0 -9999.0 -9999.0 -9999.0 -9999.0
54810 20110527  2.402  -86.92   46.33    17.2    -1.7     7.7     8.8     0.0    27.75 R    25.4    -3.6    10.2    93.8    22.1    57.3 -99.000 -99.000 -99.000 -99.000 -99.000 -9999.0 -9999.0 -9999.0 -9999.0 -9999.0
54810 20110528  2.402  -86.92   46.33    20.1     7.9    14.0    12.4     4.2    13.66 R    22.5     6.9    12.6    94.9    41.5    77.4 -99.000 -99.000 -99.000 -99.000 -99.000 -9999.0 -9999.0 -9999.0 -9999.0 -9999.0
54810 20110529  2.402  -86.92   46.33    20.2    11.4    15.8    15.2     1.9    15.13 R    26.2    10.8    15.8    97.6    45.9    74.3 -99.000 -99.000 -99.000 -99.000 -99.000 -9999.0 -9999.0 -9999.0 -9999.0 -9999.0
54810 20110530  2.402  -86.92   46.33    21.2    10.7    15.9    15.8     0.4    13.63 R    23.8    12.0    16.2    96.0    62.0    79.6 -99.000 -99.000 -99.000 -99.000 -99.000 -9999.0 -9999.0 -9999.0 -9999.0 -9999.0
54810 20110531  2.402  -86.92   46.33    28.8    16.0    22.4    22.0     2.9    23.12 R    32.4    14.3    21.3    91.7    24.6    63.8 -99.000 -99.000 -99.000 -99.000 -99.000 -9999.0 -9999.0 -9999.0 -9999.0 -9999.0
54810 20110601  2.402  -86.92   46.33    19.0     7.8    13.4    14.3     0.0    14.58 R    21.5     6.5    13.8    67.4    42.5    51.4 -99.000 -99.000 -99.000 -99.000 -99.000 -9999.0 -9999.0 -9999.0 -9999.0 -9999.0
54810 20110602  2.402  -86.92   46.33    19.0     2.3    10.6    11.5     0.0    30.77 R    25.7     0.4    13.0    93.6    40.1    59.0 -99.000 -99.000 -99.000 -99.000 -99.000 -9999.0 -9999.0 -9999.0 -9999.0 -9999.0
54810 20110603  2.402  -86.92   46.33    21.0     7.0    14.0    14.8     5.1    16.23 R    24.5     5.0    14.6    85.6    55.6    67.5 -99.000 -99.000 -99.000 -99.000 -99.000 -9999.0 -9999.0 -9999.0 -9999.0 -9999.0
54810 20110604  2.402  -86.92   46.33    28.2     9.7    18.9    20.0     0.0    29.24 R    30.7     7.5    19.4    90.3    17.7    55.9 -99.000 -99.000 -99.000 -99.000 -99.000 -9999.0 -9999.0 -9999.0 -9999.0 -9999.0
54810 20110605  2.402  -86.92   46.33    20.5     8.0    14.2    13.9     0.0    30.01 R    27.1     5.6    14.8    96.2    40.6    65.6 -99.000 -99.000 -99.000 -99.000 -99.000 -9999.0 -9999.0 -9999.0 -9999.0 -9999.0
54810 20110606  2.402  -86.92   46.33    26.8     8.2    17.5    18.2    20.9    24.99 R    31.8     6.0    18.3    98.0    46.2    73.8 -99.000 -99.000 -99.000 -99.000 -99.000 -9999.0 -9999.0 -9999.0 -9999.0 -9999.0
54810 20110607  2.402  -86.92   46.33    29.0    13.4    21.2    19.9     0.7    23.83 R    31.9    12.1    20.4    98.1    54.3    81.1 -99.000 -99.000 -99.000 -99.000 -99.000 -9999.0 -9999.0 -9999.0 -9999.0 -9999.0
54810 20110608  2.402  -86.92   46.33    31.9     6.0    18.9    18.3     1.1    24.74 R    33.8     6.9    19.1    97.5    45.9    79.5 -99.000 -99.000 -99.000 -99.000 -99.000 -9999.0 -9999.0 -9999.0 -9999.0 -9999.0
54810 20110609  2.402  -86.92   46.33    10.3     3.3     6.8     7.0     0.5    27.81 R    18.9     2.2     9.6    95.8    58.8    79.2 -99.000 -99.000 -99.000 -99.000 -99.000 -9999.0 -9999.0 -9999.0 -9999.0 -9999.0
54810 20110610  2.402  -86.92   46.33    15.1     2.8     8.9     9.4     0.0    10.71 R    19.9     2.4    10.0    93.5    49.6    74.7 -99.000 -99.000 -99.000 -99.000 -99.000 -9999.0 -9999.0 -9999.0 -9999.0 -9999.0
54810 20110611  2.402  -86.92   46.33    11.0     5.6     8.3     8.0    15.2    10.18 R    15.9     5.6     9.1    96.6    69.2    85.9 -99.000 -99.000 -99.000 -99.000 -99.000 -9999.0 -9999.0 -9999.0 -9999.0 -9999.0
54810 20110612  2.402  -86.92   46.33    19.6     4.3    11.9    12.1     0.0    30.65 R    24.4     2.5    12.8    96.1    30.9    65.7 -99.000 -99.000 -99.000 -99.000 -99.000 -9999.0 -9999.0 -9999.0 -9999.0 -9999.0
54810 20110613  2.402  -86.92   46.33    22.5     3.6    13.0    14.0     0.0    30.71 R    26.7     1.8    14.0    96.7    32.3    62.9 -99.000 -99.000 -99.000 -99.000 -99.000 -9999.0 -9999.0 -9999.0 -9999.0 -9999.0
54810 20110614  2.402  -86.92   46.33    24.7     6.6    15.7    16.5     0.0    30.07 R    28.0     5.0    16.0    93.9    31.3    63.3 -99.000 -99.000 -99.000 -99.000 -99.000 -9999.0 -9999.0 -9999.0 -9999.0 -9999.0
54810 20110615  2.402  -86.92   46.33    22.7     8.7    15.7    17.0     0.0    26.61 R    25.1     5.3    16.3    92.9    37.7    61.0 -99.000 -99.000 -99.000 -99.000 -99.000 -9999.0 -9999.0 -9999.0 -9999.0 -9999.0
54810 20110616  2.402  -86.92   46.33    20.6    10.7    15.6    15.8     0.4    10.47 R    25.8     9.5    16.3    96.2    70.8    83.3 -99.000 -99.000 -99.000 -99.000 -99.000 -9999.0 -9999.0 -9999.0 -9999.0 -9999.0
54810 20110617  2.402  -86.92   46.33    21.2     8.7    14.9    14.9     0.0    27.15 R    26.6     7.1    16.0    95.6    58.0    77.7 -99.000 -99.000 -99.000 -99.000 -99.000 -9999.0 -9999.0 -9999.0 -9999.0 -9999.0
54810 20110618  2.402  -86.92   46.33    23.7     8.4    16.1    15.0     0.0    20.25 R    27.8     6.1    15.4    97.9    49.2    74.1 -99.000 -99.000 -99.000 -99.000 -99.000 -9999.0 -9999.0 -9999.0 -9999.0 -9999.0
54810 20110619  2.402  -86.92   46.33    19.7    11.4    15.6    14.1     0.8     6.01 R    21.8    11.6    14.1    92.9    54.9    79.5 -99.000 -99.000 -99.000 -99.000 -99.000 -9999.0 -9999.0 -9999.0 -9999.0 -9999.0
54810 20110620  2.402  -86.92   46.33    19.0    11.0    15.0    14.1     0.0    16.92 R    24.6    10.2    15.3    93.5    66.4    82.4 -99.000 -99.000 -99.000 -99.000 -99.000 -9999.0 -9999.0 -9999.0 -9999.0 -9999.0
54810 20110621  2.402  -86.92   46.33    17.0     9.5    13.3    13.8    21.5     3.94 R    17.3     8.3    14.1    96.7    79.4    90.3 -99.000 -99.000 -99.000 -99.000 -99.000 -9999.0 -9999.0 -9999.0 -9999.0 -9999.0
54810 20110622  2.402  -86.92   46.33    17.3    14.1    15.7    15.5    29.4     5.64 R    19.3    14.6    15.9    97.5    90.3    94.2 -99.000 -99.000 -99.000 -99.000 -99.000 -9999.0 -9999.0 -9999.0 -9999.0 -9999.0
54810 20110623  2.402  -86.92   46.33    14.1     9.0    11.6    10.6     0.0     9.41 R    16.0    10.1    11.8   100.0    93.7    98.0 -99.000 -99.000 -99.000 -99.000 -99.000 -9999.0 -9999.0 -9999.0 -9999.0 -9999.0
54810 20110624  2.402  -86.92   46.33    15.9     8.9    12.4    11.9     0.0    11.72 R    18.9     6.6    11.9    96.8    65.2    82.7 -99.000 -99.000 -99.000 -99.000 -99.000 -9999.0 -9999.0 -9999.0 -9999.0 -9999.0
54810 20110625  2.402  -86.92   46.33    24.2     6.9    15.5    16.6     0.0    28.74 R    27.0     4.9    16.0    98.0    35.5    66.9 -99.000 -99.000 -99.000 -99.000 -99.000 -9999.0 -9999.0 -9999.0 -9999.0 -9999.0
54810 20110626  2.402  -86.92   46.33    26.2     8.0    17.1    18.2     0.0    29.03 R    29.8     5.9    17.7    98.2    44.7    69.2 -99.000 -99.000 -99.000 -99.000 -99.000 -9999.0 -9999.0 -9999.0 -9999.0 -9999.0
54810 20110627  2.402  -86.92   46.33    23.1    12.4    17.8    17.6     0.0    14.57 R    26.8    10.3    17.4    96.6    61.1    79.2 -99.000 -99.000 -99.000 -99.000 -99.000 -9999.0 -9999.0 -9999.0 -9999.0 -9999.0
54810 20110628  2.402  -86.92   46.33    17.0     6.6    11.8    12.7     4.3     5.44 R    16.6     5.0    12.6    97.8    77.7    87.7 -99.000 -99.000 -99.000 -99.000 -99.000 -9999.0 -9999.0 -9999.0 -9999.0 -9999.0
54810 20110629  2.402  -86.92   46.33    22.2     6.6    14.4    14.5     0.0    30.69 R    24.8     4.4    15.1    97.7    47.6    74.1 -99.000 -99.000 -99.000 -99.000 -99.000 -9999.0 -9999.0 -9999.0 -9999.0 -9999.0
54810 20110630  2.402  -86.92   46.33    24.2    10.9    17.6    18.1     0.0    23.76 R    26.7     8.7    18.1    93.7    54.2    71.9 -99.000 -99.000 -99.000 -99.000 -99.000 -9999.0 -9999.0 -9999.0 -9999.0 -9999.0
54810 20110701  2.402  -86.92   46.33    24.9    17.0    21.0    20.2     0.0    16.09 R    27.1    16.3    20.3    88.2    69.7    79.1 -99.000 -99.000 -99.000 -99.000 -99.000 -9999.0 -9999.0 -9999.0 -9999.0 -9999.0
54810 20110702  2.402  -86.92   46.33    29.1    15.7    22.4    22.3     0.0    29.44 R    31.0    10.5    21.5    97.7    36.9    66.3 -99.000 -99.000 -99.000 -99.000 -99.000 -9999.0 -9999.0 -9999.0 -9999.0 -9999.0
54810 20110703  2.402  -86.92   46.33    24.3     9.8    17.1    18.2     0.0    30.21 R    27.9     7.3    17.4    94.5    33.4    61.8 -99.000 -99.000 -99.000 -99.000 -99.000 -9999.0 -9999.0 -9999.0 -9999.0 -9999.0
54810 20110704  2.402  -86.92   46.33    28.0     7.7    17.8    19.3     0.3    23.70 R    30.2     5.7    18.8    96.9    37.0    67.4 -99.000 -99.000 -99.000 -99.000 -99.000 -9999.0 -9999.0 -9999.0 -9999.0 -9999.0
54810 20110705  2.402  -86.92   46.33    30.9    15.1    23.0    21.0    20.6    20.85 R    33.8    12.9    20.7    97.6    41.7    77.0 -99.000 -99.000 -99.000 -99.000 -99.000 -9999.0 -9999.0 -9999.0 -9999.0 -9999.0
54810 20110706  2.402  -86.92   46.33    23.0    10.5    16.7    17.2     0.0    28.66 R    26.7     8.3    17.2    97.6    51.5    76.0 -99.000 -99.000 -99.000 -99.000 -99.000 -9999.0 -9999.0 -9999.0 -9999.0 -9999.0
54810 20110707  2.402  -86.92   46.33    24.7    10.0    17.4    17.6     0.0    14.86 R    29.0     8.5    17.1    97.2    50.2    79.0 -99.000 -99.000 -99.000 -99.000 -99.000 -9999.0 -9999.0 -9999.0 -9999.0 -9999.0
54810 20110708  2.402  -86.92   46.33    22.5    10.1    16.3    17.8     2.1    26.96 R    26.9     8.1    18.5    97.3    56.8    80.9 -99.000 -99.000 -99.000 -99.000 -99.000 -9999.0 -9999.0 -9999.0 -9999.0 -9999.0
54810 20110709  2.402  -86.92   46.33    23.7     7.8    15.7    17.7     0.0    15.63 R    25.9     6.2    17.3    98.1    55.8    77.8 -99.000 -99.000 -99.000 -99.000 -99.000 -9999.0 -9999.0 -9999.0 -9999.0 -9999.0
54810 20110710  2.402  -86.92   46.33    31.0    18.4    24.7    24.3     0.0    22.48 R    33.0    16.4    24.1    96.8    51.8    75.4 -99.000 -99.000 -99.000 -99.000 -99.000 -9999.0 -9999.0 -9999.0 -9999.0 -9999.0
54810 20110711  2.402  -86.92   46.33    27.5    16.0    21.7    22.6     0.0    25.89 R    31.1    13.3    22.6    96.6    47.5    77.9 -99.000 -99.000 -99.000 -99.000 -99.000 -9999.0 -9999.0 -9999.0 -9999.0 -9999.0
54810 20110712  2.402  -86.92   46.33    20.4    13.4    16.9    17.7     0.0    25.40 R    24.7    12.0    18.1    87.6    62.4    70.4 -99.000 -99.000 -99.000 -99.000 -99.000 -9999.0 -9999.0 -9999.0 -9999.0 -9999.0
54810 20110713  2.402  -86.92   46.33    18.0     8.1    13.0    13.6     0.0    26.92 R    24.0     6.1    14.9    98.1    62.6    80.7 -99.000 -99.000 -99.000 -99.000 -99.000 -9999.0 -9999.0 -9999.0 -9999.0 -9999.0
54810 20110714  2.402  -86.92   46.33    22.2     6.4    14.3    15.6     0.0    17.92 R    26.3     4.8    15.6    98.1    54.5    76.8 -99.000 -99.000 -99.000 -99.000 -99.000 -9999.0 -9999.0 -9999.0 -9999.0 -9999.0
54810 20110715  2.402  -86.92   46.33    24.8    14.4    19.6    19.0     0.2    12.48 R    27.4    14.2    18.7    91.3    55.7    74.6 -99.000 -99.000 -99.000 -99.000 -99.000 -9999.0 -9999.0 -9999.0 -9999.0 -9999.0
54810 20110716  2.402  -86.92   46.33    29.7    15.9    22.8    23.2     0.0    23.99 R    34.3    14.8    23.5    94.4    59.1    78.5 -99.000 -99.000 -99.000 -99.000 -99.000 -9999.0 -9999.0 -9999.0 -9999.0 -9999.0
54810 20110717  2.402  -86.92   46.33    32.4    19.8    26.1    25.9     5.8    23.69 R    35.4    17.5    26.0    97.4    64.1    82.7   0.128   0.179   0.144   0.121   0.130    19.8    18.9    17.7    14.8    13.6
54810 20110718  2.402  -86.92   46.33    30.5    17.5    24.0    23.4     1.2    20.95 R    34.4    15.5    23.6    97.8    68.4    88.0   0.126   0.171   0.141   0.119   0.129    20.8    19.9    18.7    15.4    14.0
54810 20110719  2.402  -86.92   46.33    27.7    16.8    22.3    22.3     0.0    22.34 R    30.6    15.3    22.5   100.0    56.0    83.8   0.123   0.168   0.139   0.118   0.127    20.3    19.7    18.8    15.9    14.4
54810 20110720  2.402  -86.92   46.33    32.4    19.7    26.1    26.1     1.5    21.79 R    34.8    19.2    25.9    96.1    61.9    80.1   0.118   0.163   0.136   0.116   0.125    21.2    20.3    19.1    16.1    14.6
54810 20110721  2.402  -86.92   46.33    29.9    14.6    22.2    23.6     0.0    27.19 R    32.9    12.2    23.2    96.9    42.7    69.9   0.111   0.152   0.130   0.114   0.123    21.7    21.0    19.8    16.5    14.8
54810 20110722  2.402  -86.92   46.33    30.2    14.2    22.2    22.2     0.0    27.37 R    33.6    11.9    21.9    95.6    37.2    69.5   0.101   0.137   0.123   0.112   0.121    20.1    19.7    19.0    16.5    15.0
54810 20110723  2.402  -86.92   46.33    18.1    12.4    15.3    15.8     0.4    22.73 R    24.4    11.2    16.9    95.6    69.3    81.0   0.093   0.124   0.116   0.109   0.120    19.2    19.0    18.5    16.4    15.0
54810 20110724  2.402  -86.92   46.33    24.8    12.0    18.4    17.1     0.0    16.68 R    30.7     9.0    17.5    96.1    64.1    81.8   0.089   0.117   0.112   0.108   0.117    18.1    17.9    17.5    16.0    14.9
54810 20110725  2.402  -86.92   46.33    28.0     9.2    18.6    18.4     0.0    20.26 R    32.6     7.0    17.8    98.4    36.7    75.5   0.086   0.111   0.108   0.106   0.116    17.3    17.2    16.8    15.6    14.6
54810 20110726  2.402  -86.92   46.33    20.7    10.0    15.3    16.3     0.0    25.51 R    26.8     7.5    16.5    97.8    54.0    75.7   0.082   0.103   0.102   0.104   0.114    17.3    17.1    16.6    15.3    14.4
54810 20110727  2.402  -86.92   46.33    22.6     9.5    16.1    16.9     0.0     9.80 R    25.6     7.0    16.8    98.2    70.1    87.1   0.078   0.099   0.098   0.102   0.112    16.4    16.3    16.1    15.0    14.2
54810 20110728  2.402  -86.92   46.33    30.8    18.4    24.6    23.1     0.0    22.98 R    35.8    16.9    24.0    97.6    49.1    79.1   0.077   0.096   0.093   0.100   0.111    18.6    17.7    16.7    14.9    14.1
54810 20110729  2.402  -86.92   46.33    28.5    13.5    21.0    21.7     0.0    27.35 R    33.2    10.6    21.2    98.0    36.6    66.5   0.072   0.090   0.085   0.096   0.108    19.0    18.3    17.4    15.2    14.2
54810 20110730  2.402  -86.92   46.33    30.6    12.4    21.5    20.5     8.5    18.37 R    35.6     9.9    20.4    97.4    43.5    77.2   0.071   0.084   0.077   0.092   0.105    18.3    17.9    17.2    15.3    14.3
54810 20110731  2.402  -86.92   46.33    27.1    12.0    19.5    21.4     0.0    27.15 R    31.4     9.5    21.6    97.0    40.7    73.8   0.078   0.083   0.074   0.089   0.104    19.3    18.5    17.5    15.3    14.3
54810 20110801  2.402  -86.92   46.33    29.0     9.9    19.4    20.3     0.0    26.39 R    33.1     7.6    20.3    98.1    33.7    67.7   0.074   0.082   0.071   0.085   0.101    18.3    18.0    17.3    15.5    14.4
54810 20110802  2.402  -86.92   46.33    25.3    16.4    20.8    21.6     2.5     8.19 R    27.9    14.7    21.6    96.0    75.9    87.7   0.072   0.082   0.070   0.084   0.100    19.0    18.4    17.6    15.5    14.4
54810 20110803  2.402  -86.92   46.33    23.1    13.8    18.5    19.9     0.0    13.65 R    27.2    12.1    20.1    97.9    71.4    86.1   0.072   0.082   0.070   0.083   0.099    19.3    18.7    17.8    15.6    14.5
54810 20110804  2.402  -86.92   46.33    27.9    11.6    19.7    20.2     0.0    22.26 R    32.3    10.1    20.3    98.1    55.6    78.3   0.070   0.081   0.068   0.081   0.097    18.4    18.0    17.4    15.6    14.6
54810 20110805  2.402  -86.92   46.33    29.3    16.2    22.7    22.7     0.0    23.66 R    34.2    13.6    23.1    97.7    50.7    76.7   0.067   0.079   0.065   0.078   0.095    19.3    18.6    17.7    15.6    14.5
54810 20110806  2.402  -86.92   46.33    29.1    17.4    23.2    22.3     0.9    21.42 R    34.4    14.9    22.9    97.4    40.3    79.7   0.065   0.078   0.062   0.074   0.092    19.5    18.9    18.0    15.7    14.6
54810 20110807  2.402  -86.92   46.33    22.1    12.1    17.1    18.6     0.0    16.09 R    28.1     9.7    19.1    98.0    68.0    87.8   0.064   0.077   0.060   0.071   0.090    19.6    19.1    18.2    15.9    14.7
54810 20110808  2.402  -86.92   46.33    25.8    10.2    18.0    18.4     0.0    20.91 R    31.7     8.2    18.5    98.3    45.9    74.2   0.062   0.075   0.059   0.069   0.089    17.7    17.6    17.2    15.8    14.7
54810 20110809  2.402  -86.92   46.33    23.0    14.1    18.5    18.5     1.9    13.76 R    29.2    13.3    19.0    96.5    50.7    79.6   0.061   0.073   0.057   0.067   0.086    17.9    17.6    17.0    15.5    14.6
54810 20110810  2.402  -86.92   46.33    20.7    10.4    15.5    16.4     0.3    26.41 R    26.1     6.9    16.8    93.6    46.5    68.1   0.060   0.072   0.056   0.065   0.085    17.6    17.3    16.8    15.3    14.5
54810 20110811  2.402  -86.92   46.33    27.4     7.0    17.2    18.2     0.0    23.91 R    33.1     4.5    18.3    98.3    34.6    69.0   0.059   0.071   0.053   0.063   0.082    16.5    16.4    16.1    15.1    14.3
54810 20110812  2.402  -86.92   46.33    26.3    13.5    19.9    19.2     1.5    16.41 R    30.8    11.3    19.3    95.5    46.2    79.0   0.058   0.070   0.052   0.061   0.079    17.4    17.0    16.4    15.0    14.1
54810 20110813  2.402  -86.92   46.33    23.7    13.3    18.5    17.6     0.0    20.58 R    30.3    11.1    18.6    97.9    56.1    85.2   0.058   0.070   0.052   0.059   0.077    17.7    17.3    16.6    15.0    14.1
54810 20110814  2.402  -86.92   46.33    21.7     8.7    15.2    15.9     0.0    26.19 R    28.5     6.2    16.6    98.4    44.5    75.7   0.057   0.068   0.051   0.057   0.074    17.5    17.2    16.6    15.0    14.1
54810 20110815  2.402  -86.92   46.33    28.1     7.5    17.8    17.5     0.0    18.34 R    36.1     5.6    18.0    97.5    47.3    76.9   0.055   0.066   0.050   0.054   0.072    16.4    16.3    15.9    14.9    14.1
54810 20110816  2.402  -86.92   46.33    28.9    10.6    19.7    20.6     0.0    23.28 R    35.7     8.7    21.4    98.2    38.5    71.9   0.054   0.065   0.048   0.051   0.069    17.4    16.9    16.2    14.8    14.0
54810 20110817  2.402  -86.92   46.33    26.3    11.0    18.6    20.2     0.0    20.25 R    33.3     7.9    20.5    94.4    38.7    69.6   0.054   0.064   0.047   0.048   0.065    18.6    18.0    17.0    14.9    14.0
54810 20110818  2.402  -86.92   46.33    28.8    11.5    20.1    20.7     0.0    23.85 R    36.1     8.1    20.8    92.8    28.7    55.2   0.051   0.062   0.045   0.046   0.063    17.7    17.4    16.7    15.0    14.1
54810 20110819  2.402  -86.92   46.33    26.5    12.0    19.2    17.9     3.6    11.42 R    30.0     9.2    17.0    94.8    55.5    80.3   0.053   0.060   0.045   0.044   0.060    17.1    16.9    16.5    15.0    14.1
54810 20110820  2.402  -86.92   46.33    22.5     9.8    16.1    16.8     0.0    22.47 R    29.4     6.7    17.5    96.8    42.7    69.4   0.053   0.060   0.045   0.044   0.058    17.0    16.7    16.2    14.9    14.1
54810 20110821  2.402  -86.92   46.33    20.5     6.2    13.4    14.5     0.0    22.50 R    27.5     3.3    15.0    98.1    42.8    73.3   0.052   0.059   0.045   0.042   0.056    16.3    16.2    15.9    14.8    14.0
54810 20110822  2.402  -86.92   46.33    24.0     4.9    14.4    16.1     0.0    19.43 R    31.2     2.0    16.8    98.6    33.2    68.4   0.049   0.059   0.043   0.039   0.052    15.3    15.3    15.1    14.5    13.8
54810 20110823  2.402  -86.92   46.33    27.6    12.0    19.8    19.7     0.0    17.70 R    34.4     8.9    20.2    96.4    54.9    77.3   0.049   0.058   0.042   0.038   0.049    16.7    16.2    15.5    14.4    13.7
54810 20110824  2.402  -86.92   46.33    28.5    15.9    22.2    20.3     1.9    17.07 R    36.5    15.2    21.2    97.7    28.9    75.0   0.049   0.058   0.042   0.036   0.046    18.0    17.3    16.4    14.5    13.7
54810 20110825  2.402  -86.92   46.33    21.6     9.1    15.3    16.3     0.3    23.50 R    27.9     6.7    17.3    97.4    44.7    72.5   0.049   0.057   0.041   0.035   0.045    17.7    17.3    16.6    14.8    13.8
54810 20110826  2.402  -86.92   46.33    26.6     8.3    17.4    18.2     0.0    14.95 R    32.8     5.9    18.1    97.9    51.2    77.6   0.047   0.056   0.041   0.033   0.043    16.2    16.1    15.8    14.8    13.9
54810 20110827  2.402  -86.92   46.33    21.2     6.6    13.9    15.9     0.0    23.80 R    29.3     3.4    16.3    97.9    42.8    71.1   0.047   0.056   0.041   0.032   0.040    16.8    16.5    16.0    14.6    13.8
54810 20110828  2.402  -86.92   46.33    23.5     4.5    14.0    14.3     0.0    23.38 R    31.6     2.0    14.9    98.9    29.8    69.8   0.045   0.054   0.040   0.031   0.038    15.2    15.2    15.1    14.5    13.8
54810 20110829  2.402  -86.92   46.33    27.8     5.0    16.4    17.0     0.0    20.39 R    37.2     2.3    17.3    98.5    27.5    64.8   0.044   0.053   0.038   0.029   0.035    15.0    14.9    14.7    14.1    13.5
54810 20110830  2.402  -86.92   46.33    27.9    12.9    20.4    20.1     0.0    16.84 R    37.3    10.8    21.1    94.4    44.9    72.4   0.044   0.053   0.038   0.028   0.031    16.7    16.2    15.4    14.1    13.5
54810 20110831  2.402  -86.92   46.33    21.6    15.2    18.4    18.4     0.0     7.13 R    24.6    14.6    18.6    91.0    63.5    77.1   0.043   0.052   0.037   0.027   0.029    16.9    16.6    15.9    14.3    13.5
54810 20110901  2.402  -86.92   46.33    29.1    12.9    21.0    21.0     0.0    18.77 R    36.9    10.7    22.5   100.0    49.0    76.6   0.043   0.052   0.037   0.027   0.028    17.6    16.9    16.1    14.4    13.6
54810 20110902  2.402  -86.92   46.33    27.4    13.1    20.2    21.0     0.0    10.92 R    34.3    10.8    21.4    97.9    63.7    86.0   0.043   0.051   0.037   0.025   0.026    18.7    18.1    17.0    14.7    13.8
54810 20110903  2.402  -86.92   46.33    22.2    13.0    17.6    17.6     1.5     8.51 R    31.1    11.1    18.5    98.0    63.7    86.9   0.042   0.051   0.036   0.025   0.025    17.3    17.2    16.6    15.0    14.0
54810 20110904  2.402  -86.92   46.33    17.8     9.7    13.8    12.8     3.0     9.24 R    23.8     8.1    12.9    93.6    59.4    78.0   0.046   0.050   0.037   0.025   0.023    16.1    16.3    16.1    14.9    14.0
54810 20110905  2.402  -86.92   46.33    13.9     0.0     6.9     9.3     0.0    15.27 R    23.8    -2.3    10.0    98.2    49.9    64.5   0.047   0.049   0.035   0.025   0.023    13.8    14.3    14.6    14.5    13.8
54810 20110906  2.402  -86.92   46.33    20.7    -2.0     9.4     8.8     0.0    22.35 R    27.9    -4.4     9.7    98.5    25.2    73.9   0.043   0.049   0.035   0.024   0.023    11.7    12.3    12.9    13.8    13.4
54810 20110907  2.402  -86.92   46.33    23.3     1.1    12.2    12.5     0.0    21.35 R    31.6    -1.0    13.3    99.0    40.9    74.6   0.042   0.049   0.035   0.024   0.022    12.4    12.5    12.6    13.2    13.0
54810 20110908  2.402  -86.92   46.33    23.3     8.4    15.8    15.7     0.0    19.84 R    32.0     5.7    16.3    98.5    47.1    81.5   0.042   0.050   0.034   0.024   0.020    14.1    13.8    13.4    13.0    12.8
54810 20110909  2.402  -86.92   46.33    28.3     6.6    17.4    16.6     0.0    20.38 R    36.8     4.8    17.6    99.5    37.1    74.3   0.041   0.050   0.034   0.024   0.019    14.5    14.3    13.8    13.1    12.7
54810 20110910  2.402  -86.92   46.33    27.8     9.3    18.5    18.1     0.0    19.89 R    36.2     7.5    19.0   100.0    35.7    75.0   0.041   0.050   0.034   0.024   0.017    15.6    15.1    14.4    13.3    12.8
54810 20110911  2.402  -86.92   46.33    30.5    12.1    21.3    20.4     0.0    15.59 R    39.2    10.1    20.9    96.9    24.0    70.0   0.041   0.049   0.034   0.023   0.015    16.3    15.8    15.0    13.6    12.9
54810 20110912  2.402  -86.92   46.33    30.3     9.2    19.8    20.5     1.5    17.76 R    38.7     6.9    20.9    98.4    32.5    68.8   0.040   0.049   0.034   0.023   0.016    16.6    16.2    15.4    13.8    13.1
54810 20110913  2.402  -86.92   46.33    16.7     9.6    13.2    12.8     0.0    14.52 R    25.3     5.7    13.8    89.6    41.5    66.2   0.039   0.048   0.034   0.023   0.016    16.0    16.0    15.6    14.1    13.3
54810 20110914  2.402  -86.92   46.33    11.7     3.3     7.5     7.7     2.4    12.40 R    19.7     0.8     8.2    92.5    45.9    70.0   0.037   0.047   0.035   0.022   0.015    13.3    13.8    14.2    13.9    13.3
54810 20110915  2.402  -86.92   46.33    10.8    -0.8     5.0     5.6     5.5    13.37 R    17.5    -2.9     6.0    98.1    59.5    83.1   0.055   0.047   0.034   0.023   0.015    11.1    11.9    12.5    13.4    13.0
54810 20110916  2.402  -86.92   46.33    16.7    -2.7     7.0     6.7     0.0    20.08 R    24.3    -5.3     7.2    98.2    32.1    69.8   0.053   0.046   0.033   0.022   0.015     9.4    10.1    11.0    12.6    12.6
54810 20110917  2.402  -86.92   46.33    18.4    -1.8     8.3     8.7     0.0    17.40 R    27.0    -3.8     8.8    98.0    39.6    70.3   0.049   0.047   0.033   0.023   0.016     9.5    10.0    10.5    12.0    12.1
54810 20110918  2.402  -86.92   46.33    20.0     3.0    11.5    12.8     1.4    15.75 R    29.0     0.6    13.0    99.1    41.4    73.2   0.048   0.048   0.033   0.023   0.015    10.4    10.5    10.6    11.6    11.7
54810 20110919  2.402  -86.92   46.33    18.5     5.0    11.7    13.1    12.1    11.35 R    24.8     2.4    13.3    97.7    48.5    84.8   0.106   0.062   0.034   0.023   0.016    12.9    12.7    12.1    11.7    11.6
54810 20110920  2.402  -86.92   46.33    21.3     4.7    13.0    13.5     0.2    13.73 R    28.5     2.3    13.7    97.4    44.1    74.3   0.115   0.082   0.034   0.022   0.015    11.9    11.9    11.9    12.0    11.7
54810 20110921  2.402  -86.92   46.33    19.1    10.3    14.7    14.5     0.4    11.11 R    27.8     8.7    15.3    94.4    46.1    76.9   0.112   0.088   0.034   0.022   0.015    13.7    13.5    12.9    12.1    11.8
54810 20110922  2.402  -86.92   46.33    12.3     7.2     9.8     9.6     0.0     6.83 R    20.6     7.7    10.6    93.4    59.2    81.1   0.109   0.089   0.035   0.023   0.015    12.7    12.9    12.9    12.4    12.0
54810 20110923  2.402  -86.92   46.33    14.8     4.7     9.8    10.1     0.0     9.54 R    21.6     2.9    11.0    98.1    56.6    82.8   0.107   0.090   0.035   0.024   0.014    12.3    12.5    12.4    12.4    12.0
54810 20110924  2.402  -86.92   46.33    13.5     7.6    10.5    11.3     3.4     2.44 R    16.1     7.1    11.4    98.1    92.3    95.3   0.105   0.090   0.035   0.024   0.015    11.5    11.8    11.9    12.2    11.9
54810 20110925  2.402  -86.92   46.33    20.6     3.9    12.2    12.5     0.0    15.37 R    25.9     2.7    13.4   100.0    45.0    87.0   0.113   0.092   0.036   0.023   0.014    12.3    12.3    12.0    12.1    11.8
54810 20110926  2.402  -86.92   46.33    17.4     9.0    13.2    14.7     2.2     3.91 R    19.5     6.8    14.6    95.9    80.5    89.4   0.114   0.094   0.035   0.024   0.014    12.9    12.8    12.6    12.1    11.8
54810 20110927  2.402  -86.92   46.33    20.0     6.6    13.3    14.9    20.4     7.46 R    25.5     5.0    15.0    98.3    59.7    90.3   0.181   0.179   0.086   0.022   0.015    14.5    14.2    13.7    12.4    11.9
54810 20110928  2.402  -86.92   46.33    21.6     4.1    12.9    12.4     0.0    15.56 R    28.3     2.5    12.9    98.8    43.0    78.4   0.170   0.189   0.129   0.024   0.016    12.8    13.0    13.0    12.7    12.1
54810 20110929  2.402  -86.92   46.33    14.4     7.4    10.9    11.2    65.6     1.26 R    15.6     7.2    10.9    96.5    85.9    92.9   0.205   0.212   0.151   0.027   0.016    12.2    12.5    12.6    12.6    12.1
54810 20110930  2.402  -86.92   46.33     7.4     4.6     6.0     6.5     7.2     7.25 R    11.6     5.4     6.8    93.0    60.9    76.2   0.228   0.250   0.200   0.148   0.084    10.4    10.9    11.4    12.2    12.0
54810 20111001  2.402  -86.92   46.33    10.3    -1.2     4.5     5.4     0.0    16.26 R    17.7    -3.2     6.5    97.5    53.7    72.0   0.200   0.226   0.179   0.137   0.110     9.8    10.2    10.6    11.6    11.6
54810 20111002  2.402  -86.92   46.33    19.1    -2.2     8.4     7.4     0.0    15.73 R    25.5    -3.5     7.8    98.6    32.9    76.2   0.190   0.216   0.170   0.129   0.108     8.8     9.2     9.7    11.1    11.3
54810 20111003  2.402  -86.92   46.33    17.9     3.8    10.9     9.9     0.0    15.46 R    25.0     1.6    10.1    99.2    50.1    82.3   0.185   0.210   0.165   0.123   0.107     9.6     9.8     9.9    10.8    10.9
54810 20111004  2.402  -86.92   46.33    25.5     3.5    14.5    13.9     0.0    14.53 R    30.5     1.5    13.6    98.2    34.0    71.0   0.181   0.206   0.161   0.119   0.104    10.3    10.3    10.2    10.7    10.8
54810 20111005  2.402  -86.92   46.33    22.1     9.7    15.9    14.3     0.0    13.51 R    28.1     8.0    14.8    96.4    53.8    78.4   0.179   0.202   0.159   0.115   0.103    11.9    11.7    11.3    11.0    10.9
54810 20111006  2.402  -86.92   46.33    25.0     9.8    17.4    15.2     0.0    14.92 R    30.1     8.5    15.6    97.5    36.3    74.5   0.175   0.199   0.156   0.113   0.101    12.4    12.2    11.9    11.4    11.1
54810 20111007  2.402  -86.92   46.33    24.7     9.4    17.0    16.5     0.0    13.41 R    30.2     7.4    16.4    96.2    45.5    72.6   0.171   0.196   0.154   0.111   0.100    12.7    12.5    12.2    11.7    11.3
54810 20111008  2.402  -86.92   46.33    27.2    14.6    20.9    19.8     0.0    14.18 R    32.2    11.7    19.5    85.3    36.2    61.2   0.168   0.193   0.152   0.109   0.100    13.9    13.6    13.0    12.0    11.5
54810 20111009  2.402  -86.92   46.33    25.0     7.5    16.2    15.3     0.0    13.42 R    31.1     5.5    15.4    98.3    42.5    77.7   0.165   0.191   0.150   0.108   0.100    13.9    13.8    13.4    12.4    11.8
54810 20111010  2.402  -86.92   46.33    24.4     5.7    15.1    14.2     0.0    11.99 R    29.2     3.6    13.6    98.7    36.4    73.0   0.163   0.188   0.148   0.107   0.100    12.6    12.8    12.8    12.5    12.0
54810 20111011  2.402  -86.92   46.33    24.6    11.5    18.1    16.7     0.0    11.77 R    32.1     9.5    16.7    92.1    41.9    70.6   0.160   0.186   0.147   0.106   0.100    13.4    13.2    12.9    12.4    11.9
54810 20111012  2.402  -86.92   46.33    21.9     8.7    15.3    14.8     0.0     6.17 R    28.1     6.2    14.4    93.9    48.5    81.9   0.159   0.185   0.146   0.105   0.100    13.5    13.5    13.2    12.5    12.0
54810 20111013  2.402  -86.92   46.33    15.7     7.8    11.7    12.3     6.7     4.18 R    21.3     4.8    11.9    97.9    70.9    89.1   0.159   0.183   0.145   0.104   0.099    12.4    12.6    12.6    12.5    12.0
54810 20111014  2.402  -86.92   46.33    11.7     5.6     8.6     8.9    21.7     3.96 R    11.9     5.5     9.2    96.9    78.8    88.8   0.223   0.222   0.164   0.106   0.100    11.9    12.2    12.3    12.3    12.0
54810 20111015  2.402  -86.92   46.33     9.1     4.0     6.5     6.7    12.0     6.60 R    12.9     0.3     6.3    90.7    52.2    72.2   0.237   0.243   0.190   0.133   0.108     9.9    10.5    11.0    11.9    11.8
54810 20111016  2.402  -86.92   46.33    11.6    -0.1     5.7     6.2     0.0     8.85 R    17.9    -2.4     5.6    92.1    35.7    62.2   0.208   0.227   0.180   0.140   0.119     8.4     9.1     9.7    11.3    11.4
54810 20111017  2.402  -86.92   46.33     8.8     5.6     7.2     7.3     0.0     3.25 R    10.5     3.5     7.1    73.5    53.2    62.7   0.198   0.219   0.173   0.136   0.120     8.3     8.8     9.3    10.7    10.9
54810 20111018  2.402  -86.92   46.33     7.5     1.9     4.7     4.9     3.7     6.19 R    14.1     0.4     5.3    96.7    71.3    85.7   0.196   0.217   0.171   0.135   0.123     8.5     8.9     9.2    10.3    10.6
54810 20111019  2.402  -86.92   46.33     8.5     3.4     6.0     6.0     1.1     5.48 R    14.3     1.8     6.1    95.0    69.3    80.4   0.200   0.219   0.172   0.135   0.125     8.0     8.4     8.8    10.1    10.4
54810 20111020  2.402  -86.92   46.33     6.2     4.4     5.3     5.5     0.8     2.00 R     6.6     4.4     5.6    89.8    69.3    77.3   0.196   0.217   0.171   0.136   0.128     7.6     8.1     8.6     9.9    10.2
54810 20111021  2.402  -86.92   46.33     9.1    -2.4     3.3     4.2     0.0     8.92 R    17.5    -4.6     4.7    97.5    50.8    74.9   0.193   0.215   0.170   0.136   0.129     7.6     8.0     8.3     9.6    10.0
54810 20111022  2.402  -86.92   46.33    11.5    -2.8     4.3     3.1     0.0     9.83 R    19.0    -4.1     3.2    98.8    60.8    86.6   0.190   0.213   0.169   0.136   0.130     6.3     6.9     7.6     9.4     9.8
54810 20111023  2.402  -86.92   46.33     9.9    -3.3     3.3     4.4     6.5     4.96 R    15.7    -4.9     4.6   100.0    75.9    93.2   0.189   0.212   0.168   0.136   0.130     6.0     6.5     7.2     9.0     9.5
54810 20111024  2.402  -86.92   46.33     8.7    -2.4     3.2     4.6     1.0     7.50 R    14.6    -4.0     4.1    97.5    56.5    82.7   0.212   0.223   0.173   0.137   0.131     7.0     7.4     7.6     8.8     9.3
54810 20111025  2.402  -86.92   46.33     6.8    -2.2     2.3     2.9     0.0     3.36 R     9.3    -4.2     3.1    98.2    67.0    86.9   0.201   0.220   0.173   0.139   0.134     5.7     6.3     7.0     8.7     9.2
54810 20111026  2.402  -86.92   46.33     8.1     0.2     4.1     4.8     1.5     8.07 R    15.0    -1.9     5.3    97.0    54.2    77.3   0.196   0.217   0.172   0.138   0.136     6.6     6.9     7.2     8.5     8.9
54810 20111027  2.402  -86.92   46.33     5.8    -4.2     0.8     2.1     0.4     6.62 R    11.0    -6.2     2.1    97.2    52.9    78.6   0.197   0.218   0.171   0.138   0.136     6.3     6.7     7.2     8.5     8.9
54810 20111028  2.402  -86.92   46.33     8.4    -3.9     2.2     2.4     0.0     7.20 R    15.5    -5.7     2.3    96.1    45.0    77.8   0.194   0.217   0.171   0.139   0.137     4.8     5.5     6.2     8.2     8.7
54810 20111029  2.402  -86.92   46.33     9.9    -3.8     3.1     2.4     0.0     8.70 R    17.3    -5.9     2.9   100.0    42.9    86.2   0.193   0.216   0.170   0.139   0.138     5.3     5.7     6.2     7.9     8.5
54810 20111030  2.402  -86.92   46.33     9.8    -5.6     2.1     2.5     0.7     6.14 R    13.3    -7.3     2.4    96.2    46.1    82.7   0.191   0.215   0.169   0.138   0.138     4.5     5.0     5.7     7.7     8.3
54810 20111031  2.402  -86.92   46.33     9.8     3.5     6.7     6.1     0.0     3.69 R    15.0     1.0     6.3    97.4    60.3    84.1   0.192   0.215   0.169   0.138   0.138     6.1     6.2     6.3     7.6     8.1
54810 20111101  2.402  -86.92   46.33    10.1     4.1     7.1     7.3     0.0     3.38 R    11.7     1.9     7.0    89.6    56.7    76.6   0.191   0.215   0.168   0.138   0.138     6.5     6.7     6.8     7.8     8.1
54810 20111102  2.402  -86.92   46.33     8.0     5.0     6.5     6.7     5.4     1.05 R     8.8     3.2     6.5    96.4    82.5    91.0   0.202   0.220   0.171   0.138   0.138     7.1     7.2     7.3     8.0     8.3
54810 20111103  2.402  -86.92   46.33     8.4    -4.6     1.9     3.5     0.0    10.11 R    13.5    -6.2     3.1    95.5    40.1    70.5   0.201   0.221   0.173   0.139   0.139     6.1     6.5     7.0     8.1     8.3
54810 20111104  2.402  -86.92   46.33    10.2    -6.1     2.0     1.7     0.0     8.72 R    14.6    -7.9     1.1    95.0    35.1    73.8   0.196   0.219   0.172   0.140   0.140     4.1     4.8     5.7     7.7     8.2
54810 20111105  2.402  -86.92   46.33    10.6     1.0     5.8     5.5     0.0     8.85 R    15.3    -1.1     5.1    96.2    52.1    78.9   0.194   0.219   0.171   0.140   0.141     4.6     4.9     5.4     7.3     7.9
54810 20111106  2.402  -86.92   46.33    12.5     6.4     9.4     9.3     0.0     4.90 R    15.0     4.4     8.6    90.8    53.5    79.2   0.193   0.218   0.170   0.139   0.141     6.0     6.1     6.1     7.3     7.7
54810 20111107  2.402  -86.92   46.33    12.9    -3.3     4.8     4.7     0.0     9.63 R    15.9    -5.2     3.2    95.5    25.2    62.5   0.190   0.217   0.170   0.139   0.141     5.7     6.1     6.4     7.5     7.8
54810 20111108  2.402  -86.92   46.33     5.7    -2.7     1.5     2.3     0.0     2.95 R     8.9    -4.0     2.7    96.6    65.4    82.5   0.189   0.216   0.170   0.139   0.141     4.5     5.0     5.6     7.4     7.8
54810 20111109  2.402  -86.92   46.33     5.0     0.3     2.7     2.6    35.2     0.43 R     5.0     0.3     2.4    97.5    71.9    86.0   0.217   0.230   0.176   0.140   0.141     4.7     5.2     5.7     7.2     7.6
54810 20111110  2.402  -86.92   46.33     0.8    -0.9    -0.1     0.3    10.9     4.14 R     6.2    -2.9     0.0    97.1    82.0    90.4   0.228   0.242   0.185   0.150   0.147     3.8     4.3     4.9     6.9     7.4
54810 20111111  2.402  -86.92   46.33     1.6    -2.1    -0.3     0.1     5.4     7.10 R     1.9    -8.0    -1.2    97.4    64.1    78.1   0.220   0.238   0.183   0.152   0.152     3.7     4.1     4.6     6.5     7.2
54810 20111112  2.402  -86.92   46.33     8.8    -4.2     2.3     3.0     0.0     8.15 R     3.7    -8.0    -0.5    94.8    48.2    76.9   0.217   0.236   0.183   0.153   0.154     3.5     4.0     4.5     6.4     7.0
54810 20111113  2.402  -86.92   46.33    10.6     4.9     7.7     7.8     0.0     3.31 R     7.6     1.9     3.6    91.3    69.9    81.3   0.246   0.251   0.194   0.161   0.160     3.5     3.9     4.3     6.2     6.8
54810 20111114  2.402  -86.92   46.33     9.1    -3.0     3.1     4.1     0.0     6.41 R    10.6    -5.1     2.4    97.6    54.0    77.8   0.230   0.246   0.193   0.167   0.169     3.5     3.8     4.2     5.9     6.6
54810 20111115  2.402  -86.92   46.33     6.2    -1.9     2.2     1.8     0.8     3.49 R     9.1    -4.4     0.3    98.5    65.6    82.1   0.217   0.239   0.187   0.164   0.166     2.9     3.5     4.0     5.9     6.4
54810 20111116  2.402  -86.92   46.33     2.2    -3.9    -0.9    -0.4     0.0     5.20 R     7.4    -6.2    -1.2    76.1    46.3    59.5   0.207   0.234   0.183   0.160   0.163     2.3     2.9     3.6     5.7     6.3
54810 20111117  2.402  -86.92   46.33     0.4    -8.4    -4.0    -3.5     0.0     6.13 R     7.1   -10.6    -3.8    78.1    50.4    61.7   0.201   0.229   0.180   0.158   0.161     1.5     2.2     3.0     5.4     6.1
54810 20111118  2.402  -86.92   46.33     4.5    -7.3    -1.4    -1.3     0.5     4.27 R     6.2    -8.9    -1.6    91.1    49.4    67.9   0.195   0.226   0.178   0.155   0.159     1.0     1.7     2.5     5.0     5.8
54810 20111119  2.402  -86.92   46.33     4.7    -1.3     1.7     1.7    12.4     1.82 R     7.4    -3.0     1.3    97.0    61.6    81.3   0.203   0.227   0.178   0.154   0.158     1.2     1.7     2.3     4.7     5.6
54810 20111120  2.402  -86.92   46.33     0.0    -5.2    -2.6    -3.1     0.7     1.82 R     1.5    -6.0    -3.2    93.7    73.7    81.5   0.218   0.236   0.184   0.157   0.160     1.5     1.9     2.5     4.6     5.4
54810 20111121  2.402  -86.92   46.33    -0.8    -6.2    -3.5    -3.1     0.0     3.23 R     0.0    -7.3    -3.2    90.0    76.2    82.7   0.206   0.230   0.180   0.157   0.160     1.4     1.9     2.5     4.6     5.3
54810 20111122  2.402  -86.92   46.33     2.6    -4.3    -0.9    -0.7     0.0     3.30 R     2.4    -6.9    -1.1    97.7    76.2    87.7   0.204   0.229   0.179   0.155   0.159     1.7     2.1     2.7     4.5     5.3
54810 20111123  2.402  -86.92   46.33     0.6    -5.9    -2.6    -1.2     0.0     3.06 R     2.3    -8.3    -1.8    97.2    90.2    93.3   0.205   0.230   0.179   0.155   0.158     1.5     2.0     2.6     4.5     5.2
54810 20111124  2.402  -86.92   46.33     7.1    -2.2     2.5     2.8     0.0     4.69 R     8.6    -4.5     2.5    98.4    71.3    91.0   0.207   0.230   0.179   0.155   0.159     1.8     2.2     2.6     4.5     5.1
54810 20111125  2.402  -86.92   46.33     9.6     3.7     6.7     6.2     0.0     4.06 R    12.6     2.3     6.1    95.7    72.1    88.7   0.206   0.231   0.180   0.155   0.159     3.7     3.6     3.6     4.6     5.2
54810 20111126  2.402  -86.92   46.33     8.2     3.7     6.0     6.8     6.9     0.60 R     8.9     3.9     6.8    97.7    85.8    94.9   0.209   0.231   0.180   0.155   0.158     4.9     4.8     4.6     5.1     5.4
54810 20111127  2.402  -86.92   46.33     3.7    -1.0     1.3     0.2     1.6     1.17 R     4.0    -1.0     0.3    94.7    74.2    83.9   0.213   0.235   0.183   0.157   0.160     4.0     4.4     4.7     5.5     5.7
54810 20111128  2.402  -86.92   46.33     0.0    -4.1    -2.0    -1.7     0.0     4.75 R     3.1    -5.8    -1.5    89.8    70.9    79.8   0.206   0.230   0.181   0.156   0.160     2.6     3.1     3.8     5.4     5.7
54810 20111129  2.402  -86.92   46.33     2.7    -3.0    -0.2    -0.2     0.0     3.42 R     4.1    -6.0    -0.8    85.0    59.6    68.7   0.202   0.225   0.179   0.155   0.159     2.0     2.5     3.2     5.1     5.6
54810 20111130  2.402  -86.92   46.33     2.7    -7.1    -2.2    -1.0     0.0     4.02 R     6.4    -8.7    -1.1    93.5    35.8    71.4   0.198   0.222   0.179   0.154   0.158     1.3     1.9     2.7     4.8     5.4
54810 20111201  2.402  -86.92   46.33     0.7    -6.1    -2.7    -1.6     3.3     1.10 R     1.1    -6.0    -1.4    97.2    70.5    86.5   0.198   0.222   0.180   0.153   0.158     1.4     1.9     2.5     4.5     5.1
54810 20111202  2.402  -86.92   46.33    -1.2   -10.4    -5.8    -5.3     0.0     6.12 R    -0.1   -11.6    -5.4    83.2    52.7    67.8   0.195   0.222   0.179   0.153   0.156     1.1     1.6     2.3     4.3     5.0
54810 20111203  2.402  -86.92   46.33     2.2    -1.4     0.4     0.7     7.0     0.78 R     1.7    -3.8     0.3    98.8    62.2    90.0   0.194   0.221   0.178   0.151   0.155     0.8     1.3     2.0     4.1     4.8
54810 20111204  2.402  -86.92   46.33     1.4    -2.1    -0.3    -0.1     7.7     1.79 R     1.2    -2.1    -0.2    98.8    73.8    89.9   0.200   0.224   0.180   0.152   0.155     1.0     1.5     2.0     4.0     4.7
54810 20111205  2.402  -86.92   46.33    -1.6    -6.2    -3.9    -4.2     0.0     3.17 R    -2.0    -6.1    -4.0    80.0    66.3    74.6   0.201   0.225   0.181   0.152   0.156     1.3     1.7     2.2     3.9     4.6
54810 20111206  2.402  -86.92   46.33    -4.8   -11.6    -8.2    -6.6     0.4     2.94 R    -3.5   -17.1    -7.6    85.7    64.5    78.7   0.197   0.223   0.180   0.152   0.156     1.1     1.5     2.1     3.9     4.5
54810 20111207  2.402  -86.92   46.33    -3.6    -9.9    -6.8    -6.6     0.3     1.24 R    -4.1   -14.6    -8.0    85.5    67.0    77.1   0.195   0.222   0.179   0.152   0.156     0.9     1.4     2.0     3.9     4.5
54810 20111208  2.402  -86.92   46.33    -5.0   -11.6    -8.3    -7.5     0.0     6.38 R    -5.5   -16.2    -9.9    83.5    34.3    60.5   0.177   0.220   0.177   0.151   0.155     0.8     1.2     1.8     3.8     4.4
54810 20111209  2.402  -86.92   46.33    -8.2   -14.0   -11.1   -11.1     0.0     5.81 R    -7.0   -17.3   -12.9    70.9    51.0    59.3   0.170   0.218   0.176   0.150   0.154     0.5     1.0     1.6     3.6     4.2
54810 20111210  2.402  -86.92   46.33    -6.8   -14.5   -10.7   -10.7     0.0     3.02 R    -7.1   -17.3   -11.6    69.8    49.8    58.8   0.160   0.215   0.175   0.149   0.154     0.2     0.8     1.4     3.5     4.1
54810 20111211  2.402  -86.92   46.33     4.7   -10.5    -2.9    -2.8     0.0     5.63 R     1.1   -14.0    -5.3    89.2    51.6    72.5   0.159   0.210   0.173   0.147   0.153     0.1     0.6     1.2     3.3     4.1
54810 20111212  2.402  -86.92   46.33     1.2    -3.3    -1.1     0.3     3.7     0.78 R     0.7    -8.7    -0.8    97.2    76.0    90.4   0.160   0.205   0.173   0.147   0.152     0.2     0.6     1.2     3.2     3.9
54810 20111213  2.402  -86.92   46.33     2.2     0.1     1.2     1.2     0.2     1.74 R     1.5     0.3     0.7    99.0    89.2    96.0   0.164   0.211   0.176   0.147   0.152     0.2     0.6     1.1     3.1     3.8
54810 20111214  2.402  -86.92   46.33     2.8     1.1     1.9     1.9     7.4     0.70 R     1.9     0.6     1.1   100.0    97.8    99.7   0.182   0.225   0.179   0.148   0.153     0.2     0.7     1.2     3.1     3.8
54810 20111215  2.402  -86.92   46.33     2.2    -3.9    -0.8     0.3     4.7     1.64 R     2.2    -4.1    -0.1   100.0    68.8    88.4   0.230   0.250   0.197   0.159   0.161     0.3     0.7     1.1     3.0     3.7
54810 20111216  2.402  -86.92   46.33    -3.2    -8.6    -5.9    -6.1     0.0     2.37 R    -3.6    -9.9    -5.9    84.3    58.5    72.6   0.200   0.239   0.191   0.163   0.166     0.4     0.8     1.2     2.9     3.6
54810 20111217  2.402  -86.92   46.33    -3.7   -15.5    -9.6    -8.1     0.6     4.32 R    -3.5   -18.4    -9.0    88.9    67.3    79.3   0.186   0.231   0.186   0.160   0.163     0.4     0.8     1.3     2.9     3.6
54810 20111218  2.402  -86.92   46.33     1.2    -4.0    -1.4    -1.7     0.0     2.47 R    -0.2    -4.4    -2.5    82.4    65.9    75.4   0.181   0.227   0.183   0.156   0.161     0.4     0.8     1.2     2.9     3.6
54810 20111219  2.402  -86.92   46.33     2.4    -3.3    -0.4    -1.1     0.3     1.08 R     0.9    -4.7    -1.9    91.0    65.0    75.4   0.180   0.226   0.182   0.155   0.160     0.5     0.8     1.3     2.9     3.6
54810 20111220  2.402  -86.92   46.33    -0.4    -5.7    -3.1    -3.1     0.0     4.80 R    -0.3    -9.2    -5.1    77.2    52.5    65.7   0.178   0.225   0.181   0.154   0.158     0.4     0.8     1.3     2.9     3.5
54810 20111221  2.402  -86.92   46.33     1.2   -10.9    -4.9    -3.3     0.0     4.66 R     3.0   -14.3    -4.4    94.4    52.0    79.9   0.181   0.222   0.179   0.153   0.157     0.3     0.7     1.2     2.9     3.5
54810 20111222  2.402  -86.92   46.33     0.4    -7.7    -3.6    -3.0     2.6     1.46 R     0.0   -11.6    -3.3    93.4    63.8    79.3   0.182   0.222   0.178   0.152   0.156     0.3     0.7     1.2     2.9     3.5
54810 20111223  2.402  -86.92   46.33    -5.3   -12.9    -9.1    -7.6     0.7     3.03 R    -5.0   -16.0    -9.0    94.3    60.6    78.7   0.181   0.221   0.178   0.151   0.156     0.3     0.7     1.2     2.9     3.5
54810 20111224  2.402  -86.92   46.33    -1.0   -14.3    -7.7    -6.2     0.0     2.60 R    -1.4   -18.5    -8.3    93.8    81.3    88.9   0.179   0.220   0.177   0.150   0.155     0.3     0.7     1.2     2.9     3.4
54810 20111225  2.402  -86.92   46.33     0.4    -5.8    -2.7    -1.6     3.0     0.85 R     1.2    -8.5    -2.4    94.9    66.2    83.8   0.179   0.220   0.177   0.149   0.155     0.3     0.7     1.1     2.8     3.4
54810 20111226  2.402  -86.92   46.33     5.3    -2.2     1.5     0.9     0.0     4.21 R     1.9    -8.1    -1.4    78.2    47.9    67.5   0.181   0.221   0.177   0.149   0.154     0.3     0.7     1.2     2.8     3.4
54810 20111227  2.402  -86.92   46.33     2.6    -9.4    -3.4    -3.9     3.3     1.71 R     1.4    -9.5    -5.2    93.5    65.5    79.4   0.181   0.221   0.178   0.149   0.154     0.4     0.7     1.2     2.8     3.4
54810 20111228  2.402  -86.92   46.33    -8.3   -10.5    -9.4    -9.4     0.2     3.80 R    -7.0   -13.7    -9.6    83.0    59.3    72.4   0.181   0.221   0.177   0.149   0.154     0.4     0.8     1.2     2.8     3.3
54810 20111229  2.402  -86.92   46.33    -0.6    -8.3    -4.5    -3.0     2.9     1.64 R    -0.3    -8.0    -2.9    96.8    82.8    91.7   0.181   0.221   0.176   0.148   0.153     0.5     0.8     1.2     2.8     3.3
54810 20111230  2.402  -86.92   46.33     0.3   -12.5    -6.1    -4.6     0.0     4.75 R    -0.6   -16.9    -7.1    97.4    75.7    91.0   0.181   0.221   0.177   0.148   0.153     0.5     0.8     1.3     2.8     3.3
54810 20111231  2.402  -86.92   46.33     1.3    -8.1    -3.4    -2.3     0.0     2.99 R     0.7    -9.1    -2.5    96.5    78.5    92.5   0.174   0.221   0.177   0.148   0.153     0.5     0.9     1.3     2.8     3.3
