53139 20080101  1.302 -117.14   36.60    15.7     2.6     9.1    10.2     0.0    10.30 R    23.8     2.5    10.6 -9999.0 -9999.0 -9999.0 -99.000 -99.000 -99.000 -99.000 -99.000 -9999.0 -9999.0 -9999.0 -9999.0 -9999.0
53139 20080102  1.302 -117.14   36.60    14.4     3.0     8.7     9.2     0.0     8.63 R    21.4     3.8     9.9 -9999.0 -9999.0 -9999.0 -99.000 -99.000 -99.000 -99.000 -99.000 -9999.0 -9999.0 -9999.0 -9999.0 -9999.0
53139 20080103  1.302 -117.14   36.60    13.7     1.3     7.5     8.8     0.0     8.72 R    21.3     2.7     9.4 -9999.0 -9999.0 -9999.0 -99.000 -99.000 -99.000 -99.000 -99.000 -9999.0 -9999.0 -9999.0 -9999.0 -9999.0
53139 20080104  1.302 -117.14   36.60    15.8     2.0     8.9    10.2     1.2     3.65 R    14.1     2.5     9.5 -9999.0 -9999.0 -9999.0 -99.000 -99.000 -99.000 -99.000 -99.000 -9999.0 -9999.0 -9999.0 -9999.0 -9999.0
53139 20080105  1.302 -117.14   36.60    20.6    11.1    15.8    15.6     0.0     8.82 R    24.5    10.2    14.5 -9999.0 -9999.0 -9999.0 -99.000 -99.000 -99.000 -99.000 -99.000 -9999.0 -9999.0 -9999.0 -9999.0 -9999.0
53139 20080106  1.302 -117.14   36.60    19.0    11.1    15.0    14.9     0.0     9.08 R    23.5     9.4    14.3 -9999.0 -9999.0 -9999.0 -99.000 -99.000 -99.000 -99.000 -99.000 -9999.0 -9999.0 -9999.0 -9999.0 -9999.0
53139 20080107  1.302 -117.14   36.60    15.0     6.7    10.8    11.0     0.0    10.88 R    23.9     5.5    12.4 -9999.0 -9999.0 -9999.0 -99.000 -99.000 -99.000 -99.000 -99.000 -9999.0 -9999.0 -9999.0 -9999.0 -9999.0
53139 20080108  1.302 -117.14   36.60    12.1     4.8     8.4     9.1     0.0     4.76 R    15.7     5.4     9.4 -9999.0 -9999.0 -9999.0 -99.000 -99.000 -99.000 -99.000 -99.000 -9999.0 -9999.0 -9999.0 -9999.0 -9999.0
53139 20080109  1.302 -117.14   36.60    14.9     2.0     8.4     9.3     0.0    10.79 R    22.8     3.0    10.6 -9999.0 -9999.0 -9999.0 -99.000 -99.000 -99.000 -99.000 -99.000 -9999.0 -9999.0 -9999.0 -9999.0 -9999.0
53139 20080110  1.302 -117.14   36.60    15.7     4.1     9.9    10.6     0.0    11.19 R    23.5     4.5    12.0 -9999.0 -9999.0 -9999.0 -99.000 -99.000 -99.000 -99.000 -99.000 -9999.0 -9999.0 -9999.0 -9999.0 -9999.0
53139 20080111  1.302 -117.14   36.60    16.5     4.8    10.6    10.9     0.0    11.01 R    25.0     4.6    12.1 -9999.0 -9999.0 -9999.0 -99.000 -99.000 -99.000 -99.000 -99.000 -9999.0 -9999.0 -9999.0 -9999.0 -9999.0
53139 20080112  1.302 -117.14   36.60    16.1     4.1    10.1    10.6     0.0     9.71 R    25.2     4.2    11.4 -9999.0 -9999.0 -9999.0 -99.000 -99.000 -99.000 -99.000 -99.000 -9999.0 -9999.0 -9999.0 -9999.0 -9999.0
53139 20080113  1.302 -117.14   36.60    22.2     5.0    13.6    14.5     0.0    11.92 R    29.3     5.3    14.5 -9999.0 -9999.0 -9999.0 -99.000 -99.000 -99.000 -99.000 -99.000 -9999.0 -9999.0 -9999.0 -9999.0 -9999.0
53139 20080114  1.302 -117.14   36.60    19.9     6.6    13.2    14.1     0.0    11.94 R    27.5     6.4    14.4 -9999.0 -9999.0 -9999.0 -99.000 -99.000 -99.000 -99.000 -99.000 -9999.0 -9999.0 -9999.0 -9999.0 -9999.0
53139 20080115  1.302 -117.14   36.60    16.2     3.2     9.7    11.4     0.0    11.98 R    25.4     3.5    12.6 -9999.0 -9999.0 -9999.0 -99.000 -99.000 -99.000 -99.000 -99.000 -9999.0 -9999.0 -9999.0 -9999.0 -9999.0
53139 20080116  1.302 -117.14   36.60    15.7     8.4    12.1    12.4     0.0     9.34 R    23.3     6.5    12.2 -9999.0 -9999.0 -9999.0 -99.000 -99.000 -99.000 -99.000 -99.000 -9999.0 -9999.0 -9999.0 -9999.0 -9999.0
53139 20080117  1.302 -117.14   36.60    14.1     2.4     8.3     9.1     0.0    12.30 R    23.7     2.1    10.4 -9999.0 -9999.0 -9999.0 -99.000 -99.000 -99.000 -99.000 -99.000 -9999.0 -9999.0 -9999.0 -9999.0 -9999.0
53139 20080118  1.302 -117.14   36.60    18.1     2.5    10.3    11.2     0.0    12.27 R    27.2     3.1    12.2 -9999.0 -9999.0 -9999.0 -99.000 -99.000 -99.000 -99.000 -99.000 -9999.0 -9999.0 -9999.0 -9999.0 -9999.0
53139 20080119  1.302 -117.14   36.60    17.0     5.2    11.1    12.0     0.0    12.43 R    26.0     5.4    12.7 -9999.0 -9999.0 -9999.0 -99.000 -99.000 -99.000 -99.000 -99.000 -9999.0 -9999.0 -9999.0 -9999.0 -9999.0
53139 20080120  1.302 -117.14   36.60    14.2     2.3     8.2     9.0     0.0    11.79 R    26.7     2.7    10.5 -9999.0 -9999.0 -9999.0 -99.000 -99.000 -99.000 -99.000 -99.000 -9999.0 -9999.0 -9999.0 -9999.0 -9999.0
53139 20080121  1.302 -117.14   36.60    15.5     0.2     7.8    10.1     0.0    12.48 R    24.5     2.6    11.1 -9999.0 -9999.0 -9999.0 -99.000 -99.000 -99.000 -99.000 -99.000 -9999.0 -9999.0 -9999.0 -9999.0 -9999.0
53139 20080122  1.302 -117.14   36.60    14.7     1.7     8.2     9.7     0.0    10.51 R    23.8     2.9    10.9 -9999.0 -9999.0 -9999.0 -99.000 -99.000 -99.000 -99.000 -99.000 -9999.0 -9999.0 -9999.0 -9999.0 -9999.0
53139 20080123  1.302 -117.14   36.60    15.7     3.0     9.3    11.3     0.0     8.00 R    22.5     4.6    11.9 -9999.0 -9999.0 -9999.0 -99.000 -99.000 -99.000 -99.000 -99.000 -9999.0 -9999.0 -9999.0 -9999.0 -9999.0
53139 20080124  1.302 -117.14   36.60    16.0     6.9    11.5    11.8     0.8    12.58 R    27.7     5.6    13.3 -9999.0 -9999.0 -9999.0 -99.000 -99.000 -99.000 -99.000 -99.000 -9999.0 -9999.0 -9999.0 -9999.0 -9999.0
53139 20080125  1.302 -117.14   36.60    14.4     6.7    10.6    11.4     0.0     5.48 R    18.7     7.1    11.8 -9999.0 -9999.0 -9999.0 -99.000 -99.000 -99.000 -99.000 -99.000 -9999.0 -9999.0 -9999.0 -9999.0 -9999.0
53139 20080126  1.302 -117.14   36.60    16.6     4.9    10.8    11.5     0.0     9.10 R    23.2     4.9    12.2 -9999.0 -9999.0 -9999.0 -99.000 -99.000 -99.000 -99.000 -99.000 -9999.0 -9999.0 -9999.0 -9999.0 -9999.0
53139 20080127  1.302 -117.14   36.60    18.6     9.1    13.8    13.3     4.0     6.93 R    21.9     9.4    13.1 -9999.0 -9999.0 -9999.0 -99.000 -99.000 -99.000 -99.000 -99.000 -9999.0 -9999.0 -9999.0 -9999.0 -9999.0
53139 20080128  1.302 -117.14   36.60    19.3     9.8    14.6    14.8     0.0    14.23 R    25.9     7.9    14.1 -9999.0 -9999.0 -9999.0 -99.000 -99.000 -99.000 -99.000 -99.000 -9999.0 -9999.0 -9999.0 -9999.0 -9999.0
53139 20080129  1.302 -117.14   36.60    12.9     3.2     8.1     9.0     0.0    12.13 R    20.1     3.3     9.8 -9999.0 -9999.0 -9999.0 -99.000 -99.000 -99.000 -99.000 -99.000 -9999.0 -9999.0 -9999.0 -9999.0 -9999.0
53139 20080130  1.302 -117.14   36.60    16.2     1.4     8.8    10.3     0.0    13.98 R    24.0     2.6    11.0 -9999.0 -9999.0 -9999.0 -99.000 -99.000 -99.000 -99.000 -99.000 -9999.0 -9999.0 -9999.0 -9999.0 -9999.0
53139 20080131  1.302 -117.14   36.60    13.5     2.3     7.9     8.9     0.0    14.03 R    23.2     2.8    10.8 -9999.0 -9999.0 -9999.0 -99.000 -99.000 -99.000 -99.000 -99.000 -9999.0 -9999.0 -9999.0 -9999.0 -9999.0
53139 20080201  1.302 -117.14   36.60    16.6     1.4     9.0    10.6     0.0    14.02 R    26.3     2.3    12.3 -9999.0 -9999.0 -9999.0 -99.000 -99.000 -99.000 -99.000 -99.000 -9999.0 -9999.0 -9999.0 -9999.0 -9999.0
53139 20080202  1.302 -117.14   36.60    14.3     5.2     9.8    10.5     0.0    10.54 R    23.7     4.9    11.7 -9999.0 -9999.0 -9999.0 -99.000 -99.000 -99.000 -99.000 -99.000 -9999.0 -9999.0 -9999.0 -9999.0 -9999.0
53139 20080203  1.302 -117.14   36.60    19.1     5.3    12.2    12.7     0.0    11.38 R    24.0     5.8    13.4 -9999.0 -9999.0 -9999.0 -99.000 -99.000 -99.000 -99.000 -99.000 -9999.0 -9999.0 -9999.0 -9999.0 -9999.0
53139 20080204  1.302 -117.14   36.60    15.5     9.4    12.5    12.7     0.0    12.85 R    21.1     7.6    12.7 -9999.0 -9999.0 -9999.0 -99.000 -99.000 -99.000 -99.000 -99.000 -9999.0 -9999.0 -9999.0 -9999.0 -9999.0
53139 20080205  1.302 -117.14   36.60    15.3     6.6    10.9    10.7     0.0    14.81 R    25.7     4.9    12.4 -9999.0 -9999.0 -9999.0 -99.000 -99.000 -99.000 -99.000 -99.000 -9999.0 -9999.0 -9999.0 -9999.0 -9999.0
53139 20080206  1.302 -117.14   36.60    16.3     2.9     9.6    10.3     0.0    14.50 R    26.2     2.9    12.2 -9999.0 -9999.0 -9999.0 -99.000 -99.000 -99.000 -99.000 -99.000 -9999.0 -9999.0 -9999.0 -9999.0 -9999.0
53139 20080207  1.302 -117.14   36.60    17.5     3.2    10.4    11.5     0.0    14.52 R    28.0     4.9    13.6 -9999.0 -9999.0 -9999.0 -99.000 -99.000 -99.000 -99.000 -99.000 -9999.0 -9999.0 -9999.0 -9999.0 -9999.0
53139 20080208  1.302 -117.14   36.60    20.7     4.9    12.8    13.6     0.0    15.08 R    30.5     5.7    15.5 -9999.0 -9999.0 -9999.0 -99.000 -99.000 -99.000 -99.000 -99.000 -9999.0 -9999.0 -9999.0 -9999.0 -9999.0
53139 20080209  1.302 -117.14   36.60    23.4     8.2    15.8    16.0     0.0    15.40 R    31.9     7.4    17.3 -9999.0 -9999.0 -9999.0 -99.000 -99.000 -99.000 -99.000 -99.000 -9999.0 -9999.0 -9999.0 -9999.0 -9999.0
53139 20080210  1.302 -117.14   36.60    23.0     9.1    16.1    16.4     0.0    14.07 R    32.5     8.8    17.7 -9999.0 -9999.0 -9999.0 -99.000 -99.000 -99.000 -99.000 -99.000 -9999.0 -9999.0 -9999.0 -9999.0 -9999.0
53139 20080211  1.302 -117.14   36.60    25.0     6.3    15.7    17.7     0.0    15.04 R    34.3     8.1    19.1 -9999.0 -9999.0 -9999.0 -99.000 -99.000 -99.000 -99.000 -99.000 -9999.0 -9999.0 -9999.0 -9999.0 -9999.0
53139 20080212  1.302 -117.14   36.60    28.0    12.8    20.4    20.9     0.0    15.76 R    37.4    12.2    21.9 -9999.0 -9999.0 -9999.0 -99.000 -99.000 -99.000 -99.000 -99.000 -9999.0 -9999.0 -9999.0 -9999.0 -9999.0
53139 20080213  1.302 -117.14   36.60    25.0     8.4    16.7    16.7     0.0    13.44 R    33.4    10.4    18.4 -9999.0 -9999.0 -9999.0 -99.000 -99.000 -99.000 -99.000 -99.000 -9999.0 -9999.0 -9999.0 -9999.0 -9999.0
53139 20080214  1.302 -117.14   36.60    17.2     9.4    13.3    13.1     0.0    11.31 R    24.9     8.0    13.7 -9999.0 -9999.0 -9999.0 -99.000 -99.000 -99.000 -99.000 -99.000 -9999.0 -9999.0 -9999.0 -9999.0 -9999.0
53139 20080215  1.302 -117.14   36.60    22.1    10.5    16.3    15.6     0.0    16.05 R    31.7     8.4    16.9 -9999.0 -9999.0 -9999.0 -99.000 -99.000 -99.000 -99.000 -99.000 -9999.0 -9999.0 -9999.0 -9999.0 -9999.0
53139 20080216  1.302 -117.14   36.60    21.0     7.3    14.1    15.4     0.0    15.99 R    32.7     6.9    17.5 -9999.0 -9999.0 -9999.0 -99.000 -99.000 -99.000 -99.000 -99.000 -9999.0 -9999.0 -9999.0 -9999.0 -9999.0
53139 20080217  1.302 -117.14   36.60    24.5     7.0    15.8    16.1     0.0    16.13 R    35.1     7.6    18.3 -9999.0 -9999.0 -9999.0 -99.000 -99.000 -99.000 -99.000 -99.000 -9999.0 -9999.0 -9999.0 -9999.0 -9999.0
53139 20080218  1.302 -117.14   36.60    22.1     7.8    14.9    15.9     0.0    12.09 R    33.6     8.4    17.1 -9999.0 -9999.0 -9999.0 -99.000 -99.000 -99.000 -99.000 -99.000 -9999.0 -9999.0 -9999.0 -9999.0 -9999.0
53139 20080219  1.302 -117.14   36.60    21.0     8.6    14.8    15.9     0.0    10.94 R    29.6     8.6    17.5 -9999.0 -9999.0 -9999.0 -99.000 -99.000 -99.000 -99.000 -99.000 -9999.0 -9999.0 -9999.0 -9999.0 -9999.0
53139 20080220  1.302 -117.14   36.60    16.2     8.5    12.4    13.1     0.4     5.59 R    19.3     8.5    13.1 -9999.0 -9999.0 -9999.0 -99.000 -99.000 -99.000 -99.000 -99.000 -9999.0 -9999.0 -9999.0 -9999.0 -9999.0
53139 20080221  1.302 -117.14   36.60    19.3     5.8    12.6    13.9     0.0    15.34 R    30.0     6.3    16.3 -9999.0 -9999.0 -9999.0 -99.000 -99.000 -99.000 -99.000 -99.000 -9999.0 -9999.0 -9999.0 -9999.0 -9999.0
53139 20080222  1.302 -117.14   36.60    19.3    11.7    15.5    15.9     0.3    10.57 R    30.4    11.7    16.9 -9999.0 -9999.0 -9999.0 -99.000 -99.000 -99.000 -99.000 -99.000 -9999.0 -9999.0 -9999.0 -9999.0 -9999.0
53139 20080223  1.302 -117.14   36.60    18.9     7.6    13.2    14.9     0.0    14.36 R    27.8     8.0    17.0 -9999.0 -9999.0 -9999.0 -99.000 -99.000 -99.000 -99.000 -99.000 -9999.0 -9999.0 -9999.0 -9999.0 -9999.0
53139 20080224  1.302 -117.14   36.60    24.5    13.8    19.1    18.5     0.0    17.10 R    36.5    12.5    19.9 -9999.0 -9999.0 -9999.0 -99.000 -99.000 -99.000 -99.000 -99.000 -9999.0 -9999.0 -9999.0 -9999.0 -9999.0
53139 20080225  1.302 -117.14   36.60    23.0     6.8    14.9    16.6     0.0    16.74 R    34.6     8.2    19.1 -9999.0 -9999.0 -9999.0 -99.000 -99.000 -99.000 -99.000 -99.000 -9999.0 -9999.0 -9999.0 -9999.0 -9999.0
53139 20080226  1.302 -117.14   36.60    25.0    12.8    18.9    19.4     0.0    18.10 R    37.4    11.9    21.6 -9999.0 -9999.0 -9999.0 -99.000 -99.000 -99.000 -99.000 -99.000 -9999.0 -9999.0 -9999.0 -9999.0 -9999.0
53139 20080227  1.302 -117.14   36.60    25.8    12.3    19.0    19.4     0.0    17.96 R    38.5    11.9    22.3 -9999.0 -9999.0 -9999.0 -99.000 -99.000 -99.000 -99.000 -99.000 -9999.0 -9999.0 -9999.0 -9999.0 -9999.0
53139 20080228  1.302 -117.14   36.60    30.6    11.6    21.1    22.3     0.0    18.43 R    41.7    12.4    24.5 -9999.0 -9999.0 -9999.0 -99.000 -99.000 -99.000 -99.000 -99.000 -9999.0 -9999.0 -9999.0 -9999.0 -9999.0
53139 20080229  1.302 -117.14   36.60    29.5    13.9    21.7    22.9     0.0    18.62 R    41.2    14.6    24.9 -9999.0 -9999.0 -9999.0 -99.000 -99.000 -99.000 -99.000 -99.000 -9999.0 -9999.0 -9999.0 -9999.0 -9999.0
53139 20080301  1.302 -117.14   36.60    26.6    12.8    19.7    20.8     0.0    13.96 R    33.9    14.0    22.3 -9999.0 -9999.0 -9999.0 -99.000 -99.000 -99.000 -99.000 -99.000 -9999.0 -9999.0 -9999.0 -9999.0 -9999.0
53139 20080302  1.302 -117.14   36.60    22.0    13.7    17.9    17.8     0.0    19.38 R    31.5    11.8    19.2 -9999.0 -9999.0 -9999.0 -99.000 -99.000 -99.000 -99.000 -99.000 -9999.0 -9999.0 -9999.0 -9999.0 -9999.0
53139 20080303  1.302 -117.14   36.60    21.8     0.0    10.9    16.2     0.0    19.21 R    35.2     9.6    19.0 -9999.0 -9999.0 -9999.0 -99.000 -99.000 -99.000 -99.000 -99.000 -9999.0 -9999.0 -9999.0 -9999.0 -9999.0
53139 20080304  1.302 -117.14   36.60    22.7     9.2    16.0    16.6     0.0    19.69 R    36.1     8.9    19.6 -9999.0 -9999.0 -9999.0 -99.000 -99.000 -99.000 -99.000 -99.000 -9999.0 -9999.0 -9999.0 -9999.0 -9999.0
53139 20080305  1.302 -117.14   36.60    22.0    11.7    16.9    17.7     0.0    20.01 R    34.7    11.5    19.6 -9999.0 -9999.0 -9999.0 -99.000 -99.000 -99.000 -99.000 -99.000 -9999.0 -9999.0 -9999.0 -9999.0 -9999.0
53139 20080306  1.302 -117.14   36.60    22.7    11.2    17.0    17.3     0.0    18.74 R    37.1     9.9    19.8 -9999.0 -9999.0 -9999.0 -99.000 -99.000 -99.000 -99.000 -99.000 -9999.0 -9999.0 -9999.0 -9999.0 -9999.0
53139 20080307  1.302 -117.14   36.60    24.4     8.6    16.5    17.6     0.0    19.08 R    37.9     9.3    20.7 -9999.0 -9999.0 -9999.0 -99.000 -99.000 -99.000 -99.000 -99.000 -9999.0 -9999.0 -9999.0 -9999.0 -9999.0
53139 20080308  1.302 -117.14   36.60    27.9    10.7    19.3    19.7     0.0    20.11 R    38.7    10.8    22.5 -9999.0 -9999.0 -9999.0 -99.000 -99.000 -99.000 -99.000 -99.000 -9999.0 -9999.0 -9999.0 -9999.0 -9999.0
53139 20080309  1.302 -117.14   36.60    25.8    15.0    20.4    20.5     0.0    20.42 R    38.7    13.2    23.5 -9999.0 -9999.0 -9999.0 -99.000 -99.000 -99.000 -99.000 -99.000 -9999.0 -9999.0 -9999.0 -9999.0 -9999.0
53139 20080310  1.302 -117.14   36.60    27.4    12.3    19.9    20.2     0.0    19.79 R    40.3    11.5    23.4 -9999.0 -9999.0 -9999.0 -99.000 -99.000 -99.000 -99.000 -99.000 -9999.0 -9999.0 -9999.0 -9999.0 -9999.0
53139 20080311  1.302 -117.14   36.60    28.9    14.2    21.5    21.7     0.0    19.18 R    41.2    14.0    24.3 -9999.0 -9999.0 -9999.0 -99.000 -99.000 -99.000 -99.000 -99.000 -9999.0 -9999.0 -9999.0 -9999.0 -9999.0
53139 20080312  1.302 -117.14   36.60    29.1    14.0    21.5    21.9     0.0    18.47 R    41.1    13.2    24.4 -9999.0 -9999.0 -9999.0 -99.000 -99.000 -99.000 -99.000 -99.000 -9999.0 -9999.0 -9999.0 -9999.0 -9999.0
53139 20080313  1.302 -117.14   36.60    29.2    13.6    21.4    23.1     0.0    20.01 R    42.5    13.6    26.2 -9999.0 -9999.0 -9999.0 -99.000 -99.000 -99.000 -99.000 -99.000 -9999.0 -9999.0 -9999.0 -9999.0 -9999.0
53139 20080314  1.302 -117.14   36.60    26.5    16.4    21.4    22.6     0.0    21.51 R    39.5    15.2    25.1 -9999.0 -9999.0 -9999.0 -99.000 -99.000 -99.000 -99.000 -99.000 -9999.0 -9999.0 -9999.0 -9999.0 -9999.0
53139 20080315  1.302 -117.14   36.60    21.8    11.1    16.5    16.8     0.0    19.35 R    37.4    10.2    20.1 -9999.0 -9999.0 -9999.0 -99.000 -99.000 -99.000 -99.000 -99.000 -9999.0 -9999.0 -9999.0 -9999.0 -9999.0
53139 20080316  1.302 -117.14   36.60    20.9    12.1    16.5    16.2     0.0    21.46 R    28.5    10.8    17.5 -9999.0 -9999.0 -9999.0 -99.000 -99.000 -99.000 -99.000 -99.000 -9999.0 -9999.0 -9999.0 -9999.0 -9999.0
53139 20080317  1.302 -117.14   36.60    25.6    12.5    19.1    18.6     0.0    22.11 R    37.8    10.6    21.4 -9999.0 -9999.0 -9999.0 -99.000 -99.000 -99.000 -99.000 -99.000 -9999.0 -9999.0 -9999.0 -9999.0 -9999.0
53139 20080318  1.302 -117.14   36.60    29.3    11.2    20.2    21.1     0.0    21.80 R    43.3    11.8    24.5 -9999.0 -9999.0 -9999.0 -99.000 -99.000 -99.000 -99.000 -99.000 -9999.0 -9999.0 -9999.0 -9999.0 -9999.0
53139 20080319  1.302 -117.14   36.60    27.8    15.3    21.6    21.9     0.0    18.02 R    41.7    16.0    25.0 -9999.0 -9999.0 -9999.0 -99.000 -99.000 -99.000 -99.000 -99.000 -9999.0 -9999.0 -9999.0 -9999.0 -9999.0
53139 20080320  1.302 -117.14   36.60    29.2    12.9    21.0    22.7     0.0    21.73 R    41.2    14.0    25.1 -9999.0 -9999.0 -9999.0 -99.000 -99.000 -99.000 -99.000 -99.000 -9999.0 -9999.0 -9999.0 -9999.0 -9999.0
53139 20080321  1.302 -117.14   36.60    29.4    18.1    23.7    23.7     0.0    22.39 R    44.0    16.1    26.9 -9999.0 -9999.0 -9999.0 -99.000 -99.000 -99.000 -99.000 -99.000 -9999.0 -9999.0 -9999.0 -9999.0 -9999.0
53139 20080322  1.302 -117.14   36.60    29.4    18.3    23.8    24.1     0.0    22.60 R    43.0    16.3    26.5 -9999.0 -9999.0 -9999.0 -99.000 -99.000 -99.000 -99.000 -99.000 -9999.0 -9999.0 -9999.0 -9999.0 -9999.0
53139 20080323  1.302 -117.14   36.60    30.7    12.6    21.7    22.9     0.0    23.14 R    44.6    13.3    26.2 -9999.0 -9999.0 -9999.0 -99.000 -99.000 -99.000 -99.000 -99.000 -9999.0 -9999.0 -9999.0 -9999.0 -9999.0
53139 20080324  1.302 -117.14   36.60    31.0    12.3    21.7    23.0     0.0    23.26 R    44.4    13.5    26.3 -9999.0 -9999.0 -9999.0 -99.000 -99.000 -99.000 -99.000 -99.000 -9999.0 -9999.0 -9999.0 -9999.0 -9999.0
53139 20080325  1.302 -117.14   36.60    31.4    14.2    22.8    24.0     0.0    23.65 R    45.3    14.2    27.5 -9999.0 -9999.0 -9999.0 -99.000 -99.000 -99.000 -99.000 -99.000 -9999.0 -9999.0 -9999.0 -9999.0 -9999.0
53139 20080326  1.302 -117.14   36.60    32.1    14.8    23.4    24.7     0.0    22.66 R    42.5    15.7    28.0 -9999.0 -9999.0 -9999.0 -99.000 -99.000 -99.000 -99.000 -99.000 -9999.0 -9999.0 -9999.0 -9999.0 -9999.0
53139 20080327  1.302 -117.14   36.60    28.8    15.2    22.0    23.5     0.0    21.04 R    44.2    16.4    26.9 -9999.0 -9999.0 -9999.0 -99.000 -99.000 -99.000 -99.000 -99.000 -9999.0 -9999.0 -9999.0 -9999.0 -9999.0
53139 20080328  1.302 -117.14   36.60    29.5    14.6    22.1    22.8     0.0    20.69 R    43.4    15.1    26.4 -9999.0 -9999.0 -9999.0 -99.000 -99.000 -99.000 -99.000 -99.000 -9999.0 -9999.0 -9999.0 -9999.0 -9999.0
53139 20080329  1.302 -117.14   36.60    29.4    15.5    22.4    23.1     0.0    22.64 R    42.3    15.2    26.8 -9999.0 -9999.0 -9999.0 -99.000 -99.000 -99.000 -99.000 -99.000 -9999.0 -9999.0 -9999.0 -9999.0 -9999.0
53139 20080330  1.302 -117.14   36.60    25.3    16.2    20.7    21.6     0.0    17.27 R    38.4    15.7    24.1 -9999.0 -9999.0 -9999.0 -99.000 -99.000 -99.000 -99.000 -99.000 -9999.0 -9999.0 -9999.0 -9999.0 -9999.0
53139 20080331  1.302 -117.14   36.60    24.5    14.5    19.5    19.7     0.0    23.66 R    40.2    13.9    24.1 -9999.0 -9999.0 -9999.0 -99.000 -99.000 -99.000 -99.000 -99.000 -9999.0 -9999.0 -9999.0 -9999.0 -9999.0
53139 20080401  1.302 -117.14   36.60    27.7    12.7    20.2    21.1     0.0    23.62 R    42.5    12.5    25.1 -9999.0 -9999.0 -9999.0 -99.000 -99.000 -99.000 -99.000 -99.000 -9999.0 -9999.0 -9999.0 -9999.0 -9999.0
53139 20080402  1.302 -117.14   36.60    27.5    13.0    20.2    22.1     0.0    21.40 R    42.8    14.0    26.0 -9999.0 -9999.0 -9999.0 -99.000 -99.000 -99.000 -99.000 -99.000 -9999.0 -9999.0 -9999.0 -9999.0 -9999.0
53139 20080403  1.302 -117.14   36.60    30.9    14.8    22.9    23.9     0.0    24.41 R    45.5    15.1    27.8 -9999.0 -9999.0 -9999.0 -99.000 -99.000 -99.000 -99.000 -99.000 -9999.0 -9999.0 -9999.0 -9999.0 -9999.0
53139 20080404  1.302 -117.14   36.60    31.8    17.4    24.6    24.3     0.0    22.71 R    45.6    15.7    28.0 -9999.0 -9999.0 -9999.0 -99.000 -99.000 -99.000 -99.000 -99.000 -9999.0 -9999.0 -9999.0 -9999.0 -9999.0
53139 20080405  1.302 -117.14   36.60    30.1    16.9    23.5    24.1     0.0    23.73 R    45.3    16.1    27.8 -9999.0 -9999.0 -9999.0 -99.000 -99.000 -99.000 -99.000 -99.000 -9999.0 -9999.0 -9999.0 -9999.0 -9999.0
53139 20080406  1.302 -117.14   36.60    30.7    16.7    23.7    24.2     0.0    24.18 R    42.4    16.3    27.8 -9999.0 -9999.0 -9999.0 -99.000 -99.000 -99.000 -99.000 -99.000 -9999.0 -9999.0 -9999.0 -9999.0 -9999.0
53139 20080407  1.302 -117.14   36.60    28.9    18.8    23.9    23.8     0.0    25.26 R    43.7    16.9    27.3 -9999.0 -9999.0 -9999.0 -99.000 -99.000 -99.000 -99.000 -99.000 -9999.0 -9999.0 -9999.0 -9999.0 -9999.0
53139 20080408  1.302 -117.14   36.60    27.2    15.2    21.2    21.8     0.0    22.90 R    40.2    14.2    25.3 -9999.0 -9999.0 -9999.0 -99.000 -99.000 -99.000 -99.000 -99.000 -9999.0 -9999.0 -9999.0 -9999.0 -9999.0
53139 20080409  1.302 -117.14   36.60    26.2    16.8    21.5    21.4     0.0    25.36 R    41.0    15.7    25.2 -9999.0 -9999.0 -9999.0 -99.000 -99.000 -99.000 -99.000 -99.000 -9999.0 -9999.0 -9999.0 -9999.0 -9999.0
53139 20080410  1.302 -117.14   36.60    29.7    15.9    22.8    23.5     0.0    25.57 R    44.2    14.5    27.6 -9999.0 -9999.0 -9999.0 -99.000 -99.000 -99.000 -99.000 -99.000 -9999.0 -9999.0 -9999.0 -9999.0 -9999.0
53139 20080411  1.302 -117.14   36.60    31.5    19.6    25.6    25.8     0.0    25.94 R    46.8    18.0    30.1 -9999.0 -9999.0 -9999.0 -99.000 -99.000 -99.000 -99.000 -99.000 -9999.0 -9999.0 -9999.0 -9999.0 -9999.0
53139 20080412  1.302 -117.14   36.60    33.3    16.7    25.0    26.4     0.0    26.20 R    48.9    16.8    30.7 -9999.0 -9999.0 -9999.0 -99.000 -99.000 -99.000 -99.000 -99.000 -9999.0 -9999.0 -9999.0 -9999.0 -9999.0
53139 20080413  1.302 -117.14   36.60    36.4    18.7    27.5    28.4     0.0    26.27 R    49.5    17.9    31.8 -9999.0 -9999.0 -9999.0 -99.000 -99.000 -99.000 -99.000 -99.000 -9999.0 -9999.0 -9999.0 -9999.0 -9999.0
53139 20080414  1.302 -117.14   36.60    39.9    16.7    28.3    29.9     0.0    26.50 R    52.9    17.6    33.4 -9999.0 -9999.0 -9999.0 -99.000 -99.000 -99.000 -99.000 -99.000 -9999.0 -9999.0 -9999.0 -9999.0 -9999.0
53139 20080415  1.302 -117.14   36.60    31.8    19.6    25.7    26.0     0.0    25.42 R    46.8    18.6    29.9 -9999.0 -9999.0 -9999.0 -99.000 -99.000 -99.000 -99.000 -99.000 -9999.0 -9999.0 -9999.0 -9999.0 -9999.0
53139 20080416  1.302 -117.14   36.60    28.7    17.3    23.0    22.8     0.0    26.55 R    41.5    15.9    26.5 -9999.0 -9999.0 -9999.0 -99.000 -99.000 -99.000 -99.000 -99.000 -9999.0 -9999.0 -9999.0 -9999.0 -9999.0
53139 20080417  1.302 -117.14   36.60    31.1    18.3    24.7    24.6     0.0    26.87 R    47.0    16.7    29.0 -9999.0 -9999.0 -9999.0 -99.000 -99.000 -99.000 -99.000 -99.000 -9999.0 -9999.0 -9999.0 -9999.0 -9999.0
53139 20080418  1.302 -117.14   36.60    31.5    13.6    22.6    25.6     0.0    22.65 R    47.2    15.0    29.0 -9999.0 -9999.0 -9999.0 -99.000 -99.000 -99.000 -99.000 -99.000 -9999.0 -9999.0 -9999.0 -9999.0 -9999.0
53139 20080419  1.302 -117.14   36.60    34.5    20.8    27.6    26.8     0.0    26.59 R    48.5    18.9    30.7 -9999.0 -9999.0 -9999.0 -99.000 -99.000 -99.000 -99.000 -99.000 -9999.0 -9999.0 -9999.0 -9999.0 -9999.0
53139 20080420  1.302 -117.14   36.60    28.6    17.8    23.2    23.4     0.0    25.90 R    42.6    16.8    27.5 -9999.0 -9999.0 -9999.0 -99.000 -99.000 -99.000 -99.000 -99.000 -9999.0 -9999.0 -9999.0 -9999.0 -9999.0
53139 20080421  1.302 -117.14   36.60    28.1    14.7    21.4    21.5     0.0    27.04 R    42.2    13.8    26.4 -9999.0 -9999.0 -9999.0 -99.000 -99.000 -99.000 -99.000 -99.000 -9999.0 -9999.0 -9999.0 -9999.0 -9999.0
53139 20080422  1.302 -117.14   36.60    31.3    14.0    22.7    24.8     0.0    26.62 R    45.8    15.2    29.0 -9999.0 -9999.0 -9999.0 -99.000 -99.000 -99.000 -99.000 -99.000 -9999.0 -9999.0 -9999.0 -9999.0 -9999.0
53139 20080423  1.302 -117.14   36.60    32.1    19.5    25.8    26.2     0.0    26.42 R    44.9    18.7    29.8 -9999.0 -9999.0 -9999.0 -99.000 -99.000 -99.000 -99.000 -99.000 -9999.0 -9999.0 -9999.0 -9999.0 -9999.0
53139 20080424  1.302 -117.14   36.60    30.0    18.8    24.4    24.5     0.0    27.26 R    46.1    17.7    29.2 -9999.0 -9999.0 -9999.0 -99.000 -99.000 -99.000 -99.000 -99.000 -9999.0 -9999.0 -9999.0 -9999.0 -9999.0
53139 20080425  1.302 -117.14   36.60    32.4    15.6    24.0    25.6     0.0    27.11 R    46.0    16.0    29.6 -9999.0 -9999.0 -9999.0 -99.000 -99.000 -99.000 -99.000 -99.000 -9999.0 -9999.0 -9999.0 -9999.0 -9999.0
53139 20080426  1.302 -117.14   36.60 -9999.0 -9999.0 -9999.0 -9999.0 -9999.0 -9999.00 U -9999.0 -9999.0 -9999.0 -9999.0 -9999.0 -9999.0 -99.000 -99.000 -99.000 -99.000 -99.000 -9999.0 -9999.0 -9999.0 -9999.0 -9999.0
53139 20080427  1.302 -117.14   36.60    35.6    24.0    29.8    30.2     0.0    28.26 R    53.2    22.3    34.4 -9999.0 -9999.0 -9999.0 -99.000 -99.000 -99.000 -99.000 -99.000 -9999.0 -9999.0 -9999.0 -9999.0 -9999.0
53139 20080428  1.302 -117.14   36.60    36.9    20.9    28.9    29.9     0.0    24.94 R    54.6    20.1    33.7 -9999.0 -9999.0 -9999.0 -99.000 -99.000 -99.000 -99.000 -99.000 -9999.0 -9999.0 -9999.0 -9999.0 -9999.0
53139 20080429  1.302 -117.14   36.60    40.0    23.9    31.9    32.4     0.0    28.43 R    54.7    21.9    35.9 -9999.0 -9999.0 -9999.0 -99.000 -99.000 -99.000 -99.000 -99.000 -9999.0 -9999.0 -9999.0 -9999.0 -9999.0
53139 20080430  1.302 -117.14   36.60    31.7    19.5    25.6    26.3     0.0    27.15 R    48.6    18.6    31.1 -9999.0 -9999.0 -9999.0 -99.000 -99.000 -99.000 -99.000 -99.000 -9999.0 -9999.0 -9999.0 -9999.0 -9999.0
53139 20080501  1.302 -117.14   36.60    28.2    17.1    22.7    22.3     0.0    29.41 R    47.4    15.5    28.2 -9999.0 -9999.0 -9999.0 -99.000 -99.000 -99.000 -99.000 -99.000 -9999.0 -9999.0 -9999.0 -9999.0 -9999.0
53139 20080502  1.302 -117.14   36.60    31.2    18.7    24.9    25.7     0.0    28.69 R    50.0    17.9    31.1 -9999.0 -9999.0 -9999.0 -99.000 -99.000 -99.000 -99.000 -99.000 -9999.0 -9999.0 -9999.0 -9999.0 -9999.0
53139 20080503  1.302 -117.14   36.60    34.2    20.3    27.2    28.6     0.0    26.58 R    49.7    19.3    33.0 -9999.0 -9999.0 -9999.0 -99.000 -99.000 -99.000 -99.000 -99.000 -9999.0 -9999.0 -9999.0 -9999.0 -9999.0
53139 20080504  1.302 -117.14   36.60    34.1    19.9    27.0    28.2     0.0    28.52 R    47.3    19.8    31.8 -9999.0 -9999.0 -9999.0 -99.000 -99.000 -99.000 -99.000 -99.000 -9999.0 -9999.0 -9999.0 -9999.0 -9999.0
53139 20080505  1.302 -117.14   36.60    33.4    20.8    27.1    27.0     0.0    21.64 R    49.4    20.1    31.1 -9999.0 -9999.0 -9999.0 -99.000 -99.000 -99.000 -99.000 -99.000 -9999.0 -9999.0 -9999.0 -9999.0 -9999.0
53139 20080506  1.302 -117.14   36.60    38.6    19.5    29.0    31.4     0.0    28.49 R    53.4    19.5    35.3 -9999.0 -9999.0 -9999.0 -99.000 -99.000 -99.000 -99.000 -99.000 -9999.0 -9999.0 -9999.0 -9999.0 -9999.0
53139 20080507  1.302 -117.14   36.60    37.9    25.9    31.9    32.5     0.0    28.05 R    55.1    25.4    36.3 -9999.0 -9999.0 -9999.0 -99.000 -99.000 -99.000 -99.000 -99.000 -9999.0 -9999.0 -9999.0 -9999.0 -9999.0
53139 20080508  1.302 -117.14   36.60    34.6    24.6    29.6    29.6     0.0    28.89 R    53.2    22.4    35.0 -9999.0 -9999.0 -9999.0 -99.000 -99.000 -99.000 -99.000 -99.000 -9999.0 -9999.0 -9999.0 -9999.0 -9999.0
53139 20080509  1.302 -117.14   36.60    36.2    21.2    28.7    29.7     0.0    27.92 R    50.5    20.9    34.2 -9999.0 -9999.0 -9999.0 -99.000 -99.000 -99.000 -99.000 -99.000 -9999.0 -9999.0 -9999.0 -9999.0 -9999.0
53139 20080510  1.302 -117.14   36.60    36.5    26.2    31.4    31.4     0.0    27.71 R    54.4    23.4    35.9 -9999.0 -9999.0 -9999.0 -99.000 -99.000 -99.000 -99.000 -99.000 -9999.0 -9999.0 -9999.0 -9999.0 -9999.0
53139 20080511  1.302 -117.14   36.60    39.8    24.2    32.0    31.8     0.0    28.10 R    55.7    22.1    36.4 -9999.0 -9999.0 -9999.0 -99.000 -99.000 -99.000 -99.000 -99.000 -9999.0 -9999.0 -9999.0 -9999.0 -9999.0
53139 20080512  1.302 -117.14   36.60    33.3    23.2    28.3    28.8     0.0    22.34 R    51.7    21.6    32.7 -9999.0 -9999.0 -9999.0 -99.000 -99.000 -99.000 -99.000 -99.000 -9999.0 -9999.0 -9999.0 -9999.0 -9999.0
53139 20080513  1.302 -117.14   36.60    34.4    19.7    27.1    27.3     0.0    30.61 R    51.7    18.0    32.5 -9999.0 -9999.0 -9999.0 -99.000 -99.000 -99.000 -99.000 -99.000 -9999.0 -9999.0 -9999.0 -9999.0 -9999.0
53139 20080514  1.302 -117.14   36.60    40.2    25.6    32.9    33.3     0.0    28.54 R    56.6    23.0    37.6 -9999.0 -9999.0 -9999.0 -99.000 -99.000 -99.000 -99.000 -99.000 -9999.0 -9999.0 -9999.0 -9999.0 -9999.0
53139 20080515  1.302 -117.14   36.60    41.7    28.9    35.3    35.4     0.0    28.75 R    57.7    27.1    40.2 -9999.0 -9999.0 -9999.0 -99.000 -99.000 -99.000 -99.000 -99.000 -9999.0 -9999.0 -9999.0 -9999.0 -9999.0
53139 20080516  1.302 -117.14   36.60    41.0    29.6    35.3    35.2     0.0    30.10 R    58.8    27.9    40.7 -9999.0 -9999.0 -9999.0 -99.000 -99.000 -99.000 -99.000 -99.000 -9999.0 -9999.0 -9999.0 -9999.0 -9999.0
53139 20080517  1.302 -117.14   36.60    44.1    25.3    34.7    35.9     0.0    29.54 R    60.6    25.3    40.9 -9999.0 -9999.0 -9999.0 -99.000 -99.000 -99.000 -99.000 -99.000 -9999.0 -9999.0 -9999.0 -9999.0 -9999.0
53139 20080518  1.302 -117.14   36.60    46.6    26.6    36.6    38.2     0.0    30.41 R    62.0    27.0    42.9 -9999.0 -9999.0 -9999.0 -99.000 -99.000 -99.000 -99.000 -99.000 -9999.0 -9999.0 -9999.0 -9999.0 -9999.0
53139 20080519  1.302 -117.14   36.60    47.5    29.6    38.6    40.2     0.0    29.84 R    62.9    29.0    44.2 -9999.0 -9999.0 -9999.0 -99.000 -99.000 -99.000 -99.000 -99.000 -9999.0 -9999.0 -9999.0 -9999.0 -9999.0
53139 20080520  1.302 -117.14   36.60    46.1    31.2    38.7    38.7     0.0    27.01 R    61.4    30.0    42.3 -9999.0 -9999.0 -9999.0 -99.000 -99.000 -99.000 -99.000 -99.000 -9999.0 -9999.0 -9999.0 -9999.0 -9999.0
53139 20080521  1.302 -117.14   36.60    34.2    23.0    28.6    28.3     0.0    27.86 R    47.7    22.0    32.2 -9999.0 -9999.0 -9999.0 -99.000 -99.000 -99.000 -99.000 -99.000 -9999.0 -9999.0 -9999.0 -9999.0 -9999.0
53139 20080522  1.302 -117.14   36.60    28.6    20.9    24.8    24.3     0.0    28.85 R    42.7    20.4    28.5 -9999.0 -9999.0 -9999.0 -99.000 -99.000 -99.000 -99.000 -99.000 -9999.0 -9999.0 -9999.0 -9999.0 -9999.0
53139 20080523  1.302 -117.14   36.60    27.1    20.5    23.8    22.8     0.3    16.29 R    43.9    19.0    25.9 -9999.0 -9999.0 -9999.0 -99.000 -99.000 -99.000 -99.000 -99.000 -9999.0 -9999.0 -9999.0 -9999.0 -9999.0
53139 20080524  1.302 -117.14   36.60    24.5    19.0    21.7    22.0     0.0    13.19 R    38.6    19.5    25.4 -9999.0 -9999.0 -9999.0 -99.000 -99.000 -99.000 -99.000 -99.000 -9999.0 -9999.0 -9999.0 -9999.0 -9999.0
53139 20080525  1.302 -117.14   36.60    25.7    19.6    22.7    22.5     0.0    13.96 R    41.8    19.0    25.9 -9999.0 -9999.0 -9999.0 -99.000 -99.000 -99.000 -99.000 -99.000 -9999.0 -9999.0 -9999.0 -9999.0 -9999.0
53139 20080526  1.302 -117.14   36.60    30.3    18.1    24.2    24.4     0.0    30.08 R    46.1    18.1    29.9 -9999.0 -9999.0 -9999.0 -99.000 -99.000 -99.000 -99.000 -99.000 -9999.0 -9999.0 -9999.0 -9999.0 -9999.0
53139 20080527  1.302 -117.14   36.60    32.7    20.0    26.3    26.8     0.0    25.92 R    49.7    18.9    31.4 -9999.0 -9999.0 -9999.0 -99.000 -99.000 -99.000 -99.000 -99.000 -9999.0 -9999.0 -9999.0 -9999.0 -9999.0
53139 20080528  1.302 -117.14   36.60    33.5    18.6    26.0    27.2     0.0    27.57 R    48.5    18.7    31.7 -9999.0 -9999.0 -9999.0 -99.000 -99.000 -99.000 -99.000 -99.000 -9999.0 -9999.0 -9999.0 -9999.0 -9999.0
53139 20080529  1.302 -117.14   36.60    34.2    20.4    27.3    27.8     0.0    30.44 R    49.4    19.2    33.1 -9999.0 -9999.0 -9999.0 -99.000 -99.000 -99.000 -99.000 -99.000 -9999.0 -9999.0 -9999.0 -9999.0 -9999.0
53139 20080530  1.302 -117.14   36.60    36.0    20.6    28.3    29.5     0.0    30.53 R    54.7    20.0    35.2 -9999.0 -9999.0 -9999.0 -99.000 -99.000 -99.000 -99.000 -99.000 -9999.0 -9999.0 -9999.0 -9999.0 -9999.0
53139 20080531  1.302 -117.14   36.60    39.0    21.8    30.4    31.5     0.0    30.40 R    55.6    21.5    37.0 -9999.0 -9999.0 -9999.0 -99.000 -99.000 -99.000 -99.000 -99.000 -9999.0 -9999.0 -9999.0 -9999.0 -9999.0
53139 20080601  1.302 -117.14   36.60    38.6    23.8    31.2    31.9     0.0    29.90 R    54.4    23.2    37.1 -9999.0 -9999.0 -9999.0 -99.000 -99.000 -99.000 -99.000 -99.000 -9999.0 -9999.0 -9999.0 -9999.0 -9999.0
53139 20080602  1.302 -117.14   36.60    40.3    25.9    33.1    33.1     0.0    30.50 R    55.8    24.2    38.4 -9999.0 -9999.0 -9999.0 -99.000 -99.000 -99.000 -99.000 -99.000 -9999.0 -9999.0 -9999.0 -9999.0 -9999.0
53139 20080603  1.302 -117.14   36.60    40.5    25.1    32.8    33.3     0.0    30.35 R    54.7    24.2    38.6 -9999.0 -9999.0 -9999.0 -99.000 -99.000 -99.000 -99.000 -99.000 -9999.0 -9999.0 -9999.0 -9999.0 -9999.0
53139 20080604  1.302 -117.14   36.60    37.0    24.4    30.7    30.3     0.0    27.23 R    55.5    22.6    33.9 -9999.0 -9999.0 -9999.0 -99.000 -99.000 -99.000 -99.000 -99.000 -9999.0 -9999.0 -9999.0 -9999.0 -9999.0
53139 20080605  1.302 -117.14   36.60    35.7    22.3    29.0    29.1     0.0    31.44 R    54.4    20.2    34.7 -9999.0 -9999.0 -9999.0 -99.000 -99.000 -99.000 -99.000 -99.000 -9999.0 -9999.0 -9999.0 -9999.0 -9999.0
53139 20080606  1.302 -117.14   36.60    39.3    23.0    31.2    31.9     0.0    30.78 R    56.2    21.6    37.5 -9999.0 -9999.0 -9999.0 -99.000 -99.000 -99.000 -99.000 -99.000 -9999.0 -9999.0 -9999.0 -9999.0 -9999.0
53139 20080607  1.302 -117.14   36.60    37.6    28.4    33.0    32.7     0.0    31.19 R    56.1    25.8    38.0 -9999.0 -9999.0 -9999.0 -99.000 -99.000 -99.000 -99.000 -99.000 -9999.0 -9999.0 -9999.0 -9999.0 -9999.0
53139 20080608  1.302 -117.14   36.60    37.6    27.3    32.5    32.3     0.0    31.16 R    56.7    24.6    38.2 -9999.0 -9999.0 -9999.0 -99.000 -99.000 -99.000 -99.000 -99.000 -9999.0 -9999.0 -9999.0 -9999.0 -9999.0
53139 20080609  1.302 -117.14   36.60    42.5    22.3    32.4    35.1     0.0    31.62 R    56.0    22.9    39.0 -9999.0 -9999.0 -9999.0 -99.000 -99.000 -99.000 -99.000 -99.000 -9999.0 -9999.0 -9999.0 -9999.0 -9999.0
53139 20080610  1.302 -117.14   36.60    44.4    26.9    35.7    36.2     0.0    30.73 R    59.5    26.4    41.2 -9999.0 -9999.0 -9999.0 -99.000 -99.000 -99.000 -99.000 -99.000 -9999.0 -9999.0 -9999.0 -9999.0 -9999.0
53139 20080611  1.302 -117.14   36.60    37.2    26.7    31.9    31.9     0.0    31.87 R    56.3    24.6    38.2 -9999.0 -9999.0 -9999.0 -99.000 -99.000 -99.000 -99.000 -99.000 -9999.0 -9999.0 -9999.0 -9999.0 -9999.0
53139 20080612  1.302 -117.14   36.60    39.8    24.1    32.0    33.8     0.0    31.78 R    58.3    23.7    39.5 -9999.0 -9999.0 -9999.0 -99.000 -99.000 -99.000 -99.000 -99.000 -9999.0 -9999.0 -9999.0 -9999.0 -9999.0
53139 20080613  1.302 -117.14   36.60    43.0    25.8    34.4    36.1     0.0    31.77 R    60.3    25.0    40.6 -9999.0 -9999.0 -9999.0 -99.000 -99.000 -99.000 -99.000 -99.000 -9999.0 -9999.0 -9999.0 -9999.0 -9999.0
53139 20080614  1.302 -117.14   36.60    45.7    27.5    36.6    38.1     0.0    30.70 R    60.0    26.5    42.1 -9999.0 -9999.0 -9999.0 -99.000 -99.000 -99.000 -99.000 -99.000 -9999.0 -9999.0 -9999.0 -9999.0 -9999.0
53139 20080615  1.302 -117.14   36.60    45.3    29.5    37.4    38.2     0.0    31.30 R    60.2    27.2    42.4 -9999.0 -9999.0 -9999.0 -99.000 -99.000 -99.000 -99.000 -99.000 -9999.0 -9999.0 -9999.0 -9999.0 -9999.0
53139 20080616  1.302 -117.14   36.60    46.6    28.2    37.4    38.8     0.0    30.90 R    60.8    27.4    42.5 -9999.0 -9999.0 -9999.0 -99.000 -99.000 -99.000 -99.000 -99.000 -9999.0 -9999.0 -9999.0 -9999.0 -9999.0
53139 20080617  1.302 -117.14   36.60    46.5    29.2    37.8    39.0     0.0    31.39 R    60.4    27.8    43.1 -9999.0 -9999.0 -9999.0 -99.000 -99.000 -99.000 -99.000 -99.000 -9999.0 -9999.0 -9999.0 -9999.0 -9999.0
53139 20080618  1.302 -117.14   36.60    45.9    33.9    39.9    40.4     0.0    31.78 R    63.5    31.0    44.9 -9999.0 -9999.0 -9999.0 -99.000 -99.000 -99.000 -99.000 -99.000 -9999.0 -9999.0 -9999.0 -9999.0 -9999.0
53139 20080619  1.302 -117.14   36.60    46.5    30.0    38.3    40.5     0.0    31.60 R    63.2    29.5    44.6 -9999.0 -9999.0 -9999.0 -99.000 -99.000 -99.000 -99.000 -99.000 -9999.0 -9999.0 -9999.0 -9999.0 -9999.0
53139 20080620  1.302 -117.14   36.60    47.7    30.3    39.0    40.2     0.0    31.40 R    64.5    29.2    44.7 -9999.0 -9999.0 -9999.0 -99.000 -99.000 -99.000 -99.000 -99.000 -9999.0 -9999.0 -9999.0 -9999.0 -9999.0
53139 20080621  1.302 -117.14   36.60    48.3    30.9    39.6    41.5     0.0    30.44 R    65.1    30.4    45.6 -9999.0 -9999.0 -9999.0 -99.000 -99.000 -99.000 -99.000 -99.000 -9999.0 -9999.0 -9999.0 -9999.0 -9999.0
53139 20080622  1.302 -117.14   36.60    47.3    35.1    41.2    41.4     0.0    29.96 R    60.9    32.4    45.1 -9999.0 -9999.0 -9999.0 -99.000 -99.000 -99.000 -99.000 -99.000 -9999.0 -9999.0 -9999.0 -9999.0 -9999.0
53139 20080623  1.302 -117.14   36.60    46.0    33.9    40.0    40.0     0.0    28.67 R    58.0    31.8    43.2 -9999.0 -9999.0 -9999.0 -99.000 -99.000 -99.000 -99.000 -99.000 -9999.0 -9999.0 -9999.0 -9999.0 -9999.0
53139 20080624  1.302 -117.14   36.60    45.4    28.2    36.8    38.1     0.0    30.27 R    59.5    28.6    42.4 -9999.0 -9999.0 -9999.0 -99.000 -99.000 -99.000 -99.000 -99.000 -9999.0 -9999.0 -9999.0 -9999.0 -9999.0
53139 20080625  1.302 -117.14   36.60    44.7    28.8    36.7    37.8     0.0    29.18 R    58.8    28.2    41.7 -9999.0 -9999.0 -9999.0 -99.000 -99.000 -99.000 -99.000 -99.000 -9999.0 -9999.0 -9999.0 -9999.0 -9999.0
53139 20080626  1.302 -117.14   36.60    43.6    30.1    36.8    37.2     0.0    29.16 R    59.9    28.8    42.1 -9999.0 -9999.0 -9999.0 -99.000 -99.000 -99.000 -99.000 -99.000 -9999.0 -9999.0 -9999.0 -9999.0 -9999.0
53139 20080627  1.302 -117.14   36.60    45.4    30.1    37.8    38.4     0.0    30.11 R    59.3    28.4    42.3 -9999.0 -9999.0 -9999.0 -99.000 -99.000 -99.000 -99.000 -99.000 -9999.0 -9999.0 -9999.0 -9999.0 -9999.0
53139 20080628  1.302 -117.14   36.60    46.3    29.1    37.7    39.4     0.0    30.21 R    60.4    28.5    43.7 -9999.0 -9999.0 -9999.0 -99.000 -99.000 -99.000 -99.000 -99.000 -9999.0 -9999.0 -9999.0 -9999.0 -9999.0
53139 20080629  1.302 -117.14   36.60    47.8    31.0    39.4    40.9     0.0    30.32 R    63.1    30.3    45.6 -9999.0 -9999.0 -9999.0 -99.000 -99.000 -99.000 -99.000 -99.000 -9999.0 -9999.0 -9999.0 -9999.0 -9999.0
53139 20080630  1.302 -117.14   36.60    48.7    32.2    40.4    41.0     0.0    27.66 R    64.1    31.5    45.3 -9999.0 -9999.0 -9999.0 -99.000 -99.000 -99.000 -99.000 -99.000 -9999.0 -9999.0 -9999.0 -9999.0 -9999.0
53139 20080701  1.302 -117.14   36.60    45.9    31.9    38.9    39.2     0.0    25.80 R    57.2    30.2    42.1 -9999.0 -9999.0 -9999.0 -99.000 -99.000 -99.000 -99.000 -99.000 -9999.0 -9999.0 -9999.0 -9999.0 -9999.0
53139 20080702  1.302 -117.14   36.60    46.6    30.0    38.3    39.1     0.0    27.97 R    60.8    29.2    43.0 -9999.0 -9999.0 -9999.0 -99.000 -99.000 -99.000 -99.000 -99.000 -9999.0 -9999.0 -9999.0 -9999.0 -9999.0
53139 20080703  1.302 -117.14   36.60    49.0    29.7    39.4    40.2     0.0    30.30 R    63.3    28.7    44.0 -9999.0 -9999.0 -9999.0 -99.000 -99.000 -99.000 -99.000 -99.000 -9999.0 -9999.0 -9999.0 -9999.0 -9999.0
53139 20080704  1.302 -117.14   36.60    46.4    31.3    38.9    39.5     0.0    26.08 R    61.3    29.8    43.1 -9999.0 -9999.0 -9999.0 -99.000 -99.000 -99.000 -99.000 -99.000 -9999.0 -9999.0 -9999.0 -9999.0 -9999.0
53139 20080705  1.302 -117.14   36.60    46.2    31.1    38.6    39.3     0.0    30.20 R    63.0    28.9    44.1 -9999.0 -9999.0 -9999.0 -99.000 -99.000 -99.000 -99.000 -99.000 -9999.0 -9999.0 -9999.0 -9999.0 -9999.0
53139 20080706  1.302 -117.14   36.60    45.2    31.1    38.1    38.5     0.0    27.37 R    61.6    29.9    43.2 -9999.0 -9999.0 -9999.0 -99.000 -99.000 -99.000 -99.000 -99.000 -9999.0 -9999.0 -9999.0 -9999.0 -9999.0
53139 20080707  1.302 -117.14   36.60    48.2    31.8    40.0    40.7     0.0    29.59 R    63.6    30.2    45.3 -9999.0 -9999.0 -9999.0 -99.000 -99.000 -99.000 -99.000 -99.000 -9999.0 -9999.0 -9999.0 -9999.0 -9999.0
53139 20080708  1.302 -117.14   36.60    50.2    33.4    41.8    43.3     0.0    28.82 R    69.4    32.6    48.0 -9999.0 -9999.0 -9999.0 -99.000 -99.000 -99.000 -99.000 -99.000 -9999.0 -9999.0 -9999.0 -9999.0 -9999.0
53139 20080709  1.302 -117.14   36.60    50.8    40.1    45.5    45.6     0.0    28.54 R    67.4    36.8    49.5 -9999.0 -9999.0 -9999.0 -99.000 -99.000 -99.000 -99.000 -99.000 -9999.0 -9999.0 -9999.0 -9999.0 -9999.0
53139 20080710  1.302 -117.14   36.60    50.7    37.1    43.9    44.6     0.0    28.03 R    66.2    35.0    48.3 -9999.0 -9999.0 -9999.0 -99.000 -99.000 -99.000 -99.000 -99.000 -9999.0 -9999.0 -9999.0 -9999.0 -9999.0
53139 20080711  1.302 -117.14   36.60    46.1    36.7    41.4    41.2     0.0    25.71 R    58.8    36.0    45.2 -9999.0 -9999.0 -9999.0 -99.000 -99.000 -99.000 -99.000 -99.000 -9999.0 -9999.0 -9999.0 -9999.0 -9999.0
53139 20080712  1.302 -117.14   36.60    44.4    30.6    37.5    38.1     0.7    25.57 R    56.7    26.9    42.0 -9999.0 -9999.0 -9999.0 -99.000 -99.000 -99.000 -99.000 -99.000 -9999.0 -9999.0 -9999.0 -9999.0 -9999.0
53139 20080713  1.302 -117.14   36.60    42.5    27.3    34.9    34.9     0.0    22.95 R    60.0    28.6    40.4 -9999.0 -9999.0 -9999.0 -99.000 -99.000 -99.000 -99.000 -99.000 -9999.0 -9999.0 -9999.0 -9999.0 -9999.0
53139 20080714  1.302 -117.14   36.60    43.7    31.1    37.4    37.8     0.0    28.73 R    60.4    31.3    44.1 -9999.0 -9999.0 -9999.0 -99.000 -99.000 -99.000 -99.000 -99.000 -9999.0 -9999.0 -9999.0 -9999.0 -9999.0
53139 20080715  1.302 -117.14   36.60    44.5    31.1    37.8    38.7     0.6    26.03 R    60.3    28.3    43.6 -9999.0 -9999.0 -9999.0 -99.000 -99.000 -99.000 -99.000 -99.000 -9999.0 -9999.0 -9999.0 -9999.0 -9999.0
53139 20080716  1.302 -117.14   36.60    45.6    30.8    38.2    38.7     0.0    25.53 R    63.0    31.4    43.6 -9999.0 -9999.0 -9999.0 -99.000 -99.000 -99.000 -99.000 -99.000 -9999.0 -9999.0 -9999.0 -9999.0 -9999.0
53139 20080717  1.302 -117.14   36.60    47.1    34.2    40.6    40.7     0.0    26.71 R    63.9    33.6    45.7 -9999.0 -9999.0 -9999.0 -99.000 -99.000 -99.000 -99.000 -99.000 -9999.0 -9999.0 -9999.0 -9999.0 -9999.0
53139 20080718  1.302 -117.14   36.60    47.8    33.0    40.4    41.2     0.0    29.04 R    65.5    32.9    46.6 -9999.0 -9999.0 -9999.0 -99.000 -99.000 -99.000 -99.000 -99.000 -9999.0 -9999.0 -9999.0 -9999.0 -9999.0
53139 20080719  1.302 -117.14   36.60    48.9    32.5    40.7    41.8     0.0    28.84 R    65.6    32.8    46.7 -9999.0 -9999.0 -9999.0 -99.000 -99.000 -99.000 -99.000 -99.000 -9999.0 -9999.0 -9999.0 -9999.0 -9999.0
53139 20080720  1.302 -117.14   36.60    42.6    35.5    39.0    39.1     0.0    14.78 R    54.3    34.7    40.9 -9999.0 -9999.0 -9999.0 -99.000 -99.000 -99.000 -99.000 -99.000 -9999.0 -9999.0 -9999.0 -9999.0 -9999.0
53139 20080721  1.302 -117.14   36.60    44.9    32.9    38.9    38.9     0.0    23.89 R    58.4    32.5    42.9 -9999.0 -9999.0 -9999.0 -99.000 -99.000 -99.000 -99.000 -99.000 -9999.0 -9999.0 -9999.0 -9999.0 -9999.0
53139 20080722  1.302 -117.14   36.60    46.2    30.4    38.3    39.1     0.0    30.50 R    61.8    29.5    43.9 -9999.0 -9999.0 -9999.0 -99.000 -99.000 -99.000 -99.000 -99.000 -9999.0 -9999.0 -9999.0 -9999.0 -9999.0
53139 20080723  1.302 -117.14   36.60    45.6    29.7    37.7    38.7     0.0    30.27 R    61.8    29.2    43.6 -9999.0 -9999.0 -9999.0 -99.000 -99.000 -99.000 -99.000 -99.000 -9999.0 -9999.0 -9999.0 -9999.0 -9999.0
53139 20080724  1.302 -117.14   36.60    47.2    29.5    38.4    39.3     0.0    29.91 R    62.3    28.8    43.8 -9999.0 -9999.0 -9999.0 -99.000 -99.000 -99.000 -99.000 -99.000 -9999.0 -9999.0 -9999.0 -9999.0 -9999.0
53139 20080725  1.302 -117.14   36.60    48.7    30.8    39.8    40.6     0.0    29.51 R    62.9    29.1    45.0 -9999.0 -9999.0 -9999.0 -99.000 -99.000 -99.000 -99.000 -99.000 -9999.0 -9999.0 -9999.0 -9999.0 -9999.0
53139 20080726  1.302 -117.14   36.60    48.8    34.2    41.5    41.9     0.0    28.11 R    65.1    32.9    46.8 -9999.0 -9999.0 -9999.0 -99.000 -99.000 -99.000 -99.000 -99.000 -9999.0 -9999.0 -9999.0 -9999.0 -9999.0
53139 20080727  1.302 -117.14   36.60    46.8    35.9    41.3    41.2     0.0    27.49 R    62.0    35.2    45.9 -9999.0 -9999.0 -9999.0 -99.000 -99.000 -99.000 -99.000 -99.000 -9999.0 -9999.0 -9999.0 -9999.0 -9999.0
53139 20080728  1.302 -117.14   36.60    46.4    32.5    39.4    40.1     0.0    27.81 R    61.3    32.2    45.0 -9999.0 -9999.0 -9999.0 -99.000 -99.000 -99.000 -99.000 -99.000 -9999.0 -9999.0 -9999.0 -9999.0 -9999.0
53139 20080729  1.302 -117.14   36.60    47.0    33.3    40.1    40.1     0.0    28.41 R    62.5    31.9    44.8 -9999.0 -9999.0 -9999.0 -99.000 -99.000 -99.000 -99.000 -99.000 -9999.0 -9999.0 -9999.0 -9999.0 -9999.0
53139 20080730  1.302 -117.14   36.60    45.8    31.2    38.5    38.8     0.0    28.61 R    61.1    30.3    43.7 -9999.0 -9999.0 -9999.0 -99.000 -99.000 -99.000 -99.000 -99.000 -9999.0 -9999.0 -9999.0 -9999.0 -9999.0
53139 20080731  1.302 -117.14   36.60    45.5    30.2    37.9    38.7     0.0    29.56 R    63.1    28.9    43.7 -9999.0 -9999.0 -9999.0 -99.000 -99.000 -99.000 -99.000 -99.000 -9999.0 -9999.0 -9999.0 -9999.0 -9999.0
53139 20080801  1.302 -117.14   36.60    47.0    29.5    38.2    39.7     0.0    29.21 R    64.2    29.5    44.5 -9999.0 -9999.0 -9999.0 -99.000 -99.000 -99.000 -99.000 -99.000 -9999.0 -9999.0 -9999.0 -9999.0 -9999.0
53139 20080802  1.302 -117.14   36.60    47.9    31.5    39.7    40.9     0.0    29.23 R    62.4    30.9    45.1 -9999.0 -9999.0 -9999.0 -99.000 -99.000 -99.000 -99.000 -99.000 -9999.0 -9999.0 -9999.0 -9999.0 -9999.0
53139 20080803  1.302 -117.14   36.60    48.4    31.3    39.9    41.7     0.0    28.82 R    60.5    30.9    45.2 -9999.0 -9999.0 -9999.0 -99.000 -99.000 -99.000 -99.000 -99.000 -9999.0 -9999.0 -9999.0 -9999.0 -9999.0
53139 20080804  1.302 -117.14   36.60    44.5    32.3    38.4    39.8     0.0    18.36 R    59.7    32.0    42.6 -9999.0 -9999.0 -9999.0 -99.000 -99.000 -99.000 -99.000 -99.000 -9999.0 -9999.0 -9999.0 -9999.0 -9999.0
53139 20080805  1.302 -117.14   36.60    46.3    35.4    40.8    40.8     0.0    25.86 R    61.9    33.6    44.8 -9999.0 -9999.0 -9999.0 -99.000 -99.000 -99.000 -99.000 -99.000 -9999.0 -9999.0 -9999.0 -9999.0 -9999.0
53139 20080806  1.302 -117.14   36.60    46.5    34.1    40.3    40.7     0.0    27.18 R    61.8    33.3    45.2 -9999.0 -9999.0 -9999.0 -99.000 -99.000 -99.000 -99.000 -99.000 -9999.0 -9999.0 -9999.0 -9999.0 -9999.0
53139 20080807  1.302 -117.14   36.60    47.6    36.1    41.8    41.4     0.0    26.56 R    63.1    34.4    45.6 -9999.0 -9999.0 -9999.0 -99.000 -99.000 -99.000 -99.000 -99.000 -9999.0 -9999.0 -9999.0 -9999.0 -9999.0
53139 20080808  1.302 -117.14   36.60    47.1    33.5    40.3    40.8     0.0    27.99 R    63.2    32.5    45.2 -9999.0 -9999.0 -9999.0 -99.000 -99.000 -99.000 -99.000 -99.000 -9999.0 -9999.0 -9999.0 -9999.0 -9999.0
53139 20080809  1.302 -117.14   36.60    46.5    31.9    39.2    39.6     0.0    28.39 R    61.0    30.7    44.2 -9999.0 -9999.0 -9999.0 -99.000 -99.000 -99.000 -99.000 -99.000 -9999.0 -9999.0 -9999.0 -9999.0 -9999.0
53139 20080810  1.302 -117.14   36.60    44.9    30.6    37.8    38.3     0.0    28.43 R    60.6    30.0    43.1 -9999.0 -9999.0 -9999.0 -99.000 -99.000 -99.000 -99.000 -99.000 -9999.0 -9999.0 -9999.0 -9999.0 -9999.0
53139 20080811  1.302 -117.14   36.60    46.1    28.9    37.5    38.5     0.0    28.80 R    62.9    29.0    43.0 -9999.0 -9999.0 -9999.0 -99.000 -99.000 -99.000 -99.000 -99.000 -9999.0 -9999.0 -9999.0 -9999.0 -9999.0
53139 20080812  1.302 -117.14   36.60    46.4    29.2    37.8    39.2     0.0    28.66 R    62.7    29.0    43.4 -9999.0 -9999.0 -9999.0 -99.000 -99.000 -99.000 -99.000 -99.000 -9999.0 -9999.0 -9999.0 -9999.0 -9999.0
53139 20080813  1.302 -117.14   36.60    47.2    28.5    37.8    39.6     0.0    28.42 R    63.3    29.0    43.8 -9999.0 -9999.0 -9999.0 -99.000 -99.000 -99.000 -99.000 -99.000 -9999.0 -9999.0 -9999.0 -9999.0 -9999.0
53139 20080814  1.302 -117.14   36.60    48.3    33.3    40.8    41.5     0.0    27.32 R    62.5    31.9    45.1 -9999.0 -9999.0 -9999.0 -99.000 -99.000 -99.000 -99.000 -99.000 -9999.0 -9999.0 -9999.0 -9999.0 -9999.0
53139 20080815  1.302 -117.14   36.60    48.7    32.6    40.6    41.8     0.0    25.87 R    65.0    32.8    46.2 -9999.0 -9999.0 -9999.0 -99.000 -99.000 -99.000 -99.000 -99.000 -9999.0 -9999.0 -9999.0 -9999.0 -9999.0
53139 20080816  1.302 -117.14   36.60    47.3    33.0    40.2    41.3     0.0    26.14 R    60.6    33.1    45.2 -9999.0 -9999.0 -9999.0 -99.000 -99.000 -99.000 -99.000 -99.000 -9999.0 -9999.0 -9999.0 -9999.0 -9999.0
53139 20080817  1.302 -117.14   36.60    46.5    33.9    40.2    40.3     0.0    26.00 R    61.0    33.2    44.4 -9999.0 -9999.0 -9999.0 -99.000 -99.000 -99.000 -99.000 -99.000 -9999.0 -9999.0 -9999.0 -9999.0 -9999.0
53139 20080818  1.302 -117.14   36.60    46.0    31.5    38.8    38.8     0.0    27.36 R    61.3    30.7    43.4 -9999.0 -9999.0 -9999.0 -99.000 -99.000 -99.000 -99.000 -99.000 -9999.0 -9999.0 -9999.0 -9999.0 -9999.0
53139 20080819  1.302 -117.14   36.60    42.5    29.9    36.2    36.4     0.0    25.52 R    58.3    29.1    40.9 -9999.0 -9999.0 -9999.0 -99.000 -99.000 -99.000 -99.000 -99.000 -9999.0 -9999.0 -9999.0 -9999.0 -9999.0
53139 20080820  1.302 -117.14   36.60    42.2    26.5    34.3    35.6     0.0    26.90 R    58.6    26.9    40.8 -9999.0 -9999.0 -9999.0 -99.000 -99.000 -99.000 -99.000 -99.000 -9999.0 -9999.0 -9999.0 -9999.0 -9999.0
53139 20080821  1.302 -117.14   36.60    45.2    27.6    36.4    37.8     0.0    26.41 R    61.1    28.4    42.5 -9999.0 -9999.0 -9999.0 -99.000 -99.000 -99.000 -99.000 -99.000 -9999.0 -9999.0 -9999.0 -9999.0 -9999.0
53139 20080822  1.302 -117.14   36.60    45.4    32.8    39.1    38.7     0.0    25.64 R    60.2    31.5    43.3 -9999.0 -9999.0 -9999.0 -99.000 -99.000 -99.000 -99.000 -99.000 -9999.0 -9999.0 -9999.0 -9999.0 -9999.0
53139 20080823  1.302 -117.14   36.60    45.7    31.4    38.5    39.1     0.0    26.03 R    60.0    31.1    42.9 -9999.0 -9999.0 -9999.0 -99.000 -99.000 -99.000 -99.000 -99.000 -9999.0 -9999.0 -9999.0 -9999.0 -9999.0
53139 20080824  1.302 -117.14   36.60    46.6    30.9    38.8    39.7     0.0    26.17 R    59.7    29.7    43.3 -9999.0 -9999.0 -9999.0 -99.000 -99.000 -99.000 -99.000 -99.000 -9999.0 -9999.0 -9999.0 -9999.0 -9999.0
53139 20080825  1.302 -117.14   36.60    48.1    32.5    40.3    40.7     0.0    25.86 R    63.0    31.1    44.7 -9999.0 -9999.0 -9999.0 -99.000 -99.000 -99.000 -99.000 -99.000 -9999.0 -9999.0 -9999.0 -9999.0 -9999.0
53139 20080826  1.302 -117.14   36.60    44.1    33.7    38.9    38.8     0.0    25.15 R    59.7    31.9    42.7 -9999.0 -9999.0 -9999.0 -99.000 -99.000 -99.000 -99.000 -99.000 -9999.0 -9999.0 -9999.0 -9999.0 -9999.0
53139 20080827  1.302 -117.14   36.60    46.1    29.8    37.9    38.9     0.0    25.68 R    62.4    29.7    43.3 -9999.0 -9999.0 -9999.0 -99.000 -99.000 -99.000 -99.000 -99.000 -9999.0 -9999.0 -9999.0 -9999.0 -9999.0
53139 20080828  1.302 -117.14   36.60    48.1    32.4    40.2    41.8     0.0    25.90 R    64.5    31.4    45.4 -9999.0 -9999.0 -9999.0 -99.000 -99.000 -99.000 -99.000 -99.000 -9999.0 -9999.0 -9999.0 -9999.0 -9999.0
53139 20080829  1.302 -117.14   36.60    47.9    36.5    42.2    42.1     0.0    24.38 R    63.3    33.8    44.8 -9999.0 -9999.0 -9999.0 -99.000 -99.000 -99.000 -99.000 -99.000 -9999.0 -9999.0 -9999.0 -9999.0 -9999.0
53139 20080830  1.302 -117.14   36.60    45.1    31.7    38.4    38.8     0.0    18.94 R    56.3    31.8    41.0 -9999.0 -9999.0 -9999.0 -99.000 -99.000 -99.000 -99.000 -99.000 -9999.0 -9999.0 -9999.0 -9999.0 -9999.0
53139 20080831  1.302 -117.14   36.60    46.3    31.9    39.1    37.8     0.0    24.94 R    59.1    30.5    41.1 -9999.0 -9999.0 -9999.0 -99.000 -99.000 -99.000 -99.000 -99.000 -9999.0 -9999.0 -9999.0 -9999.0 -9999.0
53139 20080901  1.302 -117.14   36.60    37.3    28.3    32.8    32.8     0.0    25.64 R    54.0    26.5    36.9 -9999.0 -9999.0 -9999.0 -99.000 -99.000 -99.000 -99.000 -99.000 -9999.0 -9999.0 -9999.0 -9999.0 -9999.0
53139 20080902  1.302 -117.14   36.60    39.0    27.1    33.0    32.9     0.0    26.00 R    55.6    24.7    37.2 -9999.0 -9999.0 -9999.0 -99.000 -99.000 -99.000 -99.000 -99.000 -9999.0 -9999.0 -9999.0 -9999.0 -9999.0
53139 20080903  1.302 -117.14   36.60    42.0    25.2    33.6    34.6     0.0    25.23 R    57.8    24.7    38.3 -9999.0 -9999.0 -9999.0 -99.000 -99.000 -99.000 -99.000 -99.000 -9999.0 -9999.0 -9999.0 -9999.0 -9999.0
53139 20080904  1.302 -117.14   36.60    43.7    25.9    34.8    36.2     0.0    24.99 R    58.0    26.5    39.5 -9999.0 -9999.0 -9999.0 -99.000 -99.000 -99.000 -99.000 -99.000 -9999.0 -9999.0 -9999.0 -9999.0 -9999.0
53139 20080905  1.302 -117.14   36.60    44.6    27.7    36.2    37.4     0.0    25.06 R    61.4    27.1    41.1 -9999.0 -9999.0 -9999.0 -99.000 -99.000 -99.000 -99.000 -99.000 -9999.0 -9999.0 -9999.0 -9999.0 -9999.0
53139 20080906  1.302 -117.14   36.60    45.9    29.3    37.6    38.5     0.0    24.84 R    62.0    28.3    41.8 -9999.0 -9999.0 -9999.0 -99.000 -99.000 -99.000 -99.000 -99.000 -9999.0 -9999.0 -9999.0 -9999.0 -9999.0
53139 20080907  1.302 -117.14   36.60    46.1    28.5    37.3    38.3     0.0    24.27 R    60.2    28.9    41.4 -9999.0 -9999.0 -9999.0 -99.000 -99.000 -99.000 -99.000 -99.000 -9999.0 -9999.0 -9999.0 -9999.0 -9999.0
53139 20080908  1.302 -117.14   36.60    45.1    28.9    37.0    37.5     0.0    19.33 R    58.9    28.9    40.4 -9999.0 -9999.0 -9999.0 -99.000 -99.000 -99.000 -99.000 -99.000 -9999.0 -9999.0 -9999.0 -9999.0 -9999.0
53139 20080909  1.302 -117.14   36.60    42.4    30.6    36.5    37.0     0.0    22.25 R    57.0    29.9    40.3 -9999.0 -9999.0 -9999.0 -99.000 -99.000 -99.000 -99.000 -99.000 -9999.0 -9999.0 -9999.0 -9999.0 -9999.0
53139 20080910  1.302 -117.14   36.60    38.4    29.6    34.0    33.4     0.0    21.45 R    55.0    28.7    37.3 -9999.0 -9999.0 -9999.0 -99.000 -99.000 -99.000 -99.000 -99.000 -9999.0 -9999.0 -9999.0 -9999.0 -9999.0
53139 20080911  1.302 -117.14   36.60    40.6    25.3    32.9    33.7     0.0    23.47 R    57.4    25.2    38.0 -9999.0 -9999.0 -9999.0 -99.000 -99.000 -99.000 -99.000 -99.000 -9999.0 -9999.0 -9999.0 -9999.0 -9999.0
53139 20080912  1.302 -117.14   36.60    40.5    27.9    34.2    34.5     0.0    24.36 R    56.5    26.0    37.8 -9999.0 -9999.0 -9999.0 -99.000 -99.000 -99.000 -99.000 -99.000 -9999.0 -9999.0 -9999.0 -9999.0 -9999.0
53139 20080913  1.302 -117.14   36.60    41.7    23.6    32.7    33.6     0.0    23.87 R    56.9    24.2    37.6 -9999.0 -9999.0 -9999.0 -99.000 -99.000 -99.000 -99.000 -99.000 -9999.0 -9999.0 -9999.0 -9999.0 -9999.0
53139 20080914  1.302 -117.14   36.60    43.4    26.4    34.9    34.9     0.0    23.58 R    57.9    24.7    38.3 -9999.0 -9999.0 -9999.0 -99.000 -99.000 -99.000 -99.000 -99.000 -9999.0 -9999.0 -9999.0 -9999.0 -9999.0
53139 20080915  1.302 -117.14   36.60    43.9    26.2    35.0    35.4     0.0    23.52 R    58.6    25.1    38.6 -9999.0 -9999.0 -9999.0 -99.000 -99.000 -99.000 -99.000 -99.000 -9999.0 -9999.0 -9999.0 -9999.0 -9999.0
53139 20080916  1.302 -117.14   36.60    42.5    24.0    33.2    35.4     0.0    21.95 R    56.8    24.7    38.4 -9999.0 -9999.0 -9999.0 -99.000 -99.000 -99.000 -99.000 -99.000 -9999.0 -9999.0 -9999.0 -9999.0 -9999.0
53139 20080917  1.302 -117.14   36.60    41.0    28.6    34.8    35.3     0.0    21.94 R    54.7    27.5    38.4 -9999.0 -9999.0 -9999.0 -99.000 -99.000 -99.000 -99.000 -99.000 -9999.0 -9999.0 -9999.0 -9999.0 -9999.0
53139 20080918  1.302 -117.14   36.60    41.0    27.0    34.0    35.0     0.0    21.85 R    54.6    26.9    38.3 -9999.0 -9999.0 -9999.0 -99.000 -99.000 -99.000 -99.000 -99.000 -9999.0 -9999.0 -9999.0 -9999.0 -9999.0
53139 20080919  1.302 -117.14   36.60    40.3    26.9    33.6    34.5     0.0    22.35 R    52.2    25.7    36.9 -9999.0 -9999.0 -9999.0 -99.000 -99.000 -99.000 -99.000 -99.000 -9999.0 -9999.0 -9999.0 -9999.0 -9999.0
53139 20080920  1.302 -117.14   36.60    37.1    26.0    31.5    31.7     0.0    22.07 R    52.6    25.0    35.6 -9999.0 -9999.0 -9999.0 -99.000 -99.000 -99.000 -99.000 -99.000 -9999.0 -9999.0 -9999.0 -9999.0 -9999.0
53139 20080921  1.302 -117.14   36.60    36.4    21.7    29.1    30.3     0.0    21.82 R    50.3    22.5    33.9 -9999.0 -9999.0 -9999.0 -99.000 -99.000 -99.000 -99.000 -99.000 -9999.0 -9999.0 -9999.0 -9999.0 -9999.0
53139 20080922  1.302 -117.14   36.60    36.9    23.6    30.3    31.1     0.0    22.08 R    51.5    22.9    34.1 -9999.0 -9999.0 -9999.0 -99.000 -99.000 -99.000 -99.000 -99.000 -9999.0 -9999.0 -9999.0 -9999.0 -9999.0
53139 20080923  1.302 -117.14   36.60    39.1    22.2    30.6    31.7     0.0    22.34 R    51.8    21.6    34.0 -9999.0 -9999.0 -9999.0 -99.000 -99.000 -99.000 -99.000 -99.000 -9999.0 -9999.0 -9999.0 -9999.0 -9999.0
53139 20080924  1.302 -117.14   36.60    39.7    22.5    31.1    32.0     0.0    21.87 R    53.2    21.5    34.7 -9999.0 -9999.0 -9999.0 -99.000 -99.000 -99.000 -99.000 -99.000 -9999.0 -9999.0 -9999.0 -9999.0 -9999.0
53139 20080925  1.302 -117.14   36.60    42.4    24.8    33.6    34.6     0.0    21.07 R    53.5    23.8    36.8 -9999.0 -9999.0 -9999.0 -99.000 -99.000 -99.000 -99.000 -99.000 -9999.0 -9999.0 -9999.0 -9999.0 -9999.0
53139 20080926  1.302 -117.14   36.60    42.0    28.3    35.2    35.5     0.0    20.73 R    55.6    26.6    38.0 -9999.0 -9999.0 -9999.0 -99.000 -99.000 -99.000 -99.000 -99.000 -9999.0 -9999.0 -9999.0 -9999.0 -9999.0
53139 20080927  1.302 -117.14   36.60    41.7    25.2    33.4    35.0     0.0    20.60 R    56.0    25.8    37.8 -9999.0 -9999.0 -9999.0 -99.000 -99.000 -99.000 -99.000 -99.000 -9999.0 -9999.0 -9999.0 -9999.0 -9999.0
53139 20080928  1.302 -117.14   36.60    41.8    26.8    34.3    35.5     0.0    19.93 R    55.5    26.7    38.5 -9999.0 -9999.0 -9999.0 -99.000 -99.000 -99.000 -99.000 -99.000 -9999.0 -9999.0 -9999.0 -9999.0 -9999.0
53139 20080929  1.302 -117.14   36.60    39.7    30.7    35.2    34.9     0.0    15.31 R    53.4    29.6    37.3 -9999.0 -9999.0 -9999.0 -99.000 -99.000 -99.000 -99.000 -99.000 -9999.0 -9999.0 -9999.0 -9999.0 -9999.0
53139 20080930  1.302 -117.14   36.60    40.4    26.6    33.5    34.0     0.0    19.74 R    54.0    26.2    36.8 -9999.0 -9999.0 -9999.0 -99.000 -99.000 -99.000 -99.000 -99.000 -9999.0 -9999.0 -9999.0 -9999.0 -9999.0
53139 20081001  1.302 -117.14   36.60    40.9    25.8    33.4    33.9     0.0    19.56 R    53.7    25.0    36.2 -9999.0 -9999.0 -9999.0 -99.000 -99.000 -99.000 -99.000 -99.000 -9999.0 -9999.0 -9999.0 -9999.0 -9999.0
53139 20081002  1.302 -117.14   36.60    38.2    26.5    32.3    32.7     0.0    12.62 R    48.0    27.1    34.3 -9999.0 -9999.0 -9999.0 -99.000 -99.000 -99.000 -99.000 -99.000 -9999.0 -9999.0 -9999.0 -9999.0 -9999.0
53139 20081003  1.302 -117.14   36.60    34.9    25.0    30.0    30.4     0.0    13.41 R    44.2    23.8    31.7 -9999.0 -9999.0 -9999.0 -99.000 -99.000 -99.000 -99.000 -99.000 -9999.0 -9999.0 -9999.0 -9999.0 -9999.0
53139 20081004  1.302 -117.14   36.60    34.1    23.1    28.6    28.4     0.0    19.38 R    43.9    23.2    31.0 -9999.0 -9999.0 -9999.0 -99.000 -99.000 -99.000 -99.000 -99.000 -9999.0 -9999.0 -9999.0 -9999.0 -9999.0
53139 20081005  1.302 -117.14   36.60    31.7    18.6    25.2    26.0     0.0    19.64 R    45.9    19.6    29.9 -9999.0 -9999.0 -9999.0 -99.000 -99.000 -99.000 -99.000 -99.000 -9999.0 -9999.0 -9999.0 -9999.0 -9999.0
53139 20081006  1.302 -117.14   36.60    34.8    20.0    27.4    28.1     0.0    19.67 R    48.7    19.9    31.3 -9999.0 -9999.0 -9999.0 -99.000 -99.000 -99.000 -99.000 -99.000 -9999.0 -9999.0 -9999.0 -9999.0 -9999.0
53139 20081007  1.302 -117.14   36.60    36.8    21.2    29.0    29.6     0.0    19.63 R    49.9    20.6    32.2 -9999.0 -9999.0 -9999.0 -99.000 -99.000 -99.000 -99.000 -99.000 -9999.0 -9999.0 -9999.0 -9999.0 -9999.0
53139 20081008  1.302 -117.14   36.60    37.1    22.8    29.9    29.6     0.0    19.60 R    50.4    21.0    32.5 -9999.0 -9999.0 -9999.0 -99.000 -99.000 -99.000 -99.000 -99.000 -9999.0 -9999.0 -9999.0 -9999.0 -9999.0
53139 20081009  1.302 -117.14   36.60    36.9    19.4    28.2    29.5     0.0    19.37 R    49.1    19.7    32.0 -9999.0 -9999.0 -9999.0 -99.000 -99.000 -99.000 -99.000 -99.000 -9999.0 -9999.0 -9999.0 -9999.0 -9999.0
53139 20081010  1.302 -117.14   36.60    27.3    15.9    21.6    21.7     0.0    19.15 R    42.0    16.6    25.3 -9999.0 -9999.0 -9999.0 -99.000 -99.000 -99.000 -99.000 -99.000 -9999.0 -9999.0 -9999.0 -9999.0 -9999.0
53139 20081011  1.302 -117.14   36.60    21.5    14.4    18.0    17.5     0.0    15.08 R    36.7    13.1    19.9 -9999.0 -9999.0 -9999.0 -99.000 -99.000 -99.000 -99.000 -99.000 -9999.0 -9999.0 -9999.0 -9999.0 -9999.0
53139 20081012  1.302 -117.14   36.60    21.9    13.0    17.5    17.4     0.0    18.52 R    35.9    11.1    20.2 -9999.0 -9999.0 -9999.0 -99.000 -99.000 -99.000 -99.000 -99.000 -9999.0 -9999.0 -9999.0 -9999.0 -9999.0
53139 20081013  1.302 -117.14   36.60    27.3    15.0    21.1    21.2     0.0    18.76 R    39.1    12.7    23.0 -9999.0 -9999.0 -9999.0 -99.000 -99.000 -99.000 -99.000 -99.000 -9999.0 -9999.0 -9999.0 -9999.0 -9999.0
53139 20081014  1.302 -117.14   36.60    29.3    16.7    23.0    23.3     0.0    18.42 R    42.1    15.0    25.4 -9999.0 -9999.0 -9999.0 -99.000 -99.000 -99.000 -99.000 -99.000 -9999.0 -9999.0 -9999.0 -9999.0 -9999.0
53139 20081015  1.302 -117.14   36.60    31.2    15.7    23.5    24.0     0.0    18.29 R    43.3    14.5    26.2 -9999.0 -9999.0 -9999.0 -99.000 -99.000 -99.000 -99.000 -99.000 -9999.0 -9999.0 -9999.0 -9999.0 -9999.0
53139 20081016  1.302 -117.14   36.60    32.8    16.4    24.6    24.9     0.0    18.18 R    44.7    15.8    27.3 -9999.0 -9999.0 -9999.0 -99.000 -99.000 -99.000 -99.000 -99.000 -9999.0 -9999.0 -9999.0 -9999.0 -9999.0
53139 20081017  1.302 -117.14   36.60    33.4    15.2    24.3    25.7     0.0    18.11 R    45.3    15.3    27.6 -9999.0 -9999.0 -9999.0 -99.000 -99.000 -99.000 -99.000 -99.000 -9999.0 -9999.0 -9999.0 -9999.0 -9999.0
53139 20081018  1.302 -117.14   36.60    33.1    16.9    25.0    26.1     0.0    16.18 R    45.7    17.0    27.7 -9999.0 -9999.0 -9999.0 -99.000 -99.000 -99.000 -99.000 -99.000 -9999.0 -9999.0 -9999.0 -9999.0 -9999.0
53139 20081019  1.302 -117.14   36.60    32.4    16.8    24.6    26.2     0.0    16.59 R    45.0    17.4    28.2 -9999.0 -9999.0 -9999.0 -99.000 -99.000 -99.000 -99.000 -99.000 -9999.0 -9999.0 -9999.0 -9999.0 -9999.0
53139 20081020  1.302 -117.14   36.60    32.7    18.6    25.6    26.0     0.0    17.01 R    44.0    17.9    27.9 -9999.0 -9999.0 -9999.0 -99.000 -99.000 -99.000 -99.000 -99.000 -9999.0 -9999.0 -9999.0 -9999.0 -9999.0
53139 20081021  1.302 -117.14   36.60    34.6    17.2    25.9    27.3     0.0    16.92 R    45.0    17.0    28.5 -9999.0 -9999.0 -9999.0 -99.000 -99.000 -99.000 -99.000 -99.000 -9999.0 -9999.0 -9999.0 -9999.0 -9999.0
53139 20081022  1.302 -117.14   36.60    31.8    20.8    26.3    26.5     0.0    17.37 R    42.6    18.3    27.4 -9999.0 -9999.0 -9999.0 -99.000 -99.000 -99.000 -99.000 -99.000 -9999.0 -9999.0 -9999.0 -9999.0 -9999.0
53139 20081023  1.302 -117.14   36.60    31.1    14.1    22.6    23.8     0.0    17.41 R    42.7    14.0    25.0 -9999.0 -9999.0 -9999.0 -99.000 -99.000 -99.000 -99.000 -99.000 -9999.0 -9999.0 -9999.0 -9999.0 -9999.0
53139 20081024  1.302 -117.14   36.60    30.3    14.4    22.4    22.5     0.0    17.00 R    41.6    13.3    24.5 -9999.0 -9999.0 -9999.0 -99.000 -99.000 -99.000 -99.000 -99.000 -9999.0 -9999.0 -9999.0 -9999.0 -9999.0
53139 20081025  1.302 -117.14   36.60    30.7    14.4    22.6    22.9     0.0    16.72 R    42.4    13.8    24.8 -9999.0 -9999.0 -9999.0 -99.000 -99.000 -99.000 -99.000 -99.000 -9999.0 -9999.0 -9999.0 -9999.0 -9999.0
53139 20081026  1.302 -117.14   36.60    32.0    11.5    21.8    23.6     0.0    16.60 R    42.6    13.2    25.1 -9999.0 -9999.0 -9999.0 -99.000 -99.000 -99.000 -99.000 -99.000 -9999.0 -9999.0 -9999.0 -9999.0 -9999.0
53139 20081027  1.302 -117.14   36.60    32.7    13.8    23.2    24.6     0.0    16.09 R    43.6    14.6    26.1 -9999.0 -9999.0 -9999.0 -99.000 -99.000 -99.000 -99.000 -99.000 -9999.0 -9999.0 -9999.0 -9999.0 -9999.0
53139 20081028  1.302 -117.14   36.60    33.0    14.6    23.8    25.2     0.0    15.61 R    43.0    15.7    26.5 -9999.0 -9999.0 -9999.0 -99.000 -99.000 -99.000 -99.000 -99.000 -9999.0 -9999.0 -9999.0 -9999.0 -9999.0
53139 20081029  1.302 -117.14   36.60    32.5    16.7    24.6    25.4     0.0    15.25 R    43.3    16.8    26.9 -9999.0 -9999.0 -9999.0 -99.000 -99.000 -99.000 -99.000 -99.000 -9999.0 -9999.0 -9999.0 -9999.0 -9999.0
53139 20081030  1.302 -117.14   36.60    32.5    15.6    24.1    26.9     0.0    13.80 R    41.1    16.6    27.7 -9999.0 -9999.0 -9999.0 -99.000 -99.000 -99.000 -99.000 -99.000 -9999.0 -9999.0 -9999.0 -9999.0 -9999.0
53139 20081031  1.302 -117.14   36.60    30.7    20.2    25.4    26.8     0.0     6.33 R    35.2    20.2    26.4 -9999.0 -9999.0 -9999.0 -99.000 -99.000 -99.000 -99.000 -99.000 -9999.0 -9999.0 -9999.0 -9999.0 -9999.0
53139 20081101  1.302 -117.14   36.60    26.6    18.9    22.8    22.5     0.0     4.11 R    28.4    18.3    22.2 -9999.0 -9999.0 -9999.0 -99.000 -99.000 -99.000 -99.000 -99.000 -9999.0 -9999.0 -9999.0 -9999.0 -9999.0
53139 20081102  1.302 -117.14   36.60    28.5    17.6    23.0    23.0     0.0    14.43 R    39.5    16.8    24.8 -9999.0 -9999.0 -9999.0 -99.000 -99.000 -99.000 -99.000 -99.000 -9999.0 -9999.0 -9999.0 -9999.0 -9999.0
53139 20081103  1.302 -117.14   36.60    24.8    15.0    19.9    20.2     0.0    14.39 R    36.6    14.6    22.7 -9999.0 -9999.0 -9999.0 -99.000 -99.000 -99.000 -99.000 -99.000 -9999.0 -9999.0 -9999.0 -9999.0 -9999.0
53139 20081104  1.302 -117.14   36.60    24.8    13.1    19.0    20.1     0.0    13.59 R    36.1    13.1    21.7 -9999.0 -9999.0 -9999.0 -99.000 -99.000 -99.000 -99.000 -99.000 -9999.0 -9999.0 -9999.0 -9999.0 -9999.0
53139 20081105  1.302 -117.14   36.60    22.6    14.4    18.5    18.1     0.0    15.04 R    34.6    12.0    19.6 -9999.0 -9999.0 -9999.0 -99.000 -99.000 -99.000 -99.000 -99.000 -9999.0 -9999.0 -9999.0 -9999.0 -9999.0
53139 20081106  1.302 -117.14   36.60    23.6    10.2    16.9    17.4     0.0    14.54 R    35.7     9.7    19.4 -9999.0 -9999.0 -9999.0 -99.000 -99.000 -99.000 -99.000 -99.000 -9999.0 -9999.0 -9999.0 -9999.0 -9999.0
53139 20081107  1.302 -117.14   36.60    27.8    10.0    18.9    20.1     0.0    14.31 R    38.3    11.2    21.7 -9999.0 -9999.0 -9999.0 -99.000 -99.000 -99.000 -99.000 -99.000 -9999.0 -9999.0 -9999.0 -9999.0 -9999.0
53139 20081108  1.302 -117.14   36.60    25.7    13.5    19.6    20.2     0.0    12.72 R    37.6    12.4    21.8 -9999.0 -9999.0 -9999.0 -99.000 -99.000 -99.000 -99.000 -99.000 -9999.0 -9999.0 -9999.0 -9999.0 -9999.0
53139 20081109  1.302 -117.14   36.60    21.9    11.6    16.8    17.1     1.5     4.79 R    22.9    10.9    16.2 -9999.0 -9999.0 -9999.0 -99.000 -99.000 -99.000 -99.000 -99.000 -9999.0 -9999.0 -9999.0 -9999.0 -9999.0
53139 20081110  1.302 -117.14   36.60    20.4     7.7    14.0    15.0     0.0    11.66 R    29.5     8.1    16.5 -9999.0 -9999.0 -9999.0 -99.000 -99.000 -99.000 -99.000 -99.000 -9999.0 -9999.0 -9999.0 -9999.0 -9999.0
53139 20081111  1.302 -117.14   36.60    22.2     8.5    15.4    16.6     0.0    12.60 R    31.6     9.1    17.9 -9999.0 -9999.0 -9999.0 -99.000 -99.000 -99.000 -99.000 -99.000 -9999.0 -9999.0 -9999.0 -9999.0 -9999.0
53139 20081112  1.302 -117.14   36.60    25.4    11.3    18.4    19.2     0.0    13.07 R    34.6    12.0    20.7 -9999.0 -9999.0 -9999.0 -99.000 -99.000 -99.000 -99.000 -99.000 -9999.0 -9999.0 -9999.0 -9999.0 -9999.0
53139 20081113  1.302 -117.14   36.60    29.8    12.2    21.0    22.5     0.0    13.68 R    38.0    12.6    23.5 -9999.0 -9999.0 -9999.0 -99.000 -99.000 -99.000 -99.000 -99.000 -9999.0 -9999.0 -9999.0 -9999.0 -9999.0
53139 20081114  1.302 -117.14   36.60    31.1    23.1    27.1    27.3     0.0    13.32 R    38.9    20.1    26.9 -9999.0 -9999.0 -9999.0 -99.000 -99.000 -99.000 -99.000 -99.000 -9999.0 -9999.0 -9999.0 -9999.0 -9999.0
53139 20081115  1.302 -117.14   36.60    29.9    19.1    24.5    24.4     0.0    13.55 R    39.1    16.7    24.4 -9999.0 -9999.0 -9999.0 -99.000 -99.000 -99.000 -99.000 -99.000 -9999.0 -9999.0 -9999.0 -9999.0 -9999.0
53139 20081116  1.302 -117.14   36.60    29.1    14.0    21.6    22.5     0.0    13.52 R    38.5    14.0    23.0 -9999.0 -9999.0 -9999.0 -99.000 -99.000 -99.000 -99.000 -99.000 -9999.0 -9999.0 -9999.0 -9999.0 -9999.0
53139 20081117  1.302 -117.14   36.60    28.4    13.5    21.0    21.2     0.0    13.20 R    37.6    13.2    22.1 -9999.0 -9999.0 -9999.0 -99.000 -99.000 -99.000 -99.000 -99.000 -9999.0 -9999.0 -9999.0 -9999.0 -9999.0
53139 20081118  1.302 -117.14   36.60    27.1    11.0    19.0    20.0     0.0    13.18 R    36.7    12.1    21.1 -9999.0 -9999.0 -9999.0 -99.000 -99.000 -99.000 -99.000 -99.000 -9999.0 -9999.0 -9999.0 -9999.0 -9999.0
53139 20081119  1.302 -117.14   36.60    25.6    10.8    18.2    19.0     0.0    12.96 R    35.1    11.2    20.0 -9999.0 -9999.0 -9999.0 -99.000 -99.000 -99.000 -99.000 -99.000 -9999.0 -9999.0 -9999.0 -9999.0 -9999.0
53139 20081120  1.302 -117.14   36.60    25.1    10.4    17.7    18.2     0.0    11.57 R    33.4    11.2    18.9 -9999.0 -9999.0 -9999.0 -99.000 -99.000 -99.000 -99.000 -99.000 -9999.0 -9999.0 -9999.0 -9999.0 -9999.0
53139 20081121  1.302 -117.14   36.60    25.7     8.3    17.0    18.3     0.0    12.66 R    32.4     9.5    18.7 -9999.0 -9999.0 -9999.0 -99.000 -99.000 -99.000 -99.000 -99.000 -9999.0 -9999.0 -9999.0 -9999.0 -9999.0
53139 20081122  1.302 -117.14   36.60    23.3    10.8    17.0    17.1     0.0    11.86 R    32.6    10.3    17.9 -9999.0 -9999.0 -9999.0 -99.000 -99.000 -99.000 -99.000 -99.000 -9999.0 -9999.0 -9999.0 -9999.0 -9999.0
53139 20081123  1.302 -117.14   36.60    23.2     8.9    16.1    16.6     0.0    12.40 R    31.8     8.8    17.4 -9999.0 -9999.0 -9999.0 -99.000 -99.000 -99.000 -99.000 -99.000 -9999.0 -9999.0 -9999.0 -9999.0 -9999.0
53139 20081124  1.302 -117.14   36.60    24.6     7.7    16.2    17.5     0.0    11.24 R    32.8     8.8    18.2 -9999.0 -9999.0 -9999.0 -99.000 -99.000 -99.000 -99.000 -99.000 -9999.0 -9999.0 -9999.0 -9999.0 -9999.0
53139 20081125  1.302 -117.14   36.60    24.3    10.5    17.4    18.4     0.0    10.02 R    32.5    10.5    19.1 -9999.0 -9999.0 -9999.0 -99.000 -99.000 -99.000 -99.000 -99.000 -9999.0 -9999.0 -9999.0 -9999.0 -9999.0
53139 20081126  1.302 -117.14   36.60    19.8    11.8    15.8    15.2    14.2     3.19 R    18.6    12.5    15.2 -9999.0 -9999.0 -9999.0 -99.000 -99.000 -99.000 -99.000 -99.000 -9999.0 -9999.0 -9999.0 -9999.0 -9999.0
53139 20081127  1.302 -117.14   36.60    19.9    12.2    16.0    15.8     0.0     9.36 R    25.2    12.4    16.4 -9999.0 -9999.0 -9999.0 -99.000 -99.000 -99.000 -99.000 -99.000 -9999.0 -9999.0 -9999.0 -9999.0 -9999.0
53139 20081128  1.302 -117.14   36.60    21.4    10.8    16.1    16.1     0.0    10.49 R    25.8    11.0    15.9 -9999.0 -9999.0 -9999.0 -99.000 -99.000 -99.000 -99.000 -99.000 -9999.0 -9999.0 -9999.0 -9999.0 -9999.0
53139 20081129  1.302 -117.14   36.60    27.0    11.5    19.3    19.9     0.0    11.92 R    29.3    10.5    18.0 -9999.0 -9999.0 -9999.0 -99.000 -99.000 -99.000 -99.000 -99.000 -9999.0 -9999.0 -9999.0 -9999.0 -9999.0
53139 20081130  1.302 -117.14   36.60    26.5    15.8    21.1    21.4     0.0    11.92 R    32.1    13.6    20.0 -9999.0 -9999.0 -9999.0 -99.000 -99.000 -99.000 -99.000 -99.000 -9999.0 -9999.0 -9999.0 -9999.0 -9999.0
53139 20081201  1.302 -117.14   36.60    23.6    11.8    17.7    18.1     0.0    11.76 R    30.2    12.0    18.5 -9999.0 -9999.0 -9999.0 -99.000 -99.000 -99.000 -99.000 -99.000 -9999.0 -9999.0 -9999.0 -9999.0 -9999.0
53139 20081202  1.302 -117.14   36.60    23.0    11.0    17.0    17.3     0.0    10.90 R    29.1    11.5    17.4 -9999.0 -9999.0 -9999.0 -99.000 -99.000 -99.000 -99.000 -99.000 -9999.0 -9999.0 -9999.0 -9999.0 -9999.0
53139 20081203  1.302 -117.14   36.60    23.8    11.9    17.9    18.3     0.0    11.90 R    30.7    11.1    17.9 -9999.0 -9999.0 -9999.0 -99.000 -99.000 -99.000 -99.000 -99.000 -9999.0 -9999.0 -9999.0 -9999.0 -9999.0
53139 20081204  1.302 -117.14   36.60    18.4     7.6    13.0    14.1     0.0     7.58 R    23.8     9.1    13.8 -9999.0 -9999.0 -9999.0 -99.000 -99.000 -99.000 -99.000 -99.000 -9999.0 -9999.0 -9999.0 -9999.0 -9999.0
53139 20081205  1.302 -117.14   36.60    22.3     8.3    15.3    16.1     0.0    11.81 R    29.5     8.3    15.8 -9999.0 -9999.0 -9999.0 -99.000 -99.000 -99.000 -99.000 -99.000 -9999.0 -9999.0 -9999.0 -9999.0 -9999.0
53139 20081206  1.302 -117.14   36.60    20.2     8.0    14.1    14.6     0.0    11.67 R    27.7     7.7    15.0 -9999.0 -9999.0 -9999.0 -99.000 -99.000 -99.000 -99.000 -99.000 -9999.0 -9999.0 -9999.0 -9999.0 -9999.0
53139 20081207  1.302 -117.14   36.60    15.9     9.1    12.5    13.1     0.0     2.80 R    18.1     9.3    12.9 -9999.0 -9999.0 -9999.0 -99.000 -99.000 -99.000 -99.000 -99.000 -9999.0 -9999.0 -9999.0 -9999.0 -9999.0
53139 20081208  1.302 -117.14   36.60    18.3     5.7    12.0    13.2     0.0     8.60 R    22.2     6.8    12.9 -9999.0 -9999.0 -9999.0 -99.000 -99.000 -99.000 -99.000 -99.000 -9999.0 -9999.0 -9999.0 -9999.0 -9999.0
53139 20081209  1.302 -117.14   36.60    19.7     8.2    13.9    15.2     0.0    11.61 R    27.2     8.2    14.6 -9999.0 -9999.0 -9999.0 -99.000 -99.000 -99.000 -99.000 -99.000 -9999.0 -9999.0 -9999.0 -9999.0 -9999.0
53139 20081210  1.302 -117.14   36.60    17.9     3.9    10.9    12.3     0.0    11.53 R    26.2     5.3    12.8 -9999.0 -9999.0 -9999.0 -99.000 -99.000 -99.000 -99.000 -99.000 -9999.0 -9999.0 -9999.0 -9999.0 -9999.0
53139 20081211  1.302 -117.14   36.60    17.1     5.7    11.4    11.9     0.0    10.69 R    25.6     5.4    12.7 -9999.0 -9999.0 -9999.0 -99.000 -99.000 -99.000 -99.000 -99.000 -9999.0 -9999.0 -9999.0 -9999.0 -9999.0
53139 20081212  1.302 -117.14   36.60    18.0     7.5    12.7    12.8     0.0    10.56 R    26.3     8.0    13.7 -9999.0 -9999.0 -9999.0 -99.000 -99.000 -99.000 -99.000 -99.000 -9999.0 -9999.0 -9999.0 -9999.0 -9999.0
53139 20081213  1.302 -117.14   36.60    19.5     2.9    11.2    12.1     0.0    11.11 R    24.8     4.8    12.6 -9999.0 -9999.0 -9999.0 -99.000 -99.000 -99.000 -99.000 -99.000 -9999.0 -9999.0 -9999.0 -9999.0 -9999.0
53139 20081214  1.302 -117.14   36.60    13.0     3.8     8.4     9.3     0.0    11.30 R    22.5     3.6    10.3 -9999.0 -9999.0 -9999.0 -99.000 -99.000 -99.000 -99.000 -99.000 -9999.0 -9999.0 -9999.0 -9999.0 -9999.0
53139 20081215  1.302 -117.14   36.60     9.7     4.6     7.1     7.3     2.3     1.14 R     9.7     4.0     7.2 -9999.0 -9999.0 -9999.0 -99.000 -99.000 -99.000 -99.000 -99.000 -9999.0 -9999.0 -9999.0 -9999.0 -9999.0
53139 20081216  1.302 -117.14   36.60    12.4     2.0     7.2     7.9     0.0     9.95 R    18.0     2.1     8.2 -9999.0 -9999.0 -9999.0 -99.000 -99.000 -99.000 -99.000 -99.000 -9999.0 -9999.0 -9999.0 -9999.0 -9999.0
53139 20081217  1.302 -117.14   36.60    11.8     6.3     9.0     9.6     0.0     3.65 R    12.9     5.8     8.7 -9999.0 -9999.0 -9999.0 -99.000 -99.000 -99.000 -99.000 -99.000 -9999.0 -9999.0 -9999.0 -9999.0 -9999.0
53139 20081218  1.302 -117.14   36.60    11.0     5.3     8.2     9.0     0.0     8.40 R    19.7     4.1    10.1 -9999.0 -9999.0 -9999.0 -99.000 -99.000 -99.000 -99.000 -99.000 -9999.0 -9999.0 -9999.0 -9999.0 -9999.0
53139 20081219  1.302 -117.14   36.60    12.3     2.8     7.5     8.0     0.0    11.14 R    20.9     3.1     9.3 -9999.0 -9999.0 -9999.0 -99.000 -99.000 -99.000 -99.000 -99.000 -9999.0 -9999.0 -9999.0 -9999.0 -9999.0
53139 20081220  1.302 -117.14   36.60    12.2     2.2     7.2     7.5     0.0    11.03 R    20.3     1.8     8.8 -9999.0 -9999.0 -9999.0 -99.000 -99.000 -99.000 -99.000 -99.000 -9999.0 -9999.0 -9999.0 -9999.0 -9999.0
53139 20081221  1.302 -117.14   36.60    12.6     2.6     7.6     8.1     0.0     9.77 R    19.7     3.2     9.2 -9999.0 -9999.0 -9999.0 -99.000 -99.000 -99.000 -99.000 -99.000 -9999.0 -9999.0 -9999.0 -9999.0 -9999.0
53139 20081222  1.302 -117.14   36.60    14.8     3.2     9.0     9.7     0.0    10.48 R    22.1     3.4    10.5 -9999.0 -9999.0 -9999.0 -99.000 -99.000 -99.000 -99.000 -99.000 -9999.0 -9999.0 -9999.0 -9999.0 -9999.0
53139 20081223  1.302 -117.14   36.60    14.9     4.8     9.9    10.3     0.0    11.22 R    22.8     4.4    11.2 -9999.0 -9999.0 -9999.0 -99.000 -99.000 -99.000 -99.000 -99.000 -9999.0 -9999.0 -9999.0 -9999.0 -9999.0
53139 20081224  1.302 -117.14   36.60    12.4     6.1     9.2     9.7     0.0     4.75 R    18.1     5.7    10.2 -9999.0 -9999.0 -9999.0 -99.000 -99.000 -99.000 -99.000 -99.000 -9999.0 -9999.0 -9999.0 -9999.0 -9999.0
53139 20081225  1.302 -117.14   36.60    20.7     7.9    14.3    12.2     0.0     8.47 R    22.5     6.3    12.0 -9999.0 -9999.0 -9999.0 -99.000 -99.000 -99.000 -99.000 -99.000 -9999.0 -9999.0 -9999.0 -9999.0 -9999.0
53139 20081226  1.302 -117.14   36.60    13.5     4.7     9.1     9.1     0.0     9.56 R    17.2     3.7     8.2 -9999.0 -9999.0 -9999.0 -99.000 -99.000 -99.000 -99.000 -99.000 -9999.0 -9999.0 -9999.0 -9999.0 -9999.0
53139 20081227  1.302 -117.14   36.60    11.3     0.7     6.0     6.9     0.0    10.72 R    19.3     0.6     7.5 -9999.0 -9999.0 -9999.0 -99.000 -99.000 -99.000 -99.000 -99.000 -9999.0 -9999.0 -9999.0 -9999.0 -9999.0
53139 20081228  1.302 -117.14   36.60    12.3    -0.5     5.9     6.8     0.0    11.53 R    21.0     0.1     8.1 -9999.0 -9999.0 -9999.0 -99.000 -99.000 -99.000 -99.000 -99.000 -9999.0 -9999.0 -9999.0 -9999.0 -9999.0
53139 20081229  1.302 -117.14   36.60    13.2     2.0     7.6     7.8     0.0    11.16 R    21.6     1.4     8.9 -9999.0 -9999.0 -9999.0 -99.000 -99.000 -99.000 -99.000 -99.000 -9999.0 -9999.0 -9999.0 -9999.0 -9999.0
53139 20081230  1.302 -117.14   36.60    14.4     2.9     8.6     8.9     0.0    11.13 R    22.7     2.9     9.8 -9999.0 -9999.0 -9999.0 -99.000 -99.000 -99.000 -99.000 -99.000 -9999.0 -9999.0 -9999.0 -9999.0 -9999.0
53139 20081231  1.302 -117.14   36.60    15.3     3.8     9.6     9.5     0.0    11.39 R    23.8     3.1    10.4 -9999.0 -9999.0 -9999.0 -99.000 -99.000 -99.000 -99.000 -99.000 -9999.0 -9999.0 -9999.0 -9999.0 -9999.0
