53149 20071002  1.302 -111.29   38.30 -9999.0 -9999.0 -9999.0 -9999.0 -9999.0 -9999.00 U -9999.0 -9999.0 -9999.0 -9999.0 -9999.0 -9999.0 -99.000 -99.000 -99.000 -99.000 -99.000 -9999.0 -9999.0 -9999.0 -9999.0 -9999.0
53149 20071003  1.302 -111.29   38.30 -9999.0 -9999.0 -9999.0 -9999.0 -9999.0 -9999.00 U -9999.0 -9999.0 -9999.0 -9999.0 -9999.0 -9999.0 -99.000 -99.000 -99.000 -99.000 -99.000 -9999.0 -9999.0 -9999.0 -9999.0 -9999.0
53149 20071004  1.302 -111.29   38.30 -9999.0 -9999.0 -9999.0 -9999.0 -9999.0 -9999.00 U -9999.0 -9999.0 -9999.0 -9999.0 -9999.0 -9999.0 -99.000 -99.000 -99.000 -99.000 -99.000 -9999.0 -9999.0 -9999.0 -9999.0 -9999.0
53149 20071005  1.302 -111.29   38.30    18.2     8.1    13.1    14.1     1.0    10.91 R    32.5     6.3    13.9 -9999.0 -9999.0 -9999.0 -99.000 -99.000 -99.000 -99.000 -99.000 -9999.0 -9999.0 -9999.0 -9999.0 -9999.0
53149 20071006  1.302 -111.29   38.30    10.3     2.0     6.2     5.4     0.0    17.94 R    28.0    -0.3     7.4 -9999.0 -9999.0 -9999.0 -99.000 -99.000 -99.000 -99.000 -99.000 -9999.0 -9999.0 -9999.0 -9999.0 -9999.0
53149 20071007  1.302 -111.29   38.30    11.6     0.7     6.2     5.5     0.0    20.34 R    28.8    -1.7     8.1 -9999.0 -9999.0 -9999.0 -99.000 -99.000 -99.000 -99.000 -99.000 -9999.0 -9999.0 -9999.0 -9999.0 -9999.0
53149 20071008  1.302 -111.29   38.30    13.4    -0.7     6.3     6.7     0.0    20.16 R    32.8    -1.9     9.8 -9999.0 -9999.0 -9999.0 -99.000 -99.000 -99.000 -99.000 -99.000 -9999.0 -9999.0 -9999.0 -9999.0 -9999.0
53149 20071009  1.302 -111.29   38.30    18.1     1.6     9.9     9.8     0.0    19.44 R    35.6    -0.1    12.1 -9999.0 -9999.0 -9999.0 -99.000 -99.000 -99.000 -99.000 -99.000 -9999.0 -9999.0 -9999.0 -9999.0 -9999.0
53149 20071010  1.302 -111.29   38.30    22.8     4.3    13.5    13.3     0.0    19.68 R    36.2     2.2    13.9 -9999.0 -9999.0 -9999.0 -99.000 -99.000 -99.000 -99.000 -99.000 -9999.0 -9999.0 -9999.0 -9999.0 -9999.0
53149 20071011  1.302 -111.29   38.30    21.3     6.3    13.8    13.8     0.0    19.63 R    37.5     2.9    14.6 -9999.0 -9999.0 -9999.0 -99.000 -99.000 -99.000 -99.000 -99.000 -9999.0 -9999.0 -9999.0 -9999.0 -9999.0
53149 20071012  1.302 -111.29   38.30    18.3     7.2    12.7    12.2     0.0     7.12 R    24.9     4.7    11.0 -9999.0 -9999.0 -9999.0 -99.000 -99.000 -99.000 -99.000 -99.000 -9999.0 -9999.0 -9999.0 -9999.0 -9999.0
53149 20071013  1.302 -111.29   38.30    15.6     4.5    10.0    10.0     0.0    12.83 R    29.3     2.5    11.0 -9999.0 -9999.0 -9999.0 -99.000 -99.000 -99.000 -99.000 -99.000 -9999.0 -9999.0 -9999.0 -9999.0 -9999.0
53149 20071014  1.302 -111.29   38.30    15.6     4.5    10.0     9.9     0.0    16.61 R    33.9     2.1    11.9 -9999.0 -9999.0 -9999.0 -99.000 -99.000 -99.000 -99.000 -99.000 -9999.0 -9999.0 -9999.0 -9999.0 -9999.0
53149 20071015  1.302 -111.29   38.30    17.3     2.9    10.1    10.3     0.0    18.37 R    33.1     1.3    11.8 -9999.0 -9999.0 -9999.0 -99.000 -99.000 -99.000 -99.000 -99.000 -9999.0 -9999.0 -9999.0 -9999.0 -9999.0
53149 20071016  1.302 -111.29   38.30    14.9     4.3     9.6     9.0     0.0    10.07 R    26.7     2.9    10.3 -9999.0 -9999.0 -9999.0 -99.000 -99.000 -99.000 -99.000 -99.000 -9999.0 -9999.0 -9999.0 -9999.0 -9999.0
53149 20071017  1.302 -111.29   38.30    11.0     4.2     7.6     7.4     0.0    12.56 R    24.0     1.3     7.7 -9999.0 -9999.0 -9999.0 -99.000 -99.000 -99.000 -99.000 -99.000 -9999.0 -9999.0 -9999.0 -9999.0 -9999.0
53149 20071018  1.302 -111.29   38.30    12.3     1.1     6.7     7.3     0.0    17.94 R    29.4    -1.6     8.9 -9999.0 -9999.0 -9999.0 -99.000 -99.000 -99.000 -99.000 -99.000 -9999.0 -9999.0 -9999.0 -9999.0 -9999.0
53149 20071019  1.302 -111.29   38.30    20.2     3.8    12.0    12.0     0.0    17.54 R    32.6     1.3    12.3 -9999.0 -9999.0 -9999.0 -99.000 -99.000 -99.000 -99.000 -99.000 -9999.0 -9999.0 -9999.0 -9999.0 -9999.0
53149 20071020  1.302 -111.29   38.30    21.7     0.6    11.1    11.3     0.0    13.69 R    35.3    -1.5    10.6 -9999.0 -9999.0 -9999.0 -99.000 -99.000 -99.000 -99.000 -99.000 -9999.0 -9999.0 -9999.0 -9999.0 -9999.0
53149 20071021  1.302 -111.29   38.30     7.5    -1.0     3.2     2.7     0.0    16.36 R    24.5    -4.4     3.9 -9999.0 -9999.0 -9999.0 -99.000 -99.000 -99.000 -99.000 -99.000 -9999.0 -9999.0 -9999.0 -9999.0 -9999.0
53149 20071022  1.302 -111.29   38.30    10.0    -3.4     3.3     3.7     0.0    17.16 R    27.2    -4.9     5.7 -9999.0 -9999.0 -9999.0 -99.000 -99.000 -99.000 -99.000 -99.000 -9999.0 -9999.0 -9999.0 -9999.0 -9999.0
53149 20071023  1.302 -111.29   38.30    14.2     2.2     8.2     8.2     0.0    17.14 R    29.8    -0.9     9.0 -9999.0 -9999.0 -9999.0 -99.000 -99.000 -99.000 -99.000 -99.000 -9999.0 -9999.0 -9999.0 -9999.0 -9999.0
53149 20071024  1.302 -111.29   38.30    15.7     1.1     8.4     8.7     0.0    17.04 R    31.0    -0.9     9.6 -9999.0 -9999.0 -9999.0 -99.000 -99.000 -99.000 -99.000 -99.000 -9999.0 -9999.0 -9999.0 -9999.0 -9999.0
53149 20071025  1.302 -111.29   38.30    16.7     2.2     9.5     9.2     0.0    16.57 R    31.6     0.1    10.1 -9999.0 -9999.0 -9999.0 -99.000 -99.000 -99.000 -99.000 -99.000 -9999.0 -9999.0 -9999.0 -9999.0 -9999.0
53149 20071026  1.302 -111.29   38.30    17.8     3.7    10.8    10.4     0.0    16.18 R    31.7     1.1    10.7 -9999.0 -9999.0 -9999.0 -99.000 -99.000 -99.000 -99.000 -99.000 -9999.0 -9999.0 -9999.0 -9999.0 -9999.0
53149 20071027  1.302 -111.29   38.30    16.8     5.5    11.1    10.8     0.0    12.08 R    29.4     2.9    10.9 -9999.0 -9999.0 -9999.0 -99.000 -99.000 -99.000 -99.000 -99.000 -9999.0 -9999.0 -9999.0 -9999.0 -9999.0
53149 20071028  1.302 -111.29   38.30    17.4     4.6    11.0    11.0     0.0    12.77 R    30.7     2.6    10.9 -9999.0 -9999.0 -9999.0 -99.000 -99.000 -99.000 -99.000 -99.000 -9999.0 -9999.0 -9999.0 -9999.0 -9999.0
53149 20071029  1.302 -111.29   38.30    13.6     4.2     8.9     9.3     0.0     7.14 R    23.8     2.4     9.4 -9999.0 -9999.0 -9999.0 -99.000 -99.000 -99.000 -99.000 -99.000 -9999.0 -9999.0 -9999.0 -9999.0 -9999.0
53149 20071030  1.302 -111.29   38.30    16.7     7.6    12.1    10.8     0.0     5.40 R    22.1     3.8     9.8 -9999.0 -9999.0 -9999.0 -99.000 -99.000 -99.000 -99.000 -99.000 -9999.0 -9999.0 -9999.0 -9999.0 -9999.0
53149 20071031  1.302 -111.29   38.30    14.4     5.1     9.8     9.4     0.0    15.10 R    29.2     2.0     9.8 -9999.0 -9999.0 -9999.0 -99.000 -99.000 -99.000 -99.000 -99.000 -9999.0 -9999.0 -9999.0 -9999.0 -9999.0
53149 20071101  1.302 -111.29   38.30    15.1     1.8     8.4     8.6     0.0    14.76 R    27.7    -0.3     9.1 -9999.0 -9999.0 -9999.0 -99.000 -99.000 -99.000 -99.000 -99.000 -9999.0 -9999.0 -9999.0 -9999.0 -9999.0
53149 20071102  1.302 -111.29   38.30    13.7     3.0     8.3     8.0     0.0    13.92 R    27.7    -0.1     8.1 -9999.0 -9999.0 -9999.0 -99.000 -99.000 -99.000 -99.000 -99.000 -9999.0 -9999.0 -9999.0 -9999.0 -9999.0
53149 20071103  1.302 -111.29   38.30    14.2    -0.9     6.7     6.5     0.0    15.21 R    26.8    -2.5     6.4 -9999.0 -9999.0 -9999.0 -99.000 -99.000 -99.000 -99.000 -99.000 -9999.0 -9999.0 -9999.0 -9999.0 -9999.0
53149 20071104  1.302 -111.29   38.30    14.1    -0.9     6.6     6.6     0.0    14.67 R    26.3    -3.3     6.3 -9999.0 -9999.0 -9999.0 -99.000 -99.000 -99.000 -99.000 -99.000 -9999.0 -9999.0 -9999.0 -9999.0 -9999.0
53149 20071105  1.302 -111.29   38.30    14.7     0.7     7.7     7.4     0.0    14.88 R    26.7    -2.2     6.9 -9999.0 -9999.0 -9999.0 -99.000 -99.000 -99.000 -99.000 -99.000 -9999.0 -9999.0 -9999.0 -9999.0 -9999.0
53149 20071106  1.302 -111.29   38.30    14.2     2.7     8.5     7.7     0.0    13.75 R    26.0    -0.2     7.5 -9999.0 -9999.0 -9999.0 -99.000 -99.000 -99.000 -99.000 -99.000 -9999.0 -9999.0 -9999.0 -9999.0 -9999.0
53149 20071107  1.302 -111.29   38.30    15.3     2.7     9.0     8.9     0.0    13.10 R    25.9     0.5     8.2 -9999.0 -9999.0 -9999.0 -99.000 -99.000 -99.000 -99.000 -99.000 -9999.0 -9999.0 -9999.0 -9999.0 -9999.0
53149 20071108  1.302 -111.29   38.30    16.2     4.4    10.3     9.6     0.0    13.35 R    27.3     1.4     8.9 -9999.0 -9999.0 -9999.0 -99.000 -99.000 -99.000 -99.000 -99.000 -9999.0 -9999.0 -9999.0 -9999.0 -9999.0
53149 20071109  1.302 -111.29   38.30    14.0     2.9     8.5     8.5     0.0    10.64 R    25.0     0.9     8.4 -9999.0 -9999.0 -9999.0 -99.000 -99.000 -99.000 -99.000 -99.000 -9999.0 -9999.0 -9999.0 -9999.0 -9999.0
53149 20071110  1.302 -111.29   38.30    16.3     4.6    10.4    10.6     0.0    12.43 R    26.5     2.2     9.3 -9999.0 -9999.0 -9999.0 -99.000 -99.000 -99.000 -99.000 -99.000 -9999.0 -9999.0 -9999.0 -9999.0 -9999.0
53149 20071111  1.302 -111.29   38.30    14.5     6.7    10.6    10.3     0.0     4.61 R    19.9     1.7     8.4 -9999.0 -9999.0 -9999.0 -99.000 -99.000 -99.000 -99.000 -99.000 -9999.0 -9999.0 -9999.0 -9999.0 -9999.0
53149 20071112  1.302 -111.29   38.30    12.3     3.9     8.1     7.5     0.3     9.27 R    23.6     1.1     7.7 -9999.0 -9999.0 -9999.0 -99.000 -99.000 -99.000 -99.000 -99.000 -9999.0 -9999.0 -9999.0 -9999.0 -9999.0
53149 20071113  1.302 -111.29   38.30    16.5     2.4     9.4     8.9     0.0    13.34 R    25.0    -1.0     7.3 -9999.0 -9999.0 -9999.0 -99.000 -99.000 -99.000 -99.000 -99.000 -9999.0 -9999.0 -9999.0 -9999.0 -9999.0
53149 20071114  1.302 -111.29   38.30    13.5     1.5     7.5     8.4     0.0    13.43 R    22.2    -1.4     6.7 -9999.0 -9999.0 -9999.0 -99.000 -99.000 -99.000 -99.000 -99.000 -9999.0 -9999.0 -9999.0 -9999.0 -9999.0
53149 20071115  1.302 -111.29   38.30    10.8    -2.2     4.3     3.9     0.0    13.02 R    20.7    -4.2     3.4 -9999.0 -9999.0 -9999.0 -99.000 -99.000 -99.000 -99.000 -99.000 -9999.0 -9999.0 -9999.0 -9999.0 -9999.0
53149 20071116  1.302 -111.29   38.30    12.8     1.3     7.0     6.8     0.0    12.76 R    21.5    -2.6     5.1 -9999.0 -9999.0 -9999.0 -99.000 -99.000 -99.000 -99.000 -99.000 -9999.0 -9999.0 -9999.0 -9999.0 -9999.0
53149 20071117  1.302 -111.29   38.30    18.7     4.6    11.7    10.0     0.0    12.48 R    24.9     1.2     7.9 -9999.0 -9999.0 -9999.0 -99.000 -99.000 -99.000 -99.000 -99.000 -9999.0 -9999.0 -9999.0 -9999.0 -9999.0
53149 20071118  1.302 -111.29   38.30    13.9     2.8     8.3     7.8     0.0    11.10 R    21.5    -0.2     6.1 -9999.0 -9999.0 -9999.0 -99.000 -99.000 -99.000 -99.000 -99.000 -9999.0 -9999.0 -9999.0 -9999.0 -9999.0
53149 20071119  1.302 -111.29   38.30    20.7     1.7    11.2    10.2     0.0    12.86 R    23.8    -1.9     6.4 -9999.0 -9999.0 -9999.0 -99.000 -99.000 -99.000 -99.000 -99.000 -9999.0 -9999.0 -9999.0 -9999.0 -9999.0
53149 20071120  1.302 -111.29   38.30    16.2    -0.5     7.9    10.1     0.0    12.38 R    24.2    -2.8     7.1 -9999.0 -9999.0 -9999.0 -99.000 -99.000 -99.000 -99.000 -99.000 -9999.0 -9999.0 -9999.0 -9999.0 -9999.0
53149 20071121  1.302 -111.29   38.30     2.3    -8.0    -2.9    -2.4     0.0     7.67 R    13.8    -9.7    -2.6 -9999.0 -9999.0 -9999.0 -99.000 -99.000 -99.000 -99.000 -99.000 -9999.0 -9999.0 -9999.0 -9999.0 -9999.0
53149 20071122  1.302 -111.29   38.30     0.3   -10.6    -5.2    -4.2     0.0     9.57 R    10.8   -11.9    -3.3 -9999.0 -9999.0 -9999.0 -99.000 -99.000 -99.000 -99.000 -99.000 -9999.0 -9999.0 -9999.0 -9999.0 -9999.0
53149 20071123  1.302 -111.29   38.30     4.4    -4.7    -0.1    -0.7     1.3     7.97 R     9.0    -7.2    -2.3 -9999.0 -9999.0 -9999.0 -99.000 -99.000 -99.000 -99.000 -99.000 -9999.0 -9999.0 -9999.0 -9999.0 -9999.0
53149 20071124  1.302 -111.29   38.30     4.0    -7.7    -1.9    -1.9     0.0    12.21 R    12.7    -9.7    -3.4 -9999.0 -9999.0 -9999.0 -99.000 -99.000 -99.000 -99.000 -99.000 -9999.0 -9999.0 -9999.0 -9999.0 -9999.0
53149 20071125  1.302 -111.29   38.30     3.9    -6.9    -1.5    -1.0     0.0    11.72 R    12.6    -9.7    -2.2 -9999.0 -9999.0 -9999.0 -99.000 -99.000 -99.000 -99.000 -99.000 -9999.0 -9999.0 -9999.0 -9999.0 -9999.0
53149 20071126  1.302 -111.29   38.30     9.9    -3.6     3.2     2.4     0.0    12.13 R    15.8    -6.4    -0.1 -9999.0 -9999.0 -9999.0 -99.000 -99.000 -99.000 -99.000 -99.000 -9999.0 -9999.0 -9999.0 -9999.0 -9999.0
53149 20071127  1.302 -111.29   38.30    13.2    -5.4     3.9     2.6     0.0    12.22 R    19.6    -9.1     0.3 -9999.0 -9999.0 -9999.0 -99.000 -99.000 -99.000 -99.000 -99.000 -9999.0 -9999.0 -9999.0 -9999.0 -9999.0
53149 20071128  1.302 -111.29   38.30     2.7    -5.4    -1.4    -2.0     0.0    12.02 R    12.2    -9.1    -3.3 -9999.0 -9999.0 -9999.0 -99.000 -99.000 -99.000 -99.000 -99.000 -9999.0 -9999.0 -9999.0 -9999.0 -9999.0
53149 20071129  1.302 -111.29   38.30     1.9    -8.2    -3.2    -3.5     0.0     9.13 R     9.6   -10.0    -4.7 -9999.0 -9999.0 -9999.0 -99.000 -99.000 -99.000 -99.000 -99.000 -9999.0 -9999.0 -9999.0 -9999.0 -9999.0
53149 20071130  1.302 -111.29   38.30     4.1    -5.5    -0.7    -0.8     2.2     5.29 R    11.1    -7.0     0.0 -9999.0 -9999.0 -9999.0 -99.000 -99.000 -99.000 -99.000 -99.000 -9999.0 -9999.0 -9999.0 -9999.0 -9999.0
53149 20071201  1.302 -111.29   38.30     8.3    -1.8     3.2     2.5     2.5    11.14 R    10.9    -4.9     1.1 -9999.0 -9999.0 -9999.0 -99.000 -99.000 -99.000 -99.000 -99.000 -9999.0 -9999.0 -9999.0 -9999.0 -9999.0
53149 20071202  1.302 -111.29   38.30     2.0    -5.2    -1.6    -1.6     0.0     9.75 R     7.7    -7.9    -3.3 -9999.0 -9999.0 -9999.0 -99.000 -99.000 -99.000 -99.000 -99.000 -9999.0 -9999.0 -9999.0 -9999.0 -9999.0
53149 20071203  1.302 -111.29   38.30     3.1    -7.4    -2.2    -2.5     0.0    10.33 R     9.7    -9.1    -3.7 -9999.0 -9999.0 -9999.0 -99.000 -99.000 -99.000 -99.000 -99.000 -9999.0 -9999.0 -9999.0 -9999.0 -9999.0
53149 20071204  1.302 -111.29   38.30     9.1    -5.7     1.7     0.3     0.0    11.03 R    11.8    -7.1    -1.5 -9999.0 -9999.0 -9999.0 -99.000 -99.000 -99.000 -99.000 -99.000 -9999.0 -9999.0 -9999.0 -9999.0 -9999.0
53149 20071205  1.302 -111.29   38.30     5.2    -2.0     1.6     0.9     0.0     6.69 R    12.7    -4.0    -0.2 -9999.0 -9999.0 -9999.0 -99.000 -99.000 -99.000 -99.000 -99.000 -9999.0 -9999.0 -9999.0 -9999.0 -9999.0
53149 20071206  1.302 -111.29   38.30     3.9    -2.7     0.6     0.4     0.9     6.25 R    10.8    -4.5     0.5 -9999.0 -9999.0 -9999.0 -99.000 -99.000 -99.000 -99.000 -99.000 -9999.0 -9999.0 -9999.0 -9999.0 -9999.0
53149 20071207  1.302 -111.29   38.30     9.0    -0.2     4.4     2.9     6.2     9.68 R    12.0    -2.0     0.6 -9999.0 -9999.0 -9999.0 -99.000 -99.000 -99.000 -99.000 -99.000 -9999.0 -9999.0 -9999.0 -9999.0 -9999.0
53149 20071208  1.302 -111.29   38.30     4.2    -2.9     0.6     0.5     0.0    10.24 R     7.6    -5.6    -1.6 -9999.0 -9999.0 -9999.0 -99.000 -99.000 -99.000 -99.000 -99.000 -9999.0 -9999.0 -9999.0 -9999.0 -9999.0
53149 20071209  1.302 -111.29   38.30     2.1    -5.2    -1.5    -1.9     0.0     9.56 R     6.2    -7.4    -3.7 -9999.0 -9999.0 -9999.0 -99.000 -99.000 -99.000 -99.000 -99.000 -9999.0 -9999.0 -9999.0 -9999.0 -9999.0
53149 20071210  1.302 -111.29   38.30     0.3    -7.6    -3.7    -3.7     1.7     6.82 R     8.3    -9.0    -3.5 -9999.0 -9999.0 -9999.0 -99.000 -99.000 -99.000 -99.000 -99.000 -9999.0 -9999.0 -9999.0 -9999.0 -9999.0
53149 20071211  1.302 -111.29   38.30     1.0    -7.2    -3.1    -3.7     0.7    10.93 R     3.0   -10.1    -5.6 -9999.0 -9999.0 -9999.0 -99.000 -99.000 -99.000 -99.000 -99.000 -9999.0 -9999.0 -9999.0 -9999.0 -9999.0
53149 20071212  1.302 -111.29   38.30    -1.6   -10.9    -6.2    -6.2     0.0    11.01 R     2.3   -12.7    -7.9 -9999.0 -9999.0 -9999.0 -99.000 -99.000 -99.000 -99.000 -99.000 -9999.0 -9999.0 -9999.0 -9999.0 -9999.0
53149 20071213  1.302 -111.29   38.30    -4.2    -7.2    -5.7    -5.6     0.0     2.75 R     2.0    -9.2    -5.2 -9999.0 -9999.0 -9999.0 -99.000 -99.000 -99.000 -99.000 -99.000 -9999.0 -9999.0 -9999.0 -9999.0 -9999.0
53149 20071214  1.302 -111.29   38.30    -1.7    -8.3    -5.0    -5.7     0.0    10.66 R     2.5   -11.4    -7.9 -9999.0 -9999.0 -9999.0 -99.000 -99.000 -99.000 -99.000 -99.000 -9999.0 -9999.0 -9999.0 -9999.0 -9999.0
53149 20071215  1.302 -111.29   38.30    -3.0   -11.6    -7.3    -7.6     0.0    10.65 R     4.4   -13.7    -8.6 -9999.0 -9999.0 -9999.0 -99.000 -99.000 -99.000 -99.000 -99.000 -9999.0 -9999.0 -9999.0 -9999.0 -9999.0
53149 20071216  1.302 -111.29   38.30    -3.3   -12.3    -7.8    -8.2     0.0    10.82 R     4.3   -13.5    -8.8 -9999.0 -9999.0 -9999.0 -99.000 -99.000 -99.000 -99.000 -99.000 -9999.0 -9999.0 -9999.0 -9999.0 -9999.0
53149 20071217  1.302 -111.29   38.30    -1.6   -10.4    -6.0    -6.8     0.0     9.17 R     4.9   -11.8    -7.8 -9999.0 -9999.0 -9999.0 -99.000 -99.000 -99.000 -99.000 -99.000 -9999.0 -9999.0 -9999.0 -9999.0 -9999.0
53149 20071218  1.302 -111.29   38.30    -0.7    -9.7    -5.2    -5.6     0.0     8.49 R     5.7   -11.7    -6.7 -9999.0 -9999.0 -9999.0 -99.000 -99.000 -99.000 -99.000 -99.000 -9999.0 -9999.0 -9999.0 -9999.0 -9999.0
53149 20071219  1.302 -111.29   38.30     5.8    -6.5    -0.4    -1.7     0.0     9.41 R     9.4    -7.7    -3.4 -9999.0 -9999.0 -9999.0 -99.000 -99.000 -99.000 -99.000 -99.000 -9999.0 -9999.0 -9999.0 -9999.0 -9999.0
53149 20071220  1.302 -111.29   38.30     3.2    -4.7    -0.7    -1.1     0.9     7.91 R     8.6    -7.6    -2.2 -9999.0 -9999.0 -9999.0 -99.000 -99.000 -99.000 -99.000 -99.000 -9999.0 -9999.0 -9999.0 -9999.0 -9999.0
53149 20071221  1.302 -111.29   38.30    -2.2    -8.4    -5.3    -5.0     0.0     9.90 R     1.3   -12.0    -7.4 -9999.0 -9999.0 -9999.0 -99.000 -99.000 -99.000 -99.000 -99.000 -9999.0 -9999.0 -9999.0 -9999.0 -9999.0
53149 20071222  1.302 -111.29   38.30    -0.8   -10.1    -5.4    -6.3     0.0    10.83 R     4.2   -12.9    -7.8 -9999.0 -9999.0 -9999.0 -99.000 -99.000 -99.000 -99.000 -99.000 -9999.0 -9999.0 -9999.0 -9999.0 -9999.0
53149 20071223  1.302 -111.29   38.30     4.2    -8.7    -2.2    -2.3     0.0    10.00 R     7.6   -11.4    -4.8 -9999.0 -9999.0 -9999.0 -99.000 -99.000 -99.000 -99.000 -99.000 -9999.0 -9999.0 -9999.0 -9999.0 -9999.0
53149 20071224  1.302 -111.29   38.30     1.4    -6.0    -2.3    -2.1     1.4    10.31 R     7.6    -8.3    -2.7 -9999.0 -9999.0 -9999.0 -99.000 -99.000 -99.000 -99.000 -99.000 -9999.0 -9999.0 -9999.0 -9999.0 -9999.0
53149 20071225  1.302 -111.29   38.30    -2.0   -10.9    -6.4    -5.8     0.0    11.12 R     1.8   -13.5    -8.5 -9999.0 -9999.0 -9999.0 -99.000 -99.000 -99.000 -99.000 -99.000 -9999.0 -9999.0 -9999.0 -9999.0 -9999.0
53149 20071226  1.302 -111.29   38.30    -3.6   -12.0    -7.8    -7.9     0.4     9.76 R     3.2   -14.3    -7.6 -9999.0 -9999.0 -9999.0 -99.000 -99.000 -99.000 -99.000 -99.000 -9999.0 -9999.0 -9999.0 -9999.0 -9999.0
53149 20071227  1.302 -111.29   38.30    -4.9   -11.7    -8.3    -8.4     0.0    11.11 R     0.5   -14.5   -10.5 -9999.0 -9999.0 -9999.0 -99.000 -99.000 -99.000 -99.000 -99.000 -9999.0 -9999.0 -9999.0 -9999.0 -9999.0
53149 20071228  1.302 -111.29   38.30    -5.8   -15.2   -10.5   -10.6     0.0     9.10 R     2.1   -16.3   -11.2 -9999.0 -9999.0 -9999.0 -99.000 -99.000 -99.000 -99.000 -99.000 -9999.0 -9999.0 -9999.0 -9999.0 -9999.0
53149 20071229  1.302 -111.29   38.30    -3.8   -12.8    -8.3    -7.9     0.0     8.87 R     2.1   -14.8    -8.9 -9999.0 -9999.0 -9999.0 -99.000 -99.000 -99.000 -99.000 -99.000 -9999.0 -9999.0 -9999.0 -9999.0 -9999.0
53149 20071230  1.302 -111.29   38.30     6.7    -8.2    -0.7    -0.1     0.0    10.91 R    11.6   -11.5    -3.4 -9999.0 -9999.0 -9999.0 -99.000 -99.000 -99.000 -99.000 -99.000 -9999.0 -9999.0 -9999.0 -9999.0 -9999.0
53149 20071231  1.302 -111.29   38.30    -2.5   -11.3    -6.9    -6.3     0.0    11.29 R     6.4   -13.5    -7.3 -9999.0 -9999.0 -9999.0 -99.000 -99.000 -99.000 -99.000 -99.000 -9999.0 -9999.0 -9999.0 -9999.0 -9999.0
