03061 20070101  1.301 -108.50   37.26     0.8    -3.2    -1.2    -1.0     0.0     7.00 R    -1.1   -11.5    -5.7 -9999.0 -9999.0 -9999.0 -99.000 -99.000 -99.000 -99.000 -99.000 -9999.0 -9999.0 -9999.0 -9999.0 -9999.0
03061 20070102  1.301 -108.50   37.26     2.4    -4.2    -0.9    -0.8     0.0    12.32 R     1.0   -13.4    -7.4 -9999.0 -9999.0 -9999.0 -99.000 -99.000 -99.000 -99.000 -99.000 -9999.0 -9999.0 -9999.0 -9999.0 -9999.0
03061 20070103  1.301 -108.50   37.26     4.3    -3.5     0.4     0.2     0.0    11.84 R     2.3    -9.6    -4.7 -9999.0 -9999.0 -9999.0 -99.000 -99.000 -99.000 -99.000 -99.000 -9999.0 -9999.0 -9999.0 -9999.0 -9999.0
03061 20070104  1.301 -108.50   37.26     6.7    -0.5     3.1     1.7     0.0    11.16 R     2.7    -9.9    -3.6 -9999.0 -9999.0 -9999.0 -99.000 -99.000 -99.000 -99.000 -99.000 -9999.0 -9999.0 -9999.0 -9999.0 -9999.0
03061 20070105  1.301 -108.50   37.26     0.9    -9.6    -4.4    -4.9     2.2     9.28 R     0.6   -14.0    -6.1 -9999.0 -9999.0 -9999.0 -99.000 -99.000 -99.000 -99.000 -99.000 -9999.0 -9999.0 -9999.0 -9999.0 -9999.0
03061 20070106  1.301 -108.50   37.26    -2.5   -10.4    -6.5    -7.2     0.0    11.50 R    -1.8   -18.0   -11.5 -9999.0 -9999.0 -9999.0 -99.000 -99.000 -99.000 -99.000 -99.000 -9999.0 -9999.0 -9999.0 -9999.0 -9999.0
03061 20070107  1.301 -108.50   37.26    -4.4   -10.3    -7.4    -7.4 -9999.0    12.76 R    -5.2   -13.6   -10.1 -9999.0 -9999.0 -9999.0 -99.000 -99.000 -99.000 -99.000 -99.000 -9999.0 -9999.0 -9999.0 -9999.0 -9999.0
03061 20070108  1.301 -108.50   37.26     3.3    -7.4    -2.0    -1.5     0.0    12.90 R     0.6   -10.9    -5.7 -9999.0 -9999.0 -9999.0 -99.000 -99.000 -99.000 -99.000 -99.000 -9999.0 -9999.0 -9999.0 -9999.0 -9999.0
03061 20070109  1.301 -108.50   37.26     4.3    -3.7     0.3     1.3     0.0    13.16 R     1.7   -10.9    -5.0 -9999.0 -9999.0 -9999.0 -99.000 -99.000 -99.000 -99.000 -99.000 -9999.0 -9999.0 -9999.0 -9999.0 -9999.0
03061 20070110  1.301 -108.50   37.26     4.6    -1.2     1.7     1.1     0.0    10.67 R     2.2    -7.3    -3.2 -9999.0 -9999.0 -9999.0 -99.000 -99.000 -99.000 -99.000 -99.000 -9999.0 -9999.0 -9999.0 -9999.0 -9999.0
03061 20070111  1.301 -108.50   37.26     4.9    -2.9     1.0     0.9     0.0    12.34 R     1.7    -7.6    -2.5 -9999.0 -9999.0 -9999.0 -99.000 -99.000 -99.000 -99.000 -99.000 -9999.0 -9999.0 -9999.0 -9999.0 -9999.0
03061 20070112  1.301 -108.50   37.26     1.1    -5.0    -2.0    -1.3     7.3     2.30 R    -0.3    -5.1    -2.3 -9999.0 -9999.0 -9999.0 -99.000 -99.000 -99.000 -99.000 -99.000 -9999.0 -9999.0 -9999.0 -9999.0 -9999.0
03061 20070113  1.301 -108.50   37.26    -5.0   -10.4    -7.7    -7.9     3.9     4.98 R    -5.0   -14.8    -8.2 -9999.0 -9999.0 -9999.0 -99.000 -99.000 -99.000 -99.000 -99.000 -9999.0 -9999.0 -9999.0 -9999.0 -9999.0
03061 20070114  1.301 -108.50   37.26    -7.4   -17.8   -12.6   -13.8     2.7    10.56 R    -7.6   -26.2   -15.6 -9999.0 -9999.0 -9999.0 -99.000 -99.000 -99.000 -99.000 -99.000 -9999.0 -9999.0 -9999.0 -9999.0 -9999.0
03061 20070115  1.301 -108.50   37.26    -8.1   -16.8   -12.4   -13.1     0.0    13.97 R    -8.5   -27.0   -18.7 -9999.0 -9999.0 -9999.0 -99.000 -99.000 -99.000 -99.000 -99.000 -9999.0 -9999.0 -9999.0 -9999.0 -9999.0
03061 20070116  1.301 -108.50   37.26    -5.4   -13.0    -9.2    -9.1     0.0    13.96 R    -5.5   -23.7   -15.4 -9999.0 -9999.0 -9999.0 -99.000 -99.000 -99.000 -99.000 -99.000 -9999.0 -9999.0 -9999.0 -9999.0 -9999.0
03061 20070117  1.301 -108.50   37.26    -4.0   -11.9    -8.0    -8.9     0.0    13.97 R    -4.5   -20.9   -13.6 -9999.0 -9999.0 -9999.0 -99.000 -99.000 -99.000 -99.000 -99.000 -9999.0 -9999.0 -9999.0 -9999.0 -9999.0
03061 20070118  1.301 -108.50   37.26    -1.3    -9.7    -5.5    -5.9     0.0    14.33 R    -1.6   -21.5   -12.7 -9999.0 -9999.0 -9999.0 -99.000 -99.000 -99.000 -99.000 -99.000 -9999.0 -9999.0 -9999.0 -9999.0 -9999.0
03061 20070119  1.301 -108.50   37.26     2.9    -7.9    -2.5    -2.2     0.0    12.72 R    -0.5   -17.7    -8.6 -9999.0 -9999.0 -9999.0 -99.000 -99.000 -99.000 -99.000 -99.000 -9999.0 -9999.0 -9999.0 -9999.0 -9999.0
03061 20070120  1.301 -108.50   37.26    -1.0    -7.6    -4.3    -4.8     6.1     4.11 R    -1.4    -8.1    -4.7 -9999.0 -9999.0 -9999.0 -99.000 -99.000 -99.000 -99.000 -99.000 -9999.0 -9999.0 -9999.0 -9999.0 -9999.0
03061 20070121  1.301 -108.50   37.26    -5.7   -12.1    -8.9    -8.6     2.8     7.39 R    -1.6   -16.9   -10.6 -9999.0 -9999.0 -9999.0 -99.000 -99.000 -99.000 -99.000 -99.000 -9999.0 -9999.0 -9999.0 -9999.0 -9999.0
03061 20070122  1.301 -108.50   37.26 -9999.0 -9999.0 -9999.0 -9999.0 -9999.0 -9999.00 U -9999.0 -9999.0 -9999.0 -9999.0 -9999.0 -9999.0 -99.000 -99.000 -99.000 -99.000 -99.000 -9999.0 -9999.0 -9999.0 -9999.0 -9999.0
03061 20070123  1.301 -108.50   37.26     2.2    -8.3    -3.0    -3.8 -9999.0    12.25 R     0.6   -16.9    -9.9 -9999.0 -9999.0 -9999.0 -99.000 -99.000 -99.000 -99.000 -99.000 -9999.0 -9999.0 -9999.0 -9999.0 -9999.0
03061 20070124  1.301 -108.50   37.26     3.3    -4.5    -0.6    -0.4     0.0    14.94 R     1.4   -14.4    -7.6 -9999.0 -9999.0 -9999.0 -99.000 -99.000 -99.000 -99.000 -99.000 -9999.0 -9999.0 -9999.0 -9999.0 -9999.0
03061 20070125  1.301 -108.50   37.26     4.2    -1.8     1.2     1.0     0.0    13.03 R     1.7   -14.2    -7.4 -9999.0 -9999.0 -9999.0 -99.000 -99.000 -99.000 -99.000 -99.000 -9999.0 -9999.0 -9999.0 -9999.0 -9999.0
03061 20070126  1.301 -108.50   37.26     1.4    -4.6    -1.6    -1.2     0.0    15.11 R     0.2   -14.2    -6.8 -9999.0 -9999.0 -9999.0 -99.000 -99.000 -99.000 -99.000 -99.000 -9999.0 -9999.0 -9999.0 -9999.0 -9999.0
03061 20070127  1.301 -108.50   37.26     2.2    -5.0    -1.4    -2.3     0.0    14.81 R     1.6    -9.9    -5.6 -9999.0 -9999.0 -9999.0 -99.000 -99.000 -99.000 -99.000 -99.000 -9999.0 -9999.0 -9999.0 -9999.0 -9999.0
03061 20070128  1.301 -108.50   37.26     2.6    -5.0    -1.2    -1.9     0.0    15.25 R     1.5   -12.0    -5.7 -9999.0 -9999.0 -9999.0 -99.000 -99.000 -99.000 -99.000 -99.000 -9999.0 -9999.0 -9999.0 -9999.0 -9999.0
03061 20070129  1.301 -108.50   37.26     1.8    -4.7    -1.4    -2.4     0.0    15.41 R     0.3   -10.4    -5.8 -9999.0 -9999.0 -9999.0 -99.000 -99.000 -99.000 -99.000 -99.000 -9999.0 -9999.0 -9999.0 -9999.0 -9999.0
03061 20070130  1.301 -108.50   37.26    -0.4    -6.8    -3.6    -2.9     0.2     8.47 R    -0.1   -14.9    -6.7 -9999.0 -9999.0 -9999.0 -99.000 -99.000 -99.000 -99.000 -99.000 -9999.0 -9999.0 -9999.0 -9999.0 -9999.0
03061 20070131  1.301 -108.50   37.26    -3.4   -11.3    -7.3    -5.6    19.1     5.54 R    -2.9   -15.9    -6.1 -9999.0 -9999.0 -9999.0 -99.000 -99.000 -99.000 -99.000 -99.000 -9999.0 -9999.0 -9999.0 -9999.0 -9999.0
03061 20070201  1.301 -108.50   37.26    -7.4   -13.7   -10.6   -11.1     1.3    13.01 R    -6.6   -19.9   -13.1 -9999.0 -9999.0 -9999.0 -99.000 -99.000 -99.000 -99.000 -99.000 -9999.0 -9999.0 -9999.0 -9999.0 -9999.0
03061 20070202  1.301 -108.50   37.26    -7.1   -16.6   -11.9   -11.9     0.0    16.13 R    -7.6   -22.9   -15.3 -9999.0 -9999.0 -9999.0 -99.000 -99.000 -99.000 -99.000 -99.000 -9999.0 -9999.0 -9999.0 -9999.0 -9999.0
03061 20070203  1.301 -108.50   37.26    -0.3    -9.9    -5.1    -5.1     0.0    16.57 R    -2.1   -16.1    -9.9 -9999.0 -9999.0 -9999.0 -99.000 -99.000 -99.000 -99.000 -99.000 -9999.0 -9999.0 -9999.0 -9999.0 -9999.0
03061 20070204  1.301 -108.50   37.26     3.5    -3.1     0.2     0.0     0.0    16.23 R     1.3   -10.5    -5.0 -9999.0 -9999.0 -9999.0 -99.000 -99.000 -99.000 -99.000 -99.000 -9999.0 -9999.0 -9999.0 -9999.0 -9999.0
03061 20070205  1.301 -108.50   37.26     7.4    -2.7     2.4     2.7     0.0    16.68 R     2.9   -11.0    -3.6 -9999.0 -9999.0 -9999.0 -99.000 -99.000 -99.000 -99.000 -99.000 -9999.0 -9999.0 -9999.0 -9999.0 -9999.0
03061 20070206  1.301 -108.50   37.26     9.1     1.3     5.2     4.7     0.0    14.88 R     3.6    -9.1    -2.9 -9999.0 -9999.0 -9999.0 -99.000 -99.000 -99.000 -99.000 -99.000 -9999.0 -9999.0 -9999.0 -9999.0 -9999.0
03061 20070207  1.301 -108.50   37.26     8.0     1.7     4.8     4.9     0.0    15.28 R     3.1    -6.0    -1.6 -9999.0 -9999.0 -9999.0 -99.000 -99.000 -99.000 -99.000 -99.000 -9999.0 -9999.0 -9999.0 -9999.0 -9999.0
03061 20070208  1.301 -108.50   37.26     7.7     2.1     4.9     4.2     0.0    15.22 R     2.9    -5.7    -1.3 -9999.0 -9999.0 -9999.0 -99.000 -99.000 -99.000 -99.000 -99.000 -9999.0 -9999.0 -9999.0 -9999.0 -9999.0
03061 20070209  1.301 -108.50   37.26     7.3     1.7     4.5     3.7     0.0    13.32 R     3.5    -4.6    -0.7 -9999.0 -9999.0 -9999.0 -99.000 -99.000 -99.000 -99.000 -99.000 -9999.0 -9999.0 -9999.0 -9999.0 -9999.0
03061 20070210  1.301 -108.50   37.26     4.8     0.7     2.7     3.3     0.8     6.42 R     2.9    -1.2     0.5 -9999.0 -9999.0 -9999.0 -99.000 -99.000 -99.000 -99.000 -99.000 -9999.0 -9999.0 -9999.0 -9999.0 -9999.0
03061 20070211  1.301 -108.50   37.26     3.4    -0.7     1.3     0.9 -9999.0     4.71 R     4.0    -1.4     0.2 -9999.0 -9999.0 -9999.0 -99.000 -99.000 -99.000 -99.000 -99.000 -9999.0 -9999.0 -9999.0 -9999.0 -9999.0
03061 20070212  1.301 -108.50   37.26     3.0    -1.4     0.8     0.0     2.0     9.32 R     4.0    -5.7    -1.1 -9999.0 -9999.0 -9999.0 -99.000 -99.000 -99.000 -99.000 -99.000 -9999.0 -9999.0 -9999.0 -9999.0 -9999.0
03061 20070213  1.301 -108.50   37.26 -9999.0 -9999.0 -9999.0 -9999.0 -9999.0 -9999.00 U -9999.0 -9999.0 -9999.0 -9999.0 -9999.0 -9999.0 -99.000 -99.000 -99.000 -99.000 -99.000 -9999.0 -9999.0 -9999.0 -9999.0 -9999.0
03061 20070214  1.301 -108.50   37.26    -1.7    -7.6    -4.6    -4.9     0.0    16.13 R    -0.5   -10.9    -6.0 -9999.0 -9999.0 -9999.0 -99.000 -99.000 -99.000 -99.000 -99.000 -9999.0 -9999.0 -9999.0 -9999.0 -9999.0
03061 20070215  1.301 -108.50   37.26    -1.5    -9.2    -5.4    -5.2     0.0    18.19 R    -2.0   -11.2    -6.8 -9999.0 -9999.0 -9999.0 -99.000 -99.000 -99.000 -99.000 -99.000 -9999.0 -9999.0 -9999.0 -9999.0 -9999.0
03061 20070216  1.301 -108.50   37.26     4.3    -4.3     0.0    -0.4 -9999.0    16.57 R     1.9    -7.3    -2.9 -9999.0 -9999.0 -9999.0 -99.000 -99.000 -99.000 -99.000 -99.000 -9999.0 -9999.0 -9999.0 -9999.0 -9999.0
03061 20070217  1.301 -108.50   37.26 -9999.0 -9999.0 -9999.0 -9999.0 -9999.0 -9999.00 U -9999.0 -9999.0 -9999.0 -9999.0 -9999.0 -9999.0 -99.000 -99.000 -99.000 -99.000 -99.000 -9999.0 -9999.0 -9999.0 -9999.0 -9999.0
03061 20070218  1.301 -108.50   37.26     5.3    -2.1     1.6     1.5     0.0    13.51 R     2.7    -7.5    -2.2 -9999.0 -9999.0 -9999.0 -99.000 -99.000 -99.000 -99.000 -99.000 -9999.0 -9999.0 -9999.0 -9999.0 -9999.0
03061 20070219  1.301 -108.50   37.26     4.1    -2.4     0.8     0.3     1.4     8.89 R     2.3    -5.0    -0.9 -9999.0 -9999.0 -9999.0 -99.000 -99.000 -99.000 -99.000 -99.000 -9999.0 -9999.0 -9999.0 -9999.0 -9999.0
03061 20070220  1.301 -108.50   37.26     1.9    -3.3    -0.7    -1.5     0.0    12.13 R     2.1    -6.9    -2.5 -9999.0 -9999.0 -9999.0 -99.000 -99.000 -99.000 -99.000 -99.000 -9999.0 -9999.0 -9999.0 -9999.0 -9999.0
03061 20070221  1.301 -108.50   37.26     7.8    -1.9     3.0     2.0     0.0    19.50 R     3.9    -9.7    -2.6 -9999.0 -9999.0 -9999.0 -99.000 -99.000 -99.000 -99.000 -99.000 -9999.0 -9999.0 -9999.0 -9999.0 -9999.0
03061 20070222  1.301 -108.50   37.26     9.5     0.8     5.2     4.5     0.0    19.81 R     4.9    -3.8     0.0 -9999.0 -9999.0 -9999.0 -99.000 -99.000 -99.000 -99.000 -99.000 -9999.0 -9999.0 -9999.0 -9999.0 -9999.0
03061 20070223  1.301 -108.50   37.26     1.0    -8.7    -3.8    -2.4     5.1     4.54 R     0.2   -10.6    -4.0 -9999.0 -9999.0 -9999.0 -99.000 -99.000 -99.000 -99.000 -99.000 -9999.0 -9999.0 -9999.0 -9999.0 -9999.0
03061 20070224  1.301 -108.50   37.26    -2.5   -10.7    -6.6    -7.1     0.6    20.60 R    -1.7   -13.2    -8.5 -9999.0 -9999.0 -9999.0 -99.000 -99.000 -99.000 -99.000 -99.000 -9999.0 -9999.0 -9999.0 -9999.0 -9999.0
03061 20070225  1.301 -108.50   37.26     1.6    -8.2    -3.3    -3.8     0.0     9.94 R     0.3   -13.7    -6.0 -9999.0 -9999.0 -9999.0 -99.000 -99.000 -99.000 -99.000 -99.000 -9999.0 -9999.0 -9999.0 -9999.0 -9999.0
03061 20070226  1.301 -108.50   37.26     5.0    -3.6     0.7     0.4     0.0    19.75 R     4.0    -7.3    -1.4 -9999.0 -9999.0 -9999.0 -99.000 -99.000 -99.000 -99.000 -99.000 -9999.0 -9999.0 -9999.0 -9999.0 -9999.0
03061 20070227  1.301 -108.50   37.26     4.9    -2.6     1.2     0.9     0.0    13.58 R     4.5    -5.2    -1.0 -9999.0 -9999.0 -9999.0 -99.000 -99.000 -99.000 -99.000 -99.000 -9999.0 -9999.0 -9999.0 -9999.0 -9999.0
03061 20070228  1.301 -108.50   37.26    -1.2    -9.6    -5.4    -5.9     7.1    10.02 R    -1.0   -10.9    -5.7 -9999.0 -9999.0 -9999.0 -99.000 -99.000 -99.000 -99.000 -99.000 -9999.0 -9999.0 -9999.0 -9999.0 -9999.0
03061 20070301  1.301 -108.50   37.26    -4.3   -11.5    -7.9    -9.1     1.7    16.47 R    -1.6   -16.4   -11.0 -9999.0 -9999.0 -9999.0 -99.000 -99.000 -99.000 -99.000 -99.000 -9999.0 -9999.0 -9999.0 -9999.0 -9999.0
03061 20070302  1.301 -108.50   37.26    -4.2   -13.8    -9.0    -9.9     0.0    16.34 R    -1.3   -17.6   -12.0 -9999.0 -9999.0 -9999.0 -99.000 -99.000 -99.000 -99.000 -99.000 -9999.0 -9999.0 -9999.0 -9999.0 -9999.0
03061 20070303  1.301 -108.50   37.26    -2.3   -14.2    -8.2    -8.4     0.0    21.95 R    -0.7   -17.6   -10.4 -9999.0 -9999.0 -9999.0 -99.000 -99.000 -99.000 -99.000 -99.000 -9999.0 -9999.0 -9999.0 -9999.0 -9999.0
03061 20070304  1.301 -108.50   37.26     5.4    -7.1    -0.9    -1.1     0.0    22.06 R     3.1   -14.0    -5.0 -9999.0 -9999.0 -9999.0 -99.000 -99.000 -99.000 -99.000 -99.000 -9999.0 -9999.0 -9999.0 -9999.0 -9999.0
03061 20070305  1.301 -108.50   37.26     9.0     0.4     4.7     4.8     0.0    15.98 R     5.4    -6.0    -0.7 -9999.0 -9999.0 -9999.0 -99.000 -99.000 -99.000 -99.000 -99.000 -9999.0 -9999.0 -9999.0 -9999.0 -9999.0
03061 20070306  1.301 -108.50   37.26    10.1     1.4     5.7     5.6     0.0    16.63 R    10.0    -4.2     1.1 -9999.0 -9999.0 -9999.0 -99.000 -99.000 -99.000 -99.000 -99.000 -9999.0 -9999.0 -9999.0 -9999.0 -9999.0
03061 20070307  1.301 -108.50   37.26    10.7     1.2     5.9     5.6     0.0    21.71 R    13.4    -2.4     3.3 -9999.0 -9999.0 -9999.0 -99.000 -99.000 -99.000 -99.000 -99.000 -9999.0 -9999.0 -9999.0 -9999.0 -9999.0
03061 20070308  1.301 -108.50   37.26     8.3     0.9     4.6     3.5     7.1    14.94 R    16.8    -0.5     3.2 -9999.0 -9999.0 -9999.0 -99.000 -99.000 -99.000 -99.000 -99.000 -9999.0 -9999.0 -9999.0 -9999.0 -9999.0
03061 20070309  1.301 -108.50   37.26    10.6     1.9     6.3     6.0     0.0    20.50 R    19.4    -1.4     5.1 -9999.0 -9999.0 -9999.0 -99.000 -99.000 -99.000 -99.000 -99.000 -9999.0 -9999.0 -9999.0 -9999.0 -9999.0
03061 20070310  1.301 -108.50   37.26    10.2     1.8     6.0     5.4     0.0    12.36 R    20.7    -0.5     4.3 -9999.0 -9999.0 -9999.0 -99.000 -99.000 -99.000 -99.000 -99.000 -9999.0 -9999.0 -9999.0 -9999.0 -9999.0
03061 20070311  1.301 -108.50   37.26    12.0    -0.8     5.6     5.0     0.0    23.03 R    20.3    -2.0     5.2 -9999.0 -9999.0 -9999.0 -99.000 -99.000 -99.000 -99.000 -99.000 -9999.0 -9999.0 -9999.0 -9999.0 -9999.0
03061 20070312  1.301 -108.50   37.26    14.6     2.7     8.6     9.0     0.0    23.15 R    23.6    -1.6     7.5 -9999.0 -9999.0 -9999.0 -99.000 -99.000 -99.000 -99.000 -99.000 -9999.0 -9999.0 -9999.0 -9999.0 -9999.0
03061 20070313  1.301 -108.50   37.26    16.7     6.0    11.4    10.6     0.0    22.68 R    26.5    -0.4     9.2 -9999.0 -9999.0 -9999.0 -99.000 -99.000 -99.000 -99.000 -99.000 -9999.0 -9999.0 -9999.0 -9999.0 -9999.0
03061 20070314  1.301 -108.50   37.26    16.7     7.4    12.1    11.5     0.0    20.91 R    29.6     1.3    10.9 -9999.0 -9999.0 -9999.0 -99.000 -99.000 -99.000 -99.000 -99.000 -9999.0 -9999.0 -9999.0 -9999.0 -9999.0
03061 20070315  1.301 -108.50   37.26    14.2     5.5     9.8     9.5     0.0    23.37 R    28.6     0.7    10.2 -9999.0 -9999.0 -9999.0 -99.000 -99.000 -99.000 -99.000 -99.000 -9999.0 -9999.0 -9999.0 -9999.0 -9999.0
03061 20070316  1.301 -108.50   37.26    16.3     4.3    10.3     9.9     0.0    23.00 R    30.9    -0.7    10.4 -9999.0 -9999.0 -9999.0 -99.000 -99.000 -99.000 -99.000 -99.000 -9999.0 -9999.0 -9999.0 -9999.0 -9999.0
03061 20070317  1.301 -108.50   37.26    19.5     7.6    13.6    13.0     0.0    24.40 R    35.7     0.4    13.4 -9999.0 -9999.0 -9999.0 -99.000 -99.000 -99.000 -99.000 -99.000 -9999.0 -9999.0 -9999.0 -9999.0 -9999.0
03061 20070318  1.301 -108.50   37.26    18.5    10.0    14.3    13.3     0.0    21.35 R    35.9     0.8    12.3 -9999.0 -9999.0 -9999.0 -99.000 -99.000 -99.000 -99.000 -99.000 -9999.0 -9999.0 -9999.0 -9999.0 -9999.0
03061 20070319  1.301 -108.50   37.26    17.1     6.3    11.7    11.4     0.0    24.31 R    35.9     0.1    12.6 -9999.0 -9999.0 -9999.0 -99.000 -99.000 -99.000 -99.000 -99.000 -9999.0 -9999.0 -9999.0 -9999.0 -9999.0
03061 20070320  1.301 -108.50   37.26    15.2     3.7     9.4     9.3     0.0    22.35 R    31.9    -0.5    11.7 -9999.0 -9999.0 -9999.0 -99.000 -99.000 -99.000 -99.000 -99.000 -9999.0 -9999.0 -9999.0 -9999.0 -9999.0
03061 20070321  1.301 -108.50   37.26    11.3     0.9     6.1     6.9     4.8     9.11 R    21.8     0.3     7.1 -9999.0 -9999.0 -9999.0 -99.000 -99.000 -99.000 -99.000 -99.000 -9999.0 -9999.0 -9999.0 -9999.0 -9999.0
03061 20070322  1.301 -108.50   37.26     9.2     1.6     5.4     4.3     0.0    10.93 R    21.1     0.8     5.9 -9999.0 -9999.0 -9999.0 -99.000 -99.000 -99.000 -99.000 -99.000 -9999.0 -9999.0 -9999.0 -9999.0 -9999.0
03061 20070323  1.301 -108.50   37.26     9.0     0.6     4.8     3.9     1.6     9.79 R    19.7     0.6     5.0 -9999.0 -9999.0 -9999.0 -99.000 -99.000 -99.000 -99.000 -99.000 -9999.0 -9999.0 -9999.0 -9999.0 -9999.0
03061 20070324  1.301 -108.50   37.26     6.8     0.3     3.5     2.1     4.8    11.12 R    19.6    -1.7     3.4 -9999.0 -9999.0 -9999.0 -99.000 -99.000 -99.000 -99.000 -99.000 -9999.0 -9999.0 -9999.0 -9999.0 -9999.0
03061 20070325  1.301 -108.50   37.26    11.5     1.2     6.3     5.2     0.0    13.79 R    23.3    -0.6     6.1 -9999.0 -9999.0 -9999.0 -99.000 -99.000 -99.000 -99.000 -99.000 -9999.0 -9999.0 -9999.0 -9999.0 -9999.0
03061 20070326  1.301 -108.50   37.26    14.4     3.5     8.9     8.4     0.0    22.66 R    30.3    -0.1     9.4 -9999.0 -9999.0 -9999.0 -99.000 -99.000 -99.000 -99.000 -99.000 -9999.0 -9999.0 -9999.0 -9999.0 -9999.0
03061 20070327  1.301 -108.50   37.26    15.5    -0.9     7.3     7.8     0.0    23.01 R    26.1     0.0     9.3 -9999.0 -9999.0 -9999.0 -99.000 -99.000 -99.000 -99.000 -99.000 -9999.0 -9999.0 -9999.0 -9999.0 -9999.0
03061 20070328  1.301 -108.50   37.26     0.9    -6.6    -2.9    -3.9     1.5    16.72 R    16.8    -6.5     0.0 -9999.0 -9999.0 -9999.0 -99.000 -99.000 -99.000 -99.000 -99.000 -9999.0 -9999.0 -9999.0 -9999.0 -9999.0
03061 20070329  1.301 -108.50   37.26     2.4    -7.5    -2.5    -3.6     0.9    16.86 R    20.2    -6.8     0.7 -9999.0 -9999.0 -9999.0 -99.000 -99.000 -99.000 -99.000 -99.000 -9999.0 -9999.0 -9999.0 -9999.0 -9999.0
03061 20070330  1.301 -108.50   37.26     3.8    -4.7    -0.5    -2.0     2.8    16.29 R    16.4    -4.8     0.5 -9999.0 -9999.0 -9999.0 -99.000 -99.000 -99.000 -99.000 -99.000 -9999.0 -9999.0 -9999.0 -9999.0 -9999.0
03061 20070331  1.301 -108.50   37.26    10.1    -4.6     2.8     2.7     0.0    26.44 R    26.1    -5.5     5.3 -9999.0 -9999.0 -9999.0 -99.000 -99.000 -99.000 -99.000 -99.000 -9999.0 -9999.0 -9999.0 -9999.0 -9999.0
03061 20070401  1.301 -108.50   37.26    15.1     3.8     9.4     9.1     0.0    25.61 R    34.0    -1.8    11.0 -9999.0 -9999.0 -9999.0 -99.000 -99.000 -99.000 -99.000 -99.000 -9999.0 -9999.0 -9999.0 -9999.0 -9999.0
03061 20070402  1.301 -108.50   37.26    15.1     5.6    10.3    10.0     0.0    20.50 R    36.5     0.2    10.9 -9999.0 -9999.0 -9999.0 -99.000 -99.000 -99.000 -99.000 -99.000 -9999.0 -9999.0 -9999.0 -9999.0 -9999.0
03061 20070403  1.301 -108.50   37.26    17.0     6.5    11.8    11.3     0.0    26.83 R    37.8     1.6    14.0 -9999.0 -9999.0 -9999.0 -99.000 -99.000 -99.000 -99.000 -99.000 -9999.0 -9999.0 -9999.0 -9999.0 -9999.0
03061 20070404  1.301 -108.50   37.26    18.1     8.1    13.1    12.4     0.0    22.82 R    36.8     0.0    13.4 -9999.0 -9999.0 -9999.0 -99.000 -99.000 -99.000 -99.000 -99.000 -9999.0 -9999.0 -9999.0 -9999.0 -9999.0
03061 20070405  1.301 -108.50   37.26    17.5     6.4    11.9    11.7     0.0    26.25 R    39.2     3.4    14.5 -9999.0 -9999.0 -9999.0 -99.000 -99.000 -99.000 -99.000 -99.000 -9999.0 -9999.0 -9999.0 -9999.0 -9999.0
03061 20070406  1.301 -108.50   37.26    17.0     7.1    12.0    11.3     0.0    18.93 R    38.3     0.7    12.4 -9999.0 -9999.0 -9999.0 -99.000 -99.000 -99.000 -99.000 -99.000 -9999.0 -9999.0 -9999.0 -9999.0 -9999.0
03061 20070407  1.301 -108.50   37.26    15.1     3.8     9.4     9.2     0.0    20.11 R    37.4     2.8    13.0 -9999.0 -9999.0 -9999.0 -99.000 -99.000 -99.000 -99.000 -99.000 -9999.0 -9999.0 -9999.0 -9999.0 -9999.0
03061 20070408  1.301 -108.50   37.26    12.5     2.1     7.3     7.5     3.3    10.46 R    21.7     1.9     8.5 -9999.0 -9999.0 -9999.0 -99.000 -99.000 -99.000 -99.000 -99.000 -9999.0 -9999.0 -9999.0 -9999.0 -9999.0
03061 20070409  1.301 -108.50   37.26    10.8    -0.1     5.3     4.9     5.9    19.61 R    24.2     0.3     7.7 -9999.0 -9999.0 -9999.0 -99.000 -99.000 -99.000 -99.000 -99.000 -9999.0 -9999.0 -9999.0 -9999.0 -9999.0
03061 20070410  1.301 -108.50   37.26     6.9    -2.9     2.0     1.6     0.0    28.25 R    22.5    -3.9     5.3 -9999.0 -9999.0 -9999.0 -99.000 -99.000 -99.000 -99.000 -99.000 -9999.0 -9999.0 -9999.0 -9999.0 -9999.0
03061 20070411  1.301 -108.50   37.26     3.4    -5.6    -1.1    -1.4     0.0    20.77 R    23.3    -6.4     2.3 -9999.0 -9999.0 -9999.0 -99.000 -99.000 -99.000 -99.000 -99.000 -9999.0 -9999.0 -9999.0 -9999.0 -9999.0
03061 20070412  1.301 -108.50   37.26     2.5    -3.4    -0.4    -1.0    12.4     8.95 R     6.4    -4.5    -0.7 -9999.0 -9999.0 -9999.0 -99.000 -99.000 -99.000 -99.000 -99.000 -9999.0 -9999.0 -9999.0 -9999.0 -9999.0
03061 20070413  1.301 -108.50   37.26     8.3    -2.3     3.0     1.7     0.0    19.27 R    17.8    -5.8     2.7 -9999.0 -9999.0 -9999.0 -99.000 -99.000 -99.000 -99.000 -99.000 -9999.0 -9999.0 -9999.0 -9999.0 -9999.0
03061 20070414  1.301 -108.50   37.26    12.6    -3.3     4.7     4.4     0.0    29.14 R    29.9    -3.9     8.0 -9999.0 -9999.0 -9999.0 -99.000 -99.000 -99.000 -99.000 -99.000 -9999.0 -9999.0 -9999.0 -9999.0 -9999.0
03061 20070415  1.301 -108.50   37.26    14.2     3.3     8.7     8.3     0.0    21.52 R    31.1     0.3     9.7 -9999.0 -9999.0 -9999.0 -99.000 -99.000 -99.000 -99.000 -99.000 -9999.0 -9999.0 -9999.0 -9999.0 -9999.0
03061 20070416  1.301 -108.50   37.26    13.7     0.1     6.9     5.2     0.5    20.23 R    32.0    -0.1     8.0 -9999.0 -9999.0 -9999.0 -99.000 -99.000 -99.000 -99.000 -99.000 -9999.0 -9999.0 -9999.0 -9999.0 -9999.0
03061 20070417  1.301 -108.50   37.26    12.6    -1.1     5.7     5.4     0.0    22.93 R    33.2    -2.6     8.4 -9999.0 -9999.0 -9999.0 -99.000 -99.000 -99.000 -99.000 -99.000 -9999.0 -9999.0 -9999.0 -9999.0 -9999.0
03061 20070418  1.301 -108.50   37.26    15.1    -2.0     6.5     7.1     0.0    23.10 R    30.7    -3.5     9.0 -9999.0 -9999.0 -9999.0 -99.000 -99.000 -99.000 -99.000 -99.000 -9999.0 -9999.0 -9999.0 -9999.0 -9999.0
03061 20070419  1.301 -108.50   37.26     8.9    -6.2     1.3     2.0     0.0    29.53 R    35.4    -8.0     8.3 -9999.0 -9999.0 -9999.0 -99.000 -99.000 -99.000 -99.000 -99.000 -9999.0 -9999.0 -9999.0 -9999.0 -9999.0
03061 20070420  1.301 -108.50   37.26    14.1     1.7     7.9     7.5     0.0    23.11 R    34.0    -2.0    10.1 -9999.0 -9999.0 -9999.0 -99.000 -99.000 -99.000 -99.000 -99.000 -9999.0 -9999.0 -9999.0 -9999.0 -9999.0
03061 20070421  1.301 -108.50   37.26     6.2    -1.5     2.4     2.6     2.0    15.53 R    17.9    -1.6     4.9 -9999.0 -9999.0 -9999.0 -99.000 -99.000 -99.000 -99.000 -99.000 -9999.0 -9999.0 -9999.0 -9999.0 -9999.0
03061 20070422  1.301 -108.50   37.26    11.7     0.2     5.9     5.5     0.0    20.57 R    31.8    -3.0     7.7 -9999.0 -9999.0 -9999.0 -99.000 -99.000 -99.000 -99.000 -99.000 -9999.0 -9999.0 -9999.0 -9999.0 -9999.0
03061 20070423  1.301 -108.50   37.26     8.5    -2.0     3.2     1.9     3.8     7.90 R    20.2    -2.0     3.4 -9999.0 -9999.0 -9999.0 -99.000 -99.000 -99.000 -99.000 -99.000 -9999.0 -9999.0 -9999.0 -9999.0 -9999.0
03061 20070424  1.301 -108.50   37.26     6.6    -2.1     2.2     1.5     4.6     8.53 R    11.7    -2.1     1.2 -9999.0 -9999.0 -9999.0 -99.000 -99.000 -99.000 -99.000 -99.000 -9999.0 -9999.0 -9999.0 -9999.0 -9999.0
03061 20070425  1.301 -108.50   37.26    14.0     1.2     7.6     7.2     0.0    30.09 R    31.2    -0.9     9.9 -9999.0 -9999.0 -9999.0 -99.000 -99.000 -99.000 -99.000 -99.000 -9999.0 -9999.0 -9999.0 -9999.0 -9999.0
03061 20070426  1.301 -108.50   37.26    17.1     5.2    11.2    10.4     0.0    26.91 R    41.9    -0.3    13.2 -9999.0 -9999.0 -9999.0 -99.000 -99.000 -99.000 -99.000 -99.000 -9999.0 -9999.0 -9999.0 -9999.0 -9999.0
03061 20070427  1.301 -108.50   37.26    19.8     6.8    13.3    12.6     0.0    30.30 R    41.4     2.3    16.4 -9999.0 -9999.0 -9999.0 -99.000 -99.000 -99.000 -99.000 -99.000 -9999.0 -9999.0 -9999.0 -9999.0 -9999.0
03061 20070428  1.301 -108.50   37.26    21.4     7.6    14.5    14.3     0.0    29.32 R    43.2     3.7    17.9 -9999.0 -9999.0 -9999.0 -99.000 -99.000 -99.000 -99.000 -99.000 -9999.0 -9999.0 -9999.0 -9999.0 -9999.0
03061 20070429  1.301 -108.50   37.26    20.3     8.4    14.3    12.4     8.2    18.57 R    45.9     4.0    13.6 -9999.0 -9999.0 -9999.0 -99.000 -99.000 -99.000 -99.000 -99.000 -9999.0 -9999.0 -9999.0 -9999.0 -9999.0
03061 20070430  1.301 -108.50   37.26    21.5     9.5    15.5    14.7     0.0    26.40 R    33.6     4.8    14.4 -9999.0 -9999.0 -9999.0 -99.000 -99.000 -99.000 -99.000 -99.000 -9999.0 -9999.0 -9999.0 -9999.0 -9999.0
03061 20070501  1.301 -108.50   37.26    20.9     5.9    13.4    12.9     9.3    23.29 R    39.2     5.7    15.0 -9999.0 -9999.0 -9999.0 -99.000 -99.000 -99.000 -99.000 -99.000 -9999.0 -9999.0 -9999.0 -9999.0 -9999.0
03061 20070502  1.301 -108.50   37.26    10.9     3.7     7.3     6.9     7.8    14.72 R    20.6     4.8     9.2 -9999.0 -9999.0 -9999.0 -99.000 -99.000 -99.000 -99.000 -99.000 -9999.0 -9999.0 -9999.0 -9999.0 -9999.0
03061 20070503  1.301 -108.50   37.26    16.0     5.1    10.6     9.4     0.0    27.90 R    25.6     3.7    10.9 -9999.0 -9999.0 -9999.0 -99.000 -99.000 -99.000 -99.000 -99.000 -9999.0 -9999.0 -9999.0 -9999.0 -9999.0
03061 20070504  1.301 -108.50   37.26    11.8     1.1     6.5     6.8     0.0    15.27 R    24.5     2.5     8.5 -9999.0 -9999.0 -9999.0 -99.000 -99.000 -99.000 -99.000 -99.000 -9999.0 -9999.0 -9999.0 -9999.0 -9999.0
03061 20070505  1.301 -108.50   37.26     2.6    -3.5    -0.5    -1.0    14.7    17.06 R     4.1    -3.3     0.0 -9999.0 -9999.0 -9999.0 -99.000 -99.000 -99.000 -99.000 -99.000 -9999.0 -9999.0 -9999.0 -9999.0 -9999.0
03061 20070506  1.301 -108.50   37.26     5.0    -2.0     1.5     0.6     2.0    17.00 R    13.3    -1.3     3.5 -9999.0 -9999.0 -9999.0 -99.000 -99.000 -99.000 -99.000 -99.000 -9999.0 -9999.0 -9999.0 -9999.0 -9999.0
03061 20070507  1.301 -108.50   37.26    13.1    -1.5     5.8     4.7     0.0    24.24 R    22.8    -1.9     7.1 -9999.0 -9999.0 -9999.0 -99.000 -99.000 -99.000 -99.000 -99.000 -9999.0 -9999.0 -9999.0 -9999.0 -9999.0
03061 20070508  1.301 -108.50   37.26    15.8     4.7    10.2     9.3     0.0    21.93 R    26.0     0.5    10.0 -9999.0 -9999.0 -9999.0 -99.000 -99.000 -99.000 -99.000 -99.000 -9999.0 -9999.0 -9999.0 -9999.0 -9999.0
03061 20070509  1.301 -108.50   37.26    18.2     3.5    10.8    11.0     0.0    30.76 R    34.2     1.6    14.1 -9999.0 -9999.0 -9999.0 -99.000 -99.000 -99.000 -99.000 -99.000 -9999.0 -9999.0 -9999.0 -9999.0 -9999.0
03061 20070510  1.301 -108.50   37.26    21.9     9.7    15.8    15.9     0.0    31.37 R    40.3     3.9    17.7 -9999.0 -9999.0 -9999.0 -99.000 -99.000 -99.000 -99.000 -99.000 -9999.0 -9999.0 -9999.0 -9999.0 -9999.0
03061 20070511  1.301 -108.50   37.26    22.9    11.3    17.1    16.6     0.0    30.35 R    41.1     5.8    19.0 -9999.0 -9999.0 -9999.0 -99.000 -99.000 -99.000 -99.000 -99.000 -9999.0 -9999.0 -9999.0 -9999.0 -9999.0
03061 20070512  1.301 -108.50   37.26    24.2    12.0    18.1    17.1     0.0    29.14 R    43.7     9.0    20.0 -9999.0 -9999.0 -9999.0 -99.000 -99.000 -99.000 -99.000 -99.000 -9999.0 -9999.0 -9999.0 -9999.0 -9999.0
03061 20070513  1.301 -108.50   37.26    23.0    10.4    16.7    15.6     1.2    24.78 R    43.0     9.0    18.5 -9999.0 -9999.0 -9999.0 -99.000 -99.000 -99.000 -99.000 -99.000 -9999.0 -9999.0 -9999.0 -9999.0 -9999.0
03061 20070514  1.301 -108.50   37.26    21.4    10.8    16.1    15.5     0.0    25.65 R    38.3     7.5    17.2 -9999.0 -9999.0 -9999.0 -99.000 -99.000 -99.000 -99.000 -99.000 -9999.0 -9999.0 -9999.0 -9999.0 -9999.0
03061 20070515  1.301 -108.50   37.26    21.3     9.3    15.3    14.9     0.0    24.44 R    39.0     7.2    16.8 -9999.0 -9999.0 -9999.0 -99.000 -99.000 -99.000 -99.000 -99.000 -9999.0 -9999.0 -9999.0 -9999.0 -9999.0
03061 20070516  1.301 -108.50   37.26    19.4     6.1    12.8    11.8     2.4    26.59 R    40.4     6.1    15.9 -9999.0 -9999.0 -9999.0 -99.000 -99.000 -99.000 -99.000 -99.000 -9999.0 -9999.0 -9999.0 -9999.0 -9999.0
03061 20070517  1.301 -108.50   37.26    18.5     6.4    12.4    11.7     0.0    25.78 R    36.7     4.6    14.6 -9999.0 -9999.0 -9999.0 -99.000 -99.000 -99.000 -99.000 -99.000 -9999.0 -9999.0 -9999.0 -9999.0 -9999.0
03061 20070518  1.301 -108.50   37.26    20.6     7.9    14.3    13.8     0.0    29.06 R    40.8     6.7    17.7 -9999.0 -9999.0 -9999.0 -99.000 -99.000 -99.000 -99.000 -99.000 -9999.0 -9999.0 -9999.0 -9999.0 -9999.0
03061 20070519  1.301 -108.50   37.26    21.4     7.9    14.7    13.8     0.0    23.58 R    39.8     6.6    16.4 -9999.0 -9999.0 -9999.0 -99.000 -99.000 -99.000 -99.000 -99.000 -9999.0 -9999.0 -9999.0 -9999.0 -9999.0
03061 20070520  1.301 -108.50   37.26    18.9     7.1    13.0    11.7     2.8    20.61 R    36.0     5.4    14.1 -9999.0 -9999.0 -9999.0 -99.000 -99.000 -99.000 -99.000 -99.000 -9999.0 -9999.0 -9999.0 -9999.0 -9999.0
03061 20070521  1.301 -108.50   37.26    18.7     6.8    12.8    12.8     0.0    27.95 R    35.5     5.4    15.4 -9999.0 -9999.0 -9999.0 -99.000 -99.000 -99.000 -99.000 -99.000 -9999.0 -9999.0 -9999.0 -9999.0 -9999.0
03061 20070522  1.301 -108.50   37.26    11.9     0.0     5.9     2.5     8.1     4.16 R    10.6     0.2     3.5 -9999.0 -9999.0 -9999.0 -99.000 -99.000 -99.000 -99.000 -99.000 -9999.0 -9999.0 -9999.0 -9999.0 -9999.0
03061 20070523  1.301 -108.50   37.26     3.2    -0.5     1.4     1.2    15.7     5.35 R     6.5    -0.1     1.7 -9999.0 -9999.0 -9999.0 -99.000 -99.000 -99.000 -99.000 -99.000 -9999.0 -9999.0 -9999.0 -9999.0 -9999.0
03061 20070524  1.301 -108.50   37.26    12.9    -0.9     6.0     6.8     0.0    30.62 R    24.1    -1.0     9.3 -9999.0 -9999.0 -9999.0 -99.000 -99.000 -99.000 -99.000 -99.000 -9999.0 -9999.0 -9999.0 -9999.0 -9999.0
03061 20070525  1.301 -108.50   37.26    18.2     6.7    12.5    12.8     0.0    24.12 R    32.6     4.4    13.8 -9999.0 -9999.0 -9999.0 -99.000 -99.000 -99.000 -99.000 -99.000 -9999.0 -9999.0 -9999.0 -9999.0 -9999.0
03061 20070526  1.301 -108.50   37.26    20.6     8.2    14.4    14.0     0.0    24.51 R    35.7     5.4    14.9 -9999.0 -9999.0 -9999.0 -99.000 -99.000 -99.000 -99.000 -99.000 -9999.0 -9999.0 -9999.0 -9999.0 -9999.0
03061 20070527  1.301 -108.50   37.26    21.7    12.3    17.0    15.8     0.0    25.25 R    36.0     6.9    16.4 -9999.0 -9999.0 -9999.0 -99.000 -99.000 -99.000 -99.000 -99.000 -9999.0 -9999.0 -9999.0 -9999.0 -9999.0
03061 20070528  1.301 -108.50   37.26    21.4    10.8    16.1    16.1     0.0    31.66 R    38.1     6.7    18.5 -9999.0 -9999.0 -9999.0 -99.000 -99.000 -99.000 -99.000 -99.000 -9999.0 -9999.0 -9999.0 -9999.0 -9999.0
03061 20070529  1.301 -108.50   37.26    20.3     9.7    15.0    14.9     0.0    31.25 R    37.2     7.3    17.8 -9999.0 -9999.0 -9999.0 -99.000 -99.000 -99.000 -99.000 -99.000 -9999.0 -9999.0 -9999.0 -9999.0 -9999.0
03061 20070530  1.301 -108.50   37.26    18.4     4.5    11.4    12.1     0.0    34.03 R    37.6     2.8    16.3 -9999.0 -9999.0 -9999.0 -99.000 -99.000 -99.000 -99.000 -99.000 -9999.0 -9999.0 -9999.0 -9999.0 -9999.0
03061 20070531  1.301 -108.50   37.26    21.5    10.7    16.1    16.0     0.0    33.55 R    40.3     3.6    18.7 -9999.0 -9999.0 -9999.0 -99.000 -99.000 -99.000 -99.000 -99.000 -9999.0 -9999.0 -9999.0 -9999.0 -9999.0
03061 20070601  1.301 -108.50   37.26    21.0    10.2    15.6    15.6     0.0    33.70 R    38.6     7.6    19.1 -9999.0 -9999.0 -9999.0 -99.000 -99.000 -99.000 -99.000 -99.000 -9999.0 -9999.0 -9999.0 -9999.0 -9999.0
03061 20070602  1.301 -108.50   37.26    22.9    13.4    18.2    17.8     0.0    28.58 R    39.1     8.2    19.8 -9999.0 -9999.0 -9999.0 -99.000 -99.000 -99.000 -99.000 -99.000 -9999.0 -9999.0 -9999.0 -9999.0 -9999.0
03061 20070603  1.301 -108.50   37.26    23.4    13.8    18.6    17.5     0.0    27.09 R    43.7     9.7    19.9 -9999.0 -9999.0 -9999.0 -99.000 -99.000 -99.000 -99.000 -99.000 -9999.0 -9999.0 -9999.0 -9999.0 -9999.0
03061 20070604  1.301 -108.50   37.26    23.3    11.8    17.6    17.4     0.0    25.31 R    44.6     8.9    20.0 -9999.0 -9999.0 -9999.0 -99.000 -99.000 -99.000 -99.000 -99.000 -9999.0 -9999.0 -9999.0 -9999.0 -9999.0
03061 20070605  1.301 -108.50   37.26    22.6    12.5    17.5    17.7     0.0    25.13 R    37.5     9.3    19.7 -9999.0 -9999.0 -9999.0 -99.000 -99.000 -99.000 -99.000 -99.000 -9999.0 -9999.0 -9999.0 -9999.0 -9999.0
03061 20070606  1.302 -108.50   37.26 -9999.0 -9999.0 -9999.0 -9999.0 -9999.0 -9999.00 U -9999.0 -9999.0 -9999.0 -9999.0 -9999.0 -9999.0 -99.000 -99.000 -99.000 -99.000 -99.000 -9999.0 -9999.0 -9999.0 -9999.0 -9999.0
03061 20070607  1.302 -108.50   37.26    13.9     0.8     7.4     7.3     0.0    31.16 R    36.9    -1.7    13.2 -9999.0 -9999.0 -9999.0 -99.000 -99.000 -99.000 -99.000 -99.000 -9999.0 -9999.0 -9999.0 -9999.0 -9999.0
03061 20070608  1.302 -108.50   37.26    21.2     5.8    13.5    13.7     0.0    31.96 R    41.1     2.6    17.6 -9999.0 -9999.0 -9999.0 -99.000 -99.000 -99.000 -99.000 -99.000 -9999.0 -9999.0 -9999.0 -9999.0 -9999.0
03061 20070609  1.302 -108.50   37.26    23.7     9.5    16.6    15.9     0.0    28.73 R    46.3     6.2    20.3 -9999.0 -9999.0 -9999.0 -99.000 -99.000 -99.000 -99.000 -99.000 -9999.0 -9999.0 -9999.0 -9999.0 -9999.0
03061 20070610  1.302 -108.50   37.26    24.5     9.8    17.1    17.2     0.0    28.14 R    46.9     7.9    21.0 -9999.0 -9999.0 -9999.0 -99.000 -99.000 -99.000 -99.000 -99.000 -9999.0 -9999.0 -9999.0 -9999.0 -9999.0
03061 20070611  1.302 -108.50   37.26    21.5     7.1    14.3    15.3     0.0    19.16 R    36.9     7.7    17.6 -9999.0 -9999.0 -9999.0 -99.000 -99.000 -99.000 -99.000 -99.000 -9999.0 -9999.0 -9999.0 -9999.0 -9999.0
03061 20070612  1.302 -108.50   37.26    17.0     6.3    11.6     9.8     1.5    16.19 R    32.6     6.1    12.4 -9999.0 -9999.0 -9999.0 -99.000 -99.000 -99.000 -99.000 -99.000 -9999.0 -9999.0 -9999.0 -9999.0 -9999.0
03061 20070613  1.302 -108.50   37.26    21.7     9.7    15.7    15.8     0.0    31.94 R    41.0     6.4    19.3 -9999.0 -9999.0 -9999.0 -99.000 -99.000 -99.000 -99.000 -99.000 -9999.0 -9999.0 -9999.0 -9999.0 -9999.0
03061 20070614  1.302 -108.50   37.26    25.3    14.4    19.9    19.4     0.0    30.37 R    47.4     6.0    22.9 -9999.0 -9999.0 -9999.0 -99.000 -99.000 -99.000 -99.000 -99.000 -9999.0 -9999.0 -9999.0 -9999.0 -9999.0
03061 20070615  1.302 -108.50   37.26    28.2    17.4    22.8    22.3     0.0    30.81 R    51.1    10.5    25.9 -9999.0 -9999.0 -9999.0 -99.000 -99.000 -99.000 -99.000 -99.000 -9999.0 -9999.0 -9999.0 -9999.0 -9999.0
03061 20070616  1.302 -108.50   37.26    29.2    15.8    22.5    22.0     0.0    29.88 R    54.5    11.7    26.3 -9999.0 -9999.0 -9999.0 -99.000 -99.000 -99.000 -99.000 -99.000 -9999.0 -9999.0 -9999.0 -9999.0 -9999.0
03061 20070617  1.302 -108.50   37.26    25.9    14.5    20.2    20.2     0.0    31.72 R    49.7    11.7    25.6 -9999.0 -9999.0 -9999.0 -99.000 -99.000 -99.000 -99.000 -99.000 -9999.0 -9999.0 -9999.0 -9999.0 -9999.0
03061 20070618  1.302 -108.50   37.26    25.8    13.5    19.6    19.7     0.0    31.60 R    48.5    11.1    24.9 -9999.0 -9999.0 -9999.0 -99.000 -99.000 -99.000 -99.000 -99.000 -9999.0 -9999.0 -9999.0 -9999.0 -9999.0
03061 20070619  1.302 -108.50   37.26    28.3    15.9    22.1    22.0     0.0    32.22 R    52.0     8.2    26.1 -9999.0 -9999.0 -9999.0 -99.000 -99.000 -99.000 -99.000 -99.000 -9999.0 -9999.0 -9999.0 -9999.0 -9999.0
03061 20070620  1.302 -108.50   37.26    29.3    18.3    23.8    23.6     0.0    31.06 R    53.3    10.7    26.7 -9999.0 -9999.0 -9999.0 -99.000 -99.000 -99.000 -99.000 -99.000 -9999.0 -9999.0 -9999.0 -9999.0 -9999.0
03061 20070621  1.302 -108.50   37.26    29.1    16.6    22.8    22.6     0.0    28.91 R    52.9    11.8    26.7 -9999.0 -9999.0 -9999.0 -99.000 -99.000 -99.000 -99.000 -99.000 -9999.0 -9999.0 -9999.0 -9999.0 -9999.0
03061 20070622  1.302 -108.50   37.26    28.6    16.6    22.6    22.2     0.0    25.71 R    49.9    13.0    25.3 -9999.0 -9999.0 -9999.0 -99.000 -99.000 -99.000 -99.000 -99.000 -9999.0 -9999.0 -9999.0 -9999.0 -9999.0
03061 20070623  1.302 -108.50   37.26    29.6    16.6    23.1    23.0     0.0    31.54 R    54.5    12.7    27.8 -9999.0 -9999.0 -9999.0 -99.000 -99.000 -99.000 -99.000 -99.000 -9999.0 -9999.0 -9999.0 -9999.0 -9999.0
03061 20070624  1.302 -108.50   37.26    29.1    16.5    22.8    22.7     0.0    31.09 R    53.5    10.3    27.0 -9999.0 -9999.0 -9999.0 -99.000 -99.000 -99.000 -99.000 -99.000 -9999.0 -9999.0 -9999.0 -9999.0 -9999.0
03061 20070625  1.302 -108.50   37.26    27.5    15.9    21.7    21.2     0.0    28.63 R    55.0     9.5    25.4 -9999.0 -9999.0 -9999.0 -99.000 -99.000 -99.000 -99.000 -99.000 -9999.0 -9999.0 -9999.0 -9999.0 -9999.0
03061 20070626  1.302 -108.50   37.26    29.1    18.2    23.6    22.4     0.0    27.96 R    54.6    12.2    25.4 -9999.0 -9999.0 -9999.0 -99.000 -99.000 -99.000 -99.000 -99.000 -9999.0 -9999.0 -9999.0 -9999.0 -9999.0
03061 20070627  1.302 -108.50   37.26    28.1    15.2    21.6    21.9     0.0    31.52 R    53.4    10.6    27.0 -9999.0 -9999.0 -9999.0 -99.000 -99.000 -99.000 -99.000 -99.000 -9999.0 -9999.0 -9999.0 -9999.0 -9999.0
03061 20070628  1.302 -108.50   37.26    28.2    15.8    22.0    21.5     0.0    27.87 R    51.7    12.7    25.7 -9999.0 -9999.0 -9999.0 -99.000 -99.000 -99.000 -99.000 -99.000 -9999.0 -9999.0 -9999.0 -9999.0 -9999.0
03061 20070629  1.302 -108.50   37.26    28.4    15.4    21.9    21.8     0.0    31.43 R    53.1    12.4    26.8 -9999.0 -9999.0 -9999.0 -99.000 -99.000 -99.000 -99.000 -99.000 -9999.0 -9999.0 -9999.0 -9999.0 -9999.0
03061 20070630  1.302 -108.50   37.26    29.6    16.4    23.0    23.0     0.0    31.99 R    55.6    12.1    28.0 -9999.0 -9999.0 -9999.0 -99.000 -99.000 -99.000 -99.000 -99.000 -9999.0 -9999.0 -9999.0 -9999.0 -9999.0
03061 20070701  1.302 -108.50   37.26    30.9    19.1    25.0    24.1     0.0    32.54 R    56.3    10.4    28.2 -9999.0 -9999.0 -9999.0 -99.000 -99.000 -99.000 -99.000 -99.000 -9999.0 -9999.0 -9999.0 -9999.0 -9999.0
03061 20070702  1.302 -108.50   37.26    31.9    17.4    24.6    25.2     0.0    32.36 R    56.6    11.5    29.6 -9999.0 -9999.0 -9999.0 -99.000 -99.000 -99.000 -99.000 -99.000 -9999.0 -9999.0 -9999.0 -9999.0 -9999.0
03061 20070703  1.302 -108.50   37.26    32.3    19.8    26.0    25.8     0.0    31.94 R    56.8    11.4    30.3 -9999.0 -9999.0 -9999.0 -99.000 -99.000 -99.000 -99.000 -99.000 -9999.0 -9999.0 -9999.0 -9999.0 -9999.0
03061 20070704  1.302 -108.50   37.26    30.2    16.6    23.4    22.8     0.0    22.63 R    57.3    15.5    26.4 -9999.0 -9999.0 -9999.0 -99.000 -99.000 -99.000 -99.000 -99.000 -9999.0 -9999.0 -9999.0 -9999.0 -9999.0
03061 20070705  1.302 -108.50   37.26    28.6    13.2    20.9    18.9     8.1    22.60 R    55.1    12.2    22.8 -9999.0 -9999.0 -9999.0 -99.000 -99.000 -99.000 -99.000 -99.000 -9999.0 -9999.0 -9999.0 -9999.0 -9999.0
03061 20070706  1.302 -108.50   37.26    26.8    13.5    20.2    18.3     2.6    24.74 R    42.7    10.9    20.7 -9999.0 -9999.0 -9999.0 -99.000 -99.000 -99.000 -99.000 -99.000 -9999.0 -9999.0 -9999.0 -9999.0 -9999.0
03061 20070707  1.302 -108.50   37.26    28.3    13.8    21.0    20.6     0.0    29.04 R    43.9    11.1    23.4 -9999.0 -9999.0 -9999.0 -99.000 -99.000 -99.000 -99.000 -99.000 -9999.0 -9999.0 -9999.0 -9999.0 -9999.0
03061 20070708  1.302 -108.50   37.26    29.6    17.0    23.3    22.5     0.0    25.21 R    49.3    10.5    24.4 -9999.0 -9999.0 -9999.0 -99.000 -99.000 -99.000 -99.000 -99.000 -9999.0 -9999.0 -9999.0 -9999.0 -9999.0
03061 20070709  1.302 -108.50   37.26    30.1    16.7    23.4    23.8     0.0    29.65 R    48.7    12.0    26.7 -9999.0 -9999.0 -9999.0 -99.000 -99.000 -99.000 -99.000 -99.000 -9999.0 -9999.0 -9999.0 -9999.0 -9999.0
03061 20070710  1.302 -108.50   37.26    30.5    17.7    24.1    22.5     0.0    20.98 R    51.4    14.3    24.8 -9999.0 -9999.0 -9999.0 -99.000 -99.000 -99.000 -99.000 -99.000 -9999.0 -9999.0 -9999.0 -9999.0 -9999.0
03061 20070711  1.302 -108.50   37.26    27.7    12.6    20.2    19.5     9.7    24.42 R    51.9    12.7    24.6 -9999.0 -9999.0 -9999.0 -99.000 -99.000 -99.000 -99.000 -99.000 -9999.0 -9999.0 -9999.0 -9999.0 -9999.0
03061 20070712  1.302 -108.50   37.26    21.8    11.9    16.9    16.7     0.4    25.56 R    34.3    12.0    19.3 -9999.0 -9999.0 -9999.0 -99.000 -99.000 -99.000 -99.000 -99.000 -9999.0 -9999.0 -9999.0 -9999.0 -9999.0
03061 20070713  1.302 -108.50   37.26    27.3    13.7    20.5    18.8     0.5    27.28 R    44.8    10.2    21.6 -9999.0 -9999.0 -9999.0 -99.000 -99.000 -99.000 -99.000 -99.000 -9999.0 -9999.0 -9999.0 -9999.0 -9999.0
03061 20070714  1.302 -108.50   37.26    29.4    14.1    21.7    21.5     0.0    30.29 R    48.5     9.9    25.0 -9999.0 -9999.0 -9999.0 -99.000 -99.000 -99.000 -99.000 -99.000 -9999.0 -9999.0 -9999.0 -9999.0 -9999.0
03061 20070715  1.302 -108.50   37.26    31.8    16.3    24.1    22.9     0.0    29.62 R    53.2    13.6    27.4 -9999.0 -9999.0 -9999.0 -99.000 -99.000 -99.000 -99.000 -99.000 -9999.0 -9999.0 -9999.0 -9999.0 -9999.0
03061 20070716  1.302 -108.50   37.26    30.9    15.9    23.4    21.7    10.0    18.86 R    52.7    13.8    22.3 -9999.0 -9999.0 -9999.0 -99.000 -99.000 -99.000 -99.000 -99.000 -9999.0 -9999.0 -9999.0 -9999.0 -9999.0
03061 20070717  1.302 -108.50   37.26    29.7    17.8    23.7    22.7     0.0    23.38 R    44.2    13.9    22.7 -9999.0 -9999.0 -9999.0 -99.000 -99.000 -99.000 -99.000 -99.000 -9999.0 -9999.0 -9999.0 -9999.0 -9999.0
03061 20070718  1.302 -108.50   37.26    30.0    17.7    23.8    23.0     0.0    26.68 R    48.7    14.5    26.4 -9999.0 -9999.0 -9999.0 -99.000 -99.000 -99.000 -99.000 -99.000 -9999.0 -9999.0 -9999.0 -9999.0 -9999.0
03061 20070719  1.302 -108.50   37.26    29.6    14.9    22.2    20.4     3.0    20.01 R    50.6    13.7    22.0 -9999.0 -9999.0 -9999.0 -99.000 -99.000 -99.000 -99.000 -99.000 -9999.0 -9999.0 -9999.0 -9999.0 -9999.0
03061 20070720  1.302 -108.50   37.26    25.5    13.2    19.3    18.5     0.0    20.22 R    47.0    12.4    21.0 -9999.0 -9999.0 -9999.0 -99.000 -99.000 -99.000 -99.000 -99.000 -9999.0 -9999.0 -9999.0 -9999.0 -9999.0
03061 20070721  1.302 -108.50   37.26    26.5    12.2    19.3    18.9    11.7    17.20 R    43.3    12.6    22.0 -9999.0 -9999.0 -9999.0 -99.000 -99.000 -99.000 -99.000 -99.000 -9999.0 -9999.0 -9999.0 -9999.0 -9999.0
03061 20070722  1.302 -108.50   37.26    24.9    12.6    18.7    17.5     3.4    19.66 R    38.5    10.9    18.7 -9999.0 -9999.0 -9999.0 -99.000 -99.000 -99.000 -99.000 -99.000 -9999.0 -9999.0 -9999.0 -9999.0 -9999.0
03061 20070723  1.302 -108.50   37.26    27.4    14.6    21.0    20.0     0.0    27.18 R    40.3    12.6    22.3 -9999.0 -9999.0 -9999.0 -99.000 -99.000 -99.000 -99.000 -99.000 -9999.0 -9999.0 -9999.0 -9999.0 -9999.0
03061 20070724  1.302 -108.50   37.26    27.4    13.5    20.4    18.9    16.8    18.33 R    44.2    11.8    20.5 -9999.0 -9999.0 -9999.0 -99.000 -99.000 -99.000 -99.000 -99.000 -9999.0 -9999.0 -9999.0 -9999.0 -9999.0
03061 20070725  1.302 -108.50   37.26    25.9    14.2    20.0    19.5     0.4    25.89 R    39.3    12.0    21.2 -9999.0 -9999.0 -9999.0 -99.000 -99.000 -99.000 -99.000 -99.000 -9999.0 -9999.0 -9999.0 -9999.0 -9999.0
03061 20070726  1.302 -108.50   37.26    27.4    13.4    20.4    18.3     1.1    24.07 R    43.4    12.1    21.2 -9999.0 -9999.0 -9999.0 -99.000 -99.000 -99.000 -99.000 -99.000 -9999.0 -9999.0 -9999.0 -9999.0 -9999.0
03061 20070727  1.302 -108.50   37.26    24.7    13.6    19.1    17.2     0.0    16.07 R    39.0    11.3    18.4 -9999.0 -9999.0 -9999.0 -99.000 -99.000 -99.000 -99.000 -99.000 -9999.0 -9999.0 -9999.0 -9999.0 -9999.0
03061 20070728  1.302 -108.50   37.26    22.2    12.3    17.2    15.8     7.1    10.69 R    36.0    12.1    16.6 -9999.0 -9999.0 -9999.0 -99.000 -99.000 -99.000 -99.000 -99.000 -9999.0 -9999.0 -9999.0 -9999.0 -9999.0
03061 20070729  1.302 -108.50   37.26    25.2    13.2    19.2    17.0     6.2    18.00 R    42.2    11.7    17.9 -9999.0 -9999.0 -9999.0 -99.000 -99.000 -99.000 -99.000 -99.000 -9999.0 -9999.0 -9999.0 -9999.0 -9999.0
03061 20070730  1.302 -108.50   37.26    24.3    13.4    18.8    17.2     0.0    19.42 R    38.9    11.8    19.2 -9999.0 -9999.0 -9999.0 -99.000 -99.000 -99.000 -99.000 -99.000 -9999.0 -9999.0 -9999.0 -9999.0 -9999.0
03061 20070731  1.302 -108.50   37.26    25.2    14.9    20.1    17.8     0.0    16.49 R    43.7    13.3    19.1 -9999.0 -9999.0 -9999.0 -99.000 -99.000 -99.000 -99.000 -99.000 -9999.0 -9999.0 -9999.0 -9999.0 -9999.0
03061 20070801  1.302 -108.50   37.26    26.6    14.2    20.4    19.9     3.6    24.24 R    43.5    11.7    22.9 -9999.0 -9999.0 -9999.0 -99.000 -99.000 -99.000 -99.000 -99.000 -9999.0 -9999.0 -9999.0 -9999.0 -9999.0
03061 20070802  1.302 -108.50   37.26    24.7    14.0    19.4    18.0     5.4    15.60 R    36.4    13.9    19.1 -9999.0 -9999.0 -9999.0 -99.000 -99.000 -99.000 -99.000 -99.000 -9999.0 -9999.0 -9999.0 -9999.0 -9999.0
03061 20070803  1.302 -108.50   37.26    22.1    13.4    17.8    17.0     5.7    14.76 R    32.1    13.6    18.2 -9999.0 -9999.0 -9999.0 -99.000 -99.000 -99.000 -99.000 -99.000 -9999.0 -9999.0 -9999.0 -9999.0 -9999.0
03061 20070804  1.302 -108.50   37.26    21.1    12.9    17.0    17.1    35.2    12.07 R    27.6    11.1    17.3 -9999.0 -9999.0 -9999.0 -99.000 -99.000 -99.000 -99.000 -99.000 -9999.0 -9999.0 -9999.0 -9999.0 -9999.0
03061 20070805  1.302 -108.50   37.26    23.6    13.4    18.5    17.5     2.8    15.64 R    31.2    13.9    18.6 -9999.0 -9999.0 -9999.0 -99.000 -99.000 -99.000 -99.000 -99.000 -9999.0 -9999.0 -9999.0 -9999.0 -9999.0
03061 20070806  1.302 -108.50   37.26    23.8    12.5    18.2    17.2     0.0    23.41 R    32.0    12.9    19.7 -9999.0 -9999.0 -9999.0 -99.000 -99.000 -99.000 -99.000 -99.000 -9999.0 -9999.0 -9999.0 -9999.0 -9999.0
03061 20070807  1.302 -108.50   37.26    22.9    12.0    17.4    16.2     6.8    18.25 R    28.1    11.9    17.4 -9999.0 -9999.0 -9999.0 -99.000 -99.000 -99.000 -99.000 -99.000 -9999.0 -9999.0 -9999.0 -9999.0 -9999.0
03061 20070808  1.302 -108.50   37.26    24.9    12.8    18.9    18.9     0.0    27.21 R    38.3    10.1    20.1 -9999.0 -9999.0 -9999.0 -99.000 -99.000 -99.000 -99.000 -99.000 -9999.0 -9999.0 -9999.0 -9999.0 -9999.0
03061 20070809  1.302 -108.50   37.26    26.4    16.2    21.3    21.1     0.0    25.64 R    40.8    10.8    21.9 -9999.0 -9999.0 -9999.0 -99.000 -99.000 -99.000 -99.000 -99.000 -9999.0 -9999.0 -9999.0 -9999.0 -9999.0
03061 20070810  1.302 -108.50   37.26    25.6    14.1    19.8    19.9     0.0    24.34 R    42.3    12.1    22.7 -9999.0 -9999.0 -9999.0 -99.000 -99.000 -99.000 -99.000 -99.000 -9999.0 -9999.0 -9999.0 -9999.0 -9999.0
03061 20070811  1.302 -108.50   37.26    26.2    16.8    21.5    21.0     0.0    19.04 R    45.7    11.9    22.0 -9999.0 -9999.0 -9999.0 -99.000 -99.000 -99.000 -99.000 -99.000 -9999.0 -9999.0 -9999.0 -9999.0 -9999.0
03061 20070812  1.302 -108.50   37.26    29.4    18.3    23.8    22.5     0.0    24.60 R    47.4    14.6    25.0 -9999.0 -9999.0 -9999.0 -99.000 -99.000 -99.000 -99.000 -99.000 -9999.0 -9999.0 -9999.0 -9999.0 -9999.0
03061 20070813  1.302 -108.50   37.26    27.3    14.2    20.8    20.0    21.6    17.11 R    47.8    13.8    20.8 -9999.0 -9999.0 -9999.0 -99.000 -99.000 -99.000 -99.000 -99.000 -9999.0 -9999.0 -9999.0 -9999.0 -9999.0
03061 20070814  1.302 -108.50   37.26    25.4    16.1    20.8    20.2     0.0    23.48 R    34.2    14.2    20.9 -9999.0 -9999.0 -9999.0 -99.000 -99.000 -99.000 -99.000 -99.000 -9999.0 -9999.0 -9999.0 -9999.0 -9999.0
03061 20070815  1.302 -108.50   37.26    25.5    12.4    19.0    19.2     1.8    24.03 R    37.9    12.7    20.6 -9999.0 -9999.0 -9999.0 -99.000 -99.000 -99.000 -99.000 -99.000 -9999.0 -9999.0 -9999.0 -9999.0 -9999.0
03061 20070816  1.302 -108.50   37.26    27.2    14.0    20.6    19.8     0.4    25.88 R    42.3    11.9    22.2 -9999.0 -9999.0 -9999.0 -99.000 -99.000 -99.000 -99.000 -99.000 -9999.0 -9999.0 -9999.0 -9999.0 -9999.0
03061 20070817  1.302 -108.50   37.26    25.4    15.0    20.2    19.3     0.0    21.92 R    42.9    12.3    21.8 -9999.0 -9999.0 -9999.0 -99.000 -99.000 -99.000 -99.000 -99.000 -9999.0 -9999.0 -9999.0 -9999.0 -9999.0
03061 20070818  1.302 -108.50   37.26    26.5    15.8    21.1    20.5     0.0    24.28 R    47.4    13.5    23.6 -9999.0 -9999.0 -9999.0 -99.000 -99.000 -99.000 -99.000 -99.000 -9999.0 -9999.0 -9999.0 -9999.0 -9999.0
03061 20070819  1.302 -108.50   37.26    26.7    17.4    22.0    21.5     0.0    24.11 R    44.8    14.7    24.3 -9999.0 -9999.0 -9999.0 -99.000 -99.000 -99.000 -99.000 -99.000 -9999.0 -9999.0 -9999.0 -9999.0 -9999.0
03061 20070820  1.302 -108.50   37.26    27.0    16.8    21.9    21.0     0.0    27.58 R    46.6    14.2    25.0 -9999.0 -9999.0 -9999.0 -99.000 -99.000 -99.000 -99.000 -99.000 -9999.0 -9999.0 -9999.0 -9999.0 -9999.0
03061 20070821  1.302 -108.50   37.26    28.9    16.8    22.9    22.2     0.0    27.13 R    48.9    13.0    25.9 -9999.0 -9999.0 -9999.0 -99.000 -99.000 -99.000 -99.000 -99.000 -9999.0 -9999.0 -9999.0 -9999.0 -9999.0
03061 20070822  1.302 -108.50   37.26    27.9    18.3    23.1    22.9     0.0    26.70 R    46.6    11.0    25.2 -9999.0 -9999.0 -9999.0 -99.000 -99.000 -99.000 -99.000 -99.000 -9999.0 -9999.0 -9999.0 -9999.0 -9999.0
03061 20070823  1.302 -108.50   37.26    26.7    16.6    21.6    21.2     0.0    25.88 R    47.2    12.8    24.2 -9999.0 -9999.0 -9999.0 -99.000 -99.000 -99.000 -99.000 -99.000 -9999.0 -9999.0 -9999.0 -9999.0 -9999.0
03061 20070824  1.302 -108.50   37.26    27.0    14.7    20.9    21.3     0.0    26.47 R    47.0    12.6    25.1 -9999.0 -9999.0 -9999.0 -99.000 -99.000 -99.000 -99.000 -99.000 -9999.0 -9999.0 -9999.0 -9999.0 -9999.0
03061 20070825  1.302 -108.50   37.26    29.4    19.1    24.3    23.3     0.0    25.11 R    51.0    12.2    25.1 -9999.0 -9999.0 -9999.0 -99.000 -99.000 -99.000 -99.000 -99.000 -9999.0 -9999.0 -9999.0 -9999.0 -9999.0
03061 20070826  1.302 -108.50   37.26    27.2    14.8    21.0    19.4     0.6    15.44 R    44.8    12.3    20.8 -9999.0 -9999.0 -9999.0 -99.000 -99.000 -99.000 -99.000 -99.000 -9999.0 -9999.0 -9999.0 -9999.0 -9999.0
03061 20070827  1.302 -108.50   37.26    21.2    10.6    15.9    14.6    22.3    10.53 R    33.4     9.9    16.0 -9999.0 -9999.0 -9999.0 -99.000 -99.000 -99.000 -99.000 -99.000 -9999.0 -9999.0 -9999.0 -9999.0 -9999.0
03061 20070828  1.302 -108.50   37.26    22.7    10.4    16.6    16.4     0.0    24.41 R    33.5     9.6    18.4 -9999.0 -9999.0 -9999.0 -99.000 -99.000 -99.000 -99.000 -99.000 -9999.0 -9999.0 -9999.0 -9999.0 -9999.0
03061 20070829  1.302 -108.50   37.26    25.5    14.6    20.1    19.2     0.0    21.16 R    39.9    11.2    20.4 -9999.0 -9999.0 -9999.0 -99.000 -99.000 -99.000 -99.000 -99.000 -9999.0 -9999.0 -9999.0 -9999.0 -9999.0
03061 20070830  1.302 -108.50   37.26    25.6    13.0    19.3    18.5     0.0    23.91 R    41.1    11.1    21.3 -9999.0 -9999.0 -9999.0 -99.000 -99.000 -99.000 -99.000 -99.000 -9999.0 -9999.0 -9999.0 -9999.0 -9999.0
03061 20070831  1.302 -108.50   37.26    25.8    14.2    20.0    18.4     0.0    17.85 R    44.7    12.7    20.6 -9999.0 -9999.0 -9999.0 -99.000 -99.000 -99.000 -99.000 -99.000 -9999.0 -9999.0 -9999.0 -9999.0 -9999.0
03061 20070901  1.302 -108.50   37.26    26.7    13.5    20.1    19.1     0.0    24.78 R    45.5    11.9    23.4 -9999.0 -9999.0 -9999.0 -99.000 -99.000 -99.000 -99.000 -99.000 -9999.0 -9999.0 -9999.0 -9999.0 -9999.0
03061 20070902  1.302 -108.50   37.26    25.5    13.1    19.3    16.9     6.6    19.96 R    48.4    10.9    19.6 -9999.0 -9999.0 -9999.0 -99.000 -99.000 -99.000 -99.000 -99.000 -9999.0 -9999.0 -9999.0 -9999.0 -9999.0
03061 20070903  1.302 -108.50   37.26    26.1    12.4    19.2    17.1     4.6    19.13 R    40.3     9.3    17.4 -9999.0 -9999.0 -9999.0 -99.000 -99.000 -99.000 -99.000 -99.000 -9999.0 -9999.0 -9999.0 -9999.0 -9999.0
03061 20070904  1.302 -108.50   37.26    24.1    12.7    18.4    18.0     0.0    20.55 R    36.6    10.0    18.6 -9999.0 -9999.0 -9999.0 -99.000 -99.000 -99.000 -99.000 -99.000 -9999.0 -9999.0 -9999.0 -9999.0 -9999.0
03061 20070905  1.302 -108.50   37.26    23.9    14.8    19.4    18.5     0.0    19.44 R    38.8    12.8    20.4 -9999.0 -9999.0 -9999.0 -99.000 -99.000 -99.000 -99.000 -99.000 -9999.0 -9999.0 -9999.0 -9999.0 -9999.0
03061 20070906  1.302 -108.50   37.26    23.6    13.5    18.6    17.7     0.8    22.22 R    38.1    11.1    19.5 -9999.0 -9999.0 -9999.0 -99.000 -99.000 -99.000 -99.000 -99.000 -9999.0 -9999.0 -9999.0 -9999.0 -9999.0
03061 20070907  1.302 -108.50   37.26    24.4    13.6    19.0    17.9     0.0    24.35 R    43.9     9.6    20.7 -9999.0 -9999.0 -9999.0 -99.000 -99.000 -99.000 -99.000 -99.000 -9999.0 -9999.0 -9999.0 -9999.0 -9999.0
03061 20070908  1.302 -108.50   37.26    25.7    13.4    19.6    18.8     0.0    24.25 R    44.0     8.5    21.5 -9999.0 -9999.0 -9999.0 -99.000 -99.000 -99.000 -99.000 -99.000 -9999.0 -9999.0 -9999.0 -9999.0 -9999.0
03061 20070909  1.302 -108.50   37.26    25.6    14.0    19.8    19.2     0.0    20.64 R    45.5     9.1    21.4 -9999.0 -9999.0 -9999.0 -99.000 -99.000 -99.000 -99.000 -99.000 -9999.0 -9999.0 -9999.0 -9999.0 -9999.0
03061 20070910  1.302 -108.50   37.26    23.7    13.2    18.5    17.2     0.0    17.22 R    41.0     9.2    18.9 -9999.0 -9999.0 -9999.0 -99.000 -99.000 -99.000 -99.000 -99.000 -9999.0 -9999.0 -9999.0 -9999.0 -9999.0
03061 20070911  1.302 -108.50   37.26    23.9    11.6    17.7    17.1     0.0    20.84 R    43.9     8.9    19.8 -9999.0 -9999.0 -9999.0 -99.000 -99.000 -99.000 -99.000 -99.000 -9999.0 -9999.0 -9999.0 -9999.0 -9999.0
03061 20070912  1.302 -108.50   37.26    23.5    11.4    17.5    17.0     0.0    22.91 R    42.8     6.6    20.4 -9999.0 -9999.0 -9999.0 -99.000 -99.000 -99.000 -99.000 -99.000 -9999.0 -9999.0 -9999.0 -9999.0 -9999.0
03061 20070913  1.302 -108.50   37.26    24.5    15.0    19.7    19.1     0.0    22.64 R    43.6     6.5    20.4 -9999.0 -9999.0 -9999.0 -99.000 -99.000 -99.000 -99.000 -99.000 -9999.0 -9999.0 -9999.0 -9999.0 -9999.0
03061 20070914  1.302 -108.50   37.26    25.1    14.2    19.7    19.4     0.0    19.06 R    43.3    10.1    21.1 -9999.0 -9999.0 -9999.0 -99.000 -99.000 -99.000 -99.000 -99.000 -9999.0 -9999.0 -9999.0 -9999.0 -9999.0
03061 20070915  1.302 -108.50   37.26    23.9    13.4    18.7    17.4     0.2    12.23 R    42.2     9.7    18.1 -9999.0 -9999.0 -9999.0 -99.000 -99.000 -99.000 -99.000 -99.000 -9999.0 -9999.0 -9999.0 -9999.0 -9999.0
03061 20070916  1.302 -108.50   37.26    22.4    11.9    17.1    16.0     4.7    12.93 R    33.9    11.2    16.7 -9999.0 -9999.0 -9999.0 -99.000 -99.000 -99.000 -99.000 -99.000 -9999.0 -9999.0 -9999.0 -9999.0 -9999.0
03061 20070917  1.302 -108.50   37.26    14.6     8.0    11.3    11.0     3.2     9.61 R    22.0     5.3    11.3 -9999.0 -9999.0 -9999.0 -99.000 -99.000 -99.000 -99.000 -99.000 -9999.0 -9999.0 -9999.0 -9999.0 -9999.0
03061 20070918  1.302 -108.50   37.26    18.2     6.7    12.4    12.0     0.0    22.91 R    31.2     4.4    13.7 -9999.0 -9999.0 -9999.0 -99.000 -99.000 -99.000 -99.000 -99.000 -9999.0 -9999.0 -9999.0 -9999.0 -9999.0
03061 20070919  1.302 -108.50   37.26    21.8     9.0    15.4    15.0     0.0    21.52 R    36.1     5.9    16.5 -9999.0 -9999.0 -9999.0 -99.000 -99.000 -99.000 -99.000 -99.000 -9999.0 -9999.0 -9999.0 -9999.0 -9999.0
03061 20070920  1.302 -108.50   37.26    20.8    10.8    15.8    14.4     0.0    14.01 R    38.0     8.3    16.2 -9999.0 -9999.0 -9999.0 -99.000 -99.000 -99.000 -99.000 -99.000 -9999.0 -9999.0 -9999.0 -9999.0 -9999.0
03061 20070921  1.302 -108.50   37.26    22.5     9.9    16.2    15.6     0.0    22.35 R    39.9     5.7    17.8 -9999.0 -9999.0 -9999.0 -99.000 -99.000 -99.000 -99.000 -99.000 -9999.0 -9999.0 -9999.0 -9999.0 -9999.0
03061 20070922  1.302 -108.50   37.26    22.8    10.1    16.5    15.2     2.6    15.77 R    39.7     8.7    16.7 -9999.0 -9999.0 -9999.0 -99.000 -99.000 -99.000 -99.000 -99.000 -9999.0 -9999.0 -9999.0 -9999.0 -9999.0
03061 20070923  1.302 -108.50   37.26    11.8     7.0     9.4     9.2    29.6     5.69 R    16.7     7.0    10.0 -9999.0 -9999.0 -9999.0 -99.000 -99.000 -99.000 -99.000 -99.000 -9999.0 -9999.0 -9999.0 -9999.0 -9999.0
03061 20070924  1.302 -108.50   37.26    12.0     4.1     8.0     7.3     0.0    19.79 R    21.8     2.3     9.0 -9999.0 -9999.0 -9999.0 -99.000 -99.000 -99.000 -99.000 -99.000 -9999.0 -9999.0 -9999.0 -9999.0 -9999.0
03061 20070925  1.302 -108.50   37.26    15.2     4.8    10.0     9.3     0.0    22.31 R    27.9     0.0    10.5 -9999.0 -9999.0 -9999.0 -99.000 -99.000 -99.000 -99.000 -99.000 -9999.0 -9999.0 -9999.0 -9999.0 -9999.0
03061 20070926  1.302 -108.50   37.26    16.8     6.2    11.5    11.1     0.0    22.20 R    30.3     2.1    12.6 -9999.0 -9999.0 -9999.0 -99.000 -99.000 -99.000 -99.000 -99.000 -9999.0 -9999.0 -9999.0 -9999.0 -9999.0
03061 20070927  1.302 -108.50   37.26    18.5     7.6    13.1    12.6     0.0    16.27 R    31.3     1.4    12.7 -9999.0 -9999.0 -9999.0 -99.000 -99.000 -99.000 -99.000 -99.000 -9999.0 -9999.0 -9999.0 -9999.0 -9999.0
03061 20070928  1.302 -108.50   37.26    18.4    11.0    14.7    13.8     0.0    11.65 R    25.6     8.7    14.0 -9999.0 -9999.0 -9999.0 -99.000 -99.000 -99.000 -99.000 -99.000 -9999.0 -9999.0 -9999.0 -9999.0 -9999.0
03061 20070929  1.302 -108.50   37.26    17.7     0.2     8.9    10.8     0.0     8.73 R    23.6    -0.4    10.9 -9999.0 -9999.0 -9999.0 -99.000 -99.000 -99.000 -99.000 -99.000 -9999.0 -9999.0 -9999.0 -9999.0 -9999.0
03061 20070930  1.302 -108.50   37.26    16.0    -0.4     7.8     7.9     0.0    21.64 R    31.1    -2.0    10.2 -9999.0 -9999.0 -9999.0 -99.000 -99.000 -99.000 -99.000 -99.000 -9999.0 -9999.0 -9999.0 -9999.0 -9999.0
03061 20071001  1.302 -108.50   37.26    19.5     7.3    13.4    11.5     2.4    12.89 R    32.3     4.8    12.5 -9999.0 -9999.0 -9999.0 -99.000 -99.000 -99.000 -99.000 -99.000 -9999.0 -9999.0 -9999.0 -9999.0 -9999.0
03061 20071002  1.302 -108.50   37.26    14.3     5.1     9.7     9.2     3.7    21.07 R    24.0     1.4    10.4 -9999.0 -9999.0 -9999.0 -99.000 -99.000 -99.000 -99.000 -99.000 -9999.0 -9999.0 -9999.0 -9999.0 -9999.0
03061 20071003  1.302 -108.50   37.26    18.5     6.1    12.3    12.4     0.0    20.65 R    30.2     0.3    12.1 -9999.0 -9999.0 -9999.0 -99.000 -99.000 -99.000 -99.000 -99.000 -9999.0 -9999.0 -9999.0 -9999.0 -9999.0
03061 20071004  1.302 -108.50   37.26    16.3     8.4    12.3    11.0     4.3     8.96 R    27.3     5.0    10.6 -9999.0 -9999.0 -9999.0 -99.000 -99.000 -99.000 -99.000 -99.000 -9999.0 -9999.0 -9999.0 -9999.0 -9999.0
03061 20071005  1.302 -108.50   37.26    17.5     8.2    12.8    11.7     0.6    12.31 R    21.4     7.1    11.3 -9999.0 -9999.0 -9999.0 -99.000 -99.000 -99.000 -99.000 -99.000 -9999.0 -9999.0 -9999.0 -9999.0 -9999.0
03061 20071006  1.302 -108.50   37.26    11.1    -1.0     5.1     5.6     0.3     7.77 R    14.6    -3.1     5.1 -9999.0 -9999.0 -9999.0 -99.000 -99.000 -99.000 -99.000 -99.000 -9999.0 -9999.0 -9999.0 -9999.0 -9999.0
03061 20071007  1.302 -108.50   37.26     8.4    -4.1     2.1     1.8     0.0    20.05 R    22.1    -5.1     4.3 -9999.0 -9999.0 -9999.0 -99.000 -99.000 -99.000 -99.000 -99.000 -9999.0 -9999.0 -9999.0 -9999.0 -9999.0
03061 20071008  1.302 -108.50   37.26    16.1    -0.7     7.7     7.6     0.0    20.21 R    29.4    -3.3     9.1 -9999.0 -9999.0 -9999.0 -99.000 -99.000 -99.000 -99.000 -99.000 -9999.0 -9999.0 -9999.0 -9999.0 -9999.0
03061 20071009  1.302 -108.50   37.26    19.6     7.8    13.7    13.0     0.4    16.62 R    31.4     4.0    13.3 -9999.0 -9999.0 -9999.0 -99.000 -99.000 -99.000 -99.000 -99.000 -9999.0 -9999.0 -9999.0 -9999.0 -9999.0
03061 20071010  1.302 -108.50   37.26    19.7     9.3    14.5    13.8     0.9    16.81 R    30.5     6.9    14.0 -9999.0 -9999.0 -9999.0 -99.000 -99.000 -99.000 -99.000 -99.000 -9999.0 -9999.0 -9999.0 -9999.0 -9999.0
03061 20071011  1.302 -108.50   37.26    20.8     9.2    15.0    14.6     0.0    19.41 R    34.2     3.1    14.7 -9999.0 -9999.0 -9999.0 -99.000 -99.000 -99.000 -99.000 -99.000 -9999.0 -9999.0 -9999.0 -9999.0 -9999.0
03061 20071012  1.302 -108.50   37.26    20.1     9.8    15.0    14.0     0.0    15.71 R    33.4     5.7    14.1 -9999.0 -9999.0 -9999.0 -99.000 -99.000 -99.000 -99.000 -99.000 -9999.0 -9999.0 -9999.0 -9999.0 -9999.0
03061 20071013  1.302 -108.50   37.26    14.3     4.8     9.6     8.5     0.0    12.27 R    29.3     1.1     9.5 -9999.0 -9999.0 -9999.0 -99.000 -99.000 -99.000 -99.000 -99.000 -9999.0 -9999.0 -9999.0 -9999.0 -9999.0
03061 20071014  1.302 -108.50   37.26    11.4     1.7     6.6     5.3     0.0    14.16 R    24.3    -0.6     6.7 -9999.0 -9999.0 -9999.0 -99.000 -99.000 -99.000 -99.000 -99.000 -9999.0 -9999.0 -9999.0 -9999.0 -9999.0
03061 20071015  1.302 -108.50   37.26    13.2     0.5     6.8     6.6     0.0    18.77 R    27.5    -1.2     8.3 -9999.0 -9999.0 -9999.0 -99.000 -99.000 -99.000 -99.000 -99.000 -9999.0 -9999.0 -9999.0 -9999.0 -9999.0
03061 20071016  1.302 -108.50   37.26    13.4     1.4     7.4     7.0     2.9    13.63 R    27.5     1.6     8.6 -9999.0 -9999.0 -9999.0 -99.000 -99.000 -99.000 -99.000 -99.000 -9999.0 -9999.0 -9999.0 -9999.0 -9999.0
03061 20071017  1.302 -108.50   37.26     7.1     0.0     3.6     2.7     0.5    11.23 R    12.5    -1.9     2.3 -9999.0 -9999.0 -9999.0 -99.000 -99.000 -99.000 -99.000 -99.000 -9999.0 -9999.0 -9999.0 -9999.0 -9999.0
03061 20071018  1.302 -108.50   37.26     6.8    -4.0     1.4     1.4     0.0    18.30 R    16.6    -5.3     2.7 -9999.0 -9999.0 -9999.0 -99.000 -99.000 -99.000 -99.000 -99.000 -9999.0 -9999.0 -9999.0 -9999.0 -9999.0
03061 20071019  1.302 -108.50   37.26    15.5     1.9     8.7     8.4     0.0    17.91 R    28.2    -1.0     9.1 -9999.0 -9999.0 -9999.0 -99.000 -99.000 -99.000 -99.000 -99.000 -9999.0 -9999.0 -9999.0 -9999.0 -9999.0
03061 20071020  1.302 -108.50   37.26    17.8    -1.8     8.0     9.8     0.0    14.47 R    31.3    -1.7    10.2 -9999.0 -9999.0 -9999.0 -99.000 -99.000 -99.000 -99.000 -99.000 -9999.0 -9999.0 -9999.0 -9999.0 -9999.0
03061 20071021  1.302 -108.50   37.26     2.7    -5.6    -1.4    -2.2     0.0    17.53 R    18.7    -7.2     1.5 -9999.0 -9999.0 -9999.0 -99.000 -99.000 -99.000 -99.000 -99.000 -9999.0 -9999.0 -9999.0 -9999.0 -9999.0
03061 20071022  1.302 -108.50   37.26     7.3    -5.5     0.9     0.9     0.0    17.63 R    21.2    -8.7     2.7 -9999.0 -9999.0 -9999.0 -99.000 -99.000 -99.000 -99.000 -99.000 -9999.0 -9999.0 -9999.0 -9999.0 -9999.0
03061 20071023  1.302 -108.50   37.26    16.5    -0.2     8.1     7.9     0.0    17.28 R    31.1    -4.2     9.1 -9999.0 -9999.0 -9999.0 -99.000 -99.000 -99.000 -99.000 -99.000 -9999.0 -9999.0 -9999.0 -9999.0 -9999.0
03061 20071024  1.302 -108.50   37.26    18.0     6.2    12.1    11.1     0.0    17.29 R    32.5     2.0    11.5 -9999.0 -9999.0 -9999.0 -99.000 -99.000 -99.000 -99.000 -99.000 -9999.0 -9999.0 -9999.0 -9999.0 -9999.0
03061 20071025  1.302 -108.50   37.26    18.2     7.9    13.0    12.2     0.0    17.30 R    32.0    -0.1    11.3 -9999.0 -9999.0 -9999.0 -99.000 -99.000 -99.000 -99.000 -99.000 -9999.0 -9999.0 -9999.0 -9999.0 -9999.0
03061 20071026  1.302 -108.50   37.26    18.6     8.7    13.6    12.5     0.0    16.87 R    32.4     1.3    12.0 -9999.0 -9999.0 -9999.0 -99.000 -99.000 -99.000 -99.000 -99.000 -9999.0 -9999.0 -9999.0 -9999.0 -9999.0
03061 20071027  1.302 -108.50   37.26    18.3     8.4    13.4    12.5     0.0    15.23 R    31.8    -0.3    11.7 -9999.0 -9999.0 -9999.0 -99.000 -99.000 -99.000 -99.000 -99.000 -9999.0 -9999.0 -9999.0 -9999.0 -9999.0
03061 20071028  1.302 -108.50   37.26    17.9     7.4    12.6    11.9     0.0    15.82 R    32.7     2.0    11.7 -9999.0 -9999.0 -9999.0 -99.000 -99.000 -99.000 -99.000 -99.000 -9999.0 -9999.0 -9999.0 -9999.0 -9999.0
03061 20071029  1.302 -108.50   37.26    19.0     8.4    13.7    12.6     0.0    13.72 R    31.4     1.6    12.1 -9999.0 -9999.0 -9999.0 -99.000 -99.000 -99.000 -99.000 -99.000 -9999.0 -9999.0 -9999.0 -9999.0 -9999.0
03061 20071030  1.302 -108.50   37.26    16.1     5.5    10.8    10.5     0.0    14.14 R    31.0     2.0    11.8 -9999.0 -9999.0 -9999.0 -99.000 -99.000 -99.000 -99.000 -99.000 -9999.0 -9999.0 -9999.0 -9999.0 -9999.0
03061 20071031  1.302 -108.50   37.26    13.6     4.0     8.8     8.8     0.0    15.04 R    28.0    -0.4     9.7 -9999.0 -9999.0 -9999.0 -99.000 -99.000 -99.000 -99.000 -99.000 -9999.0 -9999.0 -9999.0 -9999.0 -9999.0
03061 20071101  1.302 -108.50   37.26    13.9     2.8     8.3     7.3     0.0    15.66 R    30.1    -1.4     8.2 -9999.0 -9999.0 -9999.0 -99.000 -99.000 -99.000 -99.000 -99.000 -9999.0 -9999.0 -9999.0 -9999.0 -9999.0
03061 20071102  1.302 -108.50   37.26    13.1     3.2     8.1     7.3     0.0    14.79 R    27.4    -1.0     8.1 -9999.0 -9999.0 -9999.0 -99.000 -99.000 -99.000 -99.000 -99.000 -9999.0 -9999.0 -9999.0 -9999.0 -9999.0
03061 20071103  1.302 -108.50   37.26    15.3     3.4     9.3     8.1     0.0    15.72 R    29.2    -2.5     8.0 -9999.0 -9999.0 -9999.0 -99.000 -99.000 -99.000 -99.000 -99.000 -9999.0 -9999.0 -9999.0 -9999.0 -9999.0
03061 20071104  1.302 -108.50   37.26    15.5     3.9     9.7     9.2     0.0    15.79 R    28.2    -3.4     8.3 -9999.0 -9999.0 -9999.0 -99.000 -99.000 -99.000 -99.000 -99.000 -9999.0 -9999.0 -9999.0 -9999.0 -9999.0
03061 20071105  1.302 -108.50   37.26    16.7     4.4    10.6     9.9     0.0    15.27 R    30.2    -1.2     9.3 -9999.0 -9999.0 -9999.0 -99.000 -99.000 -99.000 -99.000 -99.000 -9999.0 -9999.0 -9999.0 -9999.0 -9999.0
03061 20071106  1.302 -108.50   37.26    15.8     5.2    10.5     9.7     0.0    14.39 R    31.6    -0.8     9.4 -9999.0 -9999.0 -9999.0 -99.000 -99.000 -99.000 -99.000 -99.000 -9999.0 -9999.0 -9999.0 -9999.0 -9999.0
03061 20071107  1.302 -108.50   37.26    16.0     7.2    11.6    10.4     0.0    14.87 R    29.0     1.8    10.0 -9999.0 -9999.0 -9999.0 -99.000 -99.000 -99.000 -99.000 -99.000 -9999.0 -9999.0 -9999.0 -9999.0 -9999.0
03061 20071108  1.302 -108.50   37.26    16.0     7.1    11.5    10.5     0.0    14.32 R    28.4     2.4    10.3 -9999.0 -9999.0 -9999.0 -99.000 -99.000 -99.000 -99.000 -99.000 -9999.0 -9999.0 -9999.0 -9999.0 -9999.0
03061 20071109  1.302 -108.50   37.26    15.9     8.1    12.0    10.9     0.0    12.47 R    28.6    -0.5     9.1 -9999.0 -9999.0 -9999.0 -99.000 -99.000 -99.000 -99.000 -99.000 -9999.0 -9999.0 -9999.0 -9999.0 -9999.0
03061 20071110  1.302 -108.50   37.26    15.0     7.4    11.2    10.0     0.0    12.54 R    28.8     1.4     9.8 -9999.0 -9999.0 -9999.0 -99.000 -99.000 -99.000 -99.000 -99.000 -9999.0 -9999.0 -9999.0 -9999.0 -9999.0
03061 20071111  1.302 -108.50   37.26    14.0     4.4     9.2     8.9     0.0    13.38 R    26.4    -1.5     8.2 -9999.0 -9999.0 -9999.0 -99.000 -99.000 -99.000 -99.000 -99.000 -9999.0 -9999.0 -9999.0 -9999.0 -9999.0
03061 20071112  1.302 -108.50   37.26    14.7     4.0     9.4     8.8     0.0    14.03 R    27.1    -0.1     8.5 -9999.0 -9999.0 -9999.0 -99.000 -99.000 -99.000 -99.000 -99.000 -9999.0 -9999.0 -9999.0 -9999.0 -9999.0
03061 20071113  1.302 -108.50   37.26    13.6     5.6     9.6     8.7     0.0    13.86 R    25.6    -1.3     7.8 -9999.0 -9999.0 -9999.0 -99.000 -99.000 -99.000 -99.000 -99.000 -9999.0 -9999.0 -9999.0 -9999.0 -9999.0
03061 20071114  1.302 -108.50   37.26    12.9     3.8     8.4     7.2     0.0    13.83 R    24.1    -0.2     7.3 -9999.0 -9999.0 -9999.0 -99.000 -99.000 -99.000 -99.000 -99.000 -9999.0 -9999.0 -9999.0 -9999.0 -9999.0
03061 20071115  1.302 -108.50   37.26    13.4     1.0     7.2     6.8     0.0    13.63 R    24.7    -1.3     6.6 -9999.0 -9999.0 -9999.0 -99.000 -99.000 -99.000 -99.000 -99.000 -9999.0 -9999.0 -9999.0 -9999.0 -9999.0
03061 20071116  1.302 -108.50   37.26    13.3     4.5     8.9     7.9     0.0    12.97 R    25.9    -1.0     7.4 -9999.0 -9999.0 -9999.0 -99.000 -99.000 -99.000 -99.000 -99.000 -9999.0 -9999.0 -9999.0 -9999.0 -9999.0
03061 20071117  1.302 -108.50   37.26    13.4     3.7     8.6     7.9     0.0    12.37 R    24.2     0.8     8.1 -9999.0 -9999.0 -9999.0 -99.000 -99.000 -99.000 -99.000 -99.000 -9999.0 -9999.0 -9999.0 -9999.0 -9999.0
03061 20071118  1.302 -108.50   37.26    13.8     5.3     9.5     9.0     0.0    12.32 R    25.1     0.3     7.7 -9999.0 -9999.0 -9999.0 -99.000 -99.000 -99.000 -99.000 -99.000 -9999.0 -9999.0 -9999.0 -9999.0 -9999.0
03061 20071119  1.302 -108.50   37.26    16.2     5.3    10.7    10.4     0.0    13.40 R    26.9    -0.2     8.5 -9999.0 -9999.0 -9999.0 -99.000 -99.000 -99.000 -99.000 -99.000 -9999.0 -9999.0 -9999.0 -9999.0 -9999.0
03061 20071120  1.302 -108.50   37.26    12.3     0.0     6.1     7.6     0.0    12.14 R    27.6    -2.4     6.6 -9999.0 -9999.0 -9999.0 -99.000 -99.000 -99.000 -99.000 -99.000 -9999.0 -9999.0 -9999.0 -9999.0 -9999.0
03061 20071121  1.302 -108.50   37.26     2.5    -8.0    -2.8    -3.6     0.0    11.33 R    11.4   -11.0    -2.6 -9999.0 -9999.0 -9999.0 -99.000 -99.000 -99.000 -99.000 -99.000 -9999.0 -9999.0 -9999.0 -9999.0 -9999.0
03061 20071122  1.302 -108.50   37.26     3.1    -7.1    -2.0    -1.6     0.0    11.51 R    14.1   -12.3    -1.4 -9999.0 -9999.0 -9999.0 -99.000 -99.000 -99.000 -99.000 -99.000 -9999.0 -9999.0 -9999.0 -9999.0 -9999.0
03061 20071123  1.302 -108.50   37.26    -1.8    -7.8    -4.8    -4.2    13.4     5.44 R     0.2   -12.0    -4.4 -9999.0 -9999.0 -9999.0 -99.000 -99.000 -99.000 -99.000 -99.000 -9999.0 -9999.0 -9999.0 -9999.0 -9999.0
03061 20071124  1.302 -108.50   37.26    -0.4    -8.6    -4.5    -5.2     0.3    12.02 R     2.1   -18.0    -9.2 -9999.0 -9999.0 -9999.0 -99.000 -99.000 -99.000 -99.000 -99.000 -9999.0 -9999.0 -9999.0 -9999.0 -9999.0
03061 20071125  1.302 -108.50   37.26     3.2    -7.3    -2.0    -2.1     0.0    12.48 R     2.6   -13.5    -5.7 -9999.0 -9999.0 -9999.0 -99.000 -99.000 -99.000 -99.000 -99.000 -9999.0 -9999.0 -9999.0 -9999.0 -9999.0
03061 20071126  1.302 -108.50   37.26     4.2    -3.5     0.3    -0.3     0.0    10.38 R     3.6    -8.6    -3.3 -9999.0 -9999.0 -9999.0 -99.000 -99.000 -99.000 -99.000 -99.000 -9999.0 -9999.0 -9999.0 -9999.0 -9999.0
03061 20071127  1.302 -108.50   37.26     4.8    -3.5     0.7     0.6     0.0     9.46 R     4.1    -7.3    -1.8 -9999.0 -9999.0 -9999.0 -99.000 -99.000 -99.000 -99.000 -99.000 -9999.0 -9999.0 -9999.0 -9999.0 -9999.0
03061 20071128  1.302 -108.50   37.26     1.8    -6.4    -2.3    -3.8     0.0    12.85 R     1.4   -11.8    -5.5 -9999.0 -9999.0 -9999.0 -99.000 -99.000 -99.000 -99.000 -99.000 -9999.0 -9999.0 -9999.0 -9999.0 -9999.0
03061 20071129  1.302 -108.50   37.26     6.1    -6.2     0.0    -0.4     0.0    11.56 R     6.3   -11.3    -3.2 -9999.0 -9999.0 -9999.0 -99.000 -99.000 -99.000 -99.000 -99.000 -9999.0 -9999.0 -9999.0 -9999.0 -9999.0
03061 20071130  1.302 -108.50   37.26     4.4     0.2     2.3     2.3    24.8     1.58 R     5.9    -2.6     0.7 -9999.0 -9999.0 -9999.0 -99.000 -99.000 -99.000 -99.000 -99.000 -9999.0 -9999.0 -9999.0 -9999.0 -9999.0
03061 20071201  1.302 -108.50   37.26     4.4    -5.8    -0.7     0.3    32.5     1.23 R    13.1    -9.4    -2.3 -9999.0 -9999.0 -9999.0 -99.000 -99.000 -99.000 -99.000 -99.000 -9999.0 -9999.0 -9999.0 -9999.0 -9999.0
03061 20071202  1.302 -108.50   37.26    -0.9    -6.9    -3.9    -4.6     0.2    12.47 R    -2.4   -13.2    -8.4 -9999.0 -9999.0 -9999.0 -99.000 -99.000 -99.000 -99.000 -99.000 -9999.0 -9999.0 -9999.0 -9999.0 -9999.0
03061 20071203  1.302 -108.50   37.26     5.8    -4.7     0.6     0.7     0.0    12.12 R     2.1   -12.8    -5.4 -9999.0 -9999.0 -9999.0 -99.000 -99.000 -99.000 -99.000 -99.000 -9999.0 -9999.0 -9999.0 -9999.0 -9999.0
03061 20071204  1.302 -108.50   37.26     8.8     1.5     5.1     5.1     0.0    12.05 R     4.9    -4.2    -0.5 -9999.0 -9999.0 -9999.0 -99.000 -99.000 -99.000 -99.000 -99.000 -9999.0 -9999.0 -9999.0 -9999.0 -9999.0
03061 20071205  1.302 -108.50   37.26     7.6     2.1     4.8     4.1     0.0     5.33 R     5.0    -1.7     1.0 -9999.0 -9999.0 -9999.0 -99.000 -99.000 -99.000 -99.000 -99.000 -9999.0 -9999.0 -9999.0 -9999.0 -9999.0
03061 20071206  1.302 -108.50   37.26     5.5    -0.7     2.4     2.5     2.1     5.64 R     7.4    -1.7     1.3 -9999.0 -9999.0 -9999.0 -99.000 -99.000 -99.000 -99.000 -99.000 -9999.0 -9999.0 -9999.0 -9999.0 -9999.0
03061 20071207  1.302 -108.50   37.26     4.0    -0.8     1.6     1.1    25.9     0.50 R     8.9    -0.9     0.4 -9999.0 -9999.0 -9999.0 -99.000 -99.000 -99.000 -99.000 -99.000 -9999.0 -9999.0 -9999.0 -9999.0 -9999.0
03061 20071208  1.302 -108.50   37.26     0.2    -6.4    -3.1    -2.6    12.2     0.74 R    -0.2    -9.0    -2.7 -9999.0 -9999.0 -9999.0 -99.000 -99.000 -99.000 -99.000 -99.000 -9999.0 -9999.0 -9999.0 -9999.0 -9999.0
03061 20071209  1.302 -108.50   37.26    -3.6    -8.9    -6.3    -6.1     0.3     9.15 R    -0.9   -17.1    -8.2 -9999.0 -9999.0 -9999.0 -99.000 -99.000 -99.000 -99.000 -99.000 -9999.0 -9999.0 -9999.0 -9999.0 -9999.0
03061 20071210  1.302 -108.50   37.26    -0.2    -5.1    -2.7    -1.7     5.7     1.94 R    -0.2    -5.7    -1.8 -9999.0 -9999.0 -9999.0 -99.000 -99.000 -99.000 -99.000 -99.000 -9999.0 -9999.0 -9999.0 -9999.0 -9999.0
03061 20071211  1.302 -108.50   37.26    -2.0    -7.0    -4.5    -4.9     7.1     2.20 R    -1.8    -7.2    -4.7 -9999.0 -9999.0 -9999.0 -99.000 -99.000 -99.000 -99.000 -99.000 -9999.0 -9999.0 -9999.0 -9999.0 -9999.0
03061 20071212  1.302 -108.50   37.26    -4.7    -9.2    -6.9    -7.1     0.0     7.37 R     0.2   -17.0    -8.8 -9999.0 -9999.0 -9999.0 -99.000 -99.000 -99.000 -99.000 -99.000 -9999.0 -9999.0 -9999.0 -9999.0 -9999.0
03061 20071213  1.302 -108.50   37.26    -4.2    -9.3    -6.8    -7.2     0.0     8.19 R    -1.7   -14.2    -8.8 -9999.0 -9999.0 -9999.0 -99.000 -99.000 -99.000 -99.000 -99.000 -9999.0 -9999.0 -9999.0 -9999.0 -9999.0
03061 20071214  1.302 -108.50   37.26    -7.2   -14.0   -10.6   -10.0     1.6     6.79 R    -6.2   -17.4   -10.6 -9999.0 -9999.0 -9999.0 -99.000 -99.000 -99.000 -99.000 -99.000 -9999.0 -9999.0 -9999.0 -9999.0 -9999.0
03061 20071215  1.302 -108.50   37.26    -7.7   -15.1   -11.4   -11.6     0.0    12.06 R    -5.5   -19.0   -13.7 -9999.0 -9999.0 -9999.0 -99.000 -99.000 -99.000 -99.000 -99.000 -9999.0 -9999.0 -9999.0 -9999.0 -9999.0
03061 20071216  1.302 -108.50   37.26    -1.0   -11.0    -6.0    -6.3     0.0    11.84 R     0.4   -15.4    -9.0 -9999.0 -9999.0 -9999.0 -99.000 -99.000 -99.000 -99.000 -99.000 -9999.0 -9999.0 -9999.0 -9999.0 -9999.0
03061 20071217  1.302 -108.50   37.26     1.2    -6.6    -2.7    -2.7     0.0     9.75 R     1.4   -10.4    -6.0 -9999.0 -9999.0 -9999.0 -99.000 -99.000 -99.000 -99.000 -99.000 -9999.0 -9999.0 -9999.0 -9999.0 -9999.0
03061 20071218  1.302 -108.50   37.26     0.7    -4.6    -1.9    -1.9     0.0     9.58 R     1.3   -12.0    -5.4 -9999.0 -9999.0 -9999.0 -99.000 -99.000 -99.000 -99.000 -99.000 -9999.0 -9999.0 -9999.0 -9999.0 -9999.0
03061 20071219  1.302 -108.50   37.26    -0.8    -5.1    -3.0    -3.2     0.5     4.50 R    -0.9    -9.3    -5.5 -9999.0 -9999.0 -9999.0 -99.000 -99.000 -99.000 -99.000 -99.000 -9999.0 -9999.0 -9999.0 -9999.0 -9999.0
03061 20071220  1.302 -108.50   37.26     0.0    -5.0    -2.5    -2.7     0.0     9.86 R     1.6   -11.5    -5.1 -9999.0 -9999.0 -9999.0 -99.000 -99.000 -99.000 -99.000 -99.000 -9999.0 -9999.0 -9999.0 -9999.0 -9999.0
03061 20071221  1.302 -108.50   37.26    -1.6   -11.1    -6.3    -6.6     3.1     6.32 R    -1.8   -13.6    -7.0 -9999.0 -9999.0 -9999.0 -99.000 -99.000 -99.000 -99.000 -99.000 -9999.0 -9999.0 -9999.0 -9999.0 -9999.0
03061 20071222  1.302 -108.50   37.26    -5.4   -13.0    -9.2    -9.9     0.0    11.89 R    -5.1   -16.2   -11.8 -9999.0 -9999.0 -9999.0 -99.000 -99.000 -99.000 -99.000 -99.000 -9999.0 -9999.0 -9999.0 -9999.0 -9999.0
03061 20071223  1.302 -108.50   37.26    -2.3    -9.8    -6.0    -6.7     0.0    12.11 R    -2.3   -13.0    -8.8 -9999.0 -9999.0 -9999.0 -99.000 -99.000 -99.000 -99.000 -99.000 -9999.0 -9999.0 -9999.0 -9999.0 -9999.0
03061 20071224  1.302 -108.50   37.26    -0.6    -7.8    -4.2    -4.6     0.0    10.36 R     1.0   -11.3    -6.7 -9999.0 -9999.0 -9999.0 -99.000 -99.000 -99.000 -99.000 -99.000 -9999.0 -9999.0 -9999.0 -9999.0 -9999.0
03061 20071225  1.302 -108.50   37.26    -3.0   -12.9    -7.9    -8.9     0.4    11.74 R    -3.4   -17.6    -9.7 -9999.0 -9999.0 -9999.0 -99.000 -99.000 -99.000 -99.000 -99.000 -9999.0 -9999.0 -9999.0 -9999.0 -9999.0
03061 20071226  1.302 -108.50   37.26    -5.8   -13.8    -9.8    -9.3     0.0    10.52 R    -0.9   -18.9   -11.5 -9999.0 -9999.0 -9999.0 -99.000 -99.000 -99.000 -99.000 -99.000 -9999.0 -9999.0 -9999.0 -9999.0 -9999.0
03061 20071227  1.302 -108.50   37.26    -7.9   -16.2   -12.1   -12.1     5.9     9.57 R    -7.7   -21.2   -13.0 -9999.0 -9999.0 -9999.0 -99.000 -99.000 -99.000 -99.000 -99.000 -9999.0 -9999.0 -9999.0 -9999.0 -9999.0
03061 20071228  1.302 -108.50   37.26    -8.6   -17.4   -13.0   -13.0     0.0     9.46 R    -5.4   -23.3   -15.8 -9999.0 -9999.0 -9999.0 -99.000 -99.000 -99.000 -99.000 -99.000 -9999.0 -9999.0 -9999.0 -9999.0 -9999.0
03061 20071229  1.302 -108.50   37.26    -6.2   -13.1    -9.7    -9.6     0.0    10.88 R    -3.3   -20.7   -12.7 -9999.0 -9999.0 -9999.0 -99.000 -99.000 -99.000 -99.000 -99.000 -9999.0 -9999.0 -9999.0 -9999.0 -9999.0
03061 20071230  1.302 -108.50   37.26    -2.4    -9.5    -6.0    -5.7     0.0     7.41 R    -0.8   -13.6    -8.1 -9999.0 -9999.0 -9999.0 -99.000 -99.000 -99.000 -99.000 -99.000 -9999.0 -9999.0 -9999.0 -9999.0 -9999.0
03061 20071231  1.302 -108.50   37.26    -7.1   -13.9   -10.5   -10.7     0.0    12.11 R    -6.0   -17.8   -12.2 -9999.0 -9999.0 -9999.0 -99.000 -99.000 -99.000 -99.000 -99.000 -9999.0 -9999.0 -9999.0 -9999.0 -9999.0
