94082 20070101  1.301 -108.97   40.24    -1.1   -11.5    -6.3    -7.3     0.0     8.78 R     2.2   -11.6    -6.9 -9999.0 -9999.0 -9999.0 -99.000 -99.000 -99.000 -99.000 -99.000 -9999.0 -9999.0 -9999.0 -9999.0 -9999.0
94082 20070102  1.301 -108.97   40.24    -1.4   -10.8    -6.1    -7.4     0.0     7.69 R     2.5   -12.0    -7.2 -9999.0 -9999.0 -9999.0 -99.000 -99.000 -99.000 -99.000 -99.000 -9999.0 -9999.0 -9999.0 -9999.0 -9999.0
94082 20070103  1.301 -108.97   40.24     1.2    -9.5    -4.1    -4.6     0.0     7.42 R     6.1   -10.8    -4.9 -9999.0 -9999.0 -9999.0 -99.000 -99.000 -99.000 -99.000 -99.000 -9999.0 -9999.0 -9999.0 -9999.0 -9999.0
94082 20070104  1.301 -108.97   40.24     5.5    -6.7    -0.6     0.6     9.0     7.55 R     8.6    -8.1    -1.4 -9999.0 -9999.0 -9999.0 -99.000 -99.000 -99.000 -99.000 -99.000 -9999.0 -9999.0 -9999.0 -9999.0 -9999.0
94082 20070105  1.301 -108.97   40.24    -2.8   -11.2    -7.0    -5.6     0.0     7.54 R    -3.4   -20.6   -10.2 -9999.0 -9999.0 -9999.0 -99.000 -99.000 -99.000 -99.000 -99.000 -9999.0 -9999.0 -9999.0 -9999.0 -9999.0
94082 20070106  1.301 -108.97   40.24    -3.5   -14.9    -9.2    -9.9     0.0     8.19 R    -5.8   -23.1   -14.1 -9999.0 -9999.0 -9999.0 -99.000 -99.000 -99.000 -99.000 -99.000 -9999.0 -9999.0 -9999.0 -9999.0 -9999.0
94082 20070107  1.301 -108.97   40.24    -4.0   -12.1    -8.0    -7.3     0.0     9.70 R    -6.9   -19.6   -12.7 -9999.0 -9999.0 -9999.0 -99.000 -99.000 -99.000 -99.000 -99.000 -9999.0 -9999.0 -9999.0 -9999.0 -9999.0
94082 20070108  1.301 -108.97   40.24     2.3    -9.1    -3.4    -4.1     0.0    10.53 R    -1.8   -14.8    -9.4 -9999.0 -9999.0 -9999.0 -99.000 -99.000 -99.000 -99.000 -99.000 -9999.0 -9999.0 -9999.0 -9999.0 -9999.0
94082 20070109  1.301 -108.97   40.24    -0.4   -10.4    -5.4    -5.6     0.0    10.54 R    -2.8   -16.7   -11.2 -9999.0 -9999.0 -9999.0 -99.000 -99.000 -99.000 -99.000 -99.000 -9999.0 -9999.0 -9999.0 -9999.0 -9999.0
94082 20070110  1.301 -108.97   40.24     2.5   -10.2    -3.9    -3.0     0.0    10.81 R    -0.4   -16.7    -8.3 -9999.0 -9999.0 -9999.0 -99.000 -99.000 -99.000 -99.000 -99.000 -9999.0 -9999.0 -9999.0 -9999.0 -9999.0
94082 20070111  1.301 -108.97   40.24     3.2    -7.8    -2.3     0.2     0.3     6.51 R    -0.3    -9.6    -4.2 -9999.0 -9999.0 -9999.0 -99.000 -99.000 -99.000 -99.000 -99.000 -9999.0 -9999.0 -9999.0 -9999.0 -9999.0
94082 20070112  1.301 -108.97   40.24    -7.5   -16.6   -12.1   -13.6     7.9     3.10 R    -7.5   -16.6   -12.9 -9999.0 -9999.0 -9999.0 -99.000 -99.000 -99.000 -99.000 -99.000 -9999.0 -9999.0 -9999.0 -9999.0 -9999.0
94082 20070113  1.301 -108.97   40.24   -14.8   -20.0   -17.4   -17.2     1.0    11.17 R   -15.5   -27.6   -20.0 -9999.0 -9999.0 -9999.0 -99.000 -99.000 -99.000 -99.000 -99.000 -9999.0 -9999.0 -9999.0 -9999.0 -9999.0
94082 20070114  1.301 -108.97   40.24   -16.4   -23.7   -20.0   -19.5     0.0    10.12 R   -16.1   -31.2   -23.8 -9999.0 -9999.0 -9999.0 -99.000 -99.000 -99.000 -99.000 -99.000 -9999.0 -9999.0 -9999.0 -9999.0 -9999.0
94082 20070115  1.301 -108.97   40.24   -16.6   -24.0   -20.3   -20.7     0.0    11.54 R   -16.1   -28.9   -24.5 -9999.0 -9999.0 -9999.0 -99.000 -99.000 -99.000 -99.000 -99.000 -9999.0 -9999.0 -9999.0 -9999.0 -9999.0
94082 20070116  1.301 -108.97   40.24   -16.3   -24.7   -20.5   -20.5     0.0    11.37 R   -15.6   -29.9   -24.7 -9999.0 -9999.0 -9999.0 -99.000 -99.000 -99.000 -99.000 -99.000 -9999.0 -9999.0 -9999.0 -9999.0 -9999.0
94082 20070117  1.301 -108.97   40.24   -15.3   -23.1   -19.2   -19.9     0.0    11.30 R   -14.8   -29.8   -23.5 -9999.0 -9999.0 -9999.0 -99.000 -99.000 -99.000 -99.000 -99.000 -9999.0 -9999.0 -9999.0 -9999.0 -9999.0
94082 20070118  1.301 -108.97   40.24   -12.0   -23.1   -17.5   -16.7     0.0    11.83 R   -12.3   -27.3   -20.9 -9999.0 -9999.0 -9999.0 -99.000 -99.000 -99.000 -99.000 -99.000 -9999.0 -9999.0 -9999.0 -9999.0 -9999.0
94082 20070119  1.301 -108.97   40.24   -11.4   -21.3   -16.4   -16.3     0.0    11.45 R   -11.1   -25.7   -19.8 -9999.0 -9999.0 -9999.0 -99.000 -99.000 -99.000 -99.000 -99.000 -9999.0 -9999.0 -9999.0 -9999.0 -9999.0
94082 20070120  1.301 -108.97   40.24    -8.5   -18.9   -13.7   -14.6     0.5    10.27 R    -8.9   -23.8   -15.9 -9999.0 -9999.0 -9999.0 -99.000 -99.000 -99.000 -99.000 -99.000 -9999.0 -9999.0 -9999.0 -9999.0 -9999.0
94082 20070121  1.301 -108.97   40.24    -6.8   -15.4   -11.1   -11.5     1.6     7.23 R    -7.4   -21.4   -13.9 -9999.0 -9999.0 -9999.0 -99.000 -99.000 -99.000 -99.000 -99.000 -9999.0 -9999.0 -9999.0 -9999.0 -9999.0
94082 20070122  1.301 -108.97   40.24    -7.3   -15.4   -11.3   -11.6     0.0    11.57 R    -7.5   -23.0   -16.3 -9999.0 -9999.0 -9999.0 -99.000 -99.000 -99.000 -99.000 -99.000 -9999.0 -9999.0 -9999.0 -9999.0 -9999.0
94082 20070123  1.301 -108.97   40.24    -7.2   -15.6   -11.4   -11.3     0.0    11.73 R    -8.5   -21.2   -15.4 -9999.0 -9999.0 -9999.0 -99.000 -99.000 -99.000 -99.000 -99.000 -9999.0 -9999.0 -9999.0 -9999.0 -9999.0
94082 20070124  1.301 -108.97   40.24    -5.3   -13.9    -9.6    -9.7     0.0    12.32 R    -6.5   -20.0   -14.4 -9999.0 -9999.0 -9999.0 -99.000 -99.000 -99.000 -99.000 -99.000 -9999.0 -9999.0 -9999.0 -9999.0 -9999.0
94082 20070125  1.301 -108.97   40.24    -4.2   -11.8    -8.0    -8.8     0.0    12.41 R    -5.0   -19.0   -13.9 -9999.0 -9999.0 -9999.0 -99.000 -99.000 -99.000 -99.000 -99.000 -9999.0 -9999.0 -9999.0 -9999.0 -9999.0
94082 20070126  1.301 -108.97   40.24    -4.6   -12.2    -8.4    -9.0     0.0    12.28 R    -4.9   -19.6   -14.1 -9999.0 -9999.0 -9999.0 -99.000 -99.000 -99.000 -99.000 -99.000 -9999.0 -9999.0 -9999.0 -9999.0 -9999.0
94082 20070127  1.301 -108.97   40.24    -4.1   -14.1    -9.1    -9.0     0.0    11.38 R    -4.1   -19.4   -12.7 -9999.0 -9999.0 -9999.0 -99.000 -99.000 -99.000 -99.000 -99.000 -9999.0 -9999.0 -9999.0 -9999.0 -9999.0
94082 20070128  1.301 -108.97   40.24    -4.6   -14.7    -9.6   -10.2     0.0    12.98 R    -5.4   -21.4   -14.4 -9999.0 -9999.0 -9999.0 -99.000 -99.000 -99.000 -99.000 -99.000 -9999.0 -9999.0 -9999.0 -9999.0 -9999.0
94082 20070129  1.301 -108.97   40.24    -5.1   -15.7   -10.4   -10.7     0.0    11.39 R    -4.8   -21.1   -14.1 -9999.0 -9999.0 -9999.0 -99.000 -99.000 -99.000 -99.000 -99.000 -9999.0 -9999.0 -9999.0 -9999.0 -9999.0
94082 20070130  1.301 -108.97   40.24    -3.2   -13.2    -8.2    -8.6     0.0    11.87 R    -2.4   -16.0    -9.9 -9999.0 -9999.0 -9999.0 -99.000 -99.000 -99.000 -99.000 -99.000 -9999.0 -9999.0 -9999.0 -9999.0 -9999.0
94082 20070131  1.301 -108.97   40.24    -4.5   -15.3    -9.9    -8.4     0.8    12.47 R    -6.5   -21.0   -11.7 -9999.0 -9999.0 -9999.0 -99.000 -99.000 -99.000 -99.000 -99.000 -9999.0 -9999.0 -9999.0 -9999.0 -9999.0
94082 20070201  1.301 -108.97   40.24    -8.4   -16.5   -12.4   -13.0     0.0     9.19 R    -6.4   -22.2   -15.4 -9999.0 -9999.0 -9999.0 -99.000 -99.000 -99.000 -99.000 -99.000 -9999.0 -9999.0 -9999.0 -9999.0 -9999.0
94082 20070202  1.301 -108.97   40.24    -6.0   -18.6   -12.3   -12.4     0.0    13.23 R    -7.2   -24.1   -16.7 -9999.0 -9999.0 -9999.0 -99.000 -99.000 -99.000 -99.000 -99.000 -9999.0 -9999.0 -9999.0 -9999.0 -9999.0
94082 20070203  1.301 -108.97   40.24     2.8   -11.9    -4.6    -4.3     0.0    14.70 R    -0.4   -20.1   -10.3 -9999.0 -9999.0 -9999.0 -99.000 -99.000 -99.000 -99.000 -99.000 -9999.0 -9999.0 -9999.0 -9999.0 -9999.0
94082 20070204  1.301 -108.97   40.24     4.7    -4.5     0.1    -0.1     0.0     8.12 R     1.0   -13.6    -5.8 -9999.0 -9999.0 -9999.0 -99.000 -99.000 -99.000 -99.000 -99.000 -9999.0 -9999.0 -9999.0 -9999.0 -9999.0
94082 20070205  1.301 -108.97   40.24     3.6    -4.7    -0.5    -1.2     0.0    14.13 R     0.8   -11.4    -5.4 -9999.0 -9999.0 -9999.0 -99.000 -99.000 -99.000 -99.000 -99.000 -9999.0 -9999.0 -9999.0 -9999.0 -9999.0
94082 20070206  1.301 -108.97   40.24     4.4    -4.2     0.1    -0.5     0.0    13.62 R     0.8   -10.9    -5.1 -9999.0 -9999.0 -9999.0 -99.000 -99.000 -99.000 -99.000 -99.000 -9999.0 -9999.0 -9999.0 -9999.0 -9999.0
94082 20070207  1.301 -108.97   40.24     5.8    -4.0     0.9     1.0     0.0    12.51 R     1.0    -9.2    -4.3 -9999.0 -9999.0 -9999.0 -99.000 -99.000 -99.000 -99.000 -99.000 -9999.0 -9999.0 -9999.0 -9999.0 -9999.0
94082 20070208  1.301 -108.97   40.24     6.7    -4.1     1.3     1.5     0.0    10.77 R     1.1    -9.8    -2.8 -9999.0 -9999.0 -9999.0 -99.000 -99.000 -99.000 -99.000 -99.000 -9999.0 -9999.0 -9999.0 -9999.0 -9999.0
94082 20070209  1.301 -108.97   40.24     6.6    -1.0     2.8     2.9     0.0    11.62 R     1.4    -7.0    -1.4 -9999.0 -9999.0 -9999.0 -99.000 -99.000 -99.000 -99.000 -99.000 -9999.0 -9999.0 -9999.0 -9999.0 -9999.0
94082 20070210  1.301 -108.97   40.24     8.8     0.0     4.4     4.0     0.0    12.85 R     1.8    -5.2    -0.5 -9999.0 -9999.0 -9999.0 -99.000 -99.000 -99.000 -99.000 -99.000 -9999.0 -9999.0 -9999.0 -9999.0 -9999.0
94082 20070211  1.301 -108.97   40.24     6.4     0.6     3.5     3.6     2.1     4.86 R     3.8    -0.1     1.0 -9999.0 -9999.0 -9999.0 -99.000 -99.000 -99.000 -99.000 -99.000 -9999.0 -9999.0 -9999.0 -9999.0 -9999.0
94082 20070212  1.301 -108.97   40.24     4.9    -1.5     1.7     1.5     0.0    13.83 R     6.7    -2.1     1.1 -9999.0 -9999.0 -9999.0 -99.000 -99.000 -99.000 -99.000 -99.000 -9999.0 -9999.0 -9999.0 -9999.0 -9999.0
94082 20070213  1.301 -108.97   40.24     2.5    -3.1    -0.3    -0.9     0.0     8.20 R     4.8    -2.7    -0.7 -9999.0 -9999.0 -9999.0 -99.000 -99.000 -99.000 -99.000 -99.000 -9999.0 -9999.0 -9999.0 -9999.0 -9999.0
94082 20070214  1.301 -108.97   40.24     2.4    -4.0    -0.8    -1.7     0.0    12.03 R     6.1    -4.1    -1.5 -9999.0 -9999.0 -9999.0 -99.000 -99.000 -99.000 -99.000 -99.000 -9999.0 -9999.0 -9999.0 -9999.0 -9999.0
94082 20070215  1.301 -108.97   40.24     4.0    -4.1    -0.1    -1.1     0.0    10.93 R     8.0    -4.1    -0.3 -9999.0 -9999.0 -9999.0 -99.000 -99.000 -99.000 -99.000 -99.000 -9999.0 -9999.0 -9999.0 -9999.0 -9999.0
94082 20070216  1.301 -108.97   40.24     8.7    -1.2     3.8     3.3     0.0    14.10 R     8.7    -2.3     0.9 -9999.0 -9999.0 -9999.0 -99.000 -99.000 -99.000 -99.000 -99.000 -9999.0 -9999.0 -9999.0 -9999.0 -9999.0
94082 20070217  1.301 -108.97   40.24     8.4    -3.4     2.5     2.0     0.0    16.30 R    10.6    -3.9     1.0 -9999.0 -9999.0 -9999.0 -99.000 -99.000 -99.000 -99.000 -99.000 -9999.0 -9999.0 -9999.0 -9999.0 -9999.0
94082 20070218  1.301 -108.97   40.24     9.1    -2.0     3.5     3.1     0.0    14.79 R    11.1    -3.4     1.5 -9999.0 -9999.0 -9999.0 -99.000 -99.000 -99.000 -99.000 -99.000 -9999.0 -9999.0 -9999.0 -9999.0 -9999.0
94082 20070219  1.301 -108.97   40.24     4.4    -5.2    -0.4     1.4     2.1     1.60 R     2.8    -8.4    -0.6 -9999.0 -9999.0 -9999.0 -99.000 -99.000 -99.000 -99.000 -99.000 -9999.0 -9999.0 -9999.0 -9999.0 -9999.0
94082 20070220  1.301 -108.97   40.24     3.6    -6.7    -1.6    -1.9     0.0    16.22 R     5.7   -11.5    -2.8 -9999.0 -9999.0 -9999.0 -99.000 -99.000 -99.000 -99.000 -99.000 -9999.0 -9999.0 -9999.0 -9999.0 -9999.0
94082 20070221  1.301 -108.97   40.24    11.2    -1.9     4.6     4.4     0.0    16.99 R    11.9    -4.0     1.8 -9999.0 -9999.0 -9999.0 -99.000 -99.000 -99.000 -99.000 -99.000 -9999.0 -9999.0 -9999.0 -9999.0 -9999.0
94082 20070222  1.301 -108.97   40.24    13.4     1.0     7.2     7.0     0.0    17.02 R    15.7    -1.8     3.8 -9999.0 -9999.0 -9999.0 -99.000 -99.000 -99.000 -99.000 -99.000 -9999.0 -9999.0 -9999.0 -9999.0 -9999.0
94082 20070223  1.301 -108.97   40.24     7.5    -4.0     1.8     1.7     4.2     5.62 R     8.2    -7.9    -0.6 -9999.0 -9999.0 -9999.0 -99.000 -99.000 -99.000 -99.000 -99.000 -9999.0 -9999.0 -9999.0 -9999.0 -9999.0
94082 20070224  1.301 -108.97   40.24     1.1    -8.8    -3.8    -3.5     0.0    18.19 R     5.4   -12.2    -4.1 -9999.0 -9999.0 -9999.0 -99.000 -99.000 -99.000 -99.000 -99.000 -9999.0 -9999.0 -9999.0 -9999.0 -9999.0
94082 20070225  1.301 -108.97   40.24     1.7    -5.2    -1.7    -2.2     0.0     6.84 R     3.7    -4.5    -1.6 -9999.0 -9999.0 -9999.0 -99.000 -99.000 -99.000 -99.000 -99.000 -9999.0 -9999.0 -9999.0 -9999.0 -9999.0
94082 20070226  1.301 -108.97   40.24     3.7    -4.3    -0.3    -1.1     1.1    11.76 R     5.3    -6.3    -1.1 -9999.0 -9999.0 -9999.0 -99.000 -99.000 -99.000 -99.000 -99.000 -9999.0 -9999.0 -9999.0 -9999.0 -9999.0
94082 20070227  1.301 -108.97   40.24     7.0    -5.1     0.9    -0.7     1.3     8.56 R    10.0    -6.1    -0.7 -9999.0 -9999.0 -9999.0 -99.000 -99.000 -99.000 -99.000 -99.000 -9999.0 -9999.0 -9999.0 -9999.0 -9999.0
94082 20070228  1.301 -108.97   40.24    -0.9    -6.7    -3.8    -4.2     0.0    14.31 R     6.5    -9.1    -3.3 -9999.0 -9999.0 -9999.0 -99.000 -99.000 -99.000 -99.000 -99.000 -9999.0 -9999.0 -9999.0 -9999.0 -9999.0
94082 20070301  1.301 -108.97   40.24    -1.5    -7.4    -4.5    -5.1     0.3    11.05 R     6.0    -6.6    -3.2 -9999.0 -9999.0 -9999.0 -99.000 -99.000 -99.000 -99.000 -99.000 -9999.0 -9999.0 -9999.0 -9999.0 -9999.0
94082 20070302  1.301 -108.97   40.24    -4.0    -8.2    -6.1    -6.5     0.0    15.06 R     6.6    -8.6    -4.0 -9999.0 -9999.0 -9999.0 -99.000 -99.000 -99.000 -99.000 -99.000 -9999.0 -9999.0 -9999.0 -9999.0 -9999.0
94082 20070303  1.301 -108.97   40.24     0.7   -13.1    -6.2    -6.0     0.0    19.47 R    11.3   -11.4    -2.8 -9999.0 -9999.0 -9999.0 -99.000 -99.000 -99.000 -99.000 -99.000 -9999.0 -9999.0 -9999.0 -9999.0 -9999.0
94082 20070304  1.301 -108.97   40.24     5.6    -9.0    -1.7    -1.5     0.0    19.24 R    14.0    -8.6     0.0 -9999.0 -9999.0 -9999.0 -99.000 -99.000 -99.000 -99.000 -99.000 -9999.0 -9999.0 -9999.0 -9999.0 -9999.0
94082 20070305  1.301 -108.97   40.24    10.2    -3.0     3.6     3.4     0.0    17.42 R    15.5    -4.3     2.2 -9999.0 -9999.0 -9999.0 -99.000 -99.000 -99.000 -99.000 -99.000 -9999.0 -9999.0 -9999.0 -9999.0 -9999.0
94082 20070306  1.301 -108.97   40.24    12.0    -0.5     5.7     5.2     0.0    15.92 R    18.4    -2.9     3.8 -9999.0 -9999.0 -9999.0 -99.000 -99.000 -99.000 -99.000 -99.000 -9999.0 -9999.0 -9999.0 -9999.0 -9999.0
94082 20070307  1.301 -108.97   40.24    13.5    -0.3     6.6     6.4     0.0    19.56 R    21.7    -2.3     5.6 -9999.0 -9999.0 -9999.0 -99.000 -99.000 -99.000 -99.000 -99.000 -9999.0 -9999.0 -9999.0 -9999.0 -9999.0
94082 20070308  1.301 -108.97   40.24    10.9     2.0     6.4     6.3     0.0    13.16 R    21.0    -0.6     5.7 -9999.0 -9999.0 -9999.0 -99.000 -99.000 -99.000 -99.000 -99.000 -9999.0 -9999.0 -9999.0 -9999.0 -9999.0
94082 20070309  1.301 -108.97   40.24    13.4    -1.3     6.1     5.9     0.0    16.42 R    21.9    -2.2     6.3 -9999.0 -9999.0 -9999.0 -99.000 -99.000 -99.000 -99.000 -99.000 -9999.0 -9999.0 -9999.0 -9999.0 -9999.0
94082 20070310  1.301 -108.97   40.24     8.7     2.2     5.4     5.7     0.0     7.05 R    20.5    -1.5     4.4 -9999.0 -9999.0 -9999.0 -99.000 -99.000 -99.000 -99.000 -99.000 -9999.0 -9999.0 -9999.0 -9999.0 -9999.0
94082 20070311  1.301 -108.97   40.24    10.7    -1.0     4.9     5.0     0.0    17.41 R    22.2    -3.0     5.8 -9999.0 -9999.0 -9999.0 -99.000 -99.000 -99.000 -99.000 -99.000 -9999.0 -9999.0 -9999.0 -9999.0 -9999.0
94082 20070312  1.301 -108.97   40.24    15.9     0.4     8.1     8.3     0.0    20.72 R    27.7    -1.9     9.4 -9999.0 -9999.0 -9999.0 -99.000 -99.000 -99.000 -99.000 -99.000 -9999.0 -9999.0 -9999.0 -9999.0 -9999.0
94082 20070313  1.301 -108.97   40.24    17.9     1.8     9.9    10.2     0.0    19.44 R    30.3    -0.8    10.0 -9999.0 -9999.0 -9999.0 -99.000 -99.000 -99.000 -99.000 -99.000 -9999.0 -9999.0 -9999.0 -9999.0 -9999.0
94082 20070314  1.301 -108.97   40.24    18.7     4.2    11.5    11.3     0.0    18.39 R    29.3     0.6    11.2 -9999.0 -9999.0 -9999.0 -99.000 -99.000 -99.000 -99.000 -99.000 -9999.0 -9999.0 -9999.0 -9999.0 -9999.0
94082 20070315  1.301 -108.97   40.24    16.6     3.4    10.0     9.4     0.0    21.54 R    30.3     0.1    10.3 -9999.0 -9999.0 -9999.0 -99.000 -99.000 -99.000 -99.000 -99.000 -9999.0 -9999.0 -9999.0 -9999.0 -9999.0
94082 20070316  1.301 -108.97   40.24    16.8     1.5     9.1     9.3     0.0    19.34 R    32.8    -2.3     9.9 -9999.0 -9999.0 -9999.0 -99.000 -99.000 -99.000 -99.000 -99.000 -9999.0 -9999.0 -9999.0 -9999.0 -9999.0
94082 20070317  1.301 -108.97   40.24    21.1     3.9    12.5    12.1     0.0    22.17 R    33.4    -0.7    12.3 -9999.0 -9999.0 -9999.0 -99.000 -99.000 -99.000 -99.000 -99.000 -9999.0 -9999.0 -9999.0 -9999.0 -9999.0
94082 20070318  1.301 -108.97   40.24    20.5     5.0    12.8    13.2     0.0    21.98 R    34.1     0.5    13.7 -9999.0 -9999.0 -9999.0 -99.000 -99.000 -99.000 -99.000 -99.000 -9999.0 -9999.0 -9999.0 -9999.0 -9999.0
94082 20070319  1.301 -108.97   40.24    20.9     4.3    12.6    13.4     0.0    21.80 R    34.9     0.7    14.1 -9999.0 -9999.0 -9999.0 -99.000 -99.000 -99.000 -99.000 -99.000 -9999.0 -9999.0 -9999.0 -9999.0 -9999.0
94082 20070320  1.301 -108.97   40.24    21.1     7.4    14.2    14.0     0.0    21.07 R    34.2     5.1    15.2 -9999.0 -9999.0 -9999.0 -99.000 -99.000 -99.000 -99.000 -99.000 -9999.0 -9999.0 -9999.0 -9999.0 -9999.0
94082 20070321  1.301 -108.97   40.24    10.5     2.5     6.5     6.4     6.4     6.13 R    15.2     0.8     7.1 -9999.0 -9999.0 -9999.0 -99.000 -99.000 -99.000 -99.000 -99.000 -9999.0 -9999.0 -9999.0 -9999.0 -9999.0
94082 20070322  1.301 -108.97   40.24    14.1     1.0     7.5     6.5     0.0    16.51 R    24.8    -0.2     8.8 -9999.0 -9999.0 -9999.0 -99.000 -99.000 -99.000 -99.000 -99.000 -9999.0 -9999.0 -9999.0 -9999.0 -9999.0
94082 20070323  1.301 -108.97   40.24    13.8     2.0     7.9     8.1     0.0    12.17 R    25.3     0.9     9.4 -9999.0 -9999.0 -9999.0 -99.000 -99.000 -99.000 -99.000 -99.000 -9999.0 -9999.0 -9999.0 -9999.0 -9999.0
94082 20070324  1.301 -108.97   40.24    12.1     4.6     8.3     7.9     0.0     9.00 R    21.8     2.5     8.7 -9999.0 -9999.0 -9999.0 -99.000 -99.000 -99.000 -99.000 -99.000 -9999.0 -9999.0 -9999.0 -9999.0 -9999.0
94082 20070325  1.301 -108.97   40.24    17.3     4.3    10.8    10.2     0.0    20.39 R    32.0     0.7    11.3 -9999.0 -9999.0 -9999.0 -99.000 -99.000 -99.000 -99.000 -99.000 -9999.0 -9999.0 -9999.0 -9999.0 -9999.0
94082 20070326  1.301 -108.97   40.24    18.8     5.7    12.2    10.9     0.0    18.42 R    33.6     2.9    12.4 -9999.0 -9999.0 -9999.0 -99.000 -99.000 -99.000 -99.000 -99.000 -9999.0 -9999.0 -9999.0 -9999.0 -9999.0
94082 20070327  1.301 -108.97   40.24    19.0     0.1     9.6    10.2     7.2    16.12 R    33.6     0.1    11.3 -9999.0 -9999.0 -9999.0 -99.000 -99.000 -99.000 -99.000 -99.000 -9999.0 -9999.0 -9999.0 -9999.0 -9999.0
94082 20070328  1.301 -108.97   40.24     4.5    -1.6     1.5     1.0     4.0    11.41 R    15.3    -5.0     2.6 -9999.0 -9999.0 -9999.0 -99.000 -99.000 -99.000 -99.000 -99.000 -9999.0 -9999.0 -9999.0 -9999.0 -9999.0
94082 20070329  1.301 -108.97   40.24    -0.4    -6.0    -3.2    -2.2     0.0    14.09 R    10.9    -6.0     0.5 -9999.0 -9999.0 -9999.0 -99.000 -99.000 -99.000 -99.000 -99.000 -9999.0 -9999.0 -9999.0 -9999.0 -9999.0
94082 20070330  1.301 -108.97   40.24     3.6    -7.8    -2.1    -1.9     0.0    20.82 R    24.2    -7.4     3.5 -9999.0 -9999.0 -9999.0 -99.000 -99.000 -99.000 -99.000 -99.000 -9999.0 -9999.0 -9999.0 -9999.0 -9999.0
94082 20070331  1.301 -108.97   40.24    13.0    -1.9     5.5     5.6     0.0    23.00 R    32.5    -4.1     8.7 -9999.0 -9999.0 -9999.0 -99.000 -99.000 -99.000 -99.000 -99.000 -9999.0 -9999.0 -9999.0 -9999.0 -9999.0
94082 20070401  1.301 -108.97   40.24    19.5     3.6    11.5    10.2     0.0    18.52 R    32.0     0.6    12.1 -9999.0 -9999.0 -9999.0 -99.000 -99.000 -99.000 -99.000 -99.000 -9999.0 -9999.0 -9999.0 -9999.0 -9999.0
94082 20070402  1.301 -108.97   40.24    18.7     4.3    11.5    10.9     0.0    22.62 R    31.9     0.3    12.1 -9999.0 -9999.0 -9999.0 -99.000 -99.000 -99.000 -99.000 -99.000 -9999.0 -9999.0 -9999.0 -9999.0 -9999.0
94082 20070403  1.301 -108.97   40.24    16.4     1.0     8.7     8.6     0.0    24.75 R    32.9    -1.2    11.6 -9999.0 -9999.0 -9999.0 -99.000 -99.000 -99.000 -99.000 -99.000 -9999.0 -9999.0 -9999.0 -9999.0 -9999.0
94082 20070404  1.301 -108.97   40.24    20.5     4.4    12.4    12.2     0.0    23.98 R    36.2     2.3    15.1 -9999.0 -9999.0 -9999.0 -99.000 -99.000 -99.000 -99.000 -99.000 -9999.0 -9999.0 -9999.0 -9999.0 -9999.0
94082 20070405  1.301 -108.97   40.24    20.3     5.4    12.9    12.3     0.0    23.24 R    39.5     3.1    15.0 -9999.0 -9999.0 -9999.0 -99.000 -99.000 -99.000 -99.000 -99.000 -9999.0 -9999.0 -9999.0 -9999.0 -9999.0
94082 20070406  1.301 -108.97   40.24    16.5     2.7     9.6     9.6     0.0    24.09 R    32.8     0.8    12.5 -9999.0 -9999.0 -9999.0 -99.000 -99.000 -99.000 -99.000 -99.000 -9999.0 -9999.0 -9999.0 -9999.0 -9999.0
94082 20070407  1.301 -108.97   40.24    14.9    -0.6     7.1     6.9     0.0    22.59 R    33.4    -1.3    11.4 -9999.0 -9999.0 -9999.0 -99.000 -99.000 -99.000 -99.000 -99.000 -9999.0 -9999.0 -9999.0 -9999.0 -9999.0
94082 20070408  1.301 -108.97   40.24    16.3     4.4    10.3     9.2     5.0    17.13 R    36.2     2.9    13.1 -9999.0 -9999.0 -9999.0 -99.000 -99.000 -99.000 -99.000 -99.000 -9999.0 -9999.0 -9999.0 -9999.0 -9999.0
94082 20070409  1.301 -108.97   40.24    16.4     2.5     9.4     9.4     0.0    22.69 R    31.7     1.5    12.7 -9999.0 -9999.0 -9999.0 -99.000 -99.000 -99.000 -99.000 -99.000 -9999.0 -9999.0 -9999.0 -9999.0 -9999.0
94082 20070410  1.301 -108.97   40.24     6.8    -4.1     1.4     2.2     0.0    17.12 R    24.7    -5.8     5.0 -9999.0 -9999.0 -9999.0 -99.000 -99.000 -99.000 -99.000 -99.000 -9999.0 -9999.0 -9999.0 -9999.0 -9999.0
94082 20070411  1.301 -108.97   40.24     8.6    -6.2     1.2     1.2     0.0    27.68 R    31.4    -8.2     7.7 -9999.0 -9999.0 -9999.0 -99.000 -99.000 -99.000 -99.000 -99.000 -9999.0 -9999.0 -9999.0 -9999.0 -9999.0
94082 20070412  1.301 -108.97   40.24    11.2    -1.5     4.9     5.1     0.0    19.89 R    37.4    -2.1     9.2 -9999.0 -9999.0 -9999.0 -99.000 -99.000 -99.000 -99.000 -99.000 -9999.0 -9999.0 -9999.0 -9999.0 -9999.0
94082 20070413  1.301 -108.97   40.24    10.5     0.1     5.3     5.4     0.0    24.58 R    35.6    -2.7     9.8 -9999.0 -9999.0 -9999.0 -99.000 -99.000 -99.000 -99.000 -99.000 -9999.0 -9999.0 -9999.0 -9999.0 -9999.0
94082 20070414  1.301 -108.97   40.24    18.1    -0.9     8.6     8.7     0.0    27.52 R    36.2    -4.1    12.8 -9999.0 -9999.0 -9999.0 -99.000 -99.000 -99.000 -99.000 -99.000 -9999.0 -9999.0 -9999.0 -9999.0 -9999.0
94082 20070415  1.301 -108.97   40.24    20.0     5.6    12.8    12.4     0.0    21.28 R    39.0     2.2    14.8 -9999.0 -9999.0 -9999.0 -99.000 -99.000 -99.000 -99.000 -99.000 -9999.0 -9999.0 -9999.0 -9999.0 -9999.0
94082 20070416  1.301 -108.97   40.24    16.0     4.0    10.0    10.0     0.4    16.75 R    36.0     2.2    12.3 -9999.0 -9999.0 -9999.0 -99.000 -99.000 -99.000 -99.000 -99.000 -9999.0 -9999.0 -9999.0 -9999.0 -9999.0
94082 20070417  1.301 -108.97   40.24    18.4     1.7    10.0     9.5     0.0    25.49 R    41.4    -0.4    14.8 -9999.0 -9999.0 -9999.0 -99.000 -99.000 -99.000 -99.000 -99.000 -9999.0 -9999.0 -9999.0 -9999.0 -9999.0
94082 20070418  1.301 -108.97   40.24    19.5     0.5    10.0     9.6     0.0    19.57 R    34.7     1.3    12.1 -9999.0 -9999.0 -9999.0 -99.000 -99.000 -99.000 -99.000 -99.000 -9999.0 -9999.0 -9999.0 -9999.0 -9999.0
94082 20070419  1.301 -108.97   40.24    11.8    -2.8     4.5     4.3     0.0    28.14 R    35.0    -4.0    10.6 -9999.0 -9999.0 -9999.0 -99.000 -99.000 -99.000 -99.000 -99.000 -9999.0 -9999.0 -9999.0 -9999.0 -9999.0
94082 20070420  1.301 -108.97   40.24    16.9     0.8     8.9     9.0     0.0    19.83 R    36.0    -0.3    12.6 -9999.0 -9999.0 -9999.0 -99.000 -99.000 -99.000 -99.000 -99.000 -9999.0 -9999.0 -9999.0 -9999.0 -9999.0
94082 20070421  1.301 -108.97   40.24    14.9     5.0    10.0     8.6     0.0    19.17 R    35.6     1.2    13.2 -9999.0 -9999.0 -9999.0 -99.000 -99.000 -99.000 -99.000 -99.000 -9999.0 -9999.0 -9999.0 -9999.0 -9999.0
94082 20070422  1.301 -108.97   40.24    14.3     2.1     8.2     7.1     1.2    14.70 R    35.0     0.4    10.3 -9999.0 -9999.0 -9999.0 -99.000 -99.000 -99.000 -99.000 -99.000 -9999.0 -9999.0 -9999.0 -9999.0 -9999.0
94082 20070423  1.301 -108.97   40.24     9.8     1.6     5.7     5.0     1.1    14.60 R    25.8     1.9     8.0 -9999.0 -9999.0 -9999.0 -99.000 -99.000 -99.000 -99.000 -99.000 -9999.0 -9999.0 -9999.0 -9999.0 -9999.0
94082 20070424  1.301 -108.97   40.24    11.9     3.1     7.5     7.5     0.4    12.79 R    26.5     2.7     8.9 -9999.0 -9999.0 -9999.0 -99.000 -99.000 -99.000 -99.000 -99.000 -9999.0 -9999.0 -9999.0 -9999.0 -9999.0
94082 20070425  1.301 -108.97   40.24    18.1     3.3    10.7    10.2     0.0    22.48 R    39.9     0.0    14.2 -9999.0 -9999.0 -9999.0 -99.000 -99.000 -99.000 -99.000 -99.000 -9999.0 -9999.0 -9999.0 -9999.0 -9999.0
94082 20070426  1.301 -108.97   40.24    18.9     5.5    12.2    12.5     0.0    23.81 R    41.4     2.7    16.6 -9999.0 -9999.0 -9999.0 -99.000 -99.000 -99.000 -99.000 -99.000 -9999.0 -9999.0 -9999.0 -9999.0 -9999.0
94082 20070427  1.301 -108.97   40.24    20.8     5.5    13.2    13.6     0.0    28.64 R    42.5     2.2    18.7 -9999.0 -9999.0 -9999.0 -99.000 -99.000 -99.000 -99.000 -99.000 -9999.0 -9999.0 -9999.0 -9999.0 -9999.0
94082 20070428  1.301 -108.97   40.24    24.9     6.9    15.9    16.1     0.0    28.65 R    45.0     4.1    20.5 -9999.0 -9999.0 -9999.0 -99.000 -99.000 -99.000 -99.000 -99.000 -9999.0 -9999.0 -9999.0 -9999.0 -9999.0
94082 20070429  1.301 -108.97   40.24    27.2    10.7    19.0    19.3     0.0    28.82 R    46.7     7.9    23.0 -9999.0 -9999.0 -9999.0 -99.000 -99.000 -99.000 -99.000 -99.000 -9999.0 -9999.0 -9999.0 -9999.0 -9999.0
94082 20070430  1.301 -108.97   40.24    27.1    11.7    19.4    19.4     0.0    24.78 R    46.0     9.4    22.7 -9999.0 -9999.0 -9999.0 -99.000 -99.000 -99.000 -99.000 -99.000 -9999.0 -9999.0 -9999.0 -9999.0 -9999.0
94082 20070501  1.301 -108.97   40.24    26.2    10.6    18.4    17.1     0.0    19.18 R    46.5     8.6    20.2 -9999.0 -9999.0 -9999.0 -99.000 -99.000 -99.000 -99.000 -99.000 -9999.0 -9999.0 -9999.0 -9999.0 -9999.0
94082 20070502  1.301 -108.97   40.24    18.4    11.1    14.7    13.8     0.3    11.12 R    28.0     8.9    15.5 -9999.0 -9999.0 -9999.0 -99.000 -99.000 -99.000 -99.000 -99.000 -9999.0 -9999.0 -9999.0 -9999.0 -9999.0
94082 20070503  1.301 -108.97   40.24    20.9     0.9    10.9     8.5     4.8    12.79 R    36.9     0.9     9.9 -9999.0 -9999.0 -9999.0 -99.000 -99.000 -99.000 -99.000 -99.000 -9999.0 -9999.0 -9999.0 -9999.0 -9999.0
94082 20070504  1.301 -108.97   40.24     9.4     0.5     4.9     3.8     6.5    12.90 R    18.2     0.8     5.7 -9999.0 -9999.0 -9999.0 -99.000 -99.000 -99.000 -99.000 -99.000 -9999.0 -9999.0 -9999.0 -9999.0 -9999.0
94082 20070505  1.301 -108.97   40.24     7.4     0.0     3.7     2.9     9.1    16.09 R    15.2     0.1     4.5 -9999.0 -9999.0 -9999.0 -99.000 -99.000 -99.000 -99.000 -99.000 -9999.0 -9999.0 -9999.0 -9999.0 -9999.0
94082 20070506  1.301 -108.97   40.24     6.4     1.3     3.8     4.1     0.2     6.36 R     9.5     2.1     5.3 -9999.0 -9999.0 -9999.0 -99.000 -99.000 -99.000 -99.000 -99.000 -9999.0 -9999.0 -9999.0 -9999.0 -9999.0
94082 20070507  1.301 -108.97   40.24    15.6     1.4     8.5     8.3     0.0    23.48 R    31.4     1.8    11.8 -9999.0 -9999.0 -9999.0 -99.000 -99.000 -99.000 -99.000 -99.000 -9999.0 -9999.0 -9999.0 -9999.0 -9999.0
94082 20070508  1.301 -108.97   40.24    20.9     3.9    12.4    12.4     0.0    30.32 R    35.7     3.0    16.6 -9999.0 -9999.0 -9999.0 -99.000 -99.000 -99.000 -99.000 -99.000 -9999.0 -9999.0 -9999.0 -9999.0 -9999.0
94082 20070509  1.301 -108.97   40.24    24.2     7.3    15.8    15.5     0.0    29.08 R    38.7     5.8    19.5 -9999.0 -9999.0 -9999.0 -99.000 -99.000 -99.000 -99.000 -99.000 -9999.0 -9999.0 -9999.0 -9999.0 -9999.0
94082 20070510  1.301 -108.97   40.24    26.2     8.5    17.4    18.1     0.0    30.53 R    41.4     7.5    21.5 -9999.0 -9999.0 -9999.0 -99.000 -99.000 -99.000 -99.000 -99.000 -9999.0 -9999.0 -9999.0 -9999.0 -9999.0
94082 20070511  1.301 -108.97   40.24    29.0    11.8    20.4    20.1     0.0    30.74 R    44.0    10.1    23.3 -9999.0 -9999.0 -9999.0 -99.000 -99.000 -99.000 -99.000 -99.000 -9999.0 -9999.0 -9999.0 -9999.0 -9999.0
94082 20070512  1.301 -108.97   40.24    29.6    15.0    22.3    21.6     0.0    26.60 R    46.4    12.3    24.1 -9999.0 -9999.0 -9999.0 -99.000 -99.000 -99.000 -99.000 -99.000 -9999.0 -9999.0 -9999.0 -9999.0 -9999.0
94082 20070513  1.301 -108.97   40.24    27.8    16.4    22.1    21.5     0.0    21.14 R    41.0    14.3    22.9 -9999.0 -9999.0 -9999.0 -99.000 -99.000 -99.000 -99.000 -99.000 -9999.0 -9999.0 -9999.0 -9999.0 -9999.0
94082 20070514  1.301 -108.97   40.24    26.7    13.4    20.1    18.4     0.0    27.03 R    45.2    10.0    22.8 -9999.0 -9999.0 -9999.0 -99.000 -99.000 -99.000 -99.000 -99.000 -9999.0 -9999.0 -9999.0 -9999.0 -9999.0
94082 20070515  1.301 -108.97   40.24    24.0     7.6    15.8    16.0     0.0    30.57 R    43.9     6.2    21.6 -9999.0 -9999.0 -9999.0 -99.000 -99.000 -99.000 -99.000 -99.000 -9999.0 -9999.0 -9999.0 -9999.0 -9999.0
94082 20070516  1.301 -108.97   40.24    27.4     6.4    16.9    17.4     0.0    28.82 R    47.0     6.7    22.9 -9999.0 -9999.0 -9999.0 -99.000 -99.000 -99.000 -99.000 -99.000 -9999.0 -9999.0 -9999.0 -9999.0 -9999.0
94082 20070517  1.301 -108.97   40.24    26.0    10.9    18.5    17.2     0.0    28.26 R    48.3     7.8    22.6 -9999.0 -9999.0 -9999.0 -99.000 -99.000 -99.000 -99.000 -99.000 -9999.0 -9999.0 -9999.0 -9999.0 -9999.0
94082 20070518  1.301 -108.97   40.24    27.3     9.3    18.3    17.3     0.0    25.97 R    48.9     8.0    22.7 -9999.0 -9999.0 -9999.0 -99.000 -99.000 -99.000 -99.000 -99.000 -9999.0 -9999.0 -9999.0 -9999.0 -9999.0
94082 20070519  1.301 -108.97   40.24    27.4    10.7    19.0    18.7     0.0    24.44 R    48.9     9.9    23.3 -9999.0 -9999.0 -9999.0 -99.000 -99.000 -99.000 -99.000 -99.000 -9999.0 -9999.0 -9999.0 -9999.0 -9999.0
94082 20070520  1.301 -108.97   40.24    28.6    13.4    21.0    19.6     0.0    26.87 R    50.1    10.4    24.9 -9999.0 -9999.0 -9999.0 -99.000 -99.000 -99.000 -99.000 -99.000 -9999.0 -9999.0 -9999.0 -9999.0 -9999.0
94082 20070521  1.301 -108.97   40.24    26.8     4.7    15.8    16.8     6.8    18.01 R    43.3     6.8    20.6 -9999.0 -9999.0 -9999.0 -99.000 -99.000 -99.000 -99.000 -99.000 -9999.0 -9999.0 -9999.0 -9999.0 -9999.0
94082 20070522  1.301 -108.97   40.24    15.8     3.4     9.6     8.0     0.0    30.05 R    34.4     4.5    14.5 -9999.0 -9999.0 -9999.0 -99.000 -99.000 -99.000 -99.000 -99.000 -9999.0 -9999.0 -9999.0 -9999.0 -9999.0
94082 20070523  1.301 -108.97   40.24    15.6     0.8     8.2     7.9     0.0    26.05 R    35.8     1.5    13.8 -9999.0 -9999.0 -9999.0 -99.000 -99.000 -99.000 -99.000 -99.000 -9999.0 -9999.0 -9999.0 -9999.0 -9999.0
94082 20070524  1.301 -108.97   40.24    20.5     2.7    11.6    11.8     0.0    29.31 R    43.3     1.6    18.0 -9999.0 -9999.0 -9999.0 -99.000 -99.000 -99.000 -99.000 -99.000 -9999.0 -9999.0 -9999.0 -9999.0 -9999.0
94082 20070525  1.301 -108.97   40.24    24.8     6.9    15.8    15.8     0.0    30.85 R    45.4     5.7    21.8 -9999.0 -9999.0 -9999.0 -99.000 -99.000 -99.000 -99.000 -99.000 -9999.0 -9999.0 -9999.0 -9999.0 -9999.0
94082 20070526  1.301 -108.97   40.24    25.9     8.2    17.0    17.5     0.0    25.14 R    47.5     7.4    22.6 -9999.0 -9999.0 -9999.0 -99.000 -99.000 -99.000 -99.000 -99.000 -9999.0 -9999.0 -9999.0 -9999.0 -9999.0
94082 20070527  1.301 -108.97   40.24    29.6     9.3    19.5    20.3     0.0    27.15 R    50.7     9.5    25.6 -9999.0 -9999.0 -9999.0 -99.000 -99.000 -99.000 -99.000 -99.000 -9999.0 -9999.0 -9999.0 -9999.0 -9999.0
94082 20070528  1.301 -108.97   40.24    29.7    14.5    22.1    21.7     0.0    24.20 R    48.5    12.5    26.1 -9999.0 -9999.0 -9999.0 -99.000 -99.000 -99.000 -99.000 -99.000 -9999.0 -9999.0 -9999.0 -9999.0 -9999.0
94082 20070529  1.301 -108.97   40.24    21.2    10.7    15.9    14.8     0.0    26.62 R    45.9    11.0    21.6 -9999.0 -9999.0 -9999.0 -99.000 -99.000 -99.000 -99.000 -99.000 -9999.0 -9999.0 -9999.0 -9999.0 -9999.0
94082 20070530  1.301 -108.97   40.24    22.4     5.8    14.1    14.3     0.0    32.67 R    47.1     5.1    22.4 -9999.0 -9999.0 -9999.0 -99.000 -99.000 -99.000 -99.000 -99.000 -9999.0 -9999.0 -9999.0 -9999.0 -9999.0
94082 20070531  1.301 -108.97   40.24    26.5     7.1    16.8    17.4     0.0    31.67 R    49.9     5.3    24.8 -9999.0 -9999.0 -9999.0 -99.000 -99.000 -99.000 -99.000 -99.000 -9999.0 -9999.0 -9999.0 -9999.0 -9999.0
94082 20070601  1.301 -108.97   40.24    25.4     9.9    17.7    17.5     0.0    26.99 R    48.4    10.4    24.1 -9999.0 -9999.0 -9999.0 -99.000 -99.000 -99.000 -99.000 -99.000 -9999.0 -9999.0 -9999.0 -9999.0 -9999.0
94082 20070602  1.301 -108.97   40.24    27.1    10.2    18.7    19.2     0.0    29.71 R    53.8     9.1    26.0 -9999.0 -9999.0 -9999.0 -99.000 -99.000 -99.000 -99.000 -99.000 -9999.0 -9999.0 -9999.0 -9999.0 -9999.0
94082 20070603  1.301 -108.97   40.24    28.3    11.8    20.0    18.8     0.0    24.73 R    50.1     9.7    24.6 -9999.0 -9999.0 -9999.0 -99.000 -99.000 -99.000 -99.000 -99.000 -9999.0 -9999.0 -9999.0 -9999.0 -9999.0
94082 20070604  1.301 -108.97   40.24    29.2    12.3    20.7    20.4     0.0    31.10 R    55.6    11.4    28.4 -9999.0 -9999.0 -9999.0 -99.000 -99.000 -99.000 -99.000 -99.000 -9999.0 -9999.0 -9999.0 -9999.0 -9999.0
94082 20070605  1.301 -108.97   40.24    30.5    14.7    22.6    22.7     0.0    23.17 R    50.3    15.0    27.5 -9999.0 -9999.0 -9999.0 -99.000 -99.000 -99.000 -99.000 -99.000 -9999.0 -9999.0 -9999.0 -9999.0 -9999.0
94082 20070606  1.301 -108.97   40.24    21.8     5.3    13.5    13.8     0.4    16.31 R    40.6     6.1    18.2 -9999.0 -9999.0 -9999.0 -99.000 -99.000 -99.000 -99.000 -99.000 -9999.0 -9999.0 -9999.0 -9999.0 -9999.0
94082 20070607  1.301 -108.97   40.24    10.4     4.0     7.2     6.8     0.2    16.50 R    29.9     4.3    11.8 -9999.0 -9999.0 -9999.0 -99.000 -99.000 -99.000 -99.000 -99.000 -9999.0 -9999.0 -9999.0 -9999.0 -9999.0
94082 20070608  1.301 -108.97   40.24    23.3     2.2    12.8    13.3     0.0    32.65 R    50.9     1.7    22.1 -9999.0 -9999.0 -9999.0 -99.000 -99.000 -99.000 -99.000 -99.000 -9999.0 -9999.0 -9999.0 -9999.0 -9999.0
94082 20070609  1.301 -108.97   40.24    27.3     9.1    18.2    18.3     0.0    32.46 R    55.3     8.9    26.8 -9999.0 -9999.0 -9999.0 -99.000 -99.000 -99.000 -99.000 -99.000 -9999.0 -9999.0 -9999.0 -9999.0 -9999.0
94082 20070610  1.301 -108.97   40.24    31.6    11.9    21.8    22.0     0.0    30.69 R    58.3    11.5    29.0 -9999.0 -9999.0 -9999.0 -99.000 -99.000 -99.000 -99.000 -99.000 -9999.0 -9999.0 -9999.0 -9999.0 -9999.0
94082 20070611  1.301 -108.97   40.24    30.7    14.5    22.6    22.6     0.0    28.79 R    58.1    11.3    29.6 -9999.0 -9999.0 -9999.0 -99.000 -99.000 -99.000 -99.000 -99.000 -9999.0 -9999.0 -9999.0 -9999.0 -9999.0
94082 20070612  1.301 -108.97   40.24    25.9    12.5    19.2    18.0     1.3    22.77 R    52.9    11.7    24.2 -9999.0 -9999.0 -9999.0 -99.000 -99.000 -99.000 -99.000 -99.000 -9999.0 -9999.0 -9999.0 -9999.0 -9999.0
94082 20070613  1.301 -108.97   40.24    29.3    11.0    20.1    20.0     0.0    32.55 R    54.9     8.5    27.3 -9999.0 -9999.0 -9999.0 -99.000 -99.000 -99.000 -99.000 -99.000 -9999.0 -9999.0 -9999.0 -9999.0 -9999.0
94082 20070614  1.301 -108.97   40.24    31.9    11.2    21.6    22.3     0.0    30.48 R    58.5    11.1    30.3 -9999.0 -9999.0 -9999.0 -99.000 -99.000 -99.000 -99.000 -99.000 -9999.0 -9999.0 -9999.0 -9999.0 -9999.0
94082 20070615  1.301 -108.97   40.24    34.0    14.5    24.3    25.0     0.0    31.46 R    61.0    14.1    32.8 -9999.0 -9999.0 -9999.0 -99.000 -99.000 -99.000 -99.000 -99.000 -9999.0 -9999.0 -9999.0 -9999.0 -9999.0
94082 20070616  1.301 -108.97   40.24    36.3    17.9    27.1    26.7     0.0    30.37 R    62.2    16.5    34.0 -9999.0 -9999.0 -9999.0 -99.000 -99.000 -99.000 -99.000 -99.000 -9999.0 -9999.0 -9999.0 -9999.0 -9999.0
94082 20070617  1.301 -108.97   40.24    33.5    16.5    25.0    24.6     0.0    30.50 R    60.9    13.7    31.1 -9999.0 -9999.0 -9999.0 -99.000 -99.000 -99.000 -99.000 -99.000 -9999.0 -9999.0 -9999.0 -9999.0 -9999.0
94082 20070618  1.301 -108.97   40.24    28.7    10.8    19.8    19.5     0.0    33.45 R    56.5     9.4    28.5 -9999.0 -9999.0 -9999.0 -99.000 -99.000 -99.000 -99.000 -99.000 -9999.0 -9999.0 -9999.0 -9999.0 -9999.0
94082 20070619  1.301 -108.97   40.24    33.6    12.4    23.0    23.5     0.0    32.85 R    61.3    12.0    31.8 -9999.0 -9999.0 -9999.0 -99.000 -99.000 -99.000 -99.000 -99.000 -9999.0 -9999.0 -9999.0 -9999.0 -9999.0
94082 20070620  1.301 -108.97   40.24    35.8    14.6    25.2    26.3     0.0    33.09 R    63.2    15.2    34.2 -9999.0 -9999.0 -9999.0 -99.000 -99.000 -99.000 -99.000 -99.000 -9999.0 -9999.0 -9999.0 -9999.0 -9999.0
94082 20070621  1.301 -108.97   40.24    34.6    16.9    25.7    25.3     0.0    22.83 R    61.9    14.4    30.4 -9999.0 -9999.0 -9999.0 -99.000 -99.000 -99.000 -99.000 -99.000 -9999.0 -9999.0 -9999.0 -9999.0 -9999.0
94082 20070622  1.301 -108.97   40.24    33.1    17.7    25.4    25.9     0.0    29.25 R    64.4    15.0    33.4 -9999.0 -9999.0 -9999.0 -99.000 -99.000 -99.000 -99.000 -99.000 -9999.0 -9999.0 -9999.0 -9999.0 -9999.0
94082 20070623  1.301 -108.97   40.24    36.4    16.7    26.6    26.8     0.0    31.02 R    63.8    15.9    34.5 -9999.0 -9999.0 -9999.0 -99.000 -99.000 -99.000 -99.000 -99.000 -9999.0 -9999.0 -9999.0 -9999.0 -9999.0
94082 20070624  1.301 -108.97   40.24    36.7    16.2    26.4    27.1     0.0    33.04 R    64.3    13.6    34.6 -9999.0 -9999.0 -9999.0 -99.000 -99.000 -99.000 -99.000 -99.000 -9999.0 -9999.0 -9999.0 -9999.0 -9999.0
94082 20070625  1.301 -108.97   40.24    34.3    18.4    26.4    26.6     0.0    31.98 R    63.8    13.7    33.9 -9999.0 -9999.0 -9999.0 -99.000 -99.000 -99.000 -99.000 -99.000 -9999.0 -9999.0 -9999.0 -9999.0 -9999.0
94082 20070626  1.301 -108.97   40.24    34.8    16.3    25.5    25.3     0.0    32.63 R    63.1    14.0    33.9 -9999.0 -9999.0 -9999.0 -99.000 -99.000 -99.000 -99.000 -99.000 -9999.0 -9999.0 -9999.0 -9999.0 -9999.0
94082 20070627  1.301 -108.97   40.24    35.3    16.2    25.8    26.0     0.0    32.36 R    63.9    14.2    34.4 -9999.0 -9999.0 -9999.0 -99.000 -99.000 -99.000 -99.000 -99.000 -9999.0 -9999.0 -9999.0 -9999.0 -9999.0
94082 20070628  1.301 -108.97   40.24    35.6    15.1    25.3    25.8     0.0    32.57 R    64.5    14.5    34.6 -9999.0 -9999.0 -9999.0 -99.000 -99.000 -99.000 -99.000 -99.000 -9999.0 -9999.0 -9999.0 -9999.0 -9999.0
94082 20070629  1.301 -108.97   40.24    36.5    18.3    27.4    27.6     0.0    32.21 R    63.4    17.3    35.0 -9999.0 -9999.0 -9999.0 -99.000 -99.000 -99.000 -99.000 -99.000 -9999.0 -9999.0 -9999.0 -9999.0 -9999.0
94082 20070630  1.301 -108.97   40.24    36.3    17.3    26.8    27.4     0.0    32.59 R    64.6    16.7    35.4 -9999.0 -9999.0 -9999.0 -99.000 -99.000 -99.000 -99.000 -99.000 -9999.0 -9999.0 -9999.0 -9999.0 -9999.0
94082 20070701  1.301 -108.97   40.24    37.0    16.2    26.6    27.4     0.0    30.76 R    65.8    15.8    35.0 -9999.0 -9999.0 -9999.0 -99.000 -99.000 -99.000 -99.000 -99.000 -9999.0 -9999.0 -9999.0 -9999.0 -9999.0
94082 20070702  1.301 -108.97   40.24    38.3    15.8    27.0    28.1     0.0    32.86 R    66.8    14.6    36.1 -9999.0 -9999.0 -9999.0 -99.000 -99.000 -99.000 -99.000 -99.000 -9999.0 -9999.0 -9999.0 -9999.0 -9999.0
94082 20070703  1.301 -108.97   40.24    37.0    19.3    28.1    28.2     0.0    31.98 R    65.9    16.6    36.1 -9999.0 -9999.0 -9999.0 -99.000 -99.000 -99.000 -99.000 -99.000 -9999.0 -9999.0 -9999.0 -9999.0 -9999.0
94082 20070704  1.301 -108.97   40.24    37.0    17.6    27.3    28.0     0.0    29.81 R    65.1    16.3    35.9 -9999.0 -9999.0 -9999.0 -99.000 -99.000 -99.000 -99.000 -99.000 -9999.0 -9999.0 -9999.0 -9999.0 -9999.0
94082 20070705  1.301 -108.97   40.24    34.6    17.6    26.1    25.1     3.0    26.75 R    56.7    16.2    30.2 -9999.0 -9999.0 -9999.0 -99.000 -99.000 -99.000 -99.000 -99.000 -9999.0 -9999.0 -9999.0 -9999.0 -9999.0
94082 20070706  1.301 -108.97   40.24    34.1    17.7    25.9    25.4     0.0    29.48 R    61.4    16.8    33.3 -9999.0 -9999.0 -9999.0 -99.000 -99.000 -99.000 -99.000 -99.000 -9999.0 -9999.0 -9999.0 -9999.0 -9999.0
94082 20070707  1.301 -108.97   40.24    34.7    18.6    26.7    26.9     0.0    27.49 R    62.5    16.3    34.1 -9999.0 -9999.0 -9999.0 -99.000 -99.000 -99.000 -99.000 -99.000 -9999.0 -9999.0 -9999.0 -9999.0 -9999.0
94082 20070708  1.301 -108.97   40.24    32.4    17.0    24.7    25.6     0.0    25.36 R    58.5    15.7    31.9 -9999.0 -9999.0 -9999.0 -99.000 -99.000 -99.000 -99.000 -99.000 -9999.0 -9999.0 -9999.0 -9999.0 -9999.0
94082 20070709  1.301 -108.97   40.24    34.9    16.8    25.8    26.4     0.0    27.91 R    61.1    16.1    33.7 -9999.0 -9999.0 -9999.0 -99.000 -99.000 -99.000 -99.000 -99.000 -9999.0 -9999.0 -9999.0 -9999.0 -9999.0
94082 20070710  1.301 -108.97   40.24    34.0    17.3    25.6    26.3     0.0    26.20 R    62.5    16.2    32.8 -9999.0 -9999.0 -9999.0 -99.000 -99.000 -99.000 -99.000 -99.000 -9999.0 -9999.0 -9999.0 -9999.0 -9999.0
94082 20070711  1.301 -108.97   40.24    35.1    16.9    26.0    25.8     0.0    25.98 R    60.1    16.1    33.0 -9999.0 -9999.0 -9999.0 -99.000 -99.000 -99.000 -99.000 -99.000 -9999.0 -9999.0 -9999.0 -9999.0 -9999.0
94082 20070712  1.301 -108.97   40.24    30.1    20.2    25.2    23.9     0.0    16.89 R    54.9    19.8    29.0 -9999.0 -9999.0 -9999.0 -99.000 -99.000 -99.000 -99.000 -99.000 -9999.0 -9999.0 -9999.0 -9999.0 -9999.0
94082 20070713  1.301 -108.97   40.24    32.9    15.5    24.2    24.3     1.0    28.47 R    59.7    16.5    32.7 -9999.0 -9999.0 -9999.0 -99.000 -99.000 -99.000 -99.000 -99.000 -9999.0 -9999.0 -9999.0 -9999.0 -9999.0
94082 20070714  1.301 -108.97   40.24    34.6    15.7    25.2    24.4     0.0    30.54 R    60.2    13.8    31.7 -9999.0 -9999.0 -9999.0 -99.000 -99.000 -99.000 -99.000 -99.000 -9999.0 -9999.0 -9999.0 -9999.0 -9999.0
94082 20070715  1.301 -108.97   40.24    35.6    15.8    25.7    25.7     0.0    28.46 R    63.3    14.1    33.0 -9999.0 -9999.0 -9999.0 -99.000 -99.000 -99.000 -99.000 -99.000 -9999.0 -9999.0 -9999.0 -9999.0 -9999.0
94082 20070716  1.301 -108.97   40.24    36.5    18.4    27.4    27.2     0.0    27.48 R    63.0    17.5    34.7 -9999.0 -9999.0 -9999.0 -99.000 -99.000 -99.000 -99.000 -99.000 -9999.0 -9999.0 -9999.0 -9999.0 -9999.0
94082 20070717  1.301 -108.97   40.24    34.9    19.5    27.2    26.5     0.0    23.44 R    61.0    20.0    33.1 -9999.0 -9999.0 -9999.0 -99.000 -99.000 -99.000 -99.000 -99.000 -9999.0 -9999.0 -9999.0 -9999.0 -9999.0
94082 20070718  1.301 -108.97   40.24    36.1    19.5    27.8    27.3     0.0    29.79 R    64.9    19.1    35.6 -9999.0 -9999.0 -9999.0 -99.000 -99.000 -99.000 -99.000 -99.000 -9999.0 -9999.0 -9999.0 -9999.0 -9999.0
94082 20070719  1.301 -108.97   40.24    36.2    19.8    28.0    27.4     0.0    26.84 R    65.4    19.1    35.1 -9999.0 -9999.0 -9999.0 -99.000 -99.000 -99.000 -99.000 -99.000 -9999.0 -9999.0 -9999.0 -9999.0 -9999.0
94082 20070720  1.301 -108.97   40.24    34.4    20.5    27.5    25.6     0.0    18.47 R    62.9    20.8    31.5 -9999.0 -9999.0 -9999.0 -99.000 -99.000 -99.000 -99.000 -99.000 -9999.0 -9999.0 -9999.0 -9999.0 -9999.0
94082 20070721  1.301 -108.97   40.24    36.3    18.7    27.5    26.6     0.0    25.85 R    63.4    18.8    33.9 -9999.0 -9999.0 -9999.0 -99.000 -99.000 -99.000 -99.000 -99.000 -9999.0 -9999.0 -9999.0 -9999.0 -9999.0
94082 20070722  1.301 -108.97   40.24    36.7    21.4    29.1    27.7     0.0    22.93 R    63.7    20.2    34.6 -9999.0 -9999.0 -9999.0 -99.000 -99.000 -99.000 -99.000 -99.000 -9999.0 -9999.0 -9999.0 -9999.0 -9999.0
94082 20070723  1.301 -108.97   40.24    33.5    18.4    26.0    26.0     0.0    19.66 R    62.6    20.6    32.3 -9999.0 -9999.0 -9999.0 -99.000 -99.000 -99.000 -99.000 -99.000 -9999.0 -9999.0 -9999.0 -9999.0 -9999.0
94082 20070724  1.301 -108.97   40.24    33.5    15.8    24.6    23.7     1.0    27.24 R    59.8    16.8    32.3 -9999.0 -9999.0 -9999.0 -99.000 -99.000 -99.000 -99.000 -99.000 -9999.0 -9999.0 -9999.0 -9999.0 -9999.0
94082 20070725  1.301 -108.97   40.24    32.9    18.4    25.7    24.3     0.0    22.25 R    58.3    16.9    30.3 -9999.0 -9999.0 -9999.0 -99.000 -99.000 -99.000 -99.000 -99.000 -9999.0 -9999.0 -9999.0 -9999.0 -9999.0
94082 20070726  1.301 -108.97   40.24    33.2    15.7    24.5    23.0     0.0    23.36 R    63.1    17.1    31.2 -9999.0 -9999.0 -9999.0 -99.000 -99.000 -99.000 -99.000 -99.000 -9999.0 -9999.0 -9999.0 -9999.0 -9999.0
94082 20070727  1.301 -108.97   40.24    29.7    17.2    23.4    22.0     8.1    21.67 R    57.5    17.9    27.6 -9999.0 -9999.0 -9999.0 -99.000 -99.000 -99.000 -99.000 -99.000 -9999.0 -9999.0 -9999.0 -9999.0 -9999.0
94082 20070728  1.302 -108.97   40.24 -9999.0 -9999.0 -9999.0 -9999.0 -9999.0 -9999.00 U -9999.0 -9999.0 -9999.0 -9999.0 -9999.0 -9999.0 -99.000 -99.000 -99.000 -99.000 -99.000 -9999.0 -9999.0 -9999.0 -9999.0 -9999.0
94082 20070729  1.302 -108.97   40.24    34.1    16.6    25.4    25.2     0.0    22.47 R    54.3    13.9    27.7 -9999.0 -9999.0 -9999.0 -99.000 -99.000 -99.000 -99.000 -99.000 -9999.0 -9999.0 -9999.0 -9999.0 -9999.0
94082 20070730  1.302 -108.97   40.24    33.6    16.4    25.0    25.7     0.0    22.78 R    60.1    14.6    29.5 -9999.0 -9999.0 -9999.0 -99.000 -99.000 -99.000 -99.000 -99.000 -9999.0 -9999.0 -9999.0 -9999.0 -9999.0
94082 20070731  1.302 -108.97   40.24    36.4    20.7    28.5    26.6     0.0    24.46 R    59.3    17.1    31.6 -9999.0 -9999.0 -9999.0 -99.000 -99.000 -99.000 -99.000 -99.000 -9999.0 -9999.0 -9999.0 -9999.0 -9999.0
94082 20070801  1.302 -108.97   40.24    34.9    20.6    27.7    26.8     0.0    23.00 R    59.7    19.6    32.7 -9999.0 -9999.0 -9999.0 -99.000 -99.000 -99.000 -99.000 -99.000 -9999.0 -9999.0 -9999.0 -9999.0 -9999.0
94082 20070802  1.302 -108.97   40.24    30.3    17.9    24.1    23.7     0.0    18.58 R    50.9    18.9    29.2 -9999.0 -9999.0 -9999.0 -99.000 -99.000 -99.000 -99.000 -99.000 -9999.0 -9999.0 -9999.0 -9999.0 -9999.0
94082 20070803  1.302 -108.97   40.24    31.0    16.9    24.0    22.3     0.7    21.48 R    54.6    17.2    27.9 -9999.0 -9999.0 -9999.0 -99.000 -99.000 -99.000 -99.000 -99.000 -9999.0 -9999.0 -9999.0 -9999.0 -9999.0
94082 20070804  1.302 -108.97   40.24    31.5    15.6    23.5    23.1     0.0    25.06 R    56.7    15.2    30.2 -9999.0 -9999.0 -9999.0 -99.000 -99.000 -99.000 -99.000 -99.000 -9999.0 -9999.0 -9999.0 -9999.0 -9999.0
94082 20070805  1.302 -108.97   40.24    31.3    17.4    24.3    21.9     0.5    17.40 R    56.4    16.9    25.7 -9999.0 -9999.0 -9999.0 -99.000 -99.000 -99.000 -99.000 -99.000 -9999.0 -9999.0 -9999.0 -9999.0 -9999.0
94082 20070806  1.302 -108.97   40.24    31.3    15.6    23.5    22.3     0.0    24.19 R    52.6    15.6    28.5 -9999.0 -9999.0 -9999.0 -99.000 -99.000 -99.000 -99.000 -99.000 -9999.0 -9999.0 -9999.0 -9999.0 -9999.0
94082 20070807  1.302 -108.97   40.24    31.7    15.8    23.7    23.5     0.0    25.19 R    57.7    14.6    29.2 -9999.0 -9999.0 -9999.0 -99.000 -99.000 -99.000 -99.000 -99.000 -9999.0 -9999.0 -9999.0 -9999.0 -9999.0
94082 20070808  1.302 -108.97   40.24    32.4    15.6    24.0    24.1     0.0    29.63 R    56.5    11.9    30.1 -9999.0 -9999.0 -9999.0 -99.000 -99.000 -99.000 -99.000 -99.000 -9999.0 -9999.0 -9999.0 -9999.0 -9999.0
94082 20070809  1.302 -108.97   40.24    34.8    15.1    24.9    25.3     0.0    27.60 R    59.2    14.4    31.0 -9999.0 -9999.0 -9999.0 -99.000 -99.000 -99.000 -99.000 -99.000 -9999.0 -9999.0 -9999.0 -9999.0 -9999.0
94082 20070810  1.302 -108.97   40.24    33.7    18.1    25.9    25.5     0.0    27.66 R    58.7    14.3    31.3 -9999.0 -9999.0 -9999.0 -99.000 -99.000 -99.000 -99.000 -99.000 -9999.0 -9999.0 -9999.0 -9999.0 -9999.0
94082 20070811  1.302 -108.97   40.24    34.6    16.7    25.6    25.6     0.0    26.63 R    62.1    14.8    31.3 -9999.0 -9999.0 -9999.0 -99.000 -99.000 -99.000 -99.000 -99.000 -9999.0 -9999.0 -9999.0 -9999.0 -9999.0
94082 20070812  1.302 -108.97   40.24    36.2    20.0    28.1    27.7     0.0    28.01 R    59.9    18.2    34.1 -9999.0 -9999.0 -9999.0 -99.000 -99.000 -99.000 -99.000 -99.000 -9999.0 -9999.0 -9999.0 -9999.0 -9999.0
94082 20070813  1.302 -108.97   40.24    34.8    21.3    28.1    26.5     0.0    15.66 R    57.1    20.4    30.7 -9999.0 -9999.0 -9999.0 -99.000 -99.000 -99.000 -99.000 -99.000 -9999.0 -9999.0 -9999.0 -9999.0 -9999.0
94082 20070814  1.302 -108.97   40.24    34.3    15.6    24.9    23.1     6.2    20.99 R    56.9    17.5    29.8 -9999.0 -9999.0 -9999.0 -99.000 -99.000 -99.000 -99.000 -99.000 -9999.0 -9999.0 -9999.0 -9999.0 -9999.0
94082 20070815  1.302 -108.97   40.24    31.8    14.0    22.9    21.4     0.0    23.77 R    46.8    14.6    26.0 -9999.0 -9999.0 -9999.0 -99.000 -99.000 -99.000 -99.000 -99.000 -9999.0 -9999.0 -9999.0 -9999.0 -9999.0
94082 20070816  1.302 -108.97   40.24    33.9    16.2    25.1    24.6     1.1    26.58 R    53.2    14.0    29.6 -9999.0 -9999.0 -9999.0 -99.000 -99.000 -99.000 -99.000 -99.000 -9999.0 -9999.0 -9999.0 -9999.0 -9999.0
94082 20070817  1.302 -108.97   40.24    30.1    17.3    23.7    23.5     0.0    22.72 R    52.5    15.7    27.8 -9999.0 -9999.0 -9999.0 -99.000 -99.000 -99.000 -99.000 -99.000 -9999.0 -9999.0 -9999.0 -9999.0 -9999.0
94082 20070818  1.302 -108.97   40.24    29.2    17.7    23.5    21.8     0.0    16.19 R    47.5    16.7    25.0 -9999.0 -9999.0 -9999.0 -99.000 -99.000 -99.000 -99.000 -99.000 -9999.0 -9999.0 -9999.0 -9999.0 -9999.0
94082 20070819  1.302 -108.97   40.24    33.8    15.4    24.6    24.1     0.0    24.17 R    53.1    14.4    28.7 -9999.0 -9999.0 -9999.0 -99.000 -99.000 -99.000 -99.000 -99.000 -9999.0 -9999.0 -9999.0 -9999.0 -9999.0
94082 20070820  1.302 -108.97   40.24    32.6    17.8    25.2    24.8     0.0    27.13 R    53.1    13.3    29.4 -9999.0 -9999.0 -9999.0 -99.000 -99.000 -99.000 -99.000 -99.000 -9999.0 -9999.0 -9999.0 -9999.0 -9999.0
94082 20070821  1.302 -108.97   40.24    34.4    16.4    25.4    25.0     0.0    27.06 R    55.7    13.6    30.1 -9999.0 -9999.0 -9999.0 -99.000 -99.000 -99.000 -99.000 -99.000 -9999.0 -9999.0 -9999.0 -9999.0 -9999.0
94082 20070822  1.302 -108.97   40.24    35.1    16.4    25.8    25.2     0.0    25.24 R    55.9    14.9    31.0 -9999.0 -9999.0 -9999.0 -99.000 -99.000 -99.000 -99.000 -99.000 -9999.0 -9999.0 -9999.0 -9999.0 -9999.0
94082 20070823  1.302 -108.97   40.24    25.6    15.1    20.3    19.2     0.0     9.14 R    41.2    15.4    21.5 -9999.0 -9999.0 -9999.0 -99.000 -99.000 -99.000 -99.000 -99.000 -9999.0 -9999.0 -9999.0 -9999.0 -9999.0
94082 20070824  1.302 -108.97   40.24    30.6    12.1    21.4    21.3     0.0    27.25 R    47.6    11.3    26.1 -9999.0 -9999.0 -9999.0 -99.000 -99.000 -99.000 -99.000 -99.000 -9999.0 -9999.0 -9999.0 -9999.0 -9999.0
94082 20070825  1.302 -108.97   40.24    34.3    13.7    24.0    24.3     0.0    26.84 R    55.0    11.9    29.2 -9999.0 -9999.0 -9999.0 -99.000 -99.000 -99.000 -99.000 -99.000 -9999.0 -9999.0 -9999.0 -9999.0 -9999.0
94082 20070826  1.302 -108.97   40.24    34.8    16.7    25.8    24.0     0.0    20.41 R    58.1    14.3    28.5 -9999.0 -9999.0 -9999.0 -99.000 -99.000 -99.000 -99.000 -99.000 -9999.0 -9999.0 -9999.0 -9999.0 -9999.0
94082 20070827  1.302 -108.97   40.24    23.6    14.1    18.8    17.3     4.9    12.19 R    39.4    14.9    20.5 -9999.0 -9999.0 -9999.0 -99.000 -99.000 -99.000 -99.000 -99.000 -9999.0 -9999.0 -9999.0 -9999.0 -9999.0
94082 20070828  1.302 -108.97   40.24    30.7    14.2    22.4    20.5     0.0    23.51 R    47.5    12.8    25.0 -9999.0 -9999.0 -9999.0 -99.000 -99.000 -99.000 -99.000 -99.000 -9999.0 -9999.0 -9999.0 -9999.0 -9999.0
94082 20070829  1.302 -108.97   40.24    32.3    14.6    23.4    22.3     0.0    22.44 R    51.5    13.1    26.6 -9999.0 -9999.0 -9999.0 -99.000 -99.000 -99.000 -99.000 -99.000 -9999.0 -9999.0 -9999.0 -9999.0 -9999.0
94082 20070830  1.302 -108.97   40.24    32.2    15.4    23.8    24.0     0.0    25.15 R    54.3    12.9    29.2 -9999.0 -9999.0 -9999.0 -99.000 -99.000 -99.000 -99.000 -99.000 -9999.0 -9999.0 -9999.0 -9999.0 -9999.0
94082 20070831  1.302 -108.97   40.24    32.6    17.9    25.2    23.4     0.0    18.71 R    49.7    15.5    27.6 -9999.0 -9999.0 -9999.0 -99.000 -99.000 -99.000 -99.000 -99.000 -9999.0 -9999.0 -9999.0 -9999.0 -9999.0
94082 20070901  1.302 -108.97   40.24    33.1    15.5    24.3    23.5     0.0    25.99 R    54.7    14.7    30.0 -9999.0 -9999.0 -9999.0 -99.000 -99.000 -99.000 -99.000 -99.000 -9999.0 -9999.0 -9999.0 -9999.0 -9999.0
94082 20070902  1.302 -108.97   40.24    34.0    16.8    25.4    24.4     0.0    23.03 R    54.8    16.4    30.0 -9999.0 -9999.0 -9999.0 -99.000 -99.000 -99.000 -99.000 -99.000 -9999.0 -9999.0 -9999.0 -9999.0 -9999.0
94082 20070903  1.302 -108.97   40.24    32.1    17.1    24.6    23.2     0.0    20.67 R    55.2    17.1    29.0 -9999.0 -9999.0 -9999.0 -99.000 -99.000 -99.000 -99.000 -99.000 -9999.0 -9999.0 -9999.0 -9999.0 -9999.0
94082 20070904  1.302 -108.97   40.24    32.7    16.6    24.6    23.2     0.0    23.43 R    54.6    14.1    29.6 -9999.0 -9999.0 -9999.0 -99.000 -99.000 -99.000 -99.000 -99.000 -9999.0 -9999.0 -9999.0 -9999.0 -9999.0
94082 20070905  1.302 -108.97   40.24    28.9    13.5    21.2    18.6     9.1    14.87 R    51.3    14.4    22.5 -9999.0 -9999.0 -9999.0 -99.000 -99.000 -99.000 -99.000 -99.000 -9999.0 -9999.0 -9999.0 -9999.0 -9999.0
94082 20070906  1.302 -108.97   40.24    22.6    11.9    17.3    16.6     0.0    22.84 R    36.2    12.1    20.5 -9999.0 -9999.0 -9999.0 -99.000 -99.000 -99.000 -99.000 -99.000 -9999.0 -9999.0 -9999.0 -9999.0 -9999.0
94082 20070907  1.302 -108.97   40.24    25.9    10.9    18.4    18.1     0.0    24.26 R    41.3     9.9    21.8 -9999.0 -9999.0 -9999.0 -99.000 -99.000 -99.000 -99.000 -99.000 -9999.0 -9999.0 -9999.0 -9999.0 -9999.0
94082 20070908  1.302 -108.97   40.24    29.2    12.2    20.7    20.0     0.0    22.62 R    44.4    10.2    23.1 -9999.0 -9999.0 -9999.0 -99.000 -99.000 -99.000 -99.000 -99.000 -9999.0 -9999.0 -9999.0 -9999.0 -9999.0
94082 20070909  1.302 -108.97   40.24    28.2    11.0    19.6    18.9     0.0    18.33 R    48.6    10.4    22.0 -9999.0 -9999.0 -9999.0 -99.000 -99.000 -99.000 -99.000 -99.000 -9999.0 -9999.0 -9999.0 -9999.0 -9999.0
94082 20070910  1.302 -108.97   40.24    21.7     5.4    13.5    13.3     0.0    24.58 R    41.2     5.5    18.6 -9999.0 -9999.0 -9999.0 -99.000 -99.000 -99.000 -99.000 -99.000 -9999.0 -9999.0 -9999.0 -9999.0 -9999.0
94082 20070911  1.302 -108.97   40.24    27.0     6.9    17.0    16.6     0.0    23.64 R    44.7     5.6    21.4 -9999.0 -9999.0 -9999.0 -99.000 -99.000 -99.000 -99.000 -99.000 -9999.0 -9999.0 -9999.0 -9999.0 -9999.0
94082 20070912  1.302 -108.97   40.24    28.0    10.5    19.2    19.9     0.0    23.98 R    47.5     9.6    24.1 -9999.0 -9999.0 -9999.0 -99.000 -99.000 -99.000 -99.000 -99.000 -9999.0 -9999.0 -9999.0 -9999.0 -9999.0
94082 20070913  1.302 -108.97   40.24    29.6    14.3    22.0    21.5     0.0    20.72 R    49.3    12.3    24.4 -9999.0 -9999.0 -9999.0 -99.000 -99.000 -99.000 -99.000 -99.000 -9999.0 -9999.0 -9999.0 -9999.0 -9999.0
94082 20070914  1.302 -108.97   40.24    29.5    14.5    22.0    21.2     0.0    15.87 R    45.5    14.2    23.6 -9999.0 -9999.0 -9999.0 -99.000 -99.000 -99.000 -99.000 -99.000 -9999.0 -9999.0 -9999.0 -9999.0 -9999.0
94082 20070915  1.302 -108.97   40.24    29.2    13.7    21.5    20.5     1.1    18.29 R    47.3    12.5    24.0 -9999.0 -9999.0 -9999.0 -99.000 -99.000 -99.000 -99.000 -99.000 -9999.0 -9999.0 -9999.0 -9999.0 -9999.0
94082 20070916  1.302 -108.97   40.24    27.0    13.0    20.0    17.3     1.1    11.63 R    42.4    11.7    18.0 -9999.0 -9999.0 -9999.0 -99.000 -99.000 -99.000 -99.000 -99.000 -9999.0 -9999.0 -9999.0 -9999.0 -9999.0
94082 20070917  1.302 -108.97   40.24    23.4    10.5    17.0    15.2     3.8    17.26 R    34.6     9.7    17.4 -9999.0 -9999.0 -9999.0 -99.000 -99.000 -99.000 -99.000 -99.000 -9999.0 -9999.0 -9999.0 -9999.0 -9999.0
94082 20070918  1.302 -108.97   40.24    23.7     8.0    15.9    15.3     0.0    22.74 R    37.9     6.3    18.4 -9999.0 -9999.0 -9999.0 -99.000 -99.000 -99.000 -99.000 -99.000 -9999.0 -9999.0 -9999.0 -9999.0 -9999.0
94082 20070919  1.302 -108.97   40.24    26.6    12.3    19.4    18.6     0.0    22.03 R    42.2     8.7    20.6 -9999.0 -9999.0 -9999.0 -99.000 -99.000 -99.000 -99.000 -99.000 -9999.0 -9999.0 -9999.0 -9999.0 -9999.0
94082 20070920  1.302 -108.97   40.24    28.0    14.5    21.2    20.7     0.0    22.25 R    43.6    10.5    22.6 -9999.0 -9999.0 -9999.0 -99.000 -99.000 -99.000 -99.000 -99.000 -9999.0 -9999.0 -9999.0 -9999.0 -9999.0
94082 20070921  1.302 -108.97   40.24    27.5    10.3    18.9    19.3     0.0    22.20 R    44.4     7.7    22.3 -9999.0 -9999.0 -9999.0 -99.000 -99.000 -99.000 -99.000 -99.000 -9999.0 -9999.0 -9999.0 -9999.0 -9999.0
94082 20070922  1.302 -108.97   40.24    29.0    12.2    20.6    18.7     7.9    18.24 R    46.0    10.7    22.0 -9999.0 -9999.0 -9999.0 -99.000 -99.000 -99.000 -99.000 -99.000 -9999.0 -9999.0 -9999.0 -9999.0 -9999.0
94082 20070923  1.302 -108.97   40.24    16.8     7.4    12.1    11.7    20.7    10.27 R    24.8     7.1    13.3 -9999.0 -9999.0 -9999.0 -99.000 -99.000 -99.000 -99.000 -99.000 -9999.0 -9999.0 -9999.0 -9999.0 -9999.0
94082 20070924  1.302 -108.97   40.24     9.4     3.1     6.2     6.1     3.3     9.35 R    19.6     3.5     8.5 -9999.0 -9999.0 -9999.0 -99.000 -99.000 -99.000 -99.000 -99.000 -9999.0 -9999.0 -9999.0 -9999.0 -9999.0
94082 20070925  1.302 -108.97   40.24    13.3     0.2     6.8     6.8     0.0    19.41 R    24.1     0.9     9.8 -9999.0 -9999.0 -9999.0 -99.000 -99.000 -99.000 -99.000 -99.000 -9999.0 -9999.0 -9999.0 -9999.0 -9999.0
94082 20070926  1.302 -108.97   40.24    17.6     2.5    10.0    10.2     0.0    21.70 R    27.9     2.4    12.6 -9999.0 -9999.0 -9999.0 -99.000 -99.000 -99.000 -99.000 -99.000 -9999.0 -9999.0 -9999.0 -9999.0 -9999.0
94082 20070927  1.302 -108.97   40.24    20.2     4.2    12.2    12.6     0.0    20.85 R    30.6     3.1    14.4 -9999.0 -9999.0 -9999.0 -99.000 -99.000 -99.000 -99.000 -99.000 -9999.0 -9999.0 -9999.0 -9999.0 -9999.0
94082 20070928  1.302 -108.97   40.24    23.1     8.4    15.7    15.8     0.0    14.58 R    31.0     7.2    15.2 -9999.0 -9999.0 -9999.0 -99.000 -99.000 -99.000 -99.000 -99.000 -9999.0 -9999.0 -9999.0 -9999.0 -9999.0
94082 20070929  1.302 -108.97   40.24    22.4     0.6    11.5    12.2     5.3    11.77 R    30.5     2.5    12.8 -9999.0 -9999.0 -9999.0 -99.000 -99.000 -99.000 -99.000 -99.000 -9999.0 -9999.0 -9999.0 -9999.0 -9999.0
94082 20070930  1.302 -108.97   40.24    13.2     0.1     6.6     6.6     0.7    20.65 R    23.2     1.8    10.2 -9999.0 -9999.0 -9999.0 -99.000 -99.000 -99.000 -99.000 -99.000 -9999.0 -9999.0 -9999.0 -9999.0 -9999.0
94082 20071001  1.302 -108.97   40.24    18.3     4.3    11.3    10.5     6.1    14.47 R    26.7     2.5    11.6 -9999.0 -9999.0 -9999.0 -99.000 -99.000 -99.000 -99.000 -99.000 -9999.0 -9999.0 -9999.0 -9999.0 -9999.0
94082 20071002  1.302 -108.97   40.24    13.8     2.3     8.1     8.4     0.0    20.43 R    23.4     2.3    10.8 -9999.0 -9999.0 -9999.0 -99.000 -99.000 -99.000 -99.000 -99.000 -9999.0 -9999.0 -9999.0 -9999.0 -9999.0
94082 20071003  1.302 -108.97   40.24    21.3     6.6    14.0    13.6     0.0    19.72 R    27.0     4.2    13.4 -9999.0 -9999.0 -9999.0 -99.000 -99.000 -99.000 -99.000 -99.000 -9999.0 -9999.0 -9999.0 -9999.0 -9999.0
94082 20071004  1.302 -108.97   40.24    23.3    10.9    17.1    16.5     0.0    19.02 R    28.1     6.5    15.5 -9999.0 -9999.0 -9999.0 -99.000 -99.000 -99.000 -99.000 -99.000 -9999.0 -9999.0 -9999.0 -9999.0 -9999.0
94082 20071005  1.302 -108.97   40.24    22.6    11.1    16.9    16.2     0.0    13.52 R    28.2    10.0    15.6 -9999.0 -9999.0 -9999.0 -99.000 -99.000 -99.000 -99.000 -99.000 -9999.0 -9999.0 -9999.0 -9999.0 -9999.0
94082 20071006  1.302 -108.97   40.24    11.4     0.8     6.1     5.0     3.2     5.94 R    14.8     0.4     6.6 -9999.0 -9999.0 -9999.0 -99.000 -99.000 -99.000 -99.000 -99.000 -9999.0 -9999.0 -9999.0 -9999.0 -9999.0
94082 20071007  1.302 -108.97   40.24    10.2    -0.8     4.7     3.7     0.0    15.70 R    22.0    -0.8     6.2 -9999.0 -9999.0 -9999.0 -99.000 -99.000 -99.000 -99.000 -99.000 -9999.0 -9999.0 -9999.0 -9999.0 -9999.0
94082 20071008  1.302 -108.97   40.24    14.3     0.3     7.3     7.4     0.0    19.18 R    22.3     0.2     8.9 -9999.0 -9999.0 -9999.0 -99.000 -99.000 -99.000 -99.000 -99.000 -9999.0 -9999.0 -9999.0 -9999.0 -9999.0
94082 20071009  1.302 -108.97   40.24    20.3     3.0    11.6    11.0     0.0    18.73 R    25.3     0.9    11.5 -9999.0 -9999.0 -9999.0 -99.000 -99.000 -99.000 -99.000 -99.000 -9999.0 -9999.0 -9999.0 -9999.0 -9999.0
94082 20071010  1.302 -108.97   40.24    23.0     8.1    15.5    15.7     0.0    18.12 R    28.8     6.1    14.6 -9999.0 -9999.0 -9999.0 -99.000 -99.000 -99.000 -99.000 -99.000 -9999.0 -9999.0 -9999.0 -9999.0 -9999.0
94082 20071011  1.302 -108.97   40.24    19.8     6.4    13.1    13.2     0.0    18.40 R    26.7     5.0    12.6 -9999.0 -9999.0 -9999.0 -99.000 -99.000 -99.000 -99.000 -99.000 -9999.0 -9999.0 -9999.0 -9999.0 -9999.0
94082 20071012  1.302 -108.97   40.24    19.4     5.7    12.6    12.9     0.0    12.98 R    27.6     2.4    12.7 -9999.0 -9999.0 -9999.0 -99.000 -99.000 -99.000 -99.000 -99.000 -9999.0 -9999.0 -9999.0 -9999.0 -9999.0
94082 20071013  1.302 -108.97   40.24    18.0     6.5    12.3    10.4     0.0    10.08 R    27.8     4.7    11.1 -9999.0 -9999.0 -9999.0 -99.000 -99.000 -99.000 -99.000 -99.000 -9999.0 -9999.0 -9999.0 -9999.0 -9999.0
94082 20071014  1.302 -108.97   40.24    12.4     5.7     9.1     8.2     0.0     4.77 R    20.0     4.7     9.1 -9999.0 -9999.0 -9999.0 -99.000 -99.000 -99.000 -99.000 -99.000 -9999.0 -9999.0 -9999.0 -9999.0 -9999.0
94082 20071015  1.302 -108.97   40.24    16.5     2.3     9.4     8.9     0.0    17.43 R    25.0     1.4    10.2 -9999.0 -9999.0 -9999.0 -99.000 -99.000 -99.000 -99.000 -99.000 -9999.0 -9999.0 -9999.0 -9999.0 -9999.0
94082 20071016  1.302 -108.97   40.24    16.6     5.8    11.2    10.4     0.0    13.21 R    27.2     3.3    11.1 -9999.0 -9999.0 -9999.0 -99.000 -99.000 -99.000 -99.000 -99.000 -9999.0 -9999.0 -9999.0 -9999.0 -9999.0
94082 20071017  1.302 -108.97   40.24    11.1    -0.1     5.5     4.9     1.0    10.02 R    22.0    -0.8     6.5 -9999.0 -9999.0 -9999.0 -99.000 -99.000 -99.000 -99.000 -99.000 -9999.0 -9999.0 -9999.0 -9999.0 -9999.0
94082 20071018  1.302 -108.97   40.24     9.6    -2.2     3.7     3.6     0.0    17.18 R    20.4    -3.0     5.3 -9999.0 -9999.0 -9999.0 -99.000 -99.000 -99.000 -99.000 -99.000 -9999.0 -9999.0 -9999.0 -9999.0 -9999.0
94082 20071019  1.302 -108.97   40.24    19.3     2.0    10.6    10.3     0.0    16.02 R    24.8    -0.3    10.0 -9999.0 -9999.0 -9999.0 -99.000 -99.000 -99.000 -99.000 -99.000 -9999.0 -9999.0 -9999.0 -9999.0 -9999.0
94082 20071020  1.302 -108.97   40.24    17.7    -1.5     8.1     7.3     8.3     4.25 R    26.3    -3.4     6.0 -9999.0 -9999.0 -9999.0 -99.000 -99.000 -99.000 -99.000 -99.000 -9999.0 -9999.0 -9999.0 -9999.0 -9999.0
94082 20071021  1.302 -108.97   40.24     3.7    -2.3     0.7     0.3     0.0    12.26 R    13.5    -3.8     1.0 -9999.0 -9999.0 -9999.0 -99.000 -99.000 -99.000 -99.000 -99.000 -9999.0 -9999.0 -9999.0 -9999.0 -9999.0
94082 20071022  1.302 -108.97   40.24     8.0    -5.3     1.3     1.3     0.0    16.14 R    16.1    -5.2     3.2 -9999.0 -9999.0 -9999.0 -99.000 -99.000 -99.000 -99.000 -99.000 -9999.0 -9999.0 -9999.0 -9999.0 -9999.0
94082 20071023  1.302 -108.97   40.24    13.5    -0.6     6.5     6.0     0.0    16.27 R    21.4    -1.1     6.9 -9999.0 -9999.0 -9999.0 -99.000 -99.000 -99.000 -99.000 -99.000 -9999.0 -9999.0 -9999.0 -9999.0 -9999.0
94082 20071024  1.302 -108.97   40.24    16.2     1.2     8.7     8.3     0.0    16.27 R    22.4    -0.7     7.9 -9999.0 -9999.0 -9999.0 -99.000 -99.000 -99.000 -99.000 -99.000 -9999.0 -9999.0 -9999.0 -9999.0 -9999.0
94082 20071025  1.302 -108.97   40.24    18.0     4.2    11.1    10.4     0.0    15.66 R    24.0     0.2     9.4 -9999.0 -9999.0 -9999.0 -99.000 -99.000 -99.000 -99.000 -99.000 -9999.0 -9999.0 -9999.0 -9999.0 -9999.0
94082 20071026  1.302 -108.97   40.24    19.2     5.1    12.2    10.5     0.0    15.42 R    24.3     0.8    10.2 -9999.0 -9999.0 -9999.0 -99.000 -99.000 -99.000 -99.000 -99.000 -9999.0 -9999.0 -9999.0 -9999.0 -9999.0
94082 20071027  1.302 -108.97   40.24    13.6     0.9     7.2     7.1     0.0    12.25 R    20.8     0.3     7.4 -9999.0 -9999.0 -9999.0 -99.000 -99.000 -99.000 -99.000 -99.000 -9999.0 -9999.0 -9999.0 -9999.0 -9999.0
94082 20071028  1.302 -108.97   40.24    16.6     3.4    10.0     9.3     0.0    14.00 R    22.9     0.0     8.9 -9999.0 -9999.0 -9999.0 -99.000 -99.000 -99.000 -99.000 -99.000 -9999.0 -9999.0 -9999.0 -9999.0 -9999.0
94082 20071029  1.302 -108.97   40.24    17.6     3.4    10.5    10.0     0.0    11.10 R    24.5     0.5     9.1 -9999.0 -9999.0 -9999.0 -99.000 -99.000 -99.000 -99.000 -99.000 -9999.0 -9999.0 -9999.0 -9999.0 -9999.0
94082 20071030  1.302 -108.97   40.24    15.2     6.6    10.9    10.2     0.0     8.36 R    22.4     5.9    10.5 -9999.0 -9999.0 -9999.0 -99.000 -99.000 -99.000 -99.000 -99.000 -9999.0 -9999.0 -9999.0 -9999.0 -9999.0
94082 20071031  1.302 -108.97   40.24    13.5     2.8     8.1     7.8     0.0    15.22 R    26.6     1.3     9.7 -9999.0 -9999.0 -9999.0 -99.000 -99.000 -99.000 -99.000 -99.000 -9999.0 -9999.0 -9999.0 -9999.0 -9999.0
94082 20071101  1.302 -108.97   40.24    13.1     0.5     6.8     6.6     0.0    14.47 R    21.9    -1.3     7.3 -9999.0 -9999.0 -9999.0 -99.000 -99.000 -99.000 -99.000 -99.000 -9999.0 -9999.0 -9999.0 -9999.0 -9999.0
94082 20071102  1.302 -108.97   40.24    12.9     1.0     7.0     6.2     0.0    14.32 R    21.4    -1.1     6.6 -9999.0 -9999.0 -9999.0 -99.000 -99.000 -99.000 -99.000 -99.000 -9999.0 -9999.0 -9999.0 -9999.0 -9999.0
94082 20071103  1.302 -108.97   40.24    12.6    -1.1     5.7     5.4     0.0    14.26 R    20.8    -3.0     5.2 -9999.0 -9999.0 -9999.0 -99.000 -99.000 -99.000 -99.000 -99.000 -9999.0 -9999.0 -9999.0 -9999.0 -9999.0
94082 20071104  1.302 -108.97   40.24    14.8     0.1     7.5     6.8     0.0    14.13 R    22.0    -3.9     6.0 -9999.0 -9999.0 -9999.0 -99.000 -99.000 -99.000 -99.000 -99.000 -9999.0 -9999.0 -9999.0 -9999.0 -9999.0
94082 20071105  1.302 -108.97   40.24    15.8     2.1     9.0     8.2     0.0    14.04 R    22.8    -2.5     6.7 -9999.0 -9999.0 -9999.0 -99.000 -99.000 -99.000 -99.000 -99.000 -9999.0 -9999.0 -9999.0 -9999.0 -9999.0
94082 20071106  1.302 -108.97   40.24    15.7    -1.5     7.1     7.2     0.0    13.89 R    22.6    -4.5     5.9 -9999.0 -9999.0 -9999.0 -99.000 -99.000 -99.000 -99.000 -99.000 -9999.0 -9999.0 -9999.0 -9999.0 -9999.0
94082 20071107  1.302 -108.97   40.24    15.9     1.1     8.5     8.0     0.0    13.76 R    22.7    -3.3     6.1 -9999.0 -9999.0 -9999.0 -99.000 -99.000 -99.000 -99.000 -99.000 -9999.0 -9999.0 -9999.0 -9999.0 -9999.0
94082 20071108  1.302 -108.97   40.24    16.2     3.4     9.8     8.8     0.0    13.43 R    22.8    -1.8     7.4 -9999.0 -9999.0 -9999.0 -99.000 -99.000 -99.000 -99.000 -99.000 -9999.0 -9999.0 -9999.0 -9999.0 -9999.0
94082 20071109  1.302 -108.97   40.24    15.5     3.1     9.3     8.4     0.0    10.01 R    22.6    -1.9     7.2 -9999.0 -9999.0 -9999.0 -99.000 -99.000 -99.000 -99.000 -99.000 -9999.0 -9999.0 -9999.0 -9999.0 -9999.0
94082 20071110  1.302 -108.97   40.24    17.6     4.7    11.1     9.9     0.0    11.58 R    25.4     1.2     8.7 -9999.0 -9999.0 -9999.0 -99.000 -99.000 -99.000 -99.000 -99.000 -9999.0 -9999.0 -9999.0 -9999.0 -9999.0
94082 20071111  1.302 -108.97   40.24    12.3     4.8     8.5     8.9     0.0     3.88 R    16.5     0.6     7.5 -9999.0 -9999.0 -9999.0 -99.000 -99.000 -99.000 -99.000 -99.000 -9999.0 -9999.0 -9999.0 -9999.0 -9999.0
94082 20071112  1.302 -108.97   40.24    13.0     2.3     7.7     6.9     0.0    12.35 R    21.5    -0.2     7.3 -9999.0 -9999.0 -9999.0 -99.000 -99.000 -99.000 -99.000 -99.000 -9999.0 -9999.0 -9999.0 -9999.0 -9999.0
94082 20071113  1.302 -108.97   40.24    16.7     2.9     9.8     9.1     0.0    11.89 R    22.4    -0.7     8.5 -9999.0 -9999.0 -9999.0 -99.000 -99.000 -99.000 -99.000 -99.000 -9999.0 -9999.0 -9999.0 -9999.0 -9999.0
94082 20071114  1.302 -108.97   40.24     8.1    -0.8     3.7     3.8     0.0    12.77 R    15.0    -2.2     4.0 -9999.0 -9999.0 -9999.0 -99.000 -99.000 -99.000 -99.000 -99.000 -9999.0 -9999.0 -9999.0 -9999.0 -9999.0
94082 20071115  1.302 -108.97   40.24    10.4    -6.1     2.2     2.3     0.0    12.35 R    18.1    -7.6     2.0 -9999.0 -9999.0 -9999.0 -99.000 -99.000 -99.000 -99.000 -99.000 -9999.0 -9999.0 -9999.0 -9999.0 -9999.0
94082 20071116  1.302 -108.97   40.24    13.6     1.0     7.3     6.3     0.0    11.42 R    21.9    -4.2     4.7 -9999.0 -9999.0 -9999.0 -99.000 -99.000 -99.000 -99.000 -99.000 -9999.0 -9999.0 -9999.0 -9999.0 -9999.0
94082 20071117  1.302 -108.97   40.24    15.6     2.8     9.2     8.0     0.0     8.31 R    21.7     0.2     7.5 -9999.0 -9999.0 -9999.0 -99.000 -99.000 -99.000 -99.000 -99.000 -9999.0 -9999.0 -9999.0 -9999.0 -9999.0
94082 20071118  1.302 -108.97   40.24    14.0     4.1     9.0     8.7     0.0     8.72 R    19.0     0.6     7.1 -9999.0 -9999.0 -9999.0 -99.000 -99.000 -99.000 -99.000 -99.000 -9999.0 -9999.0 -9999.0 -9999.0 -9999.0
94082 20071119  1.302 -108.97   40.24    16.4     7.4    11.9    11.0     0.0    11.85 R    21.2    -0.5     7.8 -9999.0 -9999.0 -9999.0 -99.000 -99.000 -99.000 -99.000 -99.000 -9999.0 -9999.0 -9999.0 -9999.0 -9999.0
94082 20071120  1.302 -108.97   40.24     9.8    -2.6     3.6     5.6     0.0     8.82 R    17.7    -2.1     5.5 -9999.0 -9999.0 -9999.0 -99.000 -99.000 -99.000 -99.000 -99.000 -9999.0 -9999.0 -9999.0 -9999.0 -9999.0
94082 20071121  1.302 -108.97   40.24     1.2    -7.4    -3.1    -3.3     0.0    12.03 R    12.8    -9.7    -1.8 -9999.0 -9999.0 -9999.0 -99.000 -99.000 -99.000 -99.000 -99.000 -9999.0 -9999.0 -9999.0 -9999.0 -9999.0
94082 20071122  1.302 -108.97   40.24     2.3   -10.5    -4.1    -4.6     0.0    10.31 R    11.2   -11.4    -3.5 -9999.0 -9999.0 -9999.0 -99.000 -99.000 -99.000 -99.000 -99.000 -9999.0 -9999.0 -9999.0 -9999.0 -9999.0
94082 20071123  1.302 -108.97   40.24     2.4    -7.2    -2.4    -2.9     0.0     8.71 R     9.2    -9.9    -2.8 -9999.0 -9999.0 -9999.0 -99.000 -99.000 -99.000 -99.000 -99.000 -9999.0 -9999.0 -9999.0 -9999.0 -9999.0
94082 20071124  1.302 -108.97   40.24     3.0    -9.6    -3.3    -3.2     0.0    11.37 R    11.0   -11.5    -3.7 -9999.0 -9999.0 -9999.0 -99.000 -99.000 -99.000 -99.000 -99.000 -9999.0 -9999.0 -9999.0 -9999.0 -9999.0
94082 20071125  1.302 -108.97   40.24     5.9    -7.0    -0.5    -1.9     0.0    10.79 R    12.7   -11.3    -2.7 -9999.0 -9999.0 -9999.0 -99.000 -99.000 -99.000 -99.000 -99.000 -9999.0 -9999.0 -9999.0 -9999.0 -9999.0
94082 20071126  1.302 -108.97   40.24     8.3    -3.9     2.2     1.2     0.0    11.11 R    14.4    -6.4     0.6 -9999.0 -9999.0 -9999.0 -99.000 -99.000 -99.000 -99.000 -99.000 -9999.0 -9999.0 -9999.0 -9999.0 -9999.0
94082 20071127  1.302 -108.97   40.24     6.6    -3.1     1.8     1.4     0.3     8.80 R    14.2    -8.3     0.6 -9999.0 -9999.0 -9999.0 -99.000 -99.000 -99.000 -99.000 -99.000 -9999.0 -9999.0 -9999.0 -9999.0 -9999.0
94082 20071128  1.302 -108.97   40.24     1.5    -8.5    -3.5    -4.2     0.0    11.12 R     8.6   -12.9    -4.5 -9999.0 -9999.0 -9999.0 -99.000 -99.000 -99.000 -99.000 -99.000 -9999.0 -9999.0 -9999.0 -9999.0 -9999.0
94082 20071129  1.302 -108.97   40.24     4.2    -8.1    -1.9    -1.4     0.0     6.19 R     9.5    -9.7    -1.5 -9999.0 -9999.0 -9999.0 -99.000 -99.000 -99.000 -99.000 -99.000 -9999.0 -9999.0 -9999.0 -9999.0 -9999.0
94082 20071130  1.302 -108.97   40.24     4.4    -5.5    -0.5    -1.9    12.6     2.60 R     9.4    -6.4    -1.5 -9999.0 -9999.0 -9999.0 -99.000 -99.000 -99.000 -99.000 -99.000 -9999.0 -9999.0 -9999.0 -9999.0 -9999.0
94082 20071201  1.302 -108.97   40.24     2.1    -6.0    -2.0    -1.6    16.9     3.81 R     0.6   -12.3    -2.1 -9999.0 -9999.0 -9999.0 -99.000 -99.000 -99.000 -99.000 -99.000 -9999.0 -9999.0 -9999.0 -9999.0 -9999.0
94082 20071202  1.302 -108.97   40.24    -3.1   -10.8    -6.9    -6.5     0.0     9.86 R    -5.1   -16.8   -11.1 -9999.0 -9999.0 -9999.0 -99.000 -99.000 -99.000 -99.000 -99.000 -9999.0 -9999.0 -9999.0 -9999.0 -9999.0
94082 20071203  1.302 -108.97   40.24    -3.1   -11.6    -7.4    -7.9     0.0     9.32 R    -3.3   -16.7   -11.1 -9999.0 -9999.0 -9999.0 -99.000 -99.000 -99.000 -99.000 -99.000 -9999.0 -9999.0 -9999.0 -9999.0 -9999.0
94082 20071204  1.302 -108.97   40.24    -3.2   -10.7    -6.9    -6.9     0.0     8.80 R     0.0   -15.8    -8.7 -9999.0 -9999.0 -9999.0 -99.000 -99.000 -99.000 -99.000 -99.000 -9999.0 -9999.0 -9999.0 -9999.0 -9999.0
94082 20071205  1.302 -108.97   40.24    -3.3    -9.7    -6.5    -6.1     0.0     7.62 R    -1.6   -13.7    -7.5 -9999.0 -9999.0 -9999.0 -99.000 -99.000 -99.000 -99.000 -99.000 -9999.0 -9999.0 -9999.0 -9999.0 -9999.0
94082 20071206  1.302 -108.97   40.24     0.2    -6.3    -3.0    -3.0     3.3     5.34 R     0.8   -10.2    -3.8 -9999.0 -9999.0 -9999.0 -99.000 -99.000 -99.000 -99.000 -99.000 -9999.0 -9999.0 -9999.0 -9999.0 -9999.0
94082 20071207  1.302 -108.97   40.24     1.8    -0.9     0.5     0.3    12.9     2.20 R     1.5    -2.1     0.1 -9999.0 -9999.0 -9999.0 -99.000 -99.000 -99.000 -99.000 -99.000 -9999.0 -9999.0 -9999.0 -9999.0 -9999.0
94082 20071208  1.302 -108.97   40.24     1.1    -6.4    -2.7    -2.0     0.5     7.75 R     0.2    -6.8    -2.6 -9999.0 -9999.0 -9999.0 -99.000 -99.000 -99.000 -99.000 -99.000 -9999.0 -9999.0 -9999.0 -9999.0 -9999.0
94082 20071209  1.302 -108.97   40.24    -4.7   -10.6    -7.7    -6.9     3.2     8.81 R    -3.9   -15.0    -8.0 -9999.0 -9999.0 -9999.0 -99.000 -99.000 -99.000 -99.000 -99.000 -9999.0 -9999.0 -9999.0 -9999.0 -9999.0
94082 20071210  1.302 -108.97   40.24    -6.9    -9.6    -8.3    -7.6     4.4     3.91 R    -4.7   -10.2    -7.0 -9999.0 -9999.0 -9999.0 -99.000 -99.000 -99.000 -99.000 -99.000 -9999.0 -9999.0 -9999.0 -9999.0 -9999.0
94082 20071211  1.302 -108.97   40.24    -6.8   -11.1    -9.0    -8.2     0.4     5.26 R    -4.7   -16.9    -9.2 -9999.0 -9999.0 -9999.0 -99.000 -99.000 -99.000 -99.000 -99.000 -9999.0 -9999.0 -9999.0 -9999.0 -9999.0
94082 20071212  1.302 -108.97   40.24    -7.1   -11.4    -9.2    -9.6     0.0     9.58 R    -4.5   -18.2   -11.6 -9999.0 -9999.0 -9999.0 -99.000 -99.000 -99.000 -99.000 -99.000 -9999.0 -9999.0 -9999.0 -9999.0 -9999.0
94082 20071213  1.302 -108.97   40.24   -10.1   -14.6   -12.4   -12.0     1.0     4.71 R    -5.7   -21.2   -12.8 -9999.0 -9999.0 -9999.0 -99.000 -99.000 -99.000 -99.000 -99.000 -9999.0 -9999.0 -9999.0 -9999.0 -9999.0
94082 20071214  1.302 -108.97   40.24   -10.1   -14.9   -12.5   -12.3     0.2     6.60 R    -7.6   -22.9   -15.7 -9999.0 -9999.0 -9999.0 -99.000 -99.000 -99.000 -99.000 -99.000 -9999.0 -9999.0 -9999.0 -9999.0 -9999.0
94082 20071215  1.302 -108.97   40.24   -12.2   -19.2   -15.7   -15.6     0.0     7.04 R    -6.6   -25.8   -17.4 -9999.0 -9999.0 -9999.0 -99.000 -99.000 -99.000 -99.000 -99.000 -9999.0 -9999.0 -9999.0 -9999.0 -9999.0
94082 20071216  1.302 -108.97   40.24   -11.8   -17.9   -14.8   -14.7     0.0    10.82 R    -8.4   -23.3   -17.6 -9999.0 -9999.0 -9999.0 -99.000 -99.000 -99.000 -99.000 -99.000 -9999.0 -9999.0 -9999.0 -9999.0 -9999.0
94082 20071217  1.302 -108.97   40.24    -9.1   -17.6   -13.4   -14.0     0.0     8.29 R    -9.0   -23.2   -17.3 -9999.0 -9999.0 -9999.0 -99.000 -99.000 -99.000 -99.000 -99.000 -9999.0 -9999.0 -9999.0 -9999.0 -9999.0
94082 20071218  1.302 -108.97   40.24    -8.8   -17.4   -13.1   -12.4     0.0     6.45 R    -6.6   -21.7   -13.6 -9999.0 -9999.0 -9999.0 -99.000 -99.000 -99.000 -99.000 -99.000 -9999.0 -9999.0 -9999.0 -9999.0 -9999.0
94082 20071219  1.302 -108.97   40.24    -1.1   -10.3    -5.7    -7.1     4.0     6.16 R    -1.3   -13.6    -7.4 -9999.0 -9999.0 -9999.0 -99.000 -99.000 -99.000 -99.000 -99.000 -9999.0 -9999.0 -9999.0 -9999.0 -9999.0
94082 20071220  1.302 -108.97   40.24     0.5    -7.1    -3.3    -1.7     1.3     4.35 R     2.2   -11.8    -3.4 -9999.0 -9999.0 -9999.0 -99.000 -99.000 -99.000 -99.000 -99.000 -9999.0 -9999.0 -9999.0 -9999.0 -9999.0
94082 20071221  1.302 -108.97   40.24    -3.4    -9.1    -6.3    -6.4     6.9     2.00 R    -2.2   -17.9    -7.7 -9999.0 -9999.0 -9999.0 -99.000 -99.000 -99.000 -99.000 -99.000 -9999.0 -9999.0 -9999.0 -9999.0 -9999.0
94082 20071222  1.302 -108.97   40.24    -7.5   -15.2   -11.3   -11.7     0.0    10.30 R    -9.9   -24.5   -16.3 -9999.0 -9999.0 -9999.0 -99.000 -99.000 -99.000 -99.000 -99.000 -9999.0 -9999.0 -9999.0 -9999.0 -9999.0
94082 20071223  1.302 -108.97   40.24    -3.9   -13.5    -8.7    -8.6     0.0     8.06 R    -3.6   -15.8   -10.4 -9999.0 -9999.0 -9999.0 -99.000 -99.000 -99.000 -99.000 -99.000 -9999.0 -9999.0 -9999.0 -9999.0 -9999.0
94082 20071224  1.302 -108.97   40.24    -3.0   -12.3    -7.7    -7.4     4.3     8.14 R     0.1   -13.8    -7.3 -9999.0 -9999.0 -9999.0 -99.000 -99.000 -99.000 -99.000 -99.000 -9999.0 -9999.0 -9999.0 -9999.0 -9999.0
94082 20071225  1.302 -108.97   40.24    -4.4   -12.4    -8.4    -8.2     0.6     7.02 R    -3.5   -21.1   -11.2 -9999.0 -9999.0 -9999.0 -99.000 -99.000 -99.000 -99.000 -99.000 -9999.0 -9999.0 -9999.0 -9999.0 -9999.0
94082 20071226  1.302 -108.97   40.24    -8.1   -16.6   -12.4   -12.3     0.9     5.63 R    -6.7   -21.9   -13.6 -9999.0 -9999.0 -9999.0 -99.000 -99.000 -99.000 -99.000 -99.000 -9999.0 -9999.0 -9999.0 -9999.0 -9999.0
94082 20071227  1.302 -108.97   40.24   -11.4   -18.5   -15.0   -14.8     0.0     7.67 R    -9.0   -26.3   -18.8 -9999.0 -9999.0 -9999.0 -99.000 -99.000 -99.000 -99.000 -99.000 -9999.0 -9999.0 -9999.0 -9999.0 -9999.0
94082 20071228  1.302 -108.97   40.24   -10.7   -20.4   -15.5   -16.0     0.0     8.71 R   -10.7   -27.7   -20.3 -9999.0 -9999.0 -9999.0 -99.000 -99.000 -99.000 -99.000 -99.000 -9999.0 -9999.0 -9999.0 -9999.0 -9999.0
94082 20071229  1.302 -108.97   40.24    -9.2   -19.8   -14.5   -15.3     0.0     9.48 R   -10.7   -25.4   -18.6 -9999.0 -9999.0 -9999.0 -99.000 -99.000 -99.000 -99.000 -99.000 -9999.0 -9999.0 -9999.0 -9999.0 -9999.0
94082 20071230  1.302 -108.97   40.24    -2.7   -14.4    -8.5    -8.4     0.0     8.51 R    -1.1   -21.6   -11.3 -9999.0 -9999.0 -9999.0 -99.000 -99.000 -99.000 -99.000 -99.000 -9999.0 -9999.0 -9999.0 -9999.0 -9999.0
94082 20071231  1.302 -108.97   40.24    -9.6   -15.9   -12.7   -12.3     0.0    10.51 R    -9.4   -24.6   -18.3 -9999.0 -9999.0 -9999.0 -99.000 -99.000 -99.000 -99.000 -99.000 -9999.0 -9999.0 -9999.0 -9999.0 -9999.0
