94074 20090101  1.302 -104.76   40.81    11.0    -3.3     3.9     6.0     0.0     7.30 R    15.7    -4.1     2.8 -9999.0 -9999.0 -9999.0 -99.000 -99.000 -99.000 -99.000 -99.000 -9999.0 -9999.0 -9999.0 -9999.0 -9999.0
94074 20090102  1.302 -104.76   40.81    13.0    -3.3     4.9     4.9     0.0     6.40 R    17.0    -5.6     1.5 -9999.0 -9999.0 -9999.0 -99.000 -99.000 -99.000 -99.000 -99.000 -9999.0 -9999.0 -9999.0 -9999.0 -9999.0
94074 20090103  1.302 -104.76   40.81     6.6   -14.2    -3.8    -5.0     0.0     7.17 R     7.2   -14.2    -4.1 -9999.0 -9999.0 -9999.0 -99.000 -99.000 -99.000 -99.000 -99.000 -9999.0 -9999.0 -9999.0 -9999.0 -9999.0
94074 20090104  1.302 -104.76   40.81    -4.4   -18.2   -11.3   -12.6     0.0    10.00 R     7.1   -18.5   -10.9 -9999.0 -9999.0 -9999.0 -99.000 -99.000 -99.000 -99.000 -99.000 -9999.0 -9999.0 -9999.0 -9999.0 -9999.0
94074 20090105  1.302 -104.76   40.81     3.1   -19.8    -8.3    -7.1     0.0     5.94 R     9.1   -20.3    -8.0 -9999.0 -9999.0 -9999.0 -99.000 -99.000 -99.000 -99.000 -99.000 -9999.0 -9999.0 -9999.0 -9999.0 -9999.0
94074 20090106  1.302 -104.76   40.81     4.4    -7.4    -1.5     0.1     0.0     8.30 R     9.8    -9.6    -1.4 -9999.0 -9999.0 -9999.0 -99.000 -99.000 -99.000 -99.000 -99.000 -9999.0 -9999.0 -9999.0 -9999.0 -9999.0
94074 20090107  1.302 -104.76   40.81    11.8    -0.7     5.5     7.0     0.0     8.46 R    15.6    -3.4     4.7 -9999.0 -9999.0 -9999.0 -99.000 -99.000 -99.000 -99.000 -99.000 -9999.0 -9999.0 -9999.0 -9999.0 -9999.0
94074 20090108  1.302 -104.76   40.81    16.7    -2.0     7.3     7.9     0.0    11.22 R    24.3    -4.9     5.3 -9999.0 -9999.0 -9999.0 -99.000 -99.000 -99.000 -99.000 -99.000 -9999.0 -9999.0 -9999.0 -9999.0 -9999.0
94074 20090109  1.302 -104.76   40.81     7.6    -7.7     0.0     0.2     0.0     7.63 R    15.5    -9.7    -0.4 -9999.0 -9999.0 -9999.0 -99.000 -99.000 -99.000 -99.000 -99.000 -9999.0 -9999.0 -9999.0 -9999.0 -9999.0
94074 20090110  1.302 -104.76   40.81     6.5   -12.9    -3.2    -2.4     0.0     8.23 R    13.6   -13.6    -3.4 -9999.0 -9999.0 -9999.0 -99.000 -99.000 -99.000 -99.000 -99.000 -9999.0 -9999.0 -9999.0 -9999.0 -9999.0
94074 20090111  1.302 -104.76   40.81     4.4    -8.7    -2.1    -1.0     0.0     5.23 R    16.1   -10.4    -2.6 -9999.0 -9999.0 -9999.0 -99.000 -99.000 -99.000 -99.000 -99.000 -9999.0 -9999.0 -9999.0 -9999.0 -9999.0
94074 20090112  1.302 -104.76   40.81     3.9   -10.4    -3.3    -3.5     1.4     9.13 R     3.1   -13.8    -5.4 -9999.0 -9999.0 -9999.0 -99.000 -99.000 -99.000 -99.000 -99.000 -9999.0 -9999.0 -9999.0 -9999.0 -9999.0
94074 20090113  1.302 -104.76   40.81     8.1   -12.8    -2.3    -0.3     0.0     6.73 R     4.5   -15.5    -3.8 -9999.0 -9999.0 -9999.0 -99.000 -99.000 -99.000 -99.000 -99.000 -9999.0 -9999.0 -9999.0 -9999.0 -9999.0
94074 20090114  1.302 -104.76   40.81     3.9    -3.7     0.1     0.3     0.0     5.16 R    11.9    -4.4     0.1 -9999.0 -9999.0 -9999.0 -99.000 -99.000 -99.000 -99.000 -99.000 -9999.0 -9999.0 -9999.0 -9999.0 -9999.0
94074 20090115  1.302 -104.76   40.81     9.0    -7.0     1.0    -3.2     0.0     8.79 R    12.8    -6.1    -1.1 -9999.0 -9999.0 -9999.0 -99.000 -99.000 -99.000 -99.000 -99.000 -9999.0 -9999.0 -9999.0 -9999.0 -9999.0
94074 20090116  1.302 -104.76   40.81    16.6    -5.2     5.7     5.1     0.0    11.25 R    19.7    -8.4     2.0 -9999.0 -9999.0 -9999.0 -99.000 -99.000 -99.000 -99.000 -99.000 -9999.0 -9999.0 -9999.0 -9999.0 -9999.0
94074 20090117  1.302 -104.76   40.81    13.1    -1.7     5.7     6.7     0.0    11.27 R    17.8    -4.9     4.6 -9999.0 -9999.0 -9999.0 -99.000 -99.000 -99.000 -99.000 -99.000 -9999.0 -9999.0 -9999.0 -9999.0 -9999.0
94074 20090118  1.302 -104.76   40.81    15.8    -1.2     7.3     7.4     0.0    10.49 R    19.7    -5.2     4.8 -9999.0 -9999.0 -9999.0 -99.000 -99.000 -99.000 -99.000 -99.000 -9999.0 -9999.0 -9999.0 -9999.0 -9999.0
94074 20090119  1.302 -104.76   40.81    15.7    -1.3     7.2     7.6     0.0    11.70 R    20.5    -4.6     5.5 -9999.0 -9999.0 -9999.0 -99.000 -99.000 -99.000 -99.000 -99.000 -9999.0 -9999.0 -9999.0 -9999.0 -9999.0
94074 20090120  1.302 -104.76   40.81    19.9    -0.4     9.7     8.3     0.0    12.19 R    24.0    -6.2     5.0 -9999.0 -9999.0 -9999.0 -99.000 -99.000 -99.000 -99.000 -99.000 -9999.0 -9999.0 -9999.0 -9999.0 -9999.0
94074 20090121  1.302 -104.76   40.81    20.3     0.7    10.5    10.2     0.0    11.66 R    26.0    -6.1     7.0 -9999.0 -9999.0 -9999.0 -99.000 -99.000 -99.000 -99.000 -99.000 -9999.0 -9999.0 -9999.0 -9999.0 -9999.0
94074 20090122  1.302 -104.76   40.81    19.0     5.3    12.1    10.6     0.0     8.18 R    29.9     1.6     9.5 -9999.0 -9999.0 -9999.0 -99.000 -99.000 -99.000 -99.000 -99.000 -9999.0 -9999.0 -9999.0 -9999.0 -9999.0
94074 20090123  1.302 -104.76   40.81     5.7   -10.2    -2.2    -5.1     0.0     2.88 R     6.5    -8.4    -2.9 -9999.0 -9999.0 -9999.0 -99.000 -99.000 -99.000 -99.000 -99.000 -9999.0 -9999.0 -9999.0 -9999.0 -9999.0
94074 20090124  1.302 -104.76   40.81     0.6   -11.4    -5.4    -7.0     1.3     6.66 R    16.0   -10.6    -3.5 -9999.0 -9999.0 -9999.0 -99.000 -99.000 -99.000 -99.000 -99.000 -9999.0 -9999.0 -9999.0 -9999.0 -9999.0
94074 20090125  1.302 -104.76   40.81   -11.4   -14.9   -13.1   -13.2     2.3     7.15 R    -8.0   -14.5   -11.9 -9999.0 -9999.0 -9999.0 -99.000 -99.000 -99.000 -99.000 -99.000 -9999.0 -9999.0 -9999.0 -9999.0 -9999.0
94074 20090126  1.302 -104.76   40.81   -14.7   -24.4   -19.6   -18.0     2.7    10.02 R   -12.1   -27.8   -17.9 -9999.0 -9999.0 -9999.0 -99.000 -99.000 -99.000 -99.000 -99.000 -9999.0 -9999.0 -9999.0 -9999.0 -9999.0
94074 20090127  1.302 -104.76   40.81    -4.0   -26.9   -15.4   -17.7     0.2    13.06 R    -7.9   -29.0   -18.8 -9999.0 -9999.0 -9999.0 -99.000 -99.000 -99.000 -99.000 -99.000 -9999.0 -9999.0 -9999.0 -9999.0 -9999.0
94074 20090128  1.302 -104.76   40.81     0.1   -11.5    -5.7    -3.6     0.0    12.65 R    -0.7   -15.6    -7.6 -9999.0 -9999.0 -9999.0 -99.000 -99.000 -99.000 -99.000 -99.000 -9999.0 -9999.0 -9999.0 -9999.0 -9999.0
94074 20090129  1.302 -104.76   40.81     0.5   -11.2    -5.3    -5.5     0.0    13.21 R     5.5   -15.0    -6.8 -9999.0 -9999.0 -9999.0 -99.000 -99.000 -99.000 -99.000 -99.000 -9999.0 -9999.0 -9999.0 -9999.0 -9999.0
94074 20090130  1.302 -104.76   40.81     8.4   -11.8    -1.7     0.0     0.0    11.66 R    14.8   -12.2    -1.7 -9999.0 -9999.0 -9999.0 -99.000 -99.000 -99.000 -99.000 -99.000 -9999.0 -9999.0 -9999.0 -9999.0 -9999.0
94074 20090131  1.302 -104.76   40.81    15.5    -5.3     5.1     5.6     0.0    12.64 R    22.9    -8.7     2.3 -9999.0 -9999.0 -9999.0 -99.000 -99.000 -99.000 -99.000 -99.000 -9999.0 -9999.0 -9999.0 -9999.0 -9999.0
94074 20090201  1.302 -104.76   40.81     4.2    -6.7    -1.2    -0.4     0.0    13.33 R    15.8    -6.5     0.9 -9999.0 -9999.0 -9999.0 -99.000 -99.000 -99.000 -99.000 -99.000 -9999.0 -9999.0 -9999.0 -9999.0 -9999.0
94074 20090202  1.302 -104.76   40.81     5.7    -8.0    -1.1     0.2     0.0     9.01 R    15.7    -9.1     0.5 -9999.0 -9999.0 -9999.0 -99.000 -99.000 -99.000 -99.000 -99.000 -9999.0 -9999.0 -9999.0 -9999.0 -9999.0
94074 20090203  1.302 -104.76   40.81    13.3    -5.5     3.9     4.0     0.0    13.36 R    24.5    -6.9     3.6 -9999.0 -9999.0 -9999.0 -99.000 -99.000 -99.000 -99.000 -99.000 -9999.0 -9999.0 -9999.0 -9999.0 -9999.0
94074 20090204  1.302 -104.76   40.81    16.1    -8.6     3.7     3.2     0.0    14.20 R    25.3   -10.0     2.8 -9999.0 -9999.0 -9999.0 -99.000 -99.000 -99.000 -99.000 -99.000 -9999.0 -9999.0 -9999.0 -9999.0 -9999.0
94074 20090205  1.302 -104.76   40.81    17.8    -2.2     7.8     6.7     0.0    13.80 R    28.9    -7.2     5.9 -9999.0 -9999.0 -9999.0 -99.000 -99.000 -99.000 -99.000 -99.000 -9999.0 -9999.0 -9999.0 -9999.0 -9999.0
94074 20090206  1.302 -104.76   40.81    14.4    -5.6     4.4     5.7     0.0    13.92 R    22.6    -7.2     5.0 -9999.0 -9999.0 -9999.0 -99.000 -99.000 -99.000 -99.000 -99.000 -9999.0 -9999.0 -9999.0 -9999.0 -9999.0
94074 20090207  1.302 -104.76   40.81     9.1    -4.5     2.3     2.9     0.0     9.31 R    24.6    -5.9     3.2 -9999.0 -9999.0 -9999.0 -99.000 -99.000 -99.000 -99.000 -99.000 -9999.0 -9999.0 -9999.0 -9999.0 -9999.0
94074 20090208  1.302 -104.76   40.81     3.0    -4.6    -0.8     0.1     0.0     4.41 R    15.6    -6.9     0.8 -9999.0 -9999.0 -9999.0 -99.000 -99.000 -99.000 -99.000 -99.000 -9999.0 -9999.0 -9999.0 -9999.0 -9999.0
94074 20090209  1.302 -104.76   40.81    10.3    -6.5     1.9     3.9     0.0     6.44 R    15.7    -8.1     3.2 -9999.0 -9999.0 -9999.0 -99.000 -99.000 -99.000 -99.000 -99.000 -9999.0 -9999.0 -9999.0 -9999.0 -9999.0
94074 20090210  1.302 -104.76   40.81     6.3    -8.4    -1.1    -1.2     0.0     9.72 R    22.8   -10.1    -0.3 -9999.0 -9999.0 -9999.0 -99.000 -99.000 -99.000 -99.000 -99.000 -9999.0 -9999.0 -9999.0 -9999.0 -9999.0
94074 20090211  1.302 -104.76   40.81     7.1   -10.8    -1.8    -2.7     0.0    13.98 R    24.0   -12.4    -0.5 -9999.0 -9999.0 -9999.0 -99.000 -99.000 -99.000 -99.000 -99.000 -9999.0 -9999.0 -9999.0 -9999.0 -9999.0
94074 20090212  1.302 -104.76   40.81     6.3   -13.6    -3.6    -2.7     0.5    13.89 R    18.5   -13.3    -0.8 -9999.0 -9999.0 -9999.0 -99.000 -99.000 -99.000 -99.000 -99.000 -9999.0 -9999.0 -9999.0 -9999.0 -9999.0
94074 20090213  1.302 -104.76   40.81     0.8    -7.0    -3.1    -3.8     0.0     9.03 R    17.2    -7.3    -1.5 -9999.0 -9999.0 -9999.0 -99.000 -99.000 -99.000 -99.000 -99.000 -9999.0 -9999.0 -9999.0 -9999.0 -9999.0
94074 20090214  1.302 -104.76   40.81    -3.5    -6.9    -5.2    -5.6     0.7     4.84 R     2.1    -6.0    -3.7 -9999.0 -9999.0 -9999.0 -99.000 -99.000 -99.000 -99.000 -99.000 -9999.0 -9999.0 -9999.0 -9999.0 -9999.0
94074 20090215  1.302 -104.76   40.81     4.9   -10.9    -3.0    -3.1     0.0    15.60 R    17.2   -10.8    -1.1 -9999.0 -9999.0 -9999.0 -99.000 -99.000 -99.000 -99.000 -99.000 -9999.0 -9999.0 -9999.0 -9999.0 -9999.0
94074 20090216  1.302 -104.76   40.81    13.2   -12.6     0.3     0.0     0.0    14.40 R    25.6   -13.0     1.2 -9999.0 -9999.0 -9999.0 -99.000 -99.000 -99.000 -99.000 -99.000 -9999.0 -9999.0 -9999.0 -9999.0 -9999.0
94074 20090217  1.302 -104.76   40.81    10.0    -7.5     1.3     1.9     0.0     9.77 R    23.8    -9.3     1.8 -9999.0 -9999.0 -9999.0 -99.000 -99.000 -99.000 -99.000 -99.000 -9999.0 -9999.0 -9999.0 -9999.0 -9999.0
94074 20090218  1.302 -104.76   40.81     6.8    -2.0     2.4     2.2     0.0    11.89 R    18.4    -4.3     2.7 -9999.0 -9999.0 -9999.0 -99.000 -99.000 -99.000 -99.000 -99.000 -9999.0 -9999.0 -9999.0 -9999.0 -9999.0
94074 20090219  1.302 -104.76   40.81     7.9    -8.0    -0.1     0.4     0.0    15.44 R    19.5   -10.0     0.8 -9999.0 -9999.0 -9999.0 -99.000 -99.000 -99.000 -99.000 -99.000 -9999.0 -9999.0 -9999.0 -9999.0 -9999.0
94074 20090220  1.302 -104.76   40.81     9.8   -13.3    -1.8    -1.3     0.0    14.33 R    20.1   -14.1    -1.4 -9999.0 -9999.0 -9999.0 -99.000 -99.000 -99.000 -99.000 -99.000 -9999.0 -9999.0 -9999.0 -9999.0 -9999.0
94074 20090221  1.302 -104.76   40.81     8.3   -16.8    -4.3    -4.6     0.0    16.61 R    24.9   -16.4    -1.3 -9999.0 -9999.0 -9999.0 -99.000 -99.000 -99.000 -99.000 -99.000 -9999.0 -9999.0 -9999.0 -9999.0 -9999.0
94074 20090222  1.302 -104.76   40.81    13.4    -9.3     2.0     1.4     0.0    13.30 R    28.2   -10.9     2.5 -9999.0 -9999.0 -9999.0 -99.000 -99.000 -99.000 -99.000 -99.000 -9999.0 -9999.0 -9999.0 -9999.0 -9999.0
94074 20090223  1.302 -104.76   40.81    14.5    -4.6     4.9     5.9     0.0    10.02 R    26.5    -5.3     7.0 -9999.0 -9999.0 -9999.0 -99.000 -99.000 -99.000 -99.000 -99.000 -9999.0 -9999.0 -9999.0 -9999.0 -9999.0
94074 20090224  1.302 -104.76   40.81    18.9    -0.6     9.2     9.1     0.0    17.09 R    33.9    -4.1    10.0 -9999.0 -9999.0 -9999.0 -99.000 -99.000 -99.000 -99.000 -99.000 -9999.0 -9999.0 -9999.0 -9999.0 -9999.0
94074 20090225  1.302 -104.76   40.81    17.5    -4.6     6.4     7.5     0.0    14.02 R    29.1    -5.3     8.2 -9999.0 -9999.0 -9999.0 -99.000 -99.000 -99.000 -99.000 -99.000 -9999.0 -9999.0 -9999.0 -9999.0 -9999.0
94074 20090226  1.302 -104.76   40.81    12.2    -5.9     3.2     5.2     0.0    17.96 R    26.8    -5.1     6.8 -9999.0 -9999.0 -9999.0 -99.000 -99.000 -99.000 -99.000 -99.000 -9999.0 -9999.0 -9999.0 -9999.0 -9999.0
94074 20090227  1.302 -104.76   40.81     3.3   -10.2    -3.5    -2.3     0.0    14.98 R    14.6    -9.9    -0.8 -9999.0 -9999.0 -9999.0 -99.000 -99.000 -99.000 -99.000 -99.000 -9999.0 -9999.0 -9999.0 -9999.0 -9999.0
94074 20090228  1.302 -104.76   40.81     6.5   -11.3    -2.4    -2.4     0.0    18.52 R    26.5   -12.0     1.6 -9999.0 -9999.0 -9999.0 -99.000 -99.000 -99.000 -99.000 -99.000 -9999.0 -9999.0 -9999.0 -9999.0 -9999.0
94074 20090301  1.302 -104.76   40.81    14.8   -10.7     2.0     2.5     0.0    12.14 R    26.4   -10.9     4.4 -9999.0 -9999.0 -9999.0 -99.000 -99.000 -99.000 -99.000 -99.000 -9999.0 -9999.0 -9999.0 -9999.0 -9999.0
94074 20090302  1.302 -104.76   40.81    21.0     0.0    10.5     9.8     0.0    14.72 R    39.4    -1.3    11.1 -9999.0 -9999.0 -9999.0 -99.000 -99.000 -99.000 -99.000 -99.000 -9999.0 -9999.0 -9999.0 -9999.0 -9999.0
94074 20090303  1.302 -104.76   40.81    21.1    -1.8     9.6    10.0     0.0    15.54 R    32.5    -3.4     9.3 -9999.0 -9999.0 -9999.0 -99.000 -99.000 -99.000 -99.000 -99.000 -9999.0 -9999.0 -9999.0 -9999.0 -9999.0
94074 20090304  1.302 -104.76   40.81    22.6    -4.0     9.3     9.8     0.0    18.99 R    39.7    -6.1    10.7 -9999.0 -9999.0 -9999.0 -99.000 -99.000 -99.000 -99.000 -99.000 -9999.0 -9999.0 -9999.0 -9999.0 -9999.0
94074 20090305  1.302 -104.76   40.81    13.7    -1.3     6.2     6.6     0.0    19.43 R    27.1    -3.5     7.2 -9999.0 -9999.0 -9999.0 -99.000 -99.000 -99.000 -99.000 -99.000 -9999.0 -9999.0 -9999.0 -9999.0 -9999.0
94074 20090306  1.302 -104.76   40.81    11.8    -4.7     3.5     2.9     0.0    18.16 R    31.2    -6.9     7.0 -9999.0 -9999.0 -9999.0 -99.000 -99.000 -99.000 -99.000 -99.000 -9999.0 -9999.0 -9999.0 -9999.0 -9999.0
94074 20090307  1.302 -104.76   40.81     5.1    -6.9    -0.9    -0.9     0.2    16.99 R    28.2    -8.7     3.8 -9999.0 -9999.0 -9999.0 -99.000 -99.000 -99.000 -99.000 -99.000 -9999.0 -9999.0 -9999.0 -9999.0 -9999.0
94074 20090308  1.302 -104.76   40.81    14.9   -11.1     1.9     1.6     0.0    20.15 R    32.2   -12.5     4.3 -9999.0 -9999.0 -9999.0 -99.000 -99.000 -99.000 -99.000 -99.000 -9999.0 -9999.0 -9999.0 -9999.0 -9999.0
94074 20090309  1.302 -104.76   40.81     3.7   -10.2    -3.3    -3.7     0.0    15.52 R    27.3    -9.4     0.9 -9999.0 -9999.0 -9999.0 -99.000 -99.000 -99.000 -99.000 -99.000 -9999.0 -9999.0 -9999.0 -9999.0 -9999.0
94074 20090310  1.302 -104.76   40.81     1.4   -15.1    -6.8    -7.7     1.6    18.70 R     8.4   -14.1    -6.4 -9999.0 -9999.0 -9999.0 -99.000 -99.000 -99.000 -99.000 -99.000 -9999.0 -9999.0 -9999.0 -9999.0 -9999.0
94074 20090311  1.302 -104.76   40.81     4.7   -16.5    -5.9    -5.8     0.0    20.80 R    24.0   -16.5    -0.7 -9999.0 -9999.0 -9999.0 -99.000 -99.000 -99.000 -99.000 -99.000 -9999.0 -9999.0 -9999.0 -9999.0 -9999.0
94074 20090312  1.302 -104.76   40.81     8.5   -15.7    -3.6    -3.7     0.0    19.75 R    31.0   -14.8     1.7 -9999.0 -9999.0 -9999.0 -99.000 -99.000 -99.000 -99.000 -99.000 -9999.0 -9999.0 -9999.0 -9999.0 -9999.0
94074 20090313  1.302 -104.76   40.81     9.2   -12.2    -1.5    -1.3     0.0    21.32 R    33.2   -13.0     3.6 -9999.0 -9999.0 -9999.0 -99.000 -99.000 -99.000 -99.000 -99.000 -9999.0 -9999.0 -9999.0 -9999.0 -9999.0
94074 20090314  1.302 -104.76   40.81    14.9   -10.8     2.1     2.3     0.0    21.67 R    37.2   -12.2     6.2 -9999.0 -9999.0 -9999.0 -99.000 -99.000 -99.000 -99.000 -99.000 -9999.0 -9999.0 -9999.0 -9999.0 -9999.0
94074 20090315  1.302 -104.76   40.81    16.7    -6.2     5.2     6.4     0.0    18.32 R    35.3    -8.8     7.9 -9999.0 -9999.0 -9999.0 -99.000 -99.000 -99.000 -99.000 -99.000 -9999.0 -9999.0 -9999.0 -9999.0 -9999.0
94074 20090316  1.302 -104.76   40.81    20.4    -4.1     8.2     8.7     0.0    14.86 R    36.3    -6.0     8.9 -9999.0 -9999.0 -9999.0 -99.000 -99.000 -99.000 -99.000 -99.000 -9999.0 -9999.0 -9999.0 -9999.0 -9999.0
94074 20090317  1.302 -104.76   40.81    20.4     2.2    11.3    11.4     0.0    15.49 R    34.2    -0.1    12.1 -9999.0 -9999.0 -9999.0 -99.000 -99.000 -99.000 -99.000 -99.000 -9999.0 -9999.0 -9999.0 -9999.0 -9999.0
94074 20090318  1.302 -104.76   40.81    13.9    -1.5     6.2     6.6     0.0    18.97 R    35.3    -3.4    10.8 -9999.0 -9999.0 -9999.0 -99.000 -99.000 -99.000 -99.000 -99.000 -9999.0 -9999.0 -9999.0 -9999.0 -9999.0
94074 20090319  1.302 -104.76   40.81    16.9    -6.6     5.1     6.0     0.0    21.44 R    39.0    -7.0    10.7 -9999.0 -9999.0 -9999.0 -99.000 -99.000 -99.000 -99.000 -99.000 -9999.0 -9999.0 -9999.0 -9999.0 -9999.0
94074 20090320  1.302 -104.76   40.81    18.4     0.2     9.3     9.2     0.0     9.41 R    39.3    -0.9     9.9 -9999.0 -9999.0 -9999.0 -99.000 -99.000 -99.000 -99.000 -99.000 -9999.0 -9999.0 -9999.0 -9999.0 -9999.0
94074 20090321  1.302 -104.76   40.81    22.7    -2.6    10.1    10.1     0.0    20.46 R    40.1    -3.4    13.7 -9999.0 -9999.0 -9999.0 -99.000 -99.000 -99.000 -99.000 -99.000 -9999.0 -9999.0 -9999.0 -9999.0 -9999.0
94074 20090322  1.302 -104.76   40.81    22.9     1.8    12.3    13.4     0.0    22.11 R    45.9     0.2    17.3 -9999.0 -9999.0 -9999.0 -99.000 -99.000 -99.000 -99.000 -99.000 -9999.0 -9999.0 -9999.0 -9999.0 -9999.0
94074 20090323  1.302 -104.76   40.81     9.2     0.4     4.8     4.6     0.0    11.77 R    20.3     0.9     7.0 -9999.0 -9999.0 -9999.0 -99.000 -99.000 -99.000 -99.000 -99.000 -9999.0 -9999.0 -9999.0 -9999.0 -9999.0
94074 20090324  1.302 -104.76   40.81     8.1    -2.6     2.7     2.6     0.0    14.99 R    22.9    -2.6     4.6 -9999.0 -9999.0 -9999.0 -99.000 -99.000 -99.000 -99.000 -99.000 -9999.0 -9999.0 -9999.0 -9999.0 -9999.0
94074 20090325  1.302 -104.76   40.81     8.0    -5.5     1.2     1.6     0.0    13.72 R    28.3    -7.0     4.5 -9999.0 -9999.0 -9999.0 -99.000 -99.000 -99.000 -99.000 -99.000 -9999.0 -9999.0 -9999.0 -9999.0 -9999.0
94074 20090326  1.302 -104.76   40.81    -0.9    -9.9    -5.4    -6.7     6.4    12.52 R     0.0   -10.3    -6.4 -9999.0 -9999.0 -9999.0 -99.000 -99.000 -99.000 -99.000 -99.000 -9999.0 -9999.0 -9999.0 -9999.0 -9999.0
94074 20090327  1.302 -104.76   40.81    -3.9   -10.6    -7.3    -7.8     0.6    23.83 R    -0.6   -12.6    -7.7 -9999.0 -9999.0 -9999.0 -99.000 -99.000 -99.000 -99.000 -99.000 -9999.0 -9999.0 -9999.0 -9999.0 -9999.0
94074 20090328  1.302 -104.76   40.81     5.8    -5.5     0.2     0.1     0.0    22.60 R     4.6   -10.7    -2.1 -9999.0 -9999.0 -9999.0 -99.000 -99.000 -99.000 -99.000 -99.000 -9999.0 -9999.0 -9999.0 -9999.0 -9999.0
94074 20090329  1.302 -104.76   40.81    16.0    -6.7     4.6     3.9     0.0    21.59 R    20.5    -5.9     4.1 -9999.0 -9999.0 -9999.0 -99.000 -99.000 -99.000 -99.000 -99.000 -9999.0 -9999.0 -9999.0 -9999.0 -9999.0
94074 20090330  1.302 -104.76   40.81     2.2    -5.9    -1.8    -1.9     0.0    16.41 R    12.1    -6.1    -0.1 -9999.0 -9999.0 -9999.0 -99.000 -99.000 -99.000 -99.000 -99.000 -9999.0 -9999.0 -9999.0 -9999.0 -9999.0
94074 20090331  1.302 -104.76   40.81     8.0    -5.8     1.1     0.8     0.0    21.20 R    21.5    -6.8     2.1 -9999.0 -9999.0 -9999.0 -99.000 -99.000 -99.000 -99.000 -99.000 -9999.0 -9999.0 -9999.0 -9999.0 -9999.0
94074 20090401  1.302 -104.76   40.81     7.0    -8.3    -0.7    -1.7     0.0    12.84 R    17.9    -8.1     0.4 -9999.0 -9999.0 -9999.0 -99.000 -99.000 -99.000 -99.000 -99.000 -9999.0 -9999.0 -9999.0 -9999.0 -9999.0
94074 20090402  1.302 -104.76   40.81    10.9   -12.4    -0.7     0.4     0.0    23.32 R    32.1   -10.7     5.5 -9999.0 -9999.0 -9999.0 -99.000 -99.000 -99.000 -99.000 -99.000 -9999.0 -9999.0 -9999.0 -9999.0 -9999.0
94074 20090403  1.302 -104.76   40.81    15.2    -3.3     6.0     4.9     4.4    15.24 R    34.8    -2.7     8.2 -9999.0 -9999.0 -9999.0 -99.000 -99.000 -99.000 -99.000 -99.000 -9999.0 -9999.0 -9999.0 -9999.0 -9999.0
94074 20090404  1.302 -104.76   40.81    -0.6    -6.7    -3.6    -4.7     0.8    12.81 R     0.2    -7.6    -4.6 -9999.0 -9999.0 -9999.0 -99.000 -99.000 -99.000 -99.000 -99.000 -9999.0 -9999.0 -9999.0 -9999.0 -9999.0
94074 20090405  1.302 -104.76   40.81    -0.1    -9.3    -4.7    -4.9     0.0    22.41 R     1.9   -11.3    -5.2 -9999.0 -9999.0 -9999.0 -99.000 -99.000 -99.000 -99.000 -99.000 -9999.0 -9999.0 -9999.0 -9999.0 -9999.0
94074 20090406  1.302 -104.76   40.81     9.1   -10.0    -0.4    -0.8     0.0    26.26 R    17.8   -11.1     0.7 -9999.0 -9999.0 -9999.0 -99.000 -99.000 -99.000 -99.000 -99.000 -9999.0 -9999.0 -9999.0 -9999.0 -9999.0
94074 20090407  1.302 -104.76   40.81    20.3    -6.0     7.2     8.6     0.0    26.26 R    26.8    -5.6     7.2 -9999.0 -9999.0 -9999.0 -99.000 -99.000 -99.000 -99.000 -99.000 -9999.0 -9999.0 -9999.0 -9999.0 -9999.0
94074 20090408  1.302 -104.76   40.81    21.2    -3.7     8.8     9.6     0.0    23.26 R    34.6    -4.0    11.9 -9999.0 -9999.0 -9999.0 -99.000 -99.000 -99.000 -99.000 -99.000 -9999.0 -9999.0 -9999.0 -9999.0 -9999.0
94074 20090409  1.302 -104.76   40.81    13.6    -0.3     6.7     5.1     0.7    17.50 R    36.6     1.0     8.5 -9999.0 -9999.0 -9999.0 -99.000 -99.000 -99.000 -99.000 -99.000 -9999.0 -9999.0 -9999.0 -9999.0 -9999.0
94074 20090410  1.302 -104.76   40.81    14.8    -0.6     7.1     5.3     0.0    18.91 R    30.4     0.7     9.6 -9999.0 -9999.0 -9999.0 -99.000 -99.000 -99.000 -99.000 -99.000 -9999.0 -9999.0 -9999.0 -9999.0 -9999.0
94074 20090411  1.302 -104.76   40.81    12.4    -3.1     4.7     4.5     0.0     8.25 R    21.1    -2.6     5.6 -9999.0 -9999.0 -9999.0 -99.000 -99.000 -99.000 -99.000 -99.000 -9999.0 -9999.0 -9999.0 -9999.0 -9999.0
94074 20090412  1.302 -104.76   40.81     9.9    -2.1     3.9     4.4     0.0     8.29 R    18.5    -2.4     6.0 -9999.0 -9999.0 -9999.0 -99.000 -99.000 -99.000 -99.000 -99.000 -9999.0 -9999.0 -9999.0 -9999.0 -9999.0
94074 20090413  1.302 -104.76   40.81    19.0    -3.3     7.9     8.1     0.0    23.91 R    42.0    -4.1    12.3 -9999.0 -9999.0 -9999.0 -99.000 -99.000 -99.000 -99.000 -99.000 -9999.0 -9999.0 -9999.0 -9999.0 -9999.0
94074 20090414  1.302 -104.76   40.81    21.1     0.2    10.7    11.1     0.0    21.67 R    36.4     0.3    14.0 -9999.0 -9999.0 -9999.0 -99.000 -99.000 -99.000 -99.000 -99.000 -9999.0 -9999.0 -9999.0 -9999.0 -9999.0
94074 20090415  1.302 -104.76   40.81    20.8     1.4    11.1     9.9     0.0    19.42 R    42.8     1.0    13.8 -9999.0 -9999.0 -9999.0 -99.000 -99.000 -99.000 -99.000 -99.000 -9999.0 -9999.0 -9999.0 -9999.0 -9999.0
94074 20090416  1.302 -104.76   40.81     8.0     0.7     4.3     2.7    27.6     3.56 R    19.5     0.3     4.4 -9999.0 -9999.0 -9999.0 -99.000 -99.000 -99.000 -99.000 -99.000 -9999.0 -9999.0 -9999.0 -9999.0 -9999.0
94074 20090417  1.302 -104.76   40.81     4.5     0.0     2.3     1.2    36.2     3.37 R     6.0     0.0     1.8 -9999.0 -9999.0 -9999.0 -99.000 -99.000 -99.000 -99.000 -99.000 -9999.0 -9999.0 -9999.0 -9999.0 -9999.0
94074 20090418  1.302 -104.76   40.81     5.8    -0.2     2.8     2.7     0.7     7.73 R     8.7    -1.0     2.8 -9999.0 -9999.0 -9999.0 -99.000 -99.000 -99.000 -99.000 -99.000 -9999.0 -9999.0 -9999.0 -9999.0 -9999.0
94074 20090419  1.302 -104.76   40.81    15.9    -1.0     7.4     7.8     0.0    27.58 R    22.7    -1.6     8.6 -9999.0 -9999.0 -9999.0 -99.000 -99.000 -99.000 -99.000 -99.000 -9999.0 -9999.0 -9999.0 -9999.0 -9999.0
94074 20090420  1.302 -104.76   40.81    20.1     2.4    11.3    11.3     0.0    25.28 R    29.0     0.2    11.8 -9999.0 -9999.0 -9999.0 -99.000 -99.000 -99.000 -99.000 -99.000 -9999.0 -9999.0 -9999.0 -9999.0 -9999.0
94074 20090421  1.302 -104.76   40.81    23.2     3.1    13.2    13.9     0.0    27.52 R    35.4     2.1    15.7 -9999.0 -9999.0 -9999.0 -99.000 -99.000 -99.000 -99.000 -99.000 -9999.0 -9999.0 -9999.0 -9999.0 -9999.0
94074 20090422  1.302 -104.76   40.81    23.4     3.4    13.4    13.7     0.0    18.74 R    42.3     3.0    14.6 -9999.0 -9999.0 -9999.0 -99.000 -99.000 -99.000 -99.000 -99.000 -9999.0 -9999.0 -9999.0 -9999.0 -9999.0
94074 20090423  1.302 -104.76   40.81    26.2     4.2    15.2    16.0     0.2    25.07 R    42.3     1.8    17.6 -9999.0 -9999.0 -9999.0 -99.000 -99.000 -99.000 -99.000 -99.000 -9999.0 -9999.0 -9999.0 -9999.0 -9999.0
94074 20090424  1.302 -104.76   40.81    15.0     3.9     9.5     9.6     0.0    22.39 R    35.2     5.0    14.5 -9999.0 -9999.0 -9999.0 -99.000 -99.000 -99.000 -99.000 -99.000 -9999.0 -9999.0 -9999.0 -9999.0 -9999.0
94074 20090425  1.302 -104.76   40.81     7.7     1.9     4.8     4.3     0.0     6.37 R    14.1     4.5     7.3 -9999.0 -9999.0 -9999.0 -99.000 -99.000 -99.000 -99.000 -99.000 -9999.0 -9999.0 -9999.0 -9999.0 -9999.0
94074 20090426  1.302 -104.76   40.81    12.9     0.0     6.5     6.2     2.4    25.82 R    26.5     0.8    10.3 -9999.0 -9999.0 -9999.0 -99.000 -99.000 -99.000 -99.000 -99.000 -9999.0 -9999.0 -9999.0 -9999.0 -9999.0
94074 20090427  1.302 -104.76   40.81     5.4    -1.2     2.1     1.9     1.1    12.85 R    22.6    -1.3     5.7 -9999.0 -9999.0 -9999.0 -99.000 -99.000 -99.000 -99.000 -99.000 -9999.0 -9999.0 -9999.0 -9999.0 -9999.0
94074 20090428  1.302 -104.76   40.81    16.8     2.9     9.8     8.9     0.0    18.75 R    32.4     3.5    12.2 -9999.0 -9999.0 -9999.0 -99.000 -99.000 -99.000 -99.000 -99.000 -9999.0 -9999.0 -9999.0 -9999.0 -9999.0
94074 20090429  1.302 -104.76   40.81    22.4     1.7    12.0    12.7     0.0    28.59 R    39.9     1.4    16.8 -9999.0 -9999.0 -9999.0 -99.000 -99.000 -99.000 -99.000 -99.000 -9999.0 -9999.0 -9999.0 -9999.0 -9999.0
94074 20090430  1.302 -104.76   40.81    12.9     0.4     6.7     7.4     0.0    15.44 R    36.7     0.8    11.9 -9999.0 -9999.0 -9999.0 -99.000 -99.000 -99.000 -99.000 -99.000 -9999.0 -9999.0 -9999.0 -9999.0 -9999.0
94074 20090501  1.302 -104.76   40.81     4.8     2.4     3.6     3.6     0.0     4.54 R     9.2     3.2     6.1 -9999.0 -9999.0 -9999.0 -99.000 -99.000 -99.000 -99.000 -99.000 -9999.0 -9999.0 -9999.0 -9999.0 -9999.0
94074 20090502  1.302 -104.76   40.81     7.7     3.4     5.5     5.4     9.6     4.09 R    10.4     4.7     7.0 -9999.0 -9999.0 -9999.0 -99.000 -99.000 -99.000 -99.000 -99.000 -9999.0 -9999.0 -9999.0 -9999.0 -9999.0
94074 20090503  1.302 -104.76   40.81    13.9     4.5     9.2     7.8    21.1    17.48 R    28.1     3.3    11.0 -9999.0 -9999.0 -9999.0 -99.000 -99.000 -99.000 -99.000 -99.000 -9999.0 -9999.0 -9999.0 -9999.0 -9999.0
94074 20090504  1.302 -104.76   40.81    18.2     2.5    10.4    11.0     0.0    20.64 R    25.2     2.5    10.9 -9999.0 -9999.0 -9999.0 -99.000 -99.000 -99.000 -99.000 -99.000 -9999.0 -9999.0 -9999.0 -9999.0 -9999.0
94074 20090505  1.302 -104.76   40.81    21.1     4.7    12.9    12.5     0.0    17.01 R    30.8     3.8    12.7 -9999.0 -9999.0 -9999.0 -99.000 -99.000 -99.000 -99.000 -99.000 -9999.0 -9999.0 -9999.0 -9999.0 -9999.0
94074 20090506  1.302 -104.76   40.81    23.1     4.8    13.9    15.2     0.0    27.62 R    38.2     3.3    17.0 -9999.0 -9999.0 -9999.0 -99.000 -99.000 -99.000 -99.000 -99.000 -9999.0 -9999.0 -9999.0 -9999.0 -9999.0
94074 20090507  1.302 -104.76   40.81    24.1     5.1    14.6    15.4     0.0    27.65 R    39.5     3.8    18.8 -9999.0 -9999.0 -9999.0 -99.000 -99.000 -99.000 -99.000 -99.000 -9999.0 -9999.0 -9999.0 -9999.0 -9999.0
94074 20090508  1.302 -104.76   40.81    16.8     5.0    10.9    11.8     0.0    30.96 R    32.3     5.3    15.6 -9999.0 -9999.0 -9999.0 -99.000 -99.000 -99.000 -99.000 -99.000 -9999.0 -9999.0 -9999.0 -9999.0 -9999.0
94074 20090509  1.302 -104.76   40.81    16.1     3.0     9.5     9.1     4.3    27.38 R    38.8     3.5    16.7 -9999.0 -9999.0 -9999.0 -99.000 -99.000 -99.000 -99.000 -99.000 -9999.0 -9999.0 -9999.0 -9999.0 -9999.0
94074 20090510  1.302 -104.76   40.81     8.7     3.9     6.3     5.9     2.1     7.65 R    17.9     5.9     8.4 -9999.0 -9999.0 -9999.0 -99.000 -99.000 -99.000 -99.000 -99.000 -9999.0 -9999.0 -9999.0 -9999.0 -9999.0
94074 20090511  1.302 -104.76   40.81    20.7     5.7    13.2    12.1     0.0    27.49 R    32.6     6.8    16.6 -9999.0 -9999.0 -9999.0 -99.000 -99.000 -99.000 -99.000 -99.000 -9999.0 -9999.0 -9999.0 -9999.0 -9999.0
94074 20090512  1.302 -104.76   40.81    27.4     8.7    18.1    18.4     0.0    26.84 R    41.5     8.5    20.4 -9999.0 -9999.0 -9999.0 -99.000 -99.000 -99.000 -99.000 -99.000 -9999.0 -9999.0 -9999.0 -9999.0 -9999.0
94074 20090513  1.302 -104.76   40.81    16.4     4.4    10.4    12.2     0.0    31.02 R    29.8     5.0    14.9 -9999.0 -9999.0 -9999.0 -99.000 -99.000 -99.000 -99.000 -99.000 -9999.0 -9999.0 -9999.0 -9999.0 -9999.0
94074 20090514  1.302 -104.76   40.81    21.6     0.8    11.2    12.2     0.0    29.23 R    43.2     1.0    18.3 -9999.0 -9999.0 -9999.0 -99.000 -99.000 -99.000 -99.000 -99.000 -9999.0 -9999.0 -9999.0 -9999.0 -9999.0
94074 20090515  1.302 -104.76   40.81    16.7     7.4    12.1    12.7     0.0    30.31 R    37.2     6.2    18.8 -9999.0 -9999.0 -9999.0 -99.000 -99.000 -99.000 -99.000 -99.000 -9999.0 -9999.0 -9999.0 -9999.0 -9999.0
94074 20090516  1.302 -104.76   40.81    18.2     4.8    11.5    10.2     0.0    20.31 R    37.8     5.8    15.6 -9999.0 -9999.0 -9999.0 -99.000 -99.000 -99.000 -99.000 -99.000 -9999.0 -9999.0 -9999.0 -9999.0 -9999.0
94074 20090517  1.302 -104.76   40.81    26.2     3.4    14.8    15.9     0.0    30.02 R    45.8     3.4    21.2 -9999.0 -9999.0 -9999.0 -99.000 -99.000 -99.000 -99.000 -99.000 -9999.0 -9999.0 -9999.0 -9999.0 -9999.0
94074 20090518  1.302 -104.76   40.81    28.9     5.9    17.4    19.2     0.0    30.76 R    48.8     5.1    23.8 -9999.0 -9999.0 -9999.0 -99.000 -99.000 -99.000 -99.000 -99.000 -9999.0 -9999.0 -9999.0 -9999.0 -9999.0
94074 20090519  1.302 -104.76   40.81    30.3     8.4    19.3    20.3     0.0    24.95 R    50.5     8.0    23.8 -9999.0 -9999.0 -9999.0 -99.000 -99.000 -99.000 -99.000 -99.000 -9999.0 -9999.0 -9999.0 -9999.0 -9999.0
94074 20090520  1.302 -104.76   40.81    26.5     9.5    18.0    19.3     0.2    20.86 R    45.6     9.1    21.7 -9999.0 -9999.0 -9999.0 -99.000 -99.000 -99.000 -99.000 -99.000 -9999.0 -9999.0 -9999.0 -9999.0 -9999.0
94074 20090521  1.302 -104.76   40.81    17.0     7.9    12.4    11.7     0.0    14.23 R    34.2     8.7    16.1 -9999.0 -9999.0 -9999.0 -99.000 -99.000 -99.000 -99.000 -99.000 -9999.0 -9999.0 -9999.0 -9999.0 -9999.0
94074 20090522  1.302 -104.76   40.81    21.3     8.4    14.8    13.5     2.4    26.12 R    44.9    10.7    21.6 -9999.0 -9999.0 -9999.0 -99.000 -99.000 -99.000 -99.000 -99.000 -9999.0 -9999.0 -9999.0 -9999.0 -9999.0
94074 20090523  1.302 -104.76   40.81    14.3    10.6    12.5    12.3     8.2     4.86 R    17.8    11.3    13.8 -9999.0 -9999.0 -9999.0 -99.000 -99.000 -99.000 -99.000 -99.000 -9999.0 -9999.0 -9999.0 -9999.0 -9999.0
94074 20090524  1.302 -104.76   40.81    21.2    10.9    16.1    14.2     1.9    17.85 R    33.5    11.7    16.8 -9999.0 -9999.0 -9999.0 -99.000 -99.000 -99.000 -99.000 -99.000 -9999.0 -9999.0 -9999.0 -9999.0 -9999.0
94074 20090525  1.302 -104.76   40.81    18.4     7.7    13.0    12.7     1.7     9.66 R    27.7     8.3    13.9 -9999.0 -9999.0 -9999.0 -99.000 -99.000 -99.000 -99.000 -99.000 -9999.0 -9999.0 -9999.0 -9999.0 -9999.0
94074 20090526  1.302 -104.76   40.81    17.0     4.4    10.7    11.7     0.0    23.77 R    29.2     6.1    15.4 -9999.0 -9999.0 -9999.0 -99.000 -99.000 -99.000 -99.000 -99.000 -9999.0 -9999.0 -9999.0 -9999.0 -9999.0
94074 20090527  1.302 -104.76   40.81    22.3     2.3    12.3    12.4     0.0    30.07 R    41.2     3.4    18.0 -9999.0 -9999.0 -9999.0 -99.000 -99.000 -99.000 -99.000 -99.000 -9999.0 -9999.0 -9999.0 -9999.0 -9999.0
94074 20090528  1.302 -104.76   40.81    24.3     5.0    14.6    13.9     2.5    23.23 R    44.6     5.2    17.1 -9999.0 -9999.0 -9999.0 -99.000 -99.000 -99.000 -99.000 -99.000 -9999.0 -9999.0 -9999.0 -9999.0 -9999.0
94074 20090529  1.302 -104.76   40.81    25.9     5.1    15.5    16.8     0.0    31.28 R    41.5     5.4    20.9 -9999.0 -9999.0 -9999.0 -99.000 -99.000 -99.000 -99.000 -99.000 -9999.0 -9999.0 -9999.0 -9999.0 -9999.0
94074 20090530  1.302 -104.76   40.81    23.1     9.2    16.1    16.9     0.0    23.62 R    42.8     9.4    20.7 -9999.0 -9999.0 -9999.0 -99.000 -99.000 -99.000 -99.000 -99.000 -9999.0 -9999.0 -9999.0 -9999.0 -9999.0
94074 20090531  1.302 -104.76   40.81    25.0     6.7    15.8    16.4     0.0    17.36 R    38.3     7.0    18.4 -9999.0 -9999.0 -9999.0 -99.000 -99.000 -99.000 -99.000 -99.000 -9999.0 -9999.0 -9999.0 -9999.0 -9999.0
94074 20090601  1.302 -104.76   40.81    21.8     6.8    14.3    14.2     0.3    21.02 R    41.3     7.0    19.3 -9999.0 -9999.0 -9999.0 -99.000 -99.000 -99.000 -99.000 -99.000 -9999.0 -9999.0 -9999.0 -9999.0 -9999.0
94074 20090602  1.302 -104.76   40.81    11.1     6.9     9.0     7.9    15.7     5.86 R    13.9     8.0    10.3 -9999.0 -9999.0 -9999.0 -99.000 -99.000 -99.000 -99.000 -99.000 -9999.0 -9999.0 -9999.0 -9999.0 -9999.0
94074 20090603  1.302 -104.76   40.81    16.5     6.8    11.7    10.3     2.1    11.10 R    24.9     7.9    12.3 -9999.0 -9999.0 -9999.0 -99.000 -99.000 -99.000 -99.000 -99.000 -9999.0 -9999.0 -9999.0 -9999.0 -9999.0
94074 20090604  1.302 -104.76   40.81    18.6     6.9    12.8    12.8     0.0    20.63 R    27.9     6.9    15.2 -9999.0 -9999.0 -9999.0 -99.000 -99.000 -99.000 -99.000 -99.000 -9999.0 -9999.0 -9999.0 -9999.0 -9999.0
94074 20090605  1.302 -104.76   40.81    22.5     8.7    15.6    16.1     0.0    25.08 R    32.5     9.5    19.3 -9999.0 -9999.0 -9999.0 -99.000 -99.000 -99.000 -99.000 -99.000 -9999.0 -9999.0 -9999.0 -9999.0 -9999.0
94074 20090606  1.302 -104.76   40.81    23.6     9.2    16.4    16.2     0.0    27.96 R    38.6     9.4    21.1 -9999.0 -9999.0 -9999.0 -99.000 -99.000 -99.000 -99.000 -99.000 -9999.0 -9999.0 -9999.0 -9999.0 -9999.0
94074 20090607  1.302 -104.76   40.81    16.1     8.0    12.0    11.4     5.1    12.40 R    33.0     9.1    14.0 -9999.0 -9999.0 -9999.0 -99.000 -99.000 -99.000 -99.000 -99.000 -9999.0 -9999.0 -9999.0 -9999.0 -9999.0
94074 20090608  1.302 -104.76   40.81    14.5     3.8     9.2     9.0     5.0    10.81 R    26.7     5.2    11.4 -9999.0 -9999.0 -9999.0 -99.000 -99.000 -99.000 -99.000 -99.000 -9999.0 -9999.0 -9999.0 -9999.0 -9999.0
94074 20090609  1.302 -104.76   40.81    19.5     8.4    13.9    12.3    10.0    19.37 R    32.5     8.1    15.7 -9999.0 -9999.0 -9999.0 -99.000 -99.000 -99.000 -99.000 -99.000 -9999.0 -9999.0 -9999.0 -9999.0 -9999.0
94074 20090610  1.302 -104.76   40.81    18.7     7.5    13.1    12.6     4.5    19.55 R    29.6     8.6    15.2 -9999.0 -9999.0 -9999.0 -99.000 -99.000 -99.000 -99.000 -99.000 -9999.0 -9999.0 -9999.0 -9999.0 -9999.0
94074 20090611  1.302 -104.76   40.81    17.7     6.9    12.3    11.4    10.1    15.96 R    26.7     7.5    13.3 -9999.0 -9999.0 -9999.0 -99.000 -99.000 -99.000 -99.000 -99.000 -9999.0 -9999.0 -9999.0 -9999.0 -9999.0
94074 20090612  1.302 -104.76   40.81    20.4     5.7    13.0    13.2     0.0    25.47 R    31.5     5.5    16.2 -9999.0 -9999.0 -9999.0 -99.000 -99.000 -99.000 -99.000 -99.000 -9999.0 -9999.0 -9999.0 -9999.0 -9999.0
94074 20090613  1.302 -104.76   40.81    23.2     9.3    16.2    15.1     0.4    20.96 R    32.4     9.6    17.5 -9999.0 -9999.0 -9999.0 -99.000 -99.000 -99.000 -99.000 -99.000 -9999.0 -9999.0 -9999.0 -9999.0 -9999.0
94074 20090614  1.302 -104.76   40.81    21.8     7.9    14.9    14.2     0.0    26.76 R    34.3     8.3    17.9 -9999.0 -9999.0 -9999.0 -99.000 -99.000 -99.000 -99.000 -99.000 -9999.0 -9999.0 -9999.0 -9999.0 -9999.0
94074 20090615  1.302 -104.76   40.81    21.1     7.3    14.2    13.9     0.0    18.50 R    31.7     8.0    16.2 -9999.0 -9999.0 -9999.0 -99.000 -99.000 -99.000 -99.000 -99.000 -9999.0 -9999.0 -9999.0 -9999.0 -9999.0
94074 20090616  1.302 -104.76   40.81    24.6     7.4    16.0    16.5     0.0    27.22 R    38.3     7.5    20.4 -9999.0 -9999.0 -9999.0 -99.000 -99.000 -99.000 -99.000 -99.000 -9999.0 -9999.0 -9999.0 -9999.0 -9999.0
94074 20090617  1.302 -104.76   40.81    25.2    11.7    18.5    18.8     0.0    28.39 R    39.6    11.9    23.0 -9999.0 -9999.0 -9999.0 -99.000 -99.000 -99.000 -99.000 -99.000 -9999.0 -9999.0 -9999.0 -9999.0 -9999.0
94074 20090618  1.302 -104.76   40.81    25.0     8.9    17.0    17.1     3.7    26.83 R    40.7     9.4    21.6 -9999.0 -9999.0 -9999.0 -99.000 -99.000 -99.000 -99.000 -99.000 -9999.0 -9999.0 -9999.0 -9999.0 -9999.0
94074 20090619  1.302 -104.76   40.81    22.9     9.8    16.4    16.9     0.0    29.57 R    35.9     9.9    20.6 -9999.0 -9999.0 -9999.0 -99.000 -99.000 -99.000 -99.000 -99.000 -9999.0 -9999.0 -9999.0 -9999.0 -9999.0
94074 20090620  1.302 -104.76   40.81    21.8    12.1    17.0    16.4     0.0    12.49 R    27.6    12.3    18.1 -9999.0 -9999.0 -9999.0 -99.000 -99.000 -99.000 -99.000 -99.000 -9999.0 -9999.0 -9999.0 -9999.0 -9999.0
94074 20090621  1.302 -104.76   40.81    26.9     8.3    17.6    17.4     0.0    28.23 R    40.4     8.6    22.0 -9999.0 -9999.0 -9999.0 -99.000 -99.000 -99.000 -99.000 -99.000 -9999.0 -9999.0 -9999.0 -9999.0 -9999.0
94074 20090622  1.302 -104.76   40.81    28.1     6.1    17.1    18.5    41.7    32.18 R    42.9     6.7    23.9 -9999.0 -9999.0 -9999.0 -99.000 -99.000 -99.000 -99.000 -99.000 -9999.0 -9999.0 -9999.0 -9999.0 -9999.0
94074 20090623  1.302 -104.76   40.81    26.1    11.1    18.6    17.9     2.6    26.12 R    36.6    11.2    20.9 -9999.0 -9999.0 -9999.0 -99.000 -99.000 -99.000 -99.000 -99.000 -9999.0 -9999.0 -9999.0 -9999.0 -9999.0
94074 20090624  1.302 -104.76   40.81    28.7    10.3    19.5    19.3     0.5    26.99 R    39.4    10.5    22.5 -9999.0 -9999.0 -9999.0 -99.000 -99.000 -99.000 -99.000 -99.000 -9999.0 -9999.0 -9999.0 -9999.0 -9999.0
94074 20090625  1.302 -104.76   40.81    28.1    13.8    21.0    20.9     0.3    21.47 R    38.2    14.4    23.4 -9999.0 -9999.0 -9999.0 -99.000 -99.000 -99.000 -99.000 -99.000 -9999.0 -9999.0 -9999.0 -9999.0 -9999.0
94074 20090626  1.302 -104.76   40.81    27.0    12.8    19.9    18.1     6.7    22.34 R    41.1    12.9    21.3 -9999.0 -9999.0 -9999.0 -99.000 -99.000 -99.000 -99.000 -99.000 -9999.0 -9999.0 -9999.0 -9999.0 -9999.0
94074 20090627  1.302 -104.76   40.81    26.8    11.6    19.2    19.6     0.0    31.61 R    37.6    12.4    23.0 -9999.0 -9999.0 -9999.0 -99.000 -99.000 -99.000 -99.000 -99.000 -9999.0 -9999.0 -9999.0 -9999.0 -9999.0
94074 20090628  1.302 -104.76   40.81    27.0     8.9    17.9    18.7     0.0    32.43 R    41.8     9.3    24.1 -9999.0 -9999.0 -9999.0 -99.000 -99.000 -99.000 -99.000 -99.000 -9999.0 -9999.0 -9999.0 -9999.0 -9999.0
94074 20090629  1.302 -104.76   40.81    29.4    10.2    19.8    19.7     0.0    29.70 R    47.1    10.7    24.7 -9999.0 -9999.0 -9999.0 -99.000 -99.000 -99.000 -99.000 -99.000 -9999.0 -9999.0 -9999.0 -9999.0 -9999.0
94074 20090630  1.302 -104.76   40.81    29.7     9.9    19.8    19.7     0.0    32.40 R    46.0    10.4    25.7 -9999.0 -9999.0 -9999.0 -99.000 -99.000 -99.000 -99.000 -99.000 -9999.0 -9999.0 -9999.0 -9999.0 -9999.0
94074 20090701  1.302 -104.76   40.81    29.0    10.2    19.6    19.5     0.9    24.46 R    47.7    10.9    24.0 -9999.0 -9999.0 -9999.0 -99.000 -99.000 -99.000 -99.000 -99.000 -9999.0 -9999.0 -9999.0 -9999.0 -9999.0
94074 20090702  1.302 -104.76   40.81    26.4     9.9    18.2    18.0     0.9    23.34 R    44.4    10.3    22.4 -9999.0 -9999.0 -9999.0 -99.000 -99.000 -99.000 -99.000 -99.000 -9999.0 -9999.0 -9999.0 -9999.0 -9999.0
94074 20090703  1.302 -104.76   40.81    26.4    15.1    20.8    19.3     5.2    20.90 R    40.8    15.2    23.2 -9999.0 -9999.0 -9999.0 -99.000 -99.000 -99.000 -99.000 -99.000 -9999.0 -9999.0 -9999.0 -9999.0 -9999.0
94074 20090704  1.302 -104.76   40.81    22.9    11.5    17.2    16.5     3.2    19.06 R    36.0    11.8    18.8 -9999.0 -9999.0 -9999.0 -99.000 -99.000 -99.000 -99.000 -99.000 -9999.0 -9999.0 -9999.0 -9999.0 -9999.0
94074 20090705  1.302 -104.76   40.81    22.5    10.5    16.5    16.3     0.2    20.82 R    34.6    10.5    19.6 -9999.0 -9999.0 -9999.0 -99.000 -99.000 -99.000 -99.000 -99.000 -9999.0 -9999.0 -9999.0 -9999.0 -9999.0
94074 20090706  1.302 -104.76   40.81    27.0    10.0    18.5    17.3     5.0    26.08 R    43.8    10.0    21.4 -9999.0 -9999.0 -9999.0 -99.000 -99.000 -99.000 -99.000 -99.000 -9999.0 -9999.0 -9999.0 -9999.0 -9999.0
94074 20090707  1.302 -104.76   40.81    28.7     8.7    18.7    18.5     0.0    29.59 R    43.2     8.9    22.7 -9999.0 -9999.0 -9999.0 -99.000 -99.000 -99.000 -99.000 -99.000 -9999.0 -9999.0 -9999.0 -9999.0 -9999.0
94074 20090708  1.302 -104.76   40.81    31.7     9.9    20.8    20.1     0.0    28.88 R    47.0    10.4    25.1 -9999.0 -9999.0 -9999.0 -99.000 -99.000 -99.000 -99.000 -99.000 -9999.0 -9999.0 -9999.0 -9999.0 -9999.0
94074 20090709  1.302 -104.76   40.81    26.0    12.8    19.4    18.7     0.0    30.34 R    45.3    13.3    25.3 -9999.0 -9999.0 -9999.0 -99.000 -99.000 -99.000 -99.000 -99.000 -9999.0 -9999.0 -9999.0 -9999.0 -9999.0
94074 20090710  1.302 -104.76   40.81    28.3    10.8    19.6    20.5     0.0    23.46 R    43.0    11.2    25.3 -9999.0 -9999.0 -9999.0 -99.000 -99.000 -99.000 -99.000 -99.000 -9999.0 -9999.0 -9999.0 -9999.0 -9999.0
94074 20090711  1.302 -104.76   40.81    32.6    12.2    22.4    21.5     0.7    28.31 R    52.9    12.5    27.6 -9999.0 -9999.0 -9999.0 -99.000 -99.000 -99.000 -99.000 -99.000 -9999.0 -9999.0 -9999.0 -9999.0 -9999.0
94074 20090712  1.302 -104.76   40.81    30.3    12.3    21.3    20.4     0.8    20.13 R    49.7    12.4    24.5 -9999.0 -9999.0 -9999.0 -99.000 -99.000 -99.000 -99.000 -99.000 -9999.0 -9999.0 -9999.0 -9999.0 -9999.0
94074 20090713  1.302 -104.76   40.81    30.9    11.4    21.2    21.0     0.0    24.01 R    48.2    11.6    24.7 -9999.0 -9999.0 -9999.0 -99.000 -99.000 -99.000 -99.000 -99.000 -9999.0 -9999.0 -9999.0 -9999.0 -9999.0
94074 20090714  1.302 -104.76   40.81    32.5    11.8    22.2    23.2     0.0    32.09 R    52.3    13.3    28.5 -9999.0 -9999.0 -9999.0 -99.000 -99.000 -99.000 -99.000 -99.000 -9999.0 -9999.0 -9999.0 -9999.0 -9999.0
94074 20090715  1.302 -104.76   40.81    28.2     8.4    18.3    18.6     0.0    31.10 R    49.5     9.5    26.5 -9999.0 -9999.0 -9999.0 -99.000 -99.000 -99.000 -99.000 -99.000 -9999.0 -9999.0 -9999.0 -9999.0 -9999.0
94074 20090716  1.302 -104.76   40.81    29.3    10.1    19.7    21.1     0.0    30.91 R    51.3    10.9    28.0 -9999.0 -9999.0 -9999.0 -99.000 -99.000 -99.000 -99.000 -99.000 -9999.0 -9999.0 -9999.0 -9999.0 -9999.0
94074 20090717  1.302 -104.76   40.81    30.0    10.5    20.2    20.4     0.0    27.67 R    51.7    11.0    27.3 -9999.0 -9999.0 -9999.0 -99.000 -99.000 -99.000 -99.000 -99.000 -9999.0 -9999.0 -9999.0 -9999.0 -9999.0
94074 20090718  1.302 -104.76   40.81    29.1    11.4    20.2    20.3     0.0    29.25 R    50.7    12.2    27.8 -9999.0 -9999.0 -9999.0 -99.000 -99.000 -99.000 -99.000 -99.000 -9999.0 -9999.0 -9999.0 -9999.0 -9999.0
94074 20090719  1.302 -104.76   40.81    33.1     9.5    21.3    22.0     2.5    22.28 R    51.9    10.5    26.7 -9999.0 -9999.0 -9999.0 -99.000 -99.000 -99.000 -99.000 -99.000 -9999.0 -9999.0 -9999.0 -9999.0 -9999.0
94074 20090720  1.302 -104.76   40.81    31.1    12.1    21.6    21.3     0.8    25.46 R    48.3    12.6    24.7 -9999.0 -9999.0 -9999.0 -99.000 -99.000 -99.000 -99.000 -99.000 -9999.0 -9999.0 -9999.0 -9999.0 -9999.0
94074 20090721  1.302 -104.76   40.81    24.2    12.6    18.4    17.3     0.0    16.99 R    41.2    12.4    22.2 -9999.0 -9999.0 -9999.0 -99.000 -99.000 -99.000 -99.000 -99.000 -9999.0 -9999.0 -9999.0 -9999.0 -9999.0
94074 20090722  1.302 -104.76   40.81 -9999.0 -9999.0 -9999.0 -9999.0 -9999.0 -9999.00 U -9999.0 -9999.0 -9999.0 -9999.0 -9999.0 -9999.0 -99.000 -99.000 -99.000 -99.000 -99.000 -9999.0 -9999.0 -9999.0 -9999.0 -9999.0
94074 20090723  1.302 -104.76   40.81    32.0    11.0    21.5    21.8     1.3    26.11 R    49.4    11.6    24.7 -9999.0 -9999.0 -9999.0 -99.000 -99.000 -99.000 -99.000 -99.000 -9999.0 -9999.0 -9999.0 -9999.0 -9999.0
94074 20090724  1.302 -104.76   40.81    34.5    10.6    22.6    23.2     0.0    24.77 R    55.1    10.5    27.2 -9999.0 -9999.0 -9999.0 -99.000 -99.000 -99.000 -99.000 -99.000 -9999.0 -9999.0 -9999.0 -9999.0 -9999.0
94074 20090725  1.302 -104.76   40.81    24.3    13.2    18.7    18.4     0.6    13.11 R    46.0    13.6    21.8 -9999.0 -9999.0 -9999.0 -99.000 -99.000 -99.000 -99.000 -99.000 -9999.0 -9999.0 -9999.0 -9999.0 -9999.0
94074 20090726  1.302 -104.76   40.81    30.0    10.8    20.4    19.8     0.6    24.66 R    51.8    10.7    26.0 -9999.0 -9999.0 -9999.0 -99.000 -99.000 -99.000 -99.000 -99.000 -9999.0 -9999.0 -9999.0 -9999.0 -9999.0
94074 20090727  1.302 -104.76   40.81    28.6    11.3    20.0    18.4     1.5    17.84 R    52.4    11.8    21.4 -9999.0 -9999.0 -9999.0 -99.000 -99.000 -99.000 -99.000 -99.000 -9999.0 -9999.0 -9999.0 -9999.0 -9999.0
94074 20090728  1.302 -104.76   40.81    23.0    11.1    17.0    16.8     1.4    21.28 R    46.5    11.0    21.1 -9999.0 -9999.0 -9999.0 -99.000 -99.000 -99.000 -99.000 -99.000 -9999.0 -9999.0 -9999.0 -9999.0 -9999.0
94074 20090729  1.302 -104.76   40.81    18.7    10.8    14.7    13.7     6.3    15.47 R    28.5    10.7    14.7 -9999.0 -9999.0 -9999.0 -99.000 -99.000 -99.000 -99.000 -99.000 -9999.0 -9999.0 -9999.0 -9999.0 -9999.0
94074 20090730  1.302 -104.76   40.81    19.5     8.2    13.8    13.6     0.0    21.36 R    37.8     8.8    17.8 -9999.0 -9999.0 -9999.0 -99.000 -99.000 -99.000 -99.000 -99.000 -9999.0 -9999.0 -9999.0 -9999.0 -9999.0
94074 20090731  1.302 -104.76   40.81    28.1     8.2    18.2    16.8     1.2    18.86 R    43.2     8.8    19.4 -9999.0 -9999.0 -9999.0 -99.000 -99.000 -99.000 -99.000 -99.000 -9999.0 -9999.0 -9999.0 -9999.0 -9999.0
94074 20090801  1.302 -104.76   40.81    26.5     4.9    15.7    16.6     0.0    29.20 R    47.3     5.7    22.6 -9999.0 -9999.0 -9999.0 -99.000 -99.000 -99.000 -99.000 -99.000 -9999.0 -9999.0 -9999.0 -9999.0 -9999.0
94074 20090802  1.302 -104.76   40.81    33.8    10.3    22.1    22.3     0.0    28.91 R    51.3    10.1    25.8 -9999.0 -9999.0 -9999.0 -99.000 -99.000 -99.000 -99.000 -99.000 -9999.0 -9999.0 -9999.0 -9999.0 -9999.0
94074 20090803  1.302 -104.76   40.81    34.4    12.6    23.5    23.0     0.0    20.38 R    55.1    12.8    25.7 -9999.0 -9999.0 -9999.0 -99.000 -99.000 -99.000 -99.000 -99.000 -9999.0 -9999.0 -9999.0 -9999.0 -9999.0
94074 20090804  1.302 -104.76   40.81    31.7     9.0    20.3    21.1     0.0    26.71 R    54.3     9.0    26.7 -9999.0 -9999.0 -9999.0 -99.000 -99.000 -99.000 -99.000 -99.000 -9999.0 -9999.0 -9999.0 -9999.0 -9999.0
94074 20090805  1.302 -104.76   40.81    30.0    12.8    21.4    22.0     0.0    27.58 R    50.4    12.9    25.9 -9999.0 -9999.0 -9999.0 -99.000 -99.000 -99.000 -99.000 -99.000 -9999.0 -9999.0 -9999.0 -9999.0 -9999.0
94074 20090806  1.302 -104.76   40.81    32.8    13.6    23.2    21.2     3.7    19.09 R    56.3    14.1    25.0 -9999.0 -9999.0 -9999.0 -99.000 -99.000 -99.000 -99.000 -99.000 -9999.0 -9999.0 -9999.0 -9999.0 -9999.0
94074 20090807  1.302 -104.76   40.81    32.9    11.6    22.3    21.4     0.0    25.40 R    52.0    11.4    25.6 -9999.0 -9999.0 -9999.0 -99.000 -99.000 -99.000 -99.000 -99.000 -9999.0 -9999.0 -9999.0 -9999.0 -9999.0
94074 20090808  1.302 -104.76   40.81    28.0    12.6    20.3    19.6     0.6    25.95 R    52.6    12.6    24.0 -9999.0 -9999.0 -9999.0 -99.000 -99.000 -99.000 -99.000 -99.000 -9999.0 -9999.0 -9999.0 -9999.0 -9999.0
94074 20090809  1.302 -104.76   40.81    25.7     9.0    17.3    17.1     0.0    26.64 R    51.8     9.1    22.3 -9999.0 -9999.0 -9999.0 -99.000 -99.000 -99.000 -99.000 -99.000 -9999.0 -9999.0 -9999.0 -9999.0 -9999.0
94074 20090810  1.302 -104.76   40.81    28.1     9.3    18.7    18.3     0.0    27.92 R    52.6     9.1    23.6 -9999.0 -9999.0 -9999.0 -99.000 -99.000 -99.000 -99.000 -99.000 -9999.0 -9999.0 -9999.0 -9999.0 -9999.0
94074 20090811  1.302 -104.76   40.81    31.6     7.9    19.7    20.5     0.0    27.90 R    56.7     8.1    26.9 -9999.0 -9999.0 -9999.0 -99.000 -99.000 -99.000 -99.000 -99.000 -9999.0 -9999.0 -9999.0 -9999.0 -9999.0
94074 20090812  1.302 -104.76   40.81    33.8     9.6    21.7    22.3     0.0    20.36 R    54.0     9.6    26.5 -9999.0 -9999.0 -9999.0 -99.000 -99.000 -99.000 -99.000 -99.000 -9999.0 -9999.0 -9999.0 -9999.0 -9999.0
94074 20090813  1.302 -104.76   40.81    33.9    10.3    22.1    22.9     0.0    17.99 R    58.6    10.4    26.6 -9999.0 -9999.0 -9999.0 -99.000 -99.000 -99.000 -99.000 -99.000 -9999.0 -9999.0 -9999.0 -9999.0 -9999.0
94074 20090814  1.302 -104.76   40.81    26.0    12.4    19.2    20.2     0.0    11.50 R    40.3    12.7    22.6 -9999.0 -9999.0 -9999.0 -99.000 -99.000 -99.000 -99.000 -99.000 -9999.0 -9999.0 -9999.0 -9999.0 -9999.0
94074 20090815  1.302 -104.76   40.81    26.7     8.9    17.8    17.1    11.1    16.13 R    49.0     9.5    20.3 -9999.0 -9999.0 -9999.0 -99.000 -99.000 -99.000 -99.000 -99.000 -9999.0 -9999.0 -9999.0 -9999.0 -9999.0
94074 20090816  1.302 -104.76   40.81    22.5     8.8    15.6    15.0     0.0    22.51 R    44.1     8.0    19.4 -9999.0 -9999.0 -9999.0 -99.000 -99.000 -99.000 -99.000 -99.000 -9999.0 -9999.0 -9999.0 -9999.0 -9999.0
94074 20090817  1.302 -104.76   40.81    23.3     4.4    13.8    14.8     0.0    24.97 R    48.1     5.0    21.2 -9999.0 -9999.0 -9999.0 -99.000 -99.000 -99.000 -99.000 -99.000 -9999.0 -9999.0 -9999.0 -9999.0 -9999.0
94074 20090818  1.302 -104.76   40.81    26.1     7.7    16.9    16.5     0.0    22.45 R    49.6     7.4    21.6 -9999.0 -9999.0 -9999.0 -99.000 -99.000 -99.000 -99.000 -99.000 -9999.0 -9999.0 -9999.0 -9999.0 -9999.0
94074 20090819  1.302 -104.76   40.81    28.0     8.2    18.1    18.6     0.0    21.42 R    48.3     8.2    22.6 -9999.0 -9999.0 -9999.0 -99.000 -99.000 -99.000 -99.000 -99.000 -9999.0 -9999.0 -9999.0 -9999.0 -9999.0
94074 20090820  1.302 -104.76   40.81    28.7     8.5    18.6    17.8     0.0    26.98 R    48.1     8.6    22.3 -9999.0 -9999.0 -9999.0 -99.000 -99.000 -99.000 -99.000 -99.000 -9999.0 -9999.0 -9999.0 -9999.0 -9999.0
94074 20090821  1.302 -104.76   40.81    28.5     5.6    17.0    17.8     0.0    26.77 R    52.2     5.3    23.5 -9999.0 -9999.0 -9999.0 -99.000 -99.000 -99.000 -99.000 -99.000 -9999.0 -9999.0 -9999.0 -9999.0 -9999.0
94074 20090822  1.302 -104.76   40.81    34.1     7.1    20.6    22.3     0.0    26.38 R    56.4     6.9    28.5 -9999.0 -9999.0 -9999.0 -99.000 -99.000 -99.000 -99.000 -99.000 -9999.0 -9999.0 -9999.0 -9999.0 -9999.0
94074 20090823  1.302 -104.76   40.81    34.0    14.3    24.1    23.3     5.9    20.94 R    55.9    14.7    28.1 -9999.0 -9999.0 -9999.0 -99.000 -99.000 -99.000 -99.000 -99.000 -9999.0 -9999.0 -9999.0 -9999.0 -9999.0
94074 20090824  1.302 -104.76   40.81    30.5    13.4    22.0    20.9     0.0    15.57 R    45.1    13.7    22.8 -9999.0 -9999.0 -9999.0 -99.000 -99.000 -99.000 -99.000 -99.000 -9999.0 -9999.0 -9999.0 -9999.0 -9999.0
94074 20090825  1.302 -104.76   40.81    25.2    12.6    18.9    17.8     3.0    19.81 R    48.7    12.8    22.5 -9999.0 -9999.0 -9999.0 -99.000 -99.000 -99.000 -99.000 -99.000 -9999.0 -9999.0 -9999.0 -9999.0 -9999.0
94074 20090826  1.302 -104.76   40.81    28.2    11.0    19.6    18.0     0.0    15.21 R    44.4    11.0    19.7 -9999.0 -9999.0 -9999.0 -99.000 -99.000 -99.000 -99.000 -99.000 -9999.0 -9999.0 -9999.0 -9999.0 -9999.0
94074 20090827  1.302 -104.76   40.81    30.0     8.8    19.4    19.7     0.0    26.06 R    47.5     8.3    22.6 -9999.0 -9999.0 -9999.0 -99.000 -99.000 -99.000 -99.000 -99.000 -9999.0 -9999.0 -9999.0 -9999.0 -9999.0
94074 20090828  1.302 -104.76   40.81    28.8     9.3    19.0    19.8     0.0    25.25 R    52.6     9.6    24.7 -9999.0 -9999.0 -9999.0 -99.000 -99.000 -99.000 -99.000 -99.000 -9999.0 -9999.0 -9999.0 -9999.0 -9999.0
94074 20090829  1.302 -104.76   40.81    26.5     6.7    16.6    17.2     0.0    20.15 R    49.5     6.6    21.8 -9999.0 -9999.0 -9999.0 -99.000 -99.000 -99.000 -99.000 -99.000 -9999.0 -9999.0 -9999.0 -9999.0 -9999.0
94074 20090830  1.302 -104.76   40.81    18.7    11.7    15.2    14.8     0.0     5.78 R    26.5    11.5    16.1 -9999.0 -9999.0 -9999.0 -99.000 -99.000 -99.000 -99.000 -99.000 -9999.0 -9999.0 -9999.0 -9999.0 -9999.0
94074 20090831  1.302 -104.76   40.81    27.3     5.5    16.4    16.2     0.0    18.88 R    47.4     5.6    20.9 -9999.0 -9999.0 -9999.0 -99.000 -99.000 -99.000 -99.000 -99.000 -9999.0 -9999.0 -9999.0 -9999.0 -9999.0
94074 20090901  1.302 -104.76   40.81    32.9     9.2    21.0    21.7     0.0    20.69 R    53.1     9.2    25.4 -9999.0 -9999.0 -9999.0 -99.000 -99.000 -99.000 -99.000 -99.000 -9999.0 -9999.0 -9999.0 -9999.0 -9999.0
94074 20090902  1.302 -104.76   40.81    30.8    10.6    20.7    20.7     0.4    17.37 R    53.0    11.1    23.4 -9999.0 -9999.0 -9999.0 -99.000 -99.000 -99.000 -99.000 -99.000 -9999.0 -9999.0 -9999.0 -9999.0 -9999.0
94074 20090903  1.302 -104.76   40.81    30.3    10.3    20.3    20.0     0.0    23.72 R    53.5     9.7    24.2 -9999.0 -9999.0 -9999.0 -99.000 -99.000 -99.000 -99.000 -99.000 -9999.0 -9999.0 -9999.0 -9999.0 -9999.0
94074 20090904  1.302 -104.76   40.81    26.8     6.9    16.8    16.4     0.0    19.87 R    51.3     7.0    21.7 -9999.0 -9999.0 -9999.0 -99.000 -99.000 -99.000 -99.000 -99.000 -9999.0 -9999.0 -9999.0 -9999.0 -9999.0
94074 20090905  1.302 -104.76   40.81    29.2     6.7    18.0    18.3     0.0    22.74 R    51.2     6.8    23.7 -9999.0 -9999.0 -9999.0 -99.000 -99.000 -99.000 -99.000 -99.000 -9999.0 -9999.0 -9999.0 -9999.0 -9999.0
94074 20090906  1.302 -104.76   40.81    27.1     9.2    18.2    18.3     0.0    16.75 R    49.7     9.4    22.8 -9999.0 -9999.0 -9999.0 -99.000 -99.000 -99.000 -99.000 -99.000 -9999.0 -9999.0 -9999.0 -9999.0 -9999.0
94074 20090907  1.302 -104.76   40.81    30.5    10.3    20.4    20.5     0.0    18.33 R    53.0     9.7    24.2 -9999.0 -9999.0 -9999.0 -99.000 -99.000 -99.000 -99.000 -99.000 -9999.0 -9999.0 -9999.0 -9999.0 -9999.0
94074 20090908  1.302 -104.76   40.81    30.2     8.9    19.5    18.7     0.0    13.43 R    51.1     9.0    21.0 -9999.0 -9999.0 -9999.0 -99.000 -99.000 -99.000 -99.000 -99.000 -9999.0 -9999.0 -9999.0 -9999.0 -9999.0
94074 20090909  1.302 -104.76   40.81    25.6     8.0    16.8    17.4     0.0    21.06 R    47.7     8.7    23.7 -9999.0 -9999.0 -9999.0 -99.000 -99.000 -99.000 -99.000 -99.000 -9999.0 -9999.0 -9999.0 -9999.0 -9999.0
94074 20090910  1.302 -104.76   40.81    30.9     8.2    19.5    19.2     0.0    22.38 R    50.8     8.1    24.2 -9999.0 -9999.0 -9999.0 -99.000 -99.000 -99.000 -99.000 -99.000 -9999.0 -9999.0 -9999.0 -9999.0 -9999.0
94074 20090911  1.302 -104.76   40.81    23.2     9.4    16.3    16.0     0.0    21.78 R    46.7     9.7    22.2 -9999.0 -9999.0 -9999.0 -99.000 -99.000 -99.000 -99.000 -99.000 -9999.0 -9999.0 -9999.0 -9999.0 -9999.0
94074 20090912  1.302 -104.76   40.81    13.9     7.9    10.9    10.0     0.9     6.18 R    22.7     8.6    13.0 -9999.0 -9999.0 -9999.0 -99.000 -99.000 -99.000 -99.000 -99.000 -9999.0 -9999.0 -9999.0 -9999.0 -9999.0
94074 20090913  1.302 -104.76   40.81    23.7     8.5    16.1    14.4     0.0    12.83 R    40.4     9.4    17.3 -9999.0 -9999.0 -9999.0 -99.000 -99.000 -99.000 -99.000 -99.000 -9999.0 -9999.0 -9999.0 -9999.0 -9999.0
94074 20090914  1.302 -104.76   40.81    27.7     6.1    16.9    16.9     0.0    21.53 R    50.0     5.7    22.5 -9999.0 -9999.0 -9999.0 -99.000 -99.000 -99.000 -99.000 -99.000 -9999.0 -9999.0 -9999.0 -9999.0 -9999.0
94074 20090915  1.302 -104.76   40.81    28.6     9.7    19.2    19.1     0.0    21.36 R    50.5     8.5    24.0 -9999.0 -9999.0 -9999.0 -99.000 -99.000 -99.000 -99.000 -99.000 -9999.0 -9999.0 -9999.0 -9999.0 -9999.0
94074 20090916  1.302 -104.76   40.81    24.9     8.9    16.9    16.6     0.0    20.86 R    47.6     9.3    22.5 -9999.0 -9999.0 -9999.0 -99.000 -99.000 -99.000 -99.000 -99.000 -9999.0 -9999.0 -9999.0 -9999.0 -9999.0
94074 20090917  1.302 -104.76   40.81    24.5     5.5    15.0    15.2     0.0    20.98 R    45.7     6.0    20.5 -9999.0 -9999.0 -9999.0 -99.000 -99.000 -99.000 -99.000 -99.000 -9999.0 -9999.0 -9999.0 -9999.0 -9999.0
94074 20090918  1.302 -104.76   40.81    24.7     3.8    14.3    14.8     0.0    22.22 R    46.2     4.5    20.6 -9999.0 -9999.0 -9999.0 -99.000 -99.000 -99.000 -99.000 -99.000 -9999.0 -9999.0 -9999.0 -9999.0 -9999.0
94074 20090919  1.302 -104.76   40.81    25.4     2.7    14.0    14.6     0.0    21.56 R    45.1     3.3    19.6 -9999.0 -9999.0 -9999.0 -99.000 -99.000 -99.000 -99.000 -99.000 -9999.0 -9999.0 -9999.0 -9999.0 -9999.0
94074 20090920  1.302 -104.76   40.81    27.8     4.7    16.3    16.7     0.0    15.85 R    41.9     5.2    18.6 -9999.0 -9999.0 -9999.0 -99.000 -99.000 -99.000 -99.000 -99.000 -9999.0 -9999.0 -9999.0 -9999.0 -9999.0
94074 20090921  1.302 -104.76   40.81    11.5     1.4     6.4     6.7     0.0    10.80 R    27.3     2.0     9.5 -9999.0 -9999.0 -9999.0 -99.000 -99.000 -99.000 -99.000 -99.000 -9999.0 -9999.0 -9999.0 -9999.0 -9999.0
94074 20090922  1.302 -104.76   40.81    13.3     3.8     8.5     8.3     0.0     5.28 R    18.7     3.4     9.3 -9999.0 -9999.0 -9999.0 -99.000 -99.000 -99.000 -99.000 -99.000 -9999.0 -9999.0 -9999.0 -9999.0 -9999.0
94074 20090923  1.302 -104.76   40.81    14.9     2.5     8.7     9.6     0.0     8.29 R    26.6     1.9    11.2 -9999.0 -9999.0 -9999.0 -99.000 -99.000 -99.000 -99.000 -99.000 -9999.0 -9999.0 -9999.0 -9999.0 -9999.0
94074 20090924  1.302 -104.76   40.81    18.2     0.9     9.6     9.5     0.0    15.56 R    38.6    -0.1    13.0 -9999.0 -9999.0 -9999.0 -99.000 -99.000 -99.000 -99.000 -99.000 -9999.0 -9999.0 -9999.0 -9999.0 -9999.0
94074 20090925  1.302 -104.76   40.81    19.2     3.6    11.4    10.9     0.2    16.10 R    36.5     3.3    14.5 -9999.0 -9999.0 -9999.0 -99.000 -99.000 -99.000 -99.000 -99.000 -9999.0 -9999.0 -9999.0 -9999.0 -9999.0
94074 20090926  1.302 -104.76   40.81    31.3     5.0    18.1    18.8     0.0    20.44 R    45.3     2.5    19.7 -9999.0 -9999.0 -9999.0 -99.000 -99.000 -99.000 -99.000 -99.000 -9999.0 -9999.0 -9999.0 -9999.0 -9999.0
94074 20090927  1.302 -104.76   40.81    23.3     1.0    12.1    16.1     0.0    20.10 R    39.5     2.0    18.3 -9999.0 -9999.0 -9999.0 -99.000 -99.000 -99.000 -99.000 -99.000 -9999.0 -9999.0 -9999.0 -9999.0 -9999.0
94074 20090928  1.302 -104.76   40.81    18.3    -3.0     7.6     8.4     0.0    20.10 R    36.4    -2.6    13.0 -9999.0 -9999.0 -9999.0 -99.000 -99.000 -99.000 -99.000 -99.000 -9999.0 -9999.0 -9999.0 -9999.0 -9999.0
94074 20090929  1.302 -104.76   40.81    27.9    -0.7    13.6    13.9     0.0    18.79 R    44.3    -0.3    17.4 -9999.0 -9999.0 -9999.0 -99.000 -99.000 -99.000 -99.000 -99.000 -9999.0 -9999.0 -9999.0 -9999.0 -9999.0
94074 20090930  1.302 -104.76   40.81    27.4     4.4    15.9    13.0     0.0    15.40 R    45.3     3.7    15.6 -9999.0 -9999.0 -9999.0 -99.000 -99.000 -99.000 -99.000 -99.000 -9999.0 -9999.0 -9999.0 -9999.0 -9999.0
94074 20091001  1.302 -104.76   40.81    11.5     2.0     6.8     6.4     0.0    16.81 R    26.1     0.9     8.4 -9999.0 -9999.0 -9999.0 -99.000 -99.000 -99.000 -99.000 -99.000 -9999.0 -9999.0 -9999.0 -9999.0 -9999.0
94074 20091002  1.302 -104.76   40.81    16.7    -2.8     6.9     6.9     0.0    20.00 R    34.1    -3.3    10.0 -9999.0 -9999.0 -9999.0 -99.000 -99.000 -99.000 -99.000 -99.000 -9999.0 -9999.0 -9999.0 -9999.0 -9999.0
94074 20091003  1.302 -104.76   40.81    16.2    -5.9     5.1     6.5     0.0    18.37 R    36.6    -6.0    11.5 -9999.0 -9999.0 -9999.0 -99.000 -99.000 -99.000 -99.000 -99.000 -9999.0 -9999.0 -9999.0 -9999.0 -9999.0
94074 20091004  1.302 -104.76   40.81     6.1     0.8     3.5     3.6     5.3     2.03 R    11.1     0.6     5.0 -9999.0 -9999.0 -9999.0 -99.000 -99.000 -99.000 -99.000 -99.000 -9999.0 -9999.0 -9999.0 -9999.0 -9999.0
94074 20091005  1.302 -104.76   40.81    14.0    -1.3     6.3     6.8     0.5     9.70 R    26.4    -1.5     8.0 -9999.0 -9999.0 -9999.0 -99.000 -99.000 -99.000 -99.000 -99.000 -9999.0 -9999.0 -9999.0 -9999.0 -9999.0
94074 20091006  1.302 -104.76   40.81    13.7    -2.6     5.5     4.2     0.0    18.99 R    27.7    -2.7     6.7 -9999.0 -9999.0 -9999.0 -99.000 -99.000 -99.000 -99.000 -99.000 -9999.0 -9999.0 -9999.0 -9999.0 -9999.0
94074 20091007  1.302 -104.76   40.81    18.7    -3.3     7.7     8.6     0.0    18.46 R    33.9    -4.2    11.0 -9999.0 -9999.0 -9999.0 -99.000 -99.000 -99.000 -99.000 -99.000 -9999.0 -9999.0 -9999.0 -9999.0 -9999.0
94074 20091008  1.302 -104.76   40.81     3.0    -1.3     0.8     0.1     0.4     6.16 R    20.8    -0.6     2.7 -9999.0 -9999.0 -9999.0 -99.000 -99.000 -99.000 -99.000 -99.000 -9999.0 -9999.0 -9999.0 -9999.0 -9999.0
94074 20091009  1.302 -104.76   40.81     5.8    -9.6    -1.9    -1.6     8.5     8.09 R    17.4    -9.5     0.8 -9999.0 -9999.0 -9999.0 -99.000 -99.000 -99.000 -99.000 -99.000 -9999.0 -9999.0 -9999.0 -9999.0 -9999.0
94074 20091010  1.302 -104.76   40.81    -6.5   -11.2    -8.9    -9.2     5.2     5.85 R    -1.2   -11.2    -8.3 -9999.0 -9999.0 -9999.0 -99.000 -99.000 -99.000 -99.000 -99.000 -9999.0 -9999.0 -9999.0 -9999.0 -9999.0
94074 20091011  1.302 -104.76   40.81    -2.0    -6.6    -4.3    -4.3     0.0     7.93 R    24.4    -6.4    -3.7 -9999.0 -9999.0 -9999.0 -99.000 -99.000 -99.000 -99.000 -99.000 -9999.0 -9999.0 -9999.0 -9999.0 -9999.0
94074 20091012  1.302 -104.76   40.81     1.2    -4.0    -1.4    -1.5     0.0     9.66 R    18.4    -4.0    -0.2 -9999.0 -9999.0 -9999.0 -99.000 -99.000 -99.000 -99.000 -99.000 -9999.0 -9999.0 -9999.0 -9999.0 -9999.0
94074 20091013  1.302 -104.76   40.81     4.1    -0.6     1.8     1.7     0.8     3.73 R    12.6     0.2     3.3 -9999.0 -9999.0 -9999.0 -99.000 -99.000 -99.000 -99.000 -99.000 -9999.0 -9999.0 -9999.0 -9999.0 -9999.0
94074 20091014  1.302 -104.76   40.81    19.7     2.6    11.1     8.7     0.0    12.29 R    25.4     3.4     9.1 -9999.0 -9999.0 -9999.0 -99.000 -99.000 -99.000 -99.000 -99.000 -9999.0 -9999.0 -9999.0 -9999.0 -9999.0
94074 20091015  1.302 -104.76   40.81    19.8     2.5    11.2    11.4     0.0    14.39 R    27.5     1.5    10.5 -9999.0 -9999.0 -9999.0 -99.000 -99.000 -99.000 -99.000 -99.000 -9999.0 -9999.0 -9999.0 -9999.0 -9999.0
94074 20091016  1.302 -104.76   40.81    18.3    -1.1     8.6     7.4     0.0    16.10 R    27.7    -1.1     8.4 -9999.0 -9999.0 -9999.0 -99.000 -99.000 -99.000 -99.000 -99.000 -9999.0 -9999.0 -9999.0 -9999.0 -9999.0
94074 20091017  1.302 -104.76   40.81    18.4    -4.2     7.1     6.5     0.0    17.00 R    31.1    -4.3     8.3 -9999.0 -9999.0 -9999.0 -99.000 -99.000 -99.000 -99.000 -99.000 -9999.0 -9999.0 -9999.0 -9999.0 -9999.0
94074 20091018  1.302 -104.76   40.81    27.2     0.2    13.7    14.7     0.0    14.89 R    35.0    -0.5    13.4 -9999.0 -9999.0 -9999.0 -99.000 -99.000 -99.000 -99.000 -99.000 -9999.0 -9999.0 -9999.0 -9999.0 -9999.0
94074 20091019  1.302 -104.76   40.81    22.0     2.6    12.3    11.6     0.0    10.82 R    31.9     2.7    12.1 -9999.0 -9999.0 -9999.0 -99.000 -99.000 -99.000 -99.000 -99.000 -9999.0 -9999.0 -9999.0 -9999.0 -9999.0
94074 20091020  1.302 -104.76   40.81     8.0     1.8     4.9     4.7     0.0     4.48 R    24.4     1.3     5.7 -9999.0 -9999.0 -9999.0 -99.000 -99.000 -99.000 -99.000 -99.000 -9999.0 -9999.0 -9999.0 -9999.0 -9999.0
94074 20091021  1.302 -104.76   40.81     4.2    -3.8     0.2     1.8     0.0     4.24 R    11.6    -3.8     2.9 -9999.0 -9999.0 -9999.0 -99.000 -99.000 -99.000 -99.000 -99.000 -9999.0 -9999.0 -9999.0 -9999.0 -9999.0
94074 20091022  1.302 -104.76   40.81    12.6    -7.9     2.3     2.8     0.0    14.42 R    27.6    -7.4     5.4 -9999.0 -9999.0 -9999.0 -99.000 -99.000 -99.000 -99.000 -99.000 -9999.0 -9999.0 -9999.0 -9999.0 -9999.0
94074 20091023  1.302 -104.76   40.81    16.0    -1.6     7.2     6.4     0.0    12.97 R    27.6    -1.3     7.5 -9999.0 -9999.0 -9999.0 -99.000 -99.000 -99.000 -99.000 -99.000 -9999.0 -9999.0 -9999.0 -9999.0 -9999.0
94074 20091024  1.302 -104.76   40.81    17.2     1.7     9.4     9.7     0.0     9.78 R    26.6     1.3     9.5 -9999.0 -9999.0 -9999.0 -99.000 -99.000 -99.000 -99.000 -99.000 -9999.0 -9999.0 -9999.0 -9999.0 -9999.0
94074 20091025  1.302 -104.76   40.81     7.7    -7.7     0.0     1.0     0.0    12.84 R    18.8    -6.9     3.0 -9999.0 -9999.0 -9999.0 -99.000 -99.000 -99.000 -99.000 -99.000 -9999.0 -9999.0 -9999.0 -9999.0 -9999.0
94074 20091026  1.302 -104.76   40.81    11.0    -9.4     0.8     0.4     0.0    15.24 R    23.5   -10.5     2.4 -9999.0 -9999.0 -9999.0 -99.000 -99.000 -99.000 -99.000 -99.000 -9999.0 -9999.0 -9999.0 -9999.0 -9999.0
94074 20091027  1.302 -104.76   40.81    14.3    -1.6     6.3     4.1     6.0     2.66 R    17.0    -1.3     4.0 -9999.0 -9999.0 -9999.0 -99.000 -99.000 -99.000 -99.000 -99.000 -9999.0 -9999.0 -9999.0 -9999.0 -9999.0
94074 20091028  1.302 -104.76   40.81    -0.9    -3.4    -2.1    -2.2     0.9     4.44 R     3.0    -4.2    -2.4 -9999.0 -9999.0 -9999.0 -99.000 -99.000 -99.000 -99.000 -99.000 -9999.0 -9999.0 -9999.0 -9999.0 -9999.0
94074 20091029  1.302 -104.76   40.81    -3.3    -5.7    -4.5    -4.3     0.0     8.00 R    -1.2    -8.0    -4.8 -9999.0 -9999.0 -9999.0 -99.000 -99.000 -99.000 -99.000 -99.000 -9999.0 -9999.0 -9999.0 -9999.0 -9999.0
94074 20091030  1.302 -104.76   40.81    11.6    -7.6     2.0     2.1     0.0    11.17 R    14.2   -10.6     0.1 -9999.0 -9999.0 -9999.0 -99.000 -99.000 -99.000 -99.000 -99.000 -9999.0 -9999.0 -9999.0 -9999.0 -9999.0
94074 20091031  1.302 -104.76   40.81    14.7    -2.1     6.3     7.0     0.0    13.78 R    21.4    -2.8     6.1 -9999.0 -9999.0 -9999.0 -99.000 -99.000 -99.000 -99.000 -99.000 -9999.0 -9999.0 -9999.0 -9999.0 -9999.0
94074 20091101  1.302 -104.76   40.81    19.6     0.1     9.8     9.7     0.0    11.99 R    27.3    -0.4     8.0 -9999.0 -9999.0 -9999.0 -99.000 -99.000 -99.000 -99.000 -99.000 -9999.0 -9999.0 -9999.0 -9999.0 -9999.0
94074 20091102  1.302 -104.76   40.81     4.2     0.2     2.2     2.6     0.0     3.03 R     9.5    -0.4     3.2 -9999.0 -9999.0 -9999.0 -99.000 -99.000 -99.000 -99.000 -99.000 -9999.0 -9999.0 -9999.0 -9999.0 -9999.0
94074 20091103  1.302 -104.76   40.81    19.8    -5.3     7.2     6.0     0.0    12.28 R    24.3    -4.8     5.8 -9999.0 -9999.0 -9999.0 -99.000 -99.000 -99.000 -99.000 -99.000 -9999.0 -9999.0 -9999.0 -9999.0 -9999.0
94074 20091104  1.302 -104.76   40.81    12.0    -5.6     3.2     2.6     0.0    13.46 R    22.7    -5.6     3.8 -9999.0 -9999.0 -9999.0 -99.000 -99.000 -99.000 -99.000 -99.000 -9999.0 -9999.0 -9999.0 -9999.0 -9999.0
94074 20091105  1.302 -104.76   40.81    23.6    -2.5    10.5    10.4     0.0    11.22 R    33.2    -4.0     8.3 -9999.0 -9999.0 -9999.0 -99.000 -99.000 -99.000 -99.000 -99.000 -9999.0 -9999.0 -9999.0 -9999.0 -9999.0
94074 20091106  1.302 -104.76   40.81    23.2     4.6    13.9    13.6     0.0    11.72 R    33.0     1.6    11.2 -9999.0 -9999.0 -9999.0 -99.000 -99.000 -99.000 -99.000 -99.000 -9999.0 -9999.0 -9999.0 -9999.0 -9999.0
94074 20091107  1.302 -104.76   40.81    19.0     0.2     9.6     9.9     0.0    12.16 R    28.4    -0.7    10.1 -9999.0 -9999.0 -9999.0 -99.000 -99.000 -99.000 -99.000 -99.000 -9999.0 -9999.0 -9999.0 -9999.0 -9999.0
94074 20091108  1.302 -104.76   40.81    15.8     0.5     8.2     8.3     0.0     9.68 R    22.6     0.6     8.0 -9999.0 -9999.0 -9999.0 -99.000 -99.000 -99.000 -99.000 -99.000 -9999.0 -9999.0 -9999.0 -9999.0 -9999.0
94074 20091109  1.302 -104.76   40.81    13.6    -1.8     5.9     4.5     0.0    10.80 R    24.8    -2.2     5.3 -9999.0 -9999.0 -9999.0 -99.000 -99.000 -99.000 -99.000 -99.000 -9999.0 -9999.0 -9999.0 -9999.0 -9999.0
94074 20091110  1.302 -104.76   40.81    13.1    -5.6     3.8     2.4     0.0    10.69 R    25.2    -5.1     4.0 -9999.0 -9999.0 -9999.0 -99.000 -99.000 -99.000 -99.000 -99.000 -9999.0 -9999.0 -9999.0 -9999.0 -9999.0
94074 20091111  1.302 -104.76   40.81    16.9    -4.3     6.3     4.6     0.0     7.51 R    24.0    -4.8     4.1 -9999.0 -9999.0 -9999.0 -99.000 -99.000 -99.000 -99.000 -99.000 -9999.0 -9999.0 -9999.0 -9999.0 -9999.0
94074 20091112  1.302 -104.76   40.81    20.1     1.8    11.0     9.6     0.0     8.89 R    27.6     1.0     8.4 -9999.0 -9999.0 -9999.0 -99.000 -99.000 -99.000 -99.000 -99.000 -9999.0 -9999.0 -9999.0 -9999.0 -9999.0
94074 20091113  1.302 -104.76   40.81     5.2    -2.0     1.6     1.4     1.4     1.12 R     7.6    -2.6     1.5 -9999.0 -9999.0 -9999.0 -99.000 -99.000 -99.000 -99.000 -99.000 -9999.0 -9999.0 -9999.0 -9999.0 -9999.0
94074 20091114  1.302 -104.76   40.81     2.4   -10.2    -3.9    -2.6     4.0     4.71 R     8.5   -10.4    -1.8 -9999.0 -9999.0 -9999.0 -99.000 -99.000 -99.000 -99.000 -99.000 -9999.0 -9999.0 -9999.0 -9999.0 -9999.0
94074 20091115  1.302 -104.76   40.81     0.0   -10.3    -5.1    -4.3     2.8    11.17 R    11.3   -13.3    -5.4 -9999.0 -9999.0 -9999.0 -99.000 -99.000 -99.000 -99.000 -99.000 -9999.0 -9999.0 -9999.0 -9999.0 -9999.0
94074 20091116  1.302 -104.76   40.81     4.1   -16.0    -6.0    -5.9     0.0    12.30 R     6.9   -17.3    -6.8 -9999.0 -9999.0 -9999.0 -99.000 -99.000 -99.000 -99.000 -99.000 -9999.0 -9999.0 -9999.0 -9999.0 -9999.0
94074 20091117  1.302 -104.76   40.81    10.7   -10.1     0.3    -0.8     0.0    11.84 R    16.2    -9.3    -0.8 -9999.0 -9999.0 -9999.0 -99.000 -99.000 -99.000 -99.000 -99.000 -9999.0 -9999.0 -9999.0 -9999.0 -9999.0
94074 20091118  1.302 -104.76   40.81    14.9    -4.9     5.0     4.0     0.0    11.79 R    21.0    -5.7     2.9 -9999.0 -9999.0 -9999.0 -99.000 -99.000 -99.000 -99.000 -99.000 -9999.0 -9999.0 -9999.0 -9999.0 -9999.0
94074 20091119  1.302 -104.76   40.81     9.8    -6.0     1.9     2.4     0.0    11.33 R    16.1    -6.0     2.1 -9999.0 -9999.0 -9999.0 -99.000 -99.000 -99.000 -99.000 -99.000 -9999.0 -9999.0 -9999.0 -9999.0 -9999.0
94074 20091120  1.302 -104.76   40.81    11.7    -8.2     1.7     0.1     0.0    11.55 R    18.2    -8.3     0.2 -9999.0 -9999.0 -9999.0 -99.000 -99.000 -99.000 -99.000 -99.000 -9999.0 -9999.0 -9999.0 -9999.0 -9999.0
94074 20091121  1.302 -104.76   40.81    14.9    -6.8     4.1     2.6     0.0     7.18 R    16.3    -6.7     1.4 -9999.0 -9999.0 -9999.0 -99.000 -99.000 -99.000 -99.000 -99.000 -9999.0 -9999.0 -9999.0 -9999.0 -9999.0
94074 20091122  1.302 -104.76   40.81     4.3    -5.0    -0.4     0.0     0.0    10.09 R    12.8    -5.0     0.5 -9999.0 -9999.0 -9999.0 -99.000 -99.000 -99.000 -99.000 -99.000 -9999.0 -9999.0 -9999.0 -9999.0 -9999.0
94074 20091123  1.302 -104.76   40.81     3.2    -7.8    -2.3    -0.2     0.0     8.83 R     9.5    -8.7    -0.4 -9999.0 -9999.0 -9999.0 -99.000 -99.000 -99.000 -99.000 -99.000 -9999.0 -9999.0 -9999.0 -9999.0 -9999.0
94074 20091124  1.302 -104.76   40.81     8.8    -6.4     1.2    -0.2     0.0    10.92 R    15.7    -8.6    -0.4 -9999.0 -9999.0 -9999.0 -99.000 -99.000 -99.000 -99.000 -99.000 -9999.0 -9999.0 -9999.0 -9999.0 -9999.0
94074 20091125  1.302 -104.76   40.81     6.3    -6.1     0.1     0.3     0.0     9.36 R    16.9    -6.6     1.0 -9999.0 -9999.0 -9999.0 -99.000 -99.000 -99.000 -99.000 -99.000 -9999.0 -9999.0 -9999.0 -9999.0 -9999.0
94074 20091126  1.302 -104.76   40.81    15.4    -6.4     4.5     2.9     0.0    10.11 R    22.0    -6.7     1.5 -9999.0 -9999.0 -9999.0 -99.000 -99.000 -99.000 -99.000 -99.000 -9999.0 -9999.0 -9999.0 -9999.0 -9999.0
94074 20091127  1.302 -104.76   40.81    17.9    -2.8     7.6     6.0     0.0    11.08 R    24.6    -5.6     3.6 -9999.0 -9999.0 -9999.0 -99.000 -99.000 -99.000 -99.000 -99.000 -9999.0 -9999.0 -9999.0 -9999.0 -9999.0
94074 20091128  1.302 -104.76   40.81     8.9    -1.1     3.9     2.4     0.0     8.70 R    14.1    -4.8     1.7 -9999.0 -9999.0 -9999.0 -99.000 -99.000 -99.000 -99.000 -99.000 -9999.0 -9999.0 -9999.0 -9999.0 -9999.0
94074 20091129  1.302 -104.76   40.81     6.3    -8.6    -1.1    -2.4     0.0    10.40 R    17.2    -8.6    -0.9 -9999.0 -9999.0 -9999.0 -99.000 -99.000 -99.000 -99.000 -99.000 -9999.0 -9999.0 -9999.0 -9999.0 -9999.0
94074 20091130  1.302 -104.76   40.81    12.6    -8.3     2.1     0.6     0.0    10.29 R    18.9    -9.0    -0.3 -9999.0 -9999.0 -9999.0 -99.000 -99.000 -99.000 -99.000 -99.000 -9999.0 -9999.0 -9999.0 -9999.0 -9999.0
94074 20091201  1.302 -104.76   40.81     7.9    -7.3     0.3     0.6     0.2     3.03 R     9.2    -7.1    -1.2 -9999.0 -9999.0 -9999.0 -99.000 -99.000 -99.000 -99.000 -99.000 -9999.0 -9999.0 -9999.0 -9999.0 -9999.0
94074 20091202  1.302 -104.76   40.81    -5.5   -17.1   -11.3   -10.0     0.0     9.34 R     5.6   -16.2    -7.9 -9999.0 -9999.0 -9999.0 -99.000 -99.000 -99.000 -99.000 -99.000 -9999.0 -9999.0 -9999.0 -9999.0 -9999.0
94074 20091203  1.302 -104.76   40.81    -8.1   -19.4   -13.7   -13.8     0.0     9.82 R     5.2   -19.1   -11.9 -9999.0 -9999.0 -9999.0 -99.000 -99.000 -99.000 -99.000 -99.000 -9999.0 -9999.0 -9999.0 -9999.0 -9999.0
94074 20091204  1.302 -104.76   40.81    -0.8   -21.0   -10.9   -11.5     0.0     8.96 R    13.1   -20.7    -9.7 -9999.0 -9999.0 -9999.0 -99.000 -99.000 -99.000 -99.000 -99.000 -9999.0 -9999.0 -9999.0 -9999.0 -9999.0
94074 20091205  1.302 -104.76   40.81     2.0   -15.4    -6.7    -7.3     0.0     9.57 R    10.6   -16.0    -6.9 -9999.0 -9999.0 -9999.0 -99.000 -99.000 -99.000 -99.000 -99.000 -9999.0 -9999.0 -9999.0 -9999.0 -9999.0
94074 20091206  1.302 -104.76   40.81    -9.3   -19.5   -14.4   -13.3     2.2     6.90 R    -5.0   -22.0   -12.9 -9999.0 -9999.0 -9999.0 -99.000 -99.000 -99.000 -99.000 -99.000 -9999.0 -9999.0 -9999.0 -9999.0 -9999.0
94074 20091207  1.302 -104.76   40.81   -14.7   -17.0   -15.9   -16.1     0.5     5.35 R    -8.3   -17.0   -15.1 -9999.0 -9999.0 -9999.0 -99.000 -99.000 -99.000 -99.000 -99.000 -9999.0 -9999.0 -9999.0 -9999.0 -9999.0
94074 20091208  1.302 -104.76   40.81   -15.5   -24.4   -19.9   -17.6     4.4     6.17 R   -10.9   -29.7   -18.1 -9999.0 -9999.0 -9999.0 -99.000 -99.000 -99.000 -99.000 -99.000 -9999.0 -9999.0 -9999.0 -9999.0 -9999.0
94074 20091209  1.302 -104.76   40.81   -10.2   -29.2   -19.7   -19.3     0.0    10.21 R    -9.8   -33.9   -21.9 -9999.0 -9999.0 -9999.0 -99.000 -99.000 -99.000 -99.000 -99.000 -9999.0 -9999.0 -9999.0 -9999.0 -9999.0
94074 20091210  1.302 -104.76   40.81    -8.2   -21.5   -14.9   -14.1     0.0    10.12 R    -2.5   -27.6   -17.5 -9999.0 -9999.0 -9999.0 -99.000 -99.000 -99.000 -99.000 -99.000 -9999.0 -9999.0 -9999.0 -9999.0 -9999.0
94074 20091211  1.302 -104.76   40.81    -0.7   -20.4   -10.6   -10.3     0.0     9.12 R     2.1   -24.2   -14.0 -9999.0 -9999.0 -9999.0 -99.000 -99.000 -99.000 -99.000 -99.000 -9999.0 -9999.0 -9999.0 -9999.0 -9999.0
94074 20091212  1.302 -104.76   40.81     6.8    -8.1    -0.6     0.3     0.0     8.48 R     5.9   -10.8    -3.8 -9999.0 -9999.0 -9999.0 -99.000 -99.000 -99.000 -99.000 -99.000 -9999.0 -9999.0 -9999.0 -9999.0 -9999.0
94074 20091213  1.302 -104.76   40.81     7.9   -10.2    -1.2    -0.7     0.0     7.72 R     6.3   -11.8    -3.3 -9999.0 -9999.0 -9999.0 -99.000 -99.000 -99.000 -99.000 -99.000 -9999.0 -9999.0 -9999.0 -9999.0 -9999.0
94074 20091214  1.302 -104.76   40.81     5.0    -8.4    -1.7    -0.6     0.0     9.71 R     6.2    -8.5    -2.6 -9999.0 -9999.0 -9999.0 -99.000 -99.000 -99.000 -99.000 -99.000 -9999.0 -9999.0 -9999.0 -9999.0 -9999.0
94074 20091215  1.302 -104.76   40.81     5.2   -12.7    -3.7    -3.3     0.0     9.57 R     9.5   -12.5    -3.5 -9999.0 -9999.0 -9999.0 -99.000 -99.000 -99.000 -99.000 -99.000 -9999.0 -9999.0 -9999.0 -9999.0 -9999.0
94074 20091216  1.302 -104.76   40.81     7.4    -0.6     3.4     3.6     0.0     4.42 R     7.1    -1.8     1.0 -9999.0 -9999.0 -9999.0 -99.000 -99.000 -99.000 -99.000 -99.000 -9999.0 -9999.0 -9999.0 -9999.0 -9999.0
94074 20091217  1.302 -104.76   40.81     9.2    -1.3     3.9     3.6     0.0     7.89 R    11.0    -2.9     1.5 -9999.0 -9999.0 -9999.0 -99.000 -99.000 -99.000 -99.000 -99.000 -9999.0 -9999.0 -9999.0 -9999.0 -9999.0
94074 20091218  1.302 -104.76   40.81     4.9    -7.6    -1.3    -1.1     0.0     9.40 R     8.8    -7.9    -1.3 -9999.0 -9999.0 -9999.0 -99.000 -99.000 -99.000 -99.000 -99.000 -9999.0 -9999.0 -9999.0 -9999.0 -9999.0
94074 20091219  1.302 -104.76   40.81     6.2   -11.5    -2.6    -2.3     0.0     9.16 R    10.2   -11.5    -2.4 -9999.0 -9999.0 -9999.0 -99.000 -99.000 -99.000 -99.000 -99.000 -9999.0 -9999.0 -9999.0 -9999.0 -9999.0
94074 20091220  1.302 -104.76   40.81    10.1    -4.4     2.9     2.4     0.0     9.16 R    12.8    -5.0     0.8 -9999.0 -9999.0 -9999.0 -99.000 -99.000 -99.000 -99.000 -99.000 -9999.0 -9999.0 -9999.0 -9999.0 -9999.0
94074 20091221  1.302 -104.76   40.81    12.0    -4.6     3.7     3.9     0.0     9.49 R    13.1    -4.7     1.7 -9999.0 -9999.0 -9999.0 -99.000 -99.000 -99.000 -99.000 -99.000 -9999.0 -9999.0 -9999.0 -9999.0 -9999.0
94074 20091222  1.302 -104.76   40.81     4.5    -3.0     0.7     0.0     7.8     4.42 R     6.1    -3.9    -0.5 -9999.0 -9999.0 -9999.0 -99.000 -99.000 -99.000 -99.000 -99.000 -9999.0 -9999.0 -9999.0 -9999.0 -9999.0
94074 20091223  1.302 -104.76   40.81    -1.8   -11.7    -6.8    -5.5     6.2     5.16 R    -0.4   -12.9    -5.6 -9999.0 -9999.0 -9999.0 -99.000 -99.000 -99.000 -99.000 -99.000 -9999.0 -9999.0 -9999.0 -9999.0 -9999.0
94074 20091224  1.302 -104.76   40.81    -7.2   -21.0   -14.1   -13.0     0.0     9.91 R    -5.0   -24.3   -15.4 -9999.0 -9999.0 -9999.0 -99.000 -99.000 -99.000 -99.000 -99.000 -9999.0 -9999.0 -9999.0 -9999.0 -9999.0
94074 20091225  1.302 -104.76   40.81    -6.6   -11.0    -8.8    -8.5     0.0     5.95 R    -3.8   -13.4    -9.8 -9999.0 -9999.0 -9999.0 -99.000 -99.000 -99.000 -99.000 -99.000 -9999.0 -9999.0 -9999.0 -9999.0 -9999.0
94074 20091226  1.302 -104.76   40.81    -3.3    -7.1    -5.2    -5.2     0.0     6.22 R    -0.7    -9.2    -6.6 -9999.0 -9999.0 -9999.0 -99.000 -99.000 -99.000 -99.000 -99.000 -9999.0 -9999.0 -9999.0 -9999.0 -9999.0
94074 20091227  1.302 -104.76   40.81    -1.6   -15.4    -8.5    -7.5     0.0     9.90 R     1.2   -18.8    -9.6 -9999.0 -9999.0 -9999.0 -99.000 -99.000 -99.000 -99.000 -99.000 -9999.0 -9999.0 -9999.0 -9999.0 -9999.0
94074 20091228  1.302 -104.76   40.81    -0.5   -17.3    -8.9   -10.4     0.0     9.85 R     4.3   -20.5   -12.1 -9999.0 -9999.0 -9999.0 -99.000 -99.000 -99.000 -99.000 -99.000 -9999.0 -9999.0 -9999.0 -9999.0 -9999.0
94074 20091229  1.302 -104.76   40.81     1.1   -12.4    -5.7    -5.3     0.0     6.89 R     5.9   -13.7    -6.2 -9999.0 -9999.0 -9999.0 -99.000 -99.000 -99.000 -99.000 -99.000 -9999.0 -9999.0 -9999.0 -9999.0 -9999.0
94074 20091230  1.302 -104.76   40.81    -0.4   -10.6    -5.5    -4.7     0.0     5.98 R     2.8   -11.9    -6.3 -9999.0 -9999.0 -9999.0 -99.000 -99.000 -99.000 -99.000 -99.000 -9999.0 -9999.0 -9999.0 -9999.0 -9999.0
94074 20091231  1.302 -104.76   40.81     1.5   -12.6    -5.6    -6.2     0.0     9.73 R     3.3   -14.9    -7.7 -9999.0 -9999.0 -9999.0 -99.000 -99.000 -99.000 -99.000 -99.000 -9999.0 -9999.0 -9999.0 -9999.0 -9999.0
