63829 20090101  1.302  -84.45   31.19    13.3     1.8     7.5     7.1     0.0    10.92 R    21.1     0.2     7.3 -9999.0 -9999.0 -9999.0 -99.000 -99.000 -99.000 -99.000 -99.000 -9999.0 -9999.0 -9999.0 -9999.0 -9999.0
63829 20090102  1.302  -84.45   31.19    23.6     7.9    15.7    14.9     0.5    10.75 R    29.8     6.9    15.4 -9999.0 -9999.0 -9999.0 -99.000 -99.000 -99.000 -99.000 -99.000 -9999.0 -9999.0 -9999.0 -9999.0 -9999.0
63829 20090103  1.302  -84.45   31.19    23.8    16.2    20.0    18.6     0.0     5.87 R    30.0    13.8    18.4 -9999.0 -9999.0 -9999.0 -99.000 -99.000 -99.000 -99.000 -99.000 -9999.0 -9999.0 -9999.0 -9999.0 -9999.0
63829 20090104  1.302  -84.45   31.19    24.3    14.1    19.2    17.8     2.7    10.99 R    30.2    12.4    18.0 -9999.0 -9999.0 -9999.0 -99.000 -99.000 -99.000 -99.000 -99.000 -9999.0 -9999.0 -9999.0 -9999.0 -9999.0
63829 20090105  1.302  -84.45   31.19    22.7    13.3    18.0    16.8     0.0     9.19 R    29.9    12.3    17.5 -9999.0 -9999.0 -9999.0 -99.000 -99.000 -99.000 -99.000 -99.000 -9999.0 -9999.0 -9999.0 -9999.0 -9999.0
63829 20090106  1.302  -84.45   31.19    25.3    16.7    21.0    20.2     0.0     7.58 R    32.2    16.0    20.4 -9999.0 -9999.0 -9999.0 -99.000 -99.000 -99.000 -99.000 -99.000 -9999.0 -9999.0 -9999.0 -9999.0 -9999.0
63829 20090107  1.302  -84.45   31.19    22.8     6.4    14.6    15.3     6.1    13.17 R    22.3     4.9    14.8 -9999.0 -9999.0 -9999.0 -99.000 -99.000 -99.000 -99.000 -99.000 -9999.0 -9999.0 -9999.0 -9999.0 -9999.0
63829 20090108  1.302  -84.45   31.19    21.4     5.1    13.2    12.9     0.0    13.37 R    25.2     3.4    11.6 -9999.0 -9999.0 -9999.0 -99.000 -99.000 -99.000 -99.000 -99.000 -9999.0 -9999.0 -9999.0 -9999.0 -9999.0
63829 20090109  1.302  -84.45   31.19    18.7     3.1    10.9     9.9     0.0    13.88 R    25.3     1.7     9.8 -9999.0 -9999.0 -9999.0 -99.000 -99.000 -99.000 -99.000 -99.000 -9999.0 -9999.0 -9999.0 -9999.0 -9999.0
63829 20090110  1.302  -84.45   31.19 -9999.0 -9999.0 -9999.0 -9999.0 -9999.0 -9999.00 U -9999.0 -9999.0 -9999.0 -9999.0 -9999.0 -9999.0 -99.000 -99.000 -99.000 -99.000 -99.000 -9999.0 -9999.0 -9999.0 -9999.0 -9999.0
63829 20090111  1.302  -84.45   31.19    19.6     6.0    12.8    13.6     6.8     3.21 R    18.8     5.9    13.7 -9999.0 -9999.0 -9999.0 -99.000 -99.000 -99.000 -99.000 -99.000 -9999.0 -9999.0 -9999.0 -9999.0 -9999.0
63829 20090112  1.302  -84.45   31.19    12.1    -0.6     5.8     6.0     0.0    12.21 R    21.6    -1.1     7.4 -9999.0 -9999.0 -9999.0 -99.000 -99.000 -99.000 -99.000 -99.000 -9999.0 -9999.0 -9999.0 -9999.0 -9999.0
63829 20090113  1.302  -84.45   31.19    14.7     4.5     9.6     8.3     0.0    11.05 R    21.8     1.7     8.8 -9999.0 -9999.0 -9999.0 -99.000 -99.000 -99.000 -99.000 -99.000 -9999.0 -9999.0 -9999.0 -9999.0 -9999.0
63829 20090114  1.302  -84.45   31.19    11.6    -2.5     4.5     4.5     0.0    14.67 R    19.0    -3.4     5.3 -9999.0 -9999.0 -9999.0 -99.000 -99.000 -99.000 -99.000 -99.000 -9999.0 -9999.0 -9999.0 -9999.0 -9999.0
63829 20090115  1.302  -84.45   31.19    13.7    -2.4     5.6     5.2     0.0    13.33 R    20.7    -3.1     5.6 -9999.0 -9999.0 -9999.0 -99.000 -99.000 -99.000 -99.000 -99.000 -9999.0 -9999.0 -9999.0 -9999.0 -9999.0
63829 20090116  1.302  -84.45   31.19     5.3    -4.0     0.6     0.1     0.0    15.03 R    15.0    -5.0     1.7 -9999.0 -9999.0 -9999.0 -99.000 -99.000 -99.000 -99.000 -99.000 -9999.0 -9999.0 -9999.0 -9999.0 -9999.0
63829 20090117  1.302  -84.45   31.19     9.7    -5.7     2.0     1.3     0.0    14.72 R    19.0    -6.4     2.8 -9999.0 -9999.0 -9999.0 -99.000 -99.000 -99.000 -99.000 -99.000 -9999.0 -9999.0 -9999.0 -9999.0 -9999.0
63829 20090118  1.302  -84.45   31.19    16.4     5.3    10.9    10.2    13.5     4.05 R    17.8     2.7     9.2 -9999.0 -9999.0 -9999.0 -99.000 -99.000 -99.000 -99.000 -99.000 -9999.0 -9999.0 -9999.0 -9999.0 -9999.0
63829 20090119  1.302  -84.45   31.19    13.6     1.6     7.6     7.9     0.0     7.38 R    20.3     0.6     7.1 -9999.0 -9999.0 -9999.0 -99.000 -99.000 -99.000 -99.000 -99.000 -9999.0 -9999.0 -9999.0 -9999.0 -9999.0
63829 20090120  1.302  -84.45   31.19     5.4    -2.2     1.6     1.5     0.0    15.55 R    13.5    -4.1     2.3 -9999.0 -9999.0 -9999.0 -99.000 -99.000 -99.000 -99.000 -99.000 -9999.0 -9999.0 -9999.0 -9999.0 -9999.0
63829 20090121  1.302  -84.45   31.19     7.3    -5.4     0.9    -0.2     0.0    15.27 R    16.4    -7.1     0.8 -9999.0 -9999.0 -9999.0 -99.000 -99.000 -99.000 -99.000 -99.000 -9999.0 -9999.0 -9999.0 -9999.0 -9999.0
63829 20090122  1.302  -84.45   31.19    14.1    -5.9     4.1     3.5     0.0    15.47 R    22.4    -7.1     3.7 -9999.0 -9999.0 -9999.0 -99.000 -99.000 -99.000 -99.000 -99.000 -9999.0 -9999.0 -9999.0 -9999.0 -9999.0
63829 20090123  1.302  -84.45   31.19    20.6     0.3    10.5    11.4     0.0    13.95 R    28.6    -1.1    10.8 -9999.0 -9999.0 -9999.0 -99.000 -99.000 -99.000 -99.000 -99.000 -9999.0 -9999.0 -9999.0 -9999.0 -9999.0
63829 20090124  1.302  -84.45   31.19    19.4    10.7    15.0    14.8     0.0     4.51 R    22.4     7.5    14.1 -9999.0 -9999.0 -9999.0 -99.000 -99.000 -99.000 -99.000 -99.000 -9999.0 -9999.0 -9999.0 -9999.0 -9999.0
63829 20090125  1.302  -84.45   31.19    15.7     9.6    12.7    12.3     0.0     4.93 R    21.4     7.9    12.8 -9999.0 -9999.0 -9999.0 -99.000 -99.000 -99.000 -99.000 -99.000 -9999.0 -9999.0 -9999.0 -9999.0 -9999.0
63829 20090126  1.302  -84.45   31.19    22.2     8.9    15.6    14.6     0.0    11.90 R    29.9     7.2    15.1 -9999.0 -9999.0 -9999.0 -99.000 -99.000 -99.000 -99.000 -99.000 -9999.0 -9999.0 -9999.0 -9999.0 -9999.0
63829 20090127  1.302  -84.45   31.19    24.8     8.6    16.7    15.8     0.0    12.42 R    35.6     6.9    16.0 -9999.0 -9999.0 -9999.0 -99.000 -99.000 -99.000 -99.000 -99.000 -9999.0 -9999.0 -9999.0 -9999.0 -9999.0
63829 20090128  1.302  -84.45   31.19    22.2    11.7    17.0    16.1     7.5     6.51 R    27.8     9.7    15.9 -9999.0 -9999.0 -9999.0 -99.000 -99.000 -99.000 -99.000 -99.000 -9999.0 -9999.0 -9999.0 -9999.0 -9999.0
63829 20090129  1.302  -84.45   31.19    14.5     6.3    10.4    10.2     0.3    14.34 R    24.2     3.2    11.7 -9999.0 -9999.0 -9999.0 -99.000 -99.000 -99.000 -99.000 -99.000 -9999.0 -9999.0 -9999.0 -9999.0 -9999.0
63829 20090130  1.302  -84.45   31.19    12.6     0.0     6.3     7.2     0.0    15.68 R    21.3    -1.6     8.0 -9999.0 -9999.0 -9999.0 -99.000 -99.000 -99.000 -99.000 -99.000 -9999.0 -9999.0 -9999.0 -9999.0 -9999.0
63829 20090131  1.302  -84.45   31.19    15.0    -2.7     6.1     5.3     0.0    17.01 R    24.8    -3.7     6.0 -9999.0 -9999.0 -9999.0 -99.000 -99.000 -99.000 -99.000 -99.000 -9999.0 -9999.0 -9999.0 -9999.0 -9999.0
63829 20090201  1.302  -84.45   31.19    18.1    -0.2     9.0     8.7     0.0    14.53 R    29.5    -2.0     9.0 -9999.0 -9999.0 -9999.0 -99.000 -99.000 -99.000 -99.000 -99.000 -9999.0 -9999.0 -9999.0 -9999.0 -9999.0
63829 20090202  1.302  -84.45   31.19    12.9     5.1     9.0     9.1     1.2     3.20 R    15.0     3.2     9.1 -9999.0 -9999.0 -9999.0 -99.000 -99.000 -99.000 -99.000 -99.000 -9999.0 -9999.0 -9999.0 -9999.0 -9999.0
63829 20090203  1.302  -84.45   31.19    12.3     1.0     6.6     6.3     0.0    17.45 R    21.9    -1.0     6.7 -9999.0 -9999.0 -9999.0 -99.000 -99.000 -99.000 -99.000 -99.000 -9999.0 -9999.0 -9999.0 -9999.0 -9999.0
63829 20090204  1.302  -84.45   31.19     6.4    -4.3     1.0     0.3     0.0    17.97 R    15.7    -7.0     1.5 -9999.0 -9999.0 -9999.0 -99.000 -99.000 -99.000 -99.000 -99.000 -9999.0 -9999.0 -9999.0 -9999.0 -9999.0
63829 20090205  1.302  -84.45   31.19     8.4    -8.3     0.1    -0.5     0.0    17.85 R    19.1    -9.8     0.8 -9999.0 -9999.0 -9999.0 -99.000 -99.000 -99.000 -99.000 -99.000 -9999.0 -9999.0 -9999.0 -9999.0 -9999.0
63829 20090206  1.302  -84.45   31.19    16.0    -4.8     5.6     5.0     0.0    16.82 R    25.9    -5.9     5.5 -9999.0 -9999.0 -9999.0 -99.000 -99.000 -99.000 -99.000 -99.000 -9999.0 -9999.0 -9999.0 -9999.0 -9999.0
63829 20090207  1.302  -84.45   31.19    20.3    -2.0     9.1     9.2     0.0    17.73 R    29.1    -3.9     8.8 -9999.0 -9999.0 -9999.0 -99.000 -99.000 -99.000 -99.000 -99.000 -9999.0 -9999.0 -9999.0 -9999.0 -9999.0
63829 20090208  1.302  -84.45   31.19    21.9     1.2    11.5    11.3     0.0    17.04 R    30.9    -0.6    11.4 -9999.0 -9999.0 -9999.0 -99.000 -99.000 -99.000 -99.000 -99.000 -9999.0 -9999.0 -9999.0 -9999.0 -9999.0
63829 20090209  1.302  -84.45   31.19    22.6     4.2    13.4    12.9     0.0    16.10 R    32.8     2.2    12.5 -9999.0 -9999.0 -9999.0 -99.000 -99.000 -99.000 -99.000 -99.000 -9999.0 -9999.0 -9999.0 -9999.0 -9999.0
63829 20090210  1.302  -84.45   31.19    22.7     4.8    13.7    13.9     0.0    16.01 R    32.9     2.6    13.7 -9999.0 -9999.0 -9999.0 -99.000 -99.000 -99.000 -99.000 -99.000 -9999.0 -9999.0 -9999.0 -9999.0 -9999.0
63829 20090211  1.302  -84.45   31.19    24.5    12.4    18.4    18.7     0.0     8.25 R    30.7     9.4    17.6 -9999.0 -9999.0 -9999.0 -99.000 -99.000 -99.000 -99.000 -99.000 -9999.0 -9999.0 -9999.0 -9999.0 -9999.0
63829 20090212  1.302  -84.45   31.19    22.7     5.8    14.2    15.2     0.0    18.32 R    32.9     2.9    14.6 -9999.0 -9999.0 -9999.0 -99.000 -99.000 -99.000 -99.000 -99.000 -9999.0 -9999.0 -9999.0 -9999.0 -9999.0
63829 20090213  1.302  -84.45   31.19    22.8     0.9    11.9    12.1    27.4    16.66 R    33.9    -0.5    13.1 -9999.0 -9999.0 -9999.0 -99.000 -99.000 -99.000 -99.000 -99.000 -9999.0 -9999.0 -9999.0 -9999.0 -9999.0
63829 20090214  1.302  -84.45   31.19    17.2    10.4    13.8    13.8    34.0     2.23 R    19.8    10.2    13.7 -9999.0 -9999.0 -9999.0 -99.000 -99.000 -99.000 -99.000 -99.000 -9999.0 -9999.0 -9999.0 -9999.0 -9999.0
63829 20090215  1.302  -84.45   31.19    16.8     9.6    13.2    13.0     0.5     5.76 R    25.8     7.1    13.0 -9999.0 -9999.0 -9999.0 -99.000 -99.000 -99.000 -99.000 -99.000 -9999.0 -9999.0 -9999.0 -9999.0 -9999.0
63829 20090216  1.302  -84.45   31.19    15.8     2.5     9.2     9.5     0.0    19.36 R    26.1     0.9    10.2 -9999.0 -9999.0 -9999.0 -99.000 -99.000 -99.000 -99.000 -99.000 -9999.0 -9999.0 -9999.0 -9999.0 -9999.0
63829 20090217  1.302  -84.45   31.19    18.0    -0.6     8.7     9.4     0.0    17.96 R    31.0    -2.0    10.8 -9999.0 -9999.0 -9999.0 -99.000 -99.000 -99.000 -99.000 -99.000 -9999.0 -9999.0 -9999.0 -9999.0 -9999.0
63829 20090218  1.302  -84.45   31.19    22.7     8.5    15.6    16.5     5.3     6.52 R    26.5     6.6    15.9 -9999.0 -9999.0 -9999.0 -99.000 -99.000 -99.000 -99.000 -99.000 -9999.0 -9999.0 -9999.0 -9999.0 -9999.0
63829 20090219  1.302  -84.45   31.19    20.0     6.3    13.1    15.1     6.7    19.73 R    27.7     3.7    15.1 -9999.0 -9999.0 -9999.0 -99.000 -99.000 -99.000 -99.000 -99.000 -9999.0 -9999.0 -9999.0 -9999.0 -9999.0
63829 20090220  1.302  -84.45   31.19    11.4    -1.2     5.1     4.9     0.0    20.10 R    23.7    -2.8     6.6 -9999.0 -9999.0 -9999.0 -99.000 -99.000 -99.000 -99.000 -99.000 -9999.0 -9999.0 -9999.0 -9999.0 -9999.0
63829 20090221  1.302  -84.45   31.19    15.3    -4.2     5.5     5.9     0.0    19.44 R    25.6    -5.3     6.9 -9999.0 -9999.0 -9999.0 -99.000 -99.000 -99.000 -99.000 -99.000 -9999.0 -9999.0 -9999.0 -9999.0 -9999.0
63829 20090222  1.302  -84.45   31.19    13.4     4.2     8.8     9.6     0.0    14.50 R    24.2    -0.1     9.9 -9999.0 -9999.0 -9999.0 -99.000 -99.000 -99.000 -99.000 -99.000 -9999.0 -9999.0 -9999.0 -9999.0 -9999.0
63829 20090223  1.302  -84.45   31.19    13.0    -0.4     6.3     5.1     0.0    19.82 R    24.3    -3.2     6.4 -9999.0 -9999.0 -9999.0 -99.000 -99.000 -99.000 -99.000 -99.000 -9999.0 -9999.0 -9999.0 -9999.0 -9999.0
63829 20090224  1.302  -84.45   31.19    15.9    -2.0     6.9     7.2     0.0    16.98 R    29.5    -3.4     8.4 -9999.0 -9999.0 -9999.0 -99.000 -99.000 -99.000 -99.000 -99.000 -9999.0 -9999.0 -9999.0 -9999.0 -9999.0
63829 20090225  1.302  -84.45   31.19    20.9     5.9    13.4    12.7     0.0    17.22 R    32.5     3.8    13.1 -9999.0 -9999.0 -9999.0 -99.000 -99.000 -99.000 -99.000 -99.000 -9999.0 -9999.0 -9999.0 -9999.0 -9999.0
63829 20090226  1.302  -84.45   31.19    23.1     7.8    15.4    14.9     0.0    17.98 R    33.2     5.0    14.4 -9999.0 -9999.0 -9999.0 -99.000 -99.000 -99.000 -99.000 -99.000 -9999.0 -9999.0 -9999.0 -9999.0 -9999.0
63829 20090227  1.302  -84.45   31.19    23.2     8.7    16.0    16.7     0.0    12.33 R    29.8     6.4    16.0 -9999.0 -9999.0 -9999.0 -99.000 -99.000 -99.000 -99.000 -99.000 -9999.0 -9999.0 -9999.0 -9999.0 -9999.0
63829 20090228  1.302  -84.45   31.19    24.4    15.5    20.0    18.8    33.2     6.92 R    30.8    14.0    18.2 -9999.0 -9999.0 -9999.0 -99.000 -99.000 -99.000 -99.000 -99.000 -9999.0 -9999.0 -9999.0 -9999.0 -9999.0
63829 20090301  1.302  -84.45   31.19    16.4     2.9     9.7     5.8     9.5     4.43 R    15.8     2.7     6.3 -9999.0 -9999.0 -9999.0 -99.000 -99.000 -99.000 -99.000 -99.000 -9999.0 -9999.0 -9999.0 -9999.0 -9999.0
63829 20090302  1.302  -84.45   31.19    10.9    -0.6     5.1     4.7     0.0    21.39 R    22.1    -2.3     6.4 -9999.0 -9999.0 -9999.0 -99.000 -99.000 -99.000 -99.000 -99.000 -9999.0 -9999.0 -9999.0 -9999.0 -9999.0
63829 20090303  1.302  -84.45   31.19    10.2    -1.5     4.3     3.9     0.0    21.16 R    21.7    -3.6     5.5 -9999.0 -9999.0 -9999.0 -99.000 -99.000 -99.000 -99.000 -99.000 -9999.0 -9999.0 -9999.0 -9999.0 -9999.0
63829 20090304  1.302  -84.45   31.19    13.8    -2.1     5.8     5.6     0.0    21.13 R    27.7    -3.6     7.5 -9999.0 -9999.0 -9999.0 -99.000 -99.000 -99.000 -99.000 -99.000 -9999.0 -9999.0 -9999.0 -9999.0 -9999.0
63829 20090305  1.302  -84.45   31.19    20.8     0.5    10.6    11.0     0.0    20.18 R    32.8    -1.0    11.6 -9999.0 -9999.0 -9999.0 -99.000 -99.000 -99.000 -99.000 -99.000 -9999.0 -9999.0 -9999.0 -9999.0 -9999.0
63829 20090306  1.302  -84.45   31.19    24.2     5.7    14.9    15.3     0.0    21.31 R    32.7     3.5    15.4 -9999.0 -9999.0 -9999.0 -99.000 -99.000 -99.000 -99.000 -99.000 -9999.0 -9999.0 -9999.0 -9999.0 -9999.0
63829 20090307  1.302  -84.45   31.19    25.0     8.2    16.6    16.0     0.0    18.83 R    33.2     6.2    16.6 -9999.0 -9999.0 -9999.0 -99.000 -99.000 -99.000 -99.000 -99.000 -9999.0 -9999.0 -9999.0 -9999.0 -9999.0
63829 20090308  1.302  -84.45   31.19    25.9     7.6    16.7    17.2     0.0    20.32 R    36.8     5.9    17.0 -9999.0 -9999.0 -9999.0 -99.000 -99.000 -99.000 -99.000 -99.000 -9999.0 -9999.0 -9999.0 -9999.0 -9999.0
63829 20090309  1.302  -84.45   31.19    24.6    11.0    17.8    17.2     0.0    10.78 R    34.4     8.5    17.0 -9999.0 -9999.0 -9999.0 -99.000 -99.000 -99.000 -99.000 -99.000 -9999.0 -9999.0 -9999.0 -9999.0 -9999.0
63829 20090310  1.302  -84.45   31.19    27.4    10.6    19.0    18.6     0.0    20.37 R    36.1     8.9    19.0 -9999.0 -9999.0 -9999.0 -99.000 -99.000 -99.000 -99.000 -99.000 -9999.0 -9999.0 -9999.0 -9999.0 -9999.0
63829 20090311  1.302  -84.45   31.19    25.1     7.7    16.4    16.4     0.0    21.40 R    35.1     6.0    17.2 -9999.0 -9999.0 -9999.0 -99.000 -99.000 -99.000 -99.000 -99.000 -9999.0 -9999.0 -9999.0 -9999.0 -9999.0
63829 20090312  1.302  -84.45   31.19    27.8     9.5    18.7    18.7     0.0    20.20 R    37.1     8.3    19.1 -9999.0 -9999.0 -9999.0 -99.000 -99.000 -99.000 -99.000 -99.000 -9999.0 -9999.0 -9999.0 -9999.0 -9999.0
63829 20090313  1.302  -84.45   31.19    27.3    11.7    19.5    19.0     0.0    17.74 R    38.8     9.8    20.1 -9999.0 -9999.0 -9999.0 -99.000 -99.000 -99.000 -99.000 -99.000 -9999.0 -9999.0 -9999.0 -9999.0 -9999.0
63829 20090314  1.302  -84.45   31.19    25.8    15.8    20.8    19.5     0.0     9.97 R    33.7    15.8    20.2 -9999.0 -9999.0 -9999.0 -99.000 -99.000 -99.000 -99.000 -99.000 -9999.0 -9999.0 -9999.0 -9999.0 -9999.0
63829 20090315  1.302  -84.45   31.19    25.4    17.7    21.6    21.1    13.5     7.90 R    31.9    16.2    20.9 -9999.0 -9999.0 -9999.0 -99.000 -99.000 -99.000 -99.000 -99.000 -9999.0 -9999.0 -9999.0 -9999.0 -9999.0
63829 20090316  1.302  -84.45   31.19    20.5    16.4    18.4    18.4     8.3     3.48 R    21.8    15.9    18.5 -9999.0 -9999.0 -9999.0 -99.000 -99.000 -99.000 -99.000 -99.000 -9999.0 -9999.0 -9999.0 -9999.0 -9999.0
63829 20090317  1.302  -84.45   31.19    19.3    11.3    15.3    15.7     0.0    19.45 R    33.3     9.4    17.3 -9999.0 -9999.0 -9999.0 -99.000 -99.000 -99.000 -99.000 -99.000 -9999.0 -9999.0 -9999.0 -9999.0 -9999.0
63829 20090318  1.302  -84.45   31.19    22.1     9.8    15.9    15.5     0.0    22.16 R    33.4     7.6    17.1 -9999.0 -9999.0 -9999.0 -99.000 -99.000 -99.000 -99.000 -99.000 -9999.0 -9999.0 -9999.0 -9999.0 -9999.0
63829 20090319  1.302  -84.45   31.19    24.3     9.4    16.8    16.2     0.0    22.62 R    36.6     7.8    17.7 -9999.0 -9999.0 -9999.0 -99.000 -99.000 -99.000 -99.000 -99.000 -9999.0 -9999.0 -9999.0 -9999.0 -9999.0
63829 20090320  1.302  -84.45   31.19    21.9    10.0    15.9    15.4     0.0    21.30 R    32.7     6.7    16.1 -9999.0 -9999.0 -9999.0 -99.000 -99.000 -99.000 -99.000 -99.000 -9999.0 -9999.0 -9999.0 -9999.0 -9999.0
63829 20090321  1.302  -84.45   31.19    21.3     7.5    14.4    14.1     0.0    22.87 R    32.4     4.7    14.6 -9999.0 -9999.0 -9999.0 -99.000 -99.000 -99.000 -99.000 -99.000 -9999.0 -9999.0 -9999.0 -9999.0 -9999.0
63829 20090322  1.302  -84.45   31.19    21.1     5.2    13.2    13.6     0.0    23.74 R    32.5     3.5    14.7 -9999.0 -9999.0 -9999.0 -99.000 -99.000 -99.000 -99.000 -99.000 -9999.0 -9999.0 -9999.0 -9999.0 -9999.0
63829 20090323  1.302  -84.45   31.19    23.8     5.8    14.8    15.2     0.0    15.64 R    34.7     3.7    15.6 -9999.0 -9999.0 -9999.0 -99.000 -99.000 -99.000 -99.000 -99.000 -9999.0 -9999.0 -9999.0 -9999.0 -9999.0
63829 20090324  1.302  -84.45   31.19    24.9    12.9    18.9    19.1     0.0    17.60 R    37.6     9.8    19.4 -9999.0 -9999.0 -9999.0 -99.000 -99.000 -99.000 -99.000 -99.000 -9999.0 -9999.0 -9999.0 -9999.0 -9999.0
63829 20090325  1.302  -84.45   31.19    24.3    15.1    19.7    19.2     0.0    15.32 R    34.4    12.0    19.3 -9999.0 -9999.0 -9999.0 -99.000 -99.000 -99.000 -99.000 -99.000 -9999.0 -9999.0 -9999.0 -9999.0 -9999.0
63829 20090326  1.302  -84.45   31.19    20.9    14.3    17.6    16.4    40.6     3.17 R    22.1    11.3    15.8 -9999.0 -9999.0 -9999.0 -99.000 -99.000 -99.000 -99.000 -99.000 -9999.0 -9999.0 -9999.0 -9999.0 -9999.0
63829 20090327  1.302  -84.45   31.19    19.4    14.5    16.9    16.9    23.1     2.65 R    18.4    13.6    16.5 -9999.0 -9999.0 -9999.0 -99.000 -99.000 -99.000 -99.000 -99.000 -9999.0 -9999.0 -9999.0 -9999.0 -9999.0
63829 20090328  1.302  -84.45   31.19    22.3    15.5    18.9    18.7   154.3     0.93 R    20.8    15.1    17.9 -9999.0 -9999.0 -9999.0 -99.000 -99.000 -99.000 -99.000 -99.000 -9999.0 -9999.0 -9999.0 -9999.0 -9999.0
63829 20090329  1.302  -84.45   31.19    19.1     8.5    13.8    14.2     0.0    25.67 R    29.4     6.1    15.6 -9999.0 -9999.0 -9999.0 -99.000 -99.000 -99.000 -99.000 -99.000 -9999.0 -9999.0 -9999.0 -9999.0 -9999.0
63829 20090330  1.302  -84.45   31.19    20.9     5.1    13.0    12.9     0.0    24.46 R    34.0     3.3    15.2 -9999.0 -9999.0 -9999.0 -99.000 -99.000 -99.000 -99.000 -99.000 -9999.0 -9999.0 -9999.0 -9999.0 -9999.0
63829 20090331  1.302  -84.45   31.19    18.5     9.1    13.8    14.5    52.7     3.35 R    20.9     7.6    14.2 -9999.0 -9999.0 -9999.0 -99.000 -99.000 -99.000 -99.000 -99.000 -9999.0 -9999.0 -9999.0 -9999.0 -9999.0
63829 20090401  1.302  -84.45   31.19    21.2    16.3    18.8    18.5     2.0     5.20 R    25.3    15.9    18.6 -9999.0 -9999.0 -9999.0 -99.000 -99.000 -99.000 -99.000 -99.000 -9999.0 -9999.0 -9999.0 -9999.0 -9999.0
63829 20090402  1.302  -84.45   31.19    21.0    17.0    19.0    18.5   121.7     0.25 R    20.4    16.8    18.2 -9999.0 -9999.0 -9999.0 -99.000 -99.000 -99.000 -99.000 -99.000 -9999.0 -9999.0 -9999.0 -9999.0 -9999.0
63829 20090403  1.302  -84.45   31.19    22.8    14.6    18.7    18.5     0.0    25.53 R    33.7    11.8    19.8 -9999.0 -9999.0 -9999.0 -99.000 -99.000 -99.000 -99.000 -99.000 -9999.0 -9999.0 -9999.0 -9999.0 -9999.0
63829 20090404  1.302  -84.45   31.19    23.6     9.2    16.4    16.2     0.0    24.80 R    35.1     7.1    18.3 -9999.0 -9999.0 -9999.0 -99.000 -99.000 -99.000 -99.000 -99.000 -9999.0 -9999.0 -9999.0 -9999.0 -9999.0
63829 20090405  1.302  -84.45   31.19    21.8    12.2    17.0    17.2     3.3     4.84 R    24.7    10.1    17.2 -9999.0 -9999.0 -9999.0 -99.000 -99.000 -99.000 -99.000 -99.000 -9999.0 -9999.0 -9999.0 -9999.0 -9999.0
63829 20090406  1.302  -84.45   31.19    22.1     8.2    15.2    15.1     0.0    25.14 R    28.2     8.5    17.5 -9999.0 -9999.0 -9999.0 -99.000 -99.000 -99.000 -99.000 -99.000 -9999.0 -9999.0 -9999.0 -9999.0 -9999.0
63829 20090407  1.302  -84.45   31.19    12.6     3.9     8.2     7.8     0.0    24.13 R    27.8     2.5    10.3 -9999.0 -9999.0 -9999.0 -99.000 -99.000 -99.000 -99.000 -99.000 -9999.0 -9999.0 -9999.0 -9999.0 -9999.0
63829 20090408  1.302  -84.45   31.19    20.5     2.4    11.4    11.8     0.0    27.07 R    31.7     0.7    14.1 -9999.0 -9999.0 -9999.0 -99.000 -99.000 -99.000 -99.000 -99.000 -9999.0 -9999.0 -9999.0 -9999.0 -9999.0
63829 20090409  1.302  -84.45   31.19    26.0     8.7    17.3    17.7     0.0    24.96 R    36.3     6.6    19.0 -9999.0 -9999.0 -9999.0 -99.000 -99.000 -99.000 -99.000 -99.000 -9999.0 -9999.0 -9999.0 -9999.0 -9999.0
63829 20090410  1.302  -84.45   31.19    26.9    12.5    19.7    20.5     0.0    20.85 R    37.4    10.7    21.6 -9999.0 -9999.0 -9999.0 -99.000 -99.000 -99.000 -99.000 -99.000 -9999.0 -9999.0 -9999.0 -9999.0 -9999.0
63829 20090411  1.302  -84.45   31.19    24.8    16.4    20.6    20.4     0.0    25.41 R    36.5    12.9    22.4 -9999.0 -9999.0 -9999.0 -99.000 -99.000 -99.000 -99.000 -99.000 -9999.0 -9999.0 -9999.0 -9999.0 -9999.0
63829 20090412  1.302  -84.45   31.19    25.8    11.8    18.8    19.1     0.0    25.78 R    38.0     9.3    21.4 -9999.0 -9999.0 -9999.0 -99.000 -99.000 -99.000 -99.000 -99.000 -9999.0 -9999.0 -9999.0 -9999.0 -9999.0
63829 20090413  1.302  -84.45   31.19    20.1    15.7    17.9    17.3    75.1     0.94 R    21.7    15.5    17.0 -9999.0 -9999.0 -9999.0 -99.000 -99.000 -99.000 -99.000 -99.000 -9999.0 -9999.0 -9999.0 -9999.0 -9999.0
63829 20090414  1.302  -84.45   31.19    24.0    11.5    17.7    18.8     0.0    21.08 R    34.3     9.7    19.7 -9999.0 -9999.0 -9999.0 -99.000 -99.000 -99.000 -99.000 -99.000 -9999.0 -9999.0 -9999.0 -9999.0 -9999.0
63829 20090415  1.302  -84.45   31.19    21.6     8.0    14.8    14.2     0.0    24.13 R    32.3     7.0    16.2 -9999.0 -9999.0 -9999.0 -99.000 -99.000 -99.000 -99.000 -99.000 -9999.0 -9999.0 -9999.0 -9999.0 -9999.0
63829 20090416  1.302  -84.45   31.19    23.5     9.9    16.7    16.9     0.0    26.23 R    34.7     8.3    19.3 -9999.0 -9999.0 -9999.0 -99.000 -99.000 -99.000 -99.000 -99.000 -9999.0 -9999.0 -9999.0 -9999.0 -9999.0
63829 20090417  1.302  -84.45   31.19    22.3    13.1    17.7    17.3     0.0    26.91 R    31.1    10.4    18.9 -9999.0 -9999.0 -9999.0 -99.000 -99.000 -99.000 -99.000 -99.000 -9999.0 -9999.0 -9999.0 -9999.0 -9999.0
63829 20090418  1.302  -84.45   31.19    24.5     8.0    16.2    16.7     0.0    25.13 R    36.6     7.0    18.6 -9999.0 -9999.0 -9999.0 -99.000 -99.000 -99.000 -99.000 -99.000 -9999.0 -9999.0 -9999.0 -9999.0 -9999.0
63829 20090419  1.302  -84.45   31.19    25.0    12.4    18.7    19.2     0.0    14.64 R    35.8    11.4    19.8 -9999.0 -9999.0 -9999.0 -99.000 -99.000 -99.000 -99.000 -99.000 -9999.0 -9999.0 -9999.0 -9999.0 -9999.0
63829 20090420  1.302  -84.45   31.19    24.6    15.2    19.9    20.6     0.0    23.33 R    37.3    12.1    22.0 -9999.0 -9999.0 -9999.0 -99.000 -99.000 -99.000 -99.000 -99.000 -9999.0 -9999.0 -9999.0 -9999.0 -9999.0
63829 20090421  1.302  -84.45   31.19    25.6     9.3    17.5    17.6     0.5    22.81 R    36.7     7.6    18.6 -9999.0 -9999.0 -9999.0 -99.000 -99.000 -99.000 -99.000 -99.000 -9999.0 -9999.0 -9999.0 -9999.0 -9999.0
63829 20090422  1.302  -84.45   31.19    25.7     8.7    17.2    18.3     0.0    27.60 R    37.0     6.8    19.7 -9999.0 -9999.0 -9999.0 -99.000 -99.000 -99.000 -99.000 -99.000 -9999.0 -9999.0 -9999.0 -9999.0 -9999.0
63829 20090423  1.302  -84.45   31.19    29.9    16.3    23.1    22.0     0.0    26.27 R    40.9    13.6    23.7 -9999.0 -9999.0 -9999.0 -99.000 -99.000 -99.000 -99.000 -99.000 -9999.0 -9999.0 -9999.0 -9999.0 -9999.0
63829 20090424  1.302  -84.45   31.19    31.0    11.9    21.4    21.8     0.0    27.18 R    43.4    10.8    24.1 -9999.0 -9999.0 -9999.0 -99.000 -99.000 -99.000 -99.000 -99.000 -9999.0 -9999.0 -9999.0 -9999.0 -9999.0
63829 20090425  1.302  -84.45   31.19    30.1    14.2    22.1    22.5     0.0    26.95 R    44.6    12.2    25.0 -9999.0 -9999.0 -9999.0 -99.000 -99.000 -99.000 -99.000 -99.000 -9999.0 -9999.0 -9999.0 -9999.0 -9999.0
63829 20090426  1.302  -84.45   31.19    28.5    13.7    21.1    22.2     0.0    28.32 R    44.5    11.3    25.3 -9999.0 -9999.0 -9999.0 -99.000 -99.000 -99.000 -99.000 -99.000 -9999.0 -9999.0 -9999.0 -9999.0 -9999.0
63829 20090427  1.302  -84.45   31.19    27.8    15.9    21.8    21.9     0.0    24.66 R    46.9    14.0    24.8 -9999.0 -9999.0 -9999.0 -99.000 -99.000 -99.000 -99.000 -99.000 -9999.0 -9999.0 -9999.0 -9999.0 -9999.0
63829 20090428  1.302  -84.45   31.19    27.8    15.8    21.8    21.7     0.0    26.59 R    47.5    13.4    25.6 -9999.0 -9999.0 -9999.0 -99.000 -99.000 -99.000 -99.000 -99.000 -9999.0 -9999.0 -9999.0 -9999.0 -9999.0
63829 20090429  1.302  -84.45   31.19    28.1    14.3    21.2    21.5     0.0    24.16 R    49.1    12.7    25.0 -9999.0 -9999.0 -9999.0 -99.000 -99.000 -99.000 -99.000 -99.000 -9999.0 -9999.0 -9999.0 -9999.0 -9999.0
63829 20090430  1.302  -84.45   31.19    28.6    15.6    22.1    22.3     0.0    26.34 R    50.0    12.8    25.7 -9999.0 -9999.0 -9999.0 -99.000 -99.000 -99.000 -99.000 -99.000 -9999.0 -9999.0 -9999.0 -9999.0 -9999.0
63829 20090501  1.302  -84.45   31.19    29.7    14.4    22.1    22.5     0.0    25.46 R    48.7    12.8    26.1 -9999.0 -9999.0 -9999.0 -99.000 -99.000 -99.000 -99.000 -99.000 -9999.0 -9999.0 -9999.0 -9999.0 -9999.0
63829 20090502  1.302  -84.45   31.19    29.8    16.7    23.3    23.0     0.0    21.39 R    49.4    15.2    26.0 -9999.0 -9999.0 -9999.0 -99.000 -99.000 -99.000 -99.000 -99.000 -9999.0 -9999.0 -9999.0 -9999.0 -9999.0
63829 20090503  1.302  -84.45   31.19    29.8    15.6    22.7    23.4     0.0    21.76 R    48.6    14.5    26.9 -9999.0 -9999.0 -9999.0 -99.000 -99.000 -99.000 -99.000 -99.000 -9999.0 -9999.0 -9999.0 -9999.0 -9999.0
63829 20090504  1.302  -84.45   31.19    25.0    18.4    21.7    21.8     1.8     6.20 R    28.5    18.7    22.4 -9999.0 -9999.0 -9999.0 -99.000 -99.000 -99.000 -99.000 -99.000 -9999.0 -9999.0 -9999.0 -9999.0 -9999.0
63829 20090505  1.302  -84.45   31.19    30.1    20.2    25.1    23.6     2.4    15.11 R    46.3    19.2    25.1 -9999.0 -9999.0 -9999.0 -99.000 -99.000 -99.000 -99.000 -99.000 -9999.0 -9999.0 -9999.0 -9999.0 -9999.0
63829 20090506  1.302  -84.45   31.19    30.8    19.9    25.3    24.4     0.0    23.84 R    46.3    18.6    27.1 -9999.0 -9999.0 -9999.0 -99.000 -99.000 -99.000 -99.000 -99.000 -9999.0 -9999.0 -9999.0 -9999.0 -9999.0
63829 20090507  1.302  -84.45   31.19    29.8    17.4    23.6    22.4     0.0     9.06 R    40.6    16.0    23.3 -9999.0 -9999.0 -9999.0 -99.000 -99.000 -99.000 -99.000 -99.000 -9999.0 -9999.0 -9999.0 -9999.0 -9999.0
63829 20090508  1.302  -84.45   31.19    32.5    18.8    25.6    25.2     0.0    25.62 R    51.8    17.6    28.8 -9999.0 -9999.0 -9999.0 -99.000 -99.000 -99.000 -99.000 -99.000 -9999.0 -9999.0 -9999.0 -9999.0 -9999.0
63829 20090509  1.302  -84.45   31.19    32.1    16.9    24.5    24.7     0.0    22.96 R    48.9    14.8    27.7 -9999.0 -9999.0 -9999.0 -99.000 -99.000 -99.000 -99.000 -99.000 -9999.0 -9999.0 -9999.0 -9999.0 -9999.0
63829 20090510  1.302  -84.45   31.19    31.7    20.3    26.0    25.1     0.0    20.54 R    50.1    18.3    28.2 -9999.0 -9999.0 -9999.0 -99.000 -99.000 -99.000 -99.000 -99.000 -9999.0 -9999.0 -9999.0 -9999.0 -9999.0
63829 20090511  1.302  -84.45   31.19    32.5    18.3    25.4    24.8     0.0    26.15 R    52.1    17.7    28.9 -9999.0 -9999.0 -9999.0 -99.000 -99.000 -99.000 -99.000 -99.000 -9999.0 -9999.0 -9999.0 -9999.0 -9999.0
63829 20090512  1.302  -84.45   31.19    25.0    19.1    22.1    21.5     0.0    17.19 R    47.7    17.7    25.8 -9999.0 -9999.0 -9999.0 -99.000 -99.000 -99.000 -99.000 -99.000 -9999.0 -9999.0 -9999.0 -9999.0 -9999.0
63829 20090513  1.302  -84.45   31.19    28.9    16.5    22.7    23.1     0.0    21.89 R    51.8    15.5    27.8 -9999.0 -9999.0 -9999.0 -99.000 -99.000 -99.000 -99.000 -99.000 -9999.0 -9999.0 -9999.0 -9999.0 -9999.0
63829 20090514  1.302  -84.45   31.19    31.3    18.8    25.1    24.2     0.0    24.01 R    55.3    17.2    29.6 -9999.0 -9999.0 -9999.0 -99.000 -99.000 -99.000 -99.000 -99.000 -9999.0 -9999.0 -9999.0 -9999.0 -9999.0
63829 20090515  1.302  -84.45   31.19    31.3    17.5    24.4    23.1     3.0    20.78 R    56.8    16.6    27.3 -9999.0 -9999.0 -9999.0 -99.000 -99.000 -99.000 -99.000 -99.000 -9999.0 -9999.0 -9999.0 -9999.0 -9999.0
63829 20090516  1.302  -84.45   31.19    30.2    19.7    24.9    23.2     3.2    18.54 R    50.5    18.9    26.8 -9999.0 -9999.0 -9999.0 -99.000 -99.000 -99.000 -99.000 -99.000 -9999.0 -9999.0 -9999.0 -9999.0 -9999.0
63829 20090517  1.302  -84.45   31.19    27.7    18.6    23.1    21.8     1.7    13.83 R    42.8    19.2    23.7 -9999.0 -9999.0 -9999.0 -99.000 -99.000 -99.000 -99.000 -99.000 -9999.0 -9999.0 -9999.0 -9999.0 -9999.0
63829 20090518  1.302  -84.45   31.19    20.9    13.2    17.1    17.1     1.6    17.13 R    35.8    15.0    20.5 -9999.0 -9999.0 -9999.0 -99.000 -99.000 -99.000 -99.000 -99.000 -9999.0 -9999.0 -9999.0 -9999.0 -9999.0
63829 20090519  1.302  -84.45   31.19    22.0    12.2    17.1    17.6     0.0    20.66 R    37.3    10.8    21.3 -9999.0 -9999.0 -9999.0 -99.000 -99.000 -99.000 -99.000 -99.000 -9999.0 -9999.0 -9999.0 -9999.0 -9999.0
63829 20090520  1.302  -84.45   31.19    25.6    17.3    21.4    20.9     0.0    17.93 R    42.3    15.8    23.6 -9999.0 -9999.0 -9999.0 -99.000 -99.000 -99.000 -99.000 -99.000 -9999.0 -9999.0 -9999.0 -9999.0 -9999.0
63829 20090521  1.302  -84.45   31.19    25.0    19.3    22.2    21.7     1.6    10.12 R    34.3    19.2    22.7 -9999.0 -9999.0 -9999.0 -99.000 -99.000 -99.000 -99.000 -99.000 -9999.0 -9999.0 -9999.0 -9999.0 -9999.0
63829 20090522  1.302  -84.45   31.19    25.2    21.2    23.2    22.0    15.7    10.20 R    33.1    20.7    22.9 -9999.0 -9999.0 -9999.0 -99.000 -99.000 -99.000 -99.000 -99.000 -9999.0 -9999.0 -9999.0 -9999.0 -9999.0
63829 20090523  1.302  -84.45   31.19    28.9    20.8    24.9    23.3     3.9    18.32 R    41.2    20.7    25.0 -9999.0 -9999.0 -9999.0 -99.000 -99.000 -99.000 -99.000 -99.000 -9999.0 -9999.0 -9999.0 -9999.0 -9999.0
63829 20090524  1.302  -84.45   31.19    29.0    19.6    24.3    22.3    24.4    16.43 R    44.7    19.6    24.1 -9999.0 -9999.0 -9999.0 -99.000 -99.000 -99.000 -99.000 -99.000 -9999.0 -9999.0 -9999.0 -9999.0 -9999.0
63829 20090525  1.302  -84.45   31.19    28.3    20.3    24.3    23.2     0.0    17.62 R    42.2    19.9    25.5 -9999.0 -9999.0 -9999.0 -99.000 -99.000 -99.000 -99.000 -99.000 -9999.0 -9999.0 -9999.0 -9999.0 -9999.0
63829 20090526  1.302  -84.45   31.19    26.6    19.4    23.0    22.0    48.2    10.17 R    39.6    19.4    23.4 -9999.0 -9999.0 -9999.0 -99.000 -99.000 -99.000 -99.000 -99.000 -9999.0 -9999.0 -9999.0 -9999.0 -9999.0
63829 20090527  1.302  -84.45   31.19    29.5    20.6    25.1    23.7     0.0    19.76 R    41.1    20.2    26.1 -9999.0 -9999.0 -9999.0 -99.000 -99.000 -99.000 -99.000 -99.000 -9999.0 -9999.0 -9999.0 -9999.0 -9999.0
63829 20090528  1.302  -84.45   31.19    30.4    19.0    24.7    24.5     0.0    22.97 R    41.0    18.6    27.0 -9999.0 -9999.0 -9999.0 -99.000 -99.000 -99.000 -99.000 -99.000 -9999.0 -9999.0 -9999.0 -9999.0 -9999.0
63829 20090529  1.302  -84.45   31.19    30.9    21.8    26.3    26.0     0.0    25.39 R    41.4    19.8    28.2 -9999.0 -9999.0 -9999.0 -99.000 -99.000 -99.000 -99.000 -99.000 -9999.0 -9999.0 -9999.0 -9999.0 -9999.0
63829 20090530  1.302  -84.45   31.19    28.8    17.1    23.0    22.9     0.0    27.71 R    43.9    16.3    25.9 -9999.0 -9999.0 -9999.0 -99.000 -99.000 -99.000 -99.000 -99.000 -9999.0 -9999.0 -9999.0 -9999.0 -9999.0
63829 20090531  1.302  -84.45   31.19    32.1    16.7    24.4    24.5     0.0    29.58 R    44.6    15.9    27.7 -9999.0 -9999.0 -9999.0 -99.000 -99.000 -99.000 -99.000 -99.000 -9999.0 -9999.0 -9999.0 -9999.0 -9999.0
63829 20090601  1.302  -84.45   31.19    33.6    18.2    25.9    26.2     0.0    26.13 R    46.2    17.9    28.7 -9999.0 -9999.0 -9999.0 -99.000 -99.000 -99.000 -99.000 -99.000 -9999.0 -9999.0 -9999.0 -9999.0 -9999.0
63829 20090602  1.302  -84.45   31.19    32.7    18.9    25.8    26.0     0.0    28.34 R    46.0    18.2    28.8 -9999.0 -9999.0 -9999.0 -99.000 -99.000 -99.000 -99.000 -99.000 -9999.0 -9999.0 -9999.0 -9999.0 -9999.0
63829 20090603  1.302  -84.45   31.19    29.8    19.1    24.5    23.9     0.0    20.33 R    43.5    18.5    26.5 -9999.0 -9999.0 -9999.0 -99.000 -99.000 -99.000 -99.000 -99.000 -9999.0 -9999.0 -9999.0 -9999.0 -9999.0
63829 20090604  1.302  -84.45   31.19    26.5    20.8    23.7    22.9    17.2    13.39 R    32.1    20.6    24.0 -9999.0 -9999.0 -9999.0 -99.000 -99.000 -99.000 -99.000 -99.000 -9999.0 -9999.0 -9999.0 -9999.0 -9999.0
63829 20090605  1.302  -84.45   31.19    25.9    20.0    22.9    21.9     2.6    10.27 R    35.6    20.3    23.0 -9999.0 -9999.0 -9999.0 -99.000 -99.000 -99.000 -99.000 -99.000 -9999.0 -9999.0 -9999.0 -9999.0 -9999.0
63829 20090606  1.302  -84.45   31.19    28.5    18.2    23.3    22.9     0.0    21.99 R    38.6    18.3    25.5 -9999.0 -9999.0 -9999.0 -99.000 -99.000 -99.000 -99.000 -99.000 -9999.0 -9999.0 -9999.0 -9999.0 -9999.0
63829 20090607  1.302  -84.45   31.19    30.4    20.2    25.3    24.7     0.0    24.60 R    42.7    19.9    27.5 -9999.0 -9999.0 -9999.0 -99.000 -99.000 -99.000 -99.000 -99.000 -9999.0 -9999.0 -9999.0 -9999.0 -9999.0
63829 20090608  1.302  -84.45   31.19    31.6    19.3    25.4    25.6     0.0    24.42 R    44.9    18.8    27.8 -9999.0 -9999.0 -9999.0 -99.000 -99.000 -99.000 -99.000 -99.000 -9999.0 -9999.0 -9999.0 -9999.0 -9999.0
63829 20090609  1.302  -84.45   31.19    32.4    20.6    26.5    26.3     0.0    28.54 R    43.3    20.1    28.8 -9999.0 -9999.0 -9999.0 -99.000 -99.000 -99.000 -99.000 -99.000 -9999.0 -9999.0 -9999.0 -9999.0 -9999.0
63829 20090610  1.302  -84.45   31.19    33.2    19.4    26.3    26.3     0.0    24.03 R    44.0    18.8    28.4 -9999.0 -9999.0 -9999.0 -99.000 -99.000 -99.000 -99.000 -99.000 -9999.0 -9999.0 -9999.0 -9999.0 -9999.0
63829 20090611  1.302  -84.45   31.19    33.9    22.8    28.4    27.9     0.0    24.03 R    45.9    22.1    30.2 -9999.0 -9999.0 -9999.0 -99.000 -99.000 -99.000 -99.000 -99.000 -9999.0 -9999.0 -9999.0 -9999.0 -9999.0
63829 20090612  1.302  -84.45   31.19    34.1    21.1    27.6    28.1     0.0    27.52 R    46.8    20.3    30.7 -9999.0 -9999.0 -9999.0 -99.000 -99.000 -99.000 -99.000 -99.000 -9999.0 -9999.0 -9999.0 -9999.0 -9999.0
63829 20090613  1.302  -84.45   31.19    32.3    20.6    26.5    25.6     0.0    22.67 R    46.1    20.4    28.4 -9999.0 -9999.0 -9999.0 -99.000 -99.000 -99.000 -99.000 -99.000 -9999.0 -9999.0 -9999.0 -9999.0 -9999.0
63829 20090614  1.302  -84.45   31.19    33.5    20.1    26.8    25.5     0.0    19.56 R    47.4    19.7    27.9 -9999.0 -9999.0 -9999.0 -99.000 -99.000 -99.000 -99.000 -99.000 -9999.0 -9999.0 -9999.0 -9999.0 -9999.0
63829 20090615  1.302  -84.45   31.19    33.8    20.5    27.2    27.0     0.2    25.71 R    50.2    20.1    30.5 -9999.0 -9999.0 -9999.0 -99.000 -99.000 -99.000 -99.000 -99.000 -9999.0 -9999.0 -9999.0 -9999.0 -9999.0
63829 20090616  1.302  -84.45   31.19    35.5    22.7    29.1    28.9     0.0    26.73 R    50.9    22.1    32.3 -9999.0 -9999.0 -9999.0 -99.000 -99.000 -99.000 -99.000 -99.000 -9999.0 -9999.0 -9999.0 -9999.0 -9999.0
63829 20090617  1.302  -84.45   31.19    35.8    23.4    29.6    29.6     0.0    24.12 R    53.1    22.6    33.0 -9999.0 -9999.0 -9999.0 -99.000 -99.000 -99.000 -99.000 -99.000 -9999.0 -9999.0 -9999.0 -9999.0 -9999.0
63829 20090618  1.302  -84.45   31.19    35.9    23.8    29.9    29.9     0.0    24.80 R    52.9    23.4    33.3 -9999.0 -9999.0 -9999.0 -99.000 -99.000 -99.000 -99.000 -99.000 -9999.0 -9999.0 -9999.0 -9999.0 -9999.0
63829 20090619  1.302  -84.45   31.19    36.4    22.9    29.7    29.4     0.0    24.67 R    54.5    22.3    33.1 -9999.0 -9999.0 -9999.0 -99.000 -99.000 -99.000 -99.000 -99.000 -9999.0 -9999.0 -9999.0 -9999.0 -9999.0
63829 20090620  1.302  -84.45   31.19    36.3    22.0    29.2    29.5     0.0    25.57 R    54.2    21.6    33.0 -9999.0 -9999.0 -9999.0 -99.000 -99.000 -99.000 -99.000 -99.000 -9999.0 -9999.0 -9999.0 -9999.0 -9999.0
63829 20090621  1.302  -84.45   31.19    36.9    23.0    29.9    30.4     0.0    28.58 R    53.3    22.3    34.0 -9999.0 -9999.0 -9999.0 -99.000 -99.000 -99.000 -99.000 -99.000 -9999.0 -9999.0 -9999.0 -9999.0 -9999.0
63829 20090622  1.302  -84.45   31.19    37.3    22.8    30.1    30.6     0.0    27.88 R    55.6    21.7    34.4 -9999.0 -9999.0 -9999.0 -99.000 -99.000 -99.000 -99.000 -99.000 -9999.0 -9999.0 -9999.0 -9999.0 -9999.0
63829 20090623  1.302  -84.45   31.19    36.1    24.4    30.2    29.0     0.4    23.82 R    56.7    23.5    33.8 -9999.0 -9999.0 -9999.0 -99.000 -99.000 -99.000 -99.000 -99.000 -9999.0 -9999.0 -9999.0 -9999.0 -9999.0
63829 20090624  1.302  -84.45   31.19    35.7    21.6    28.6    28.8     0.0    25.45 R    56.1    21.3    33.1 -9999.0 -9999.0 -9999.0 -99.000 -99.000 -99.000 -99.000 -99.000 -9999.0 -9999.0 -9999.0 -9999.0 -9999.0
63829 20090625  1.302  -84.45   31.19    35.9    21.2    28.6    28.9     0.0    26.32 R    56.8    20.8    33.4 -9999.0 -9999.0 -9999.0 -99.000 -99.000 -99.000 -99.000 -99.000 -9999.0 -9999.0 -9999.0 -9999.0 -9999.0
63829 20090626  1.302  -84.45   31.19    36.2    21.7    28.9    29.2     0.0    26.23 R    55.7    21.2    33.8 -9999.0 -9999.0 -9999.0 -99.000 -99.000 -99.000 -99.000 -99.000 -9999.0 -9999.0 -9999.0 -9999.0 -9999.0
63829 20090627  1.302  -84.45   31.19    36.5    24.0    30.2    30.1     0.0    27.25 R    55.9    23.3    34.6 -9999.0 -9999.0 -9999.0 -99.000 -99.000 -99.000 -99.000 -99.000 -9999.0 -9999.0 -9999.0 -9999.0 -9999.0
63829 20090628  1.302  -84.45   31.19    37.0    23.5    30.3    28.1    10.5    23.16 R    53.9    24.0    32.2 -9999.0 -9999.0 -9999.0 -99.000 -99.000 -99.000 -99.000 -99.000 -9999.0 -9999.0 -9999.0 -9999.0 -9999.0
63829 20090629  1.302  -84.45   31.19    32.8    23.5    28.2    26.6    10.3    15.80 R    45.0    23.8    28.1 -9999.0 -9999.0 -9999.0 -99.000 -99.000 -99.000 -99.000 -99.000 -9999.0 -9999.0 -9999.0 -9999.0 -9999.0
63829 20090630  1.302  -84.45   31.19    33.1    22.6    27.8    27.5     0.0    26.37 R    44.8    21.5    29.8 -9999.0 -9999.0 -9999.0 -99.000 -99.000 -99.000 -99.000 -99.000 -9999.0 -9999.0 -9999.0 -9999.0 -9999.0
63829 20090701  1.302  -84.45   31.19    34.9    21.1    28.0    28.3     0.0    27.64 R    47.5    20.8    30.8 -9999.0 -9999.0 -9999.0 -99.000 -99.000 -99.000 -99.000 -99.000 -9999.0 -9999.0 -9999.0 -9999.0 -9999.0
63829 20090702  1.302  -84.45   31.19    35.3    22.1    28.7    26.4     9.9    18.71 R    48.1    22.4    28.1 -9999.0 -9999.0 -9999.0 -99.000 -99.000 -99.000 -99.000 -99.000 -9999.0 -9999.0 -9999.0 -9999.0 -9999.0
63829 20090703  1.302  -84.45   31.19    34.0    20.9    27.5    26.9     0.0    29.24 R    44.8    20.3    29.6 -9999.0 -9999.0 -9999.0 -99.000 -99.000 -99.000 -99.000 -99.000 -9999.0 -9999.0 -9999.0 -9999.0 -9999.0
63829 20090704  1.302  -84.45   31.19    34.1    19.1    26.6    27.1     0.0    30.03 R    46.9    19.0    29.8 -9999.0 -9999.0 -9999.0 -99.000 -99.000 -99.000 -99.000 -99.000 -9999.0 -9999.0 -9999.0 -9999.0 -9999.0
63829 20090705  1.302  -84.45   31.19    34.0    20.6    27.3    25.9     6.5    17.78 R    44.6    20.6    27.7 -9999.0 -9999.0 -9999.0 -99.000 -99.000 -99.000 -99.000 -99.000 -9999.0 -9999.0 -9999.0 -9999.0 -9999.0
63829 20090706  1.302  -84.45   31.19    26.8    22.4    24.6    23.9    21.4     6.62 R    29.6    22.6    24.4 -9999.0 -9999.0 -9999.0 -99.000 -99.000 -99.000 -99.000 -99.000 -9999.0 -9999.0 -9999.0 -9999.0 -9999.0
63829 20090707  1.302  -84.45   31.19    28.0    22.3    25.2    24.7     0.3    11.11 R    35.5    22.4    25.5 -9999.0 -9999.0 -9999.0 -99.000 -99.000 -99.000 -99.000 -99.000 -9999.0 -9999.0 -9999.0 -9999.0 -9999.0
63829 20090708  1.302  -84.45   31.19    29.7    22.0    25.8    24.9     4.2    17.15 R    40.0    22.2    26.5 -9999.0 -9999.0 -9999.0 -99.000 -99.000 -99.000 -99.000 -99.000 -9999.0 -9999.0 -9999.0 -9999.0 -9999.0
63829 20090709  1.302  -84.45   31.19    31.2    19.6    25.4    23.5    22.6    18.93 R    41.9    19.9    25.6 -9999.0 -9999.0 -9999.0 -99.000 -99.000 -99.000 -99.000 -99.000 -9999.0 -9999.0 -9999.0 -9999.0 -9999.0
63829 20090710  1.302  -84.45   31.19    30.3    20.1    25.2    24.6     0.0    18.46 R    40.4    20.1    26.5 -9999.0 -9999.0 -9999.0 -99.000 -99.000 -99.000 -99.000 -99.000 -9999.0 -9999.0 -9999.0 -9999.0 -9999.0
63829 20090711  1.302  -84.45   31.19    30.8    20.9    25.8    25.6     0.0    22.60 R    42.8    20.6    28.0 -9999.0 -9999.0 -9999.0 -99.000 -99.000 -99.000 -99.000 -99.000 -9999.0 -9999.0 -9999.0 -9999.0 -9999.0
63829 20090712  1.302  -84.45   31.19    32.5    20.9    26.7    26.4     0.0    26.38 R    43.5    20.8    29.1 -9999.0 -9999.0 -9999.0 -99.000 -99.000 -99.000 -99.000 -99.000 -9999.0 -9999.0 -9999.0 -9999.0 -9999.0
63829 20090713  1.302  -84.45   31.19    31.1    22.9    27.0    26.1     0.0    20.32 R    40.4    22.8    27.7 -9999.0 -9999.0 -9999.0 -99.000 -99.000 -99.000 -99.000 -99.000 -9999.0 -9999.0 -9999.0 -9999.0 -9999.0
63829 20090714  1.302  -84.45   31.19    33.3    22.6    27.9    27.3     0.0    22.42 R    44.0    22.4    29.6 -9999.0 -9999.0 -9999.0 -99.000 -99.000 -99.000 -99.000 -99.000 -9999.0 -9999.0 -9999.0 -9999.0 -9999.0
63829 20090715  1.302  -84.45   31.19    34.2    23.1    28.6    27.4    54.7    24.55 R    44.9    22.6    30.1 -9999.0 -9999.0 -9999.0 -99.000 -99.000 -99.000 -99.000 -99.000 -9999.0 -9999.0 -9999.0 -9999.0 -9999.0
63829 20090716  1.302  -84.45   31.19    33.4    23.1    28.3    27.7     0.0    25.84 R    41.6    23.1    29.4 -9999.0 -9999.0 -9999.0 -99.000 -99.000 -99.000 -99.000 -99.000 -9999.0 -9999.0 -9999.0 -9999.0 -9999.0
63829 20090717  1.302  -84.45   31.19    32.0    22.1    27.1    25.1    12.1    17.22 R    40.7    22.3    26.5 -9999.0 -9999.0 -9999.0 -99.000 -99.000 -99.000 -99.000 -99.000 -9999.0 -9999.0 -9999.0 -9999.0 -9999.0
63829 20090718  1.302  -84.45   31.19    30.5    20.2    25.3    25.7     0.0    21.96 R    39.0    19.5    27.1 -9999.0 -9999.0 -9999.0 -99.000 -99.000 -99.000 -99.000 -99.000 -9999.0 -9999.0 -9999.0 -9999.0 -9999.0
63829 20090719  1.302  -84.45   31.19    30.0    17.0    23.5    23.5     0.0    22.38 R    41.0    17.1    25.6 -9999.0 -9999.0 -9999.0 -99.000 -99.000 -99.000 -99.000 -99.000 -9999.0 -9999.0 -9999.0 -9999.0 -9999.0
63829 20090720  1.302  -84.45   31.19    29.0    18.3    23.7    23.7     0.0    29.38 R    39.5    17.8    26.3 -9999.0 -9999.0 -9999.0 -99.000 -99.000 -99.000 -99.000 -99.000 -9999.0 -9999.0 -9999.0 -9999.0 -9999.0
63829 20090721  1.302  -84.45   31.19    30.7    14.8    22.8    22.9     0.0    29.23 R    41.7    14.7    25.7 -9999.0 -9999.0 -9999.0 -99.000 -99.000 -99.000 -99.000 -99.000 -9999.0 -9999.0 -9999.0 -9999.0 -9999.0
63829 20090722  1.302  -84.45   31.19    31.4    16.9    24.2    24.4     0.0    27.99 R    42.1    16.8    26.8 -9999.0 -9999.0 -9999.0 -99.000 -99.000 -99.000 -99.000 -99.000 -9999.0 -9999.0 -9999.0 -9999.0 -9999.0
63829 20090723  1.302  -84.45   31.19    32.0    19.0    25.5    25.3     0.0    20.56 R    42.6    18.9    26.8 -9999.0 -9999.0 -9999.0 -99.000 -99.000 -99.000 -99.000 -99.000 -9999.0 -9999.0 -9999.0 -9999.0 -9999.0
63829 20090724  1.302  -84.45   31.19    32.0    21.0    26.5    25.9     0.0    23.28 R    41.3    20.6    27.8 -9999.0 -9999.0 -9999.0 -99.000 -99.000 -99.000 -99.000 -99.000 -9999.0 -9999.0 -9999.0 -9999.0 -9999.0
63829 20090725  1.302  -84.45   31.19    32.3    20.0    26.1    25.9     0.0    23.36 R    43.3    19.4    27.9 -9999.0 -9999.0 -9999.0 -99.000 -99.000 -99.000 -99.000 -99.000 -9999.0 -9999.0 -9999.0 -9999.0 -9999.0
63829 20090726  1.302  -84.45   31.19    32.5    21.7    27.1    26.5     0.0    21.34 R    44.7    21.3    28.5 -9999.0 -9999.0 -9999.0 -99.000 -99.000 -99.000 -99.000 -99.000 -9999.0 -9999.0 -9999.0 -9999.0 -9999.0
63829 20090727  1.302  -84.45   31.19    33.8    20.8    27.3    27.0     0.0    25.45 R    45.4    20.6    29.3 -9999.0 -9999.0 -9999.0 -99.000 -99.000 -99.000 -99.000 -99.000 -9999.0 -9999.0 -9999.0 -9999.0 -9999.0
63829 20090728  1.302  -84.45   31.19    33.0    21.5    27.3    25.4     9.1    17.19 R    46.3    21.0    27.0 -9999.0 -9999.0 -9999.0 -99.000 -99.000 -99.000 -99.000 -99.000 -9999.0 -9999.0 -9999.0 -9999.0 -9999.0
63829 20090729  1.302  -84.45   31.19    31.5    22.0    26.8    24.5     5.0    16.35 R    39.6    22.2    25.7 -9999.0 -9999.0 -9999.0 -99.000 -99.000 -99.000 -99.000 -99.000 -9999.0 -9999.0 -9999.0 -9999.0 -9999.0
63829 20090730  1.302  -84.45   31.19    33.2    22.2    27.7    26.6     0.0    22.96 R    42.7    22.0    28.3 -9999.0 -9999.0 -9999.0 -99.000 -99.000 -99.000 -99.000 -99.000 -9999.0 -9999.0 -9999.0 -9999.0 -9999.0
63829 20090731  1.302  -84.45   31.19    32.9    22.8    27.8    25.8     1.9    16.25 R    41.9    22.6    27.0 -9999.0 -9999.0 -9999.0 -99.000 -99.000 -99.000 -99.000 -99.000 -9999.0 -9999.0 -9999.0 -9999.0 -9999.0
63829 20090801  1.302  -84.45   31.19    30.8    22.3    26.5    25.4     0.0    15.07 R    39.4    22.3    26.8 -9999.0 -9999.0 -9999.0 -99.000 -99.000 -99.000 -99.000 -99.000 -9999.0 -9999.0 -9999.0 -9999.0 -9999.0
63829 20090802  1.302  -84.45   31.19    29.9    22.8    26.3    25.0     3.9    13.55 R    37.1    23.0    26.1 -9999.0 -9999.0 -9999.0 -99.000 -99.000 -99.000 -99.000 -99.000 -9999.0 -9999.0 -9999.0 -9999.0 -9999.0
63829 20090803  1.302  -84.45   31.19    31.9    22.2    27.0    25.7     1.8    18.01 R    41.3    22.3    27.3 -9999.0 -9999.0 -9999.0 -99.000 -99.000 -99.000 -99.000 -99.000 -9999.0 -9999.0 -9999.0 -9999.0 -9999.0
63829 20090804  1.302  -84.45   31.19    33.9    21.5    27.7    26.7     0.0    24.94 R    44.3    21.4    29.0 -9999.0 -9999.0 -9999.0 -99.000 -99.000 -99.000 -99.000 -99.000 -9999.0 -9999.0 -9999.0 -9999.0 -9999.0
63829 20090805  1.302  -84.45   31.19    34.0    21.2    27.6    25.9     0.0    19.67 R    43.7    21.2    27.8 -9999.0 -9999.0 -9999.0 -99.000 -99.000 -99.000 -99.000 -99.000 -9999.0 -9999.0 -9999.0 -9999.0 -9999.0
63829 20090806  1.302  -84.45   31.19    32.1    20.3    26.2    25.7     0.0    20.94 R    41.8    20.5    27.7 -9999.0 -9999.0 -9999.0 -99.000 -99.000 -99.000 -99.000 -99.000 -9999.0 -9999.0 -9999.0 -9999.0 -9999.0
63829 20090807  1.302  -84.45   31.19    33.8    20.8    27.3    26.5     8.7    23.02 R    46.0    20.7    29.0 -9999.0 -9999.0 -9999.0 -99.000 -99.000 -99.000 -99.000 -99.000 -9999.0 -9999.0 -9999.0 -9999.0 -9999.0
63829 20090808  1.302  -84.45   31.19    33.5    21.8    27.7    26.4     0.0    21.63 R    44.0    21.9    28.7 -9999.0 -9999.0 -9999.0 -99.000 -99.000 -99.000 -99.000 -99.000 -9999.0 -9999.0 -9999.0 -9999.0 -9999.0
63829 20090809  1.302  -84.45   31.19    34.2    21.9    28.0    26.3     0.8    21.10 R    44.2    21.8    28.2 -9999.0 -9999.0 -9999.0 -99.000 -99.000 -99.000 -99.000 -99.000 -9999.0 -9999.0 -9999.0 -9999.0 -9999.0
63829 20090810  1.302  -84.45   31.19    34.0    22.0    28.0    26.6     3.0    18.48 R    44.5    22.0    28.3 -9999.0 -9999.0 -9999.0 -99.000 -99.000 -99.000 -99.000 -99.000 -9999.0 -9999.0 -9999.0 -9999.0 -9999.0
63829 20090811  1.302  -84.45   31.19    33.6    22.3    28.0    27.8     0.0    23.46 R    42.6    22.4    29.5 -9999.0 -9999.0 -9999.0 -99.000 -99.000 -99.000 -99.000 -99.000 -9999.0 -9999.0 -9999.0 -9999.0 -9999.0
63829 20090812  1.302  -84.45   31.19    33.3    21.3    27.3    26.4    46.5    24.19 R    45.7    21.3    28.8 -9999.0 -9999.0 -9999.0 -99.000 -99.000 -99.000 -99.000 -99.000 -9999.0 -9999.0 -9999.0 -9999.0 -9999.0
63829 20090813  1.302  -84.45   31.19    30.8    21.4    26.1    25.1     0.0    20.79 R    41.7    21.7    27.5 -9999.0 -9999.0 -9999.0 -99.000 -99.000 -99.000 -99.000 -99.000 -9999.0 -9999.0 -9999.0 -9999.0 -9999.0
63829 20090814  1.302  -84.45   31.19    31.7    21.8    26.7    25.0     7.7    20.32 R    43.4    21.7    27.4 -9999.0 -9999.0 -9999.0 -99.000 -99.000 -99.000 -99.000 -99.000 -9999.0 -9999.0 -9999.0 -9999.0 -9999.0
63829 20090815  1.302  -84.45   31.19    29.8    21.4    25.6    24.0    23.4    15.43 R    37.0    21.3    25.5 -9999.0 -9999.0 -9999.0 -99.000 -99.000 -99.000 -99.000 -99.000 -9999.0 -9999.0 -9999.0 -9999.0 -9999.0
63829 20090816  1.302  -84.45   31.19    31.1    22.5    26.8    25.6     0.3    20.36 R    40.2    22.5    27.2 -9999.0 -9999.0 -9999.0 -99.000 -99.000 -99.000 -99.000 -99.000 -9999.0 -9999.0 -9999.0 -9999.0 -9999.0
63829 20090817  1.302  -84.45   31.19    31.0    22.4    26.7    25.2    15.1    13.43 R    40.8    22.3    26.6 -9999.0 -9999.0 -9999.0 -99.000 -99.000 -99.000 -99.000 -99.000 -9999.0 -9999.0 -9999.0 -9999.0 -9999.0
63829 20090818  1.302  -84.45   31.19    32.4    22.1    27.3    26.3     0.0    25.16 R    42.6    21.9    28.7 -9999.0 -9999.0 -9999.0 -99.000 -99.000 -99.000 -99.000 -99.000 -9999.0 -9999.0 -9999.0 -9999.0 -9999.0
63829 20090819  1.302  -84.45   31.19    32.0    21.8    26.9    25.6     0.0    18.38 R    42.1    21.8    27.4 -9999.0 -9999.0 -9999.0 -99.000 -99.000 -99.000 -99.000 -99.000 -9999.0 -9999.0 -9999.0 -9999.0 -9999.0
63829 20090820  1.302  -84.45   31.19    32.9    21.8    27.4    26.4     0.0    22.09 R    41.3    21.6    28.2 -9999.0 -9999.0 -9999.0 -99.000 -99.000 -99.000 -99.000 -99.000 -9999.0 -9999.0 -9999.0 -9999.0 -9999.0
63829 20090821  1.302  -84.45   31.19    31.5    22.6    27.1    25.6     9.3    17.30 R    41.4    22.6    27.1 -9999.0 -9999.0 -9999.0 -99.000 -99.000 -99.000 -99.000 -99.000 -9999.0 -9999.0 -9999.0 -9999.0 -9999.0
63829 20090822  1.302  -84.45   31.19    30.1    20.7    25.4    25.0     0.0    19.39 R    38.8    19.5    26.2 -9999.0 -9999.0 -9999.0 -99.000 -99.000 -99.000 -99.000 -99.000 -9999.0 -9999.0 -9999.0 -9999.0 -9999.0
63829 20090823  1.302  -84.45   31.19    28.6    16.8    22.7    22.4     0.0    26.70 R    37.9    16.8    24.5 -9999.0 -9999.0 -9999.0 -99.000 -99.000 -99.000 -99.000 -99.000 -9999.0 -9999.0 -9999.0 -9999.0 -9999.0
63829 20090824  1.302  -84.45   31.19    29.4    15.8    22.6    22.1     0.0    23.00 R    39.8    15.7    24.3 -9999.0 -9999.0 -9999.0 -99.000 -99.000 -99.000 -99.000 -99.000 -9999.0 -9999.0 -9999.0 -9999.0 -9999.0
63829 20090825  1.302  -84.45   31.19    31.1    16.4    23.7    24.0     0.0    26.36 R    41.0    15.7    26.1 -9999.0 -9999.0 -9999.0 -99.000 -99.000 -99.000 -99.000 -99.000 -9999.0 -9999.0 -9999.0 -9999.0 -9999.0
63829 20090826  1.302  -84.45   31.19    31.5    20.2    25.9    24.8     2.0    19.36 R    42.9    19.8    27.0 -9999.0 -9999.0 -9999.0 -99.000 -99.000 -99.000 -99.000 -99.000 -9999.0 -9999.0 -9999.0 -9999.0 -9999.0
63829 20090827  1.302  -84.45   31.19    25.2    21.8    23.5    23.0    20.4     4.84 R    27.0    21.8    23.6 -9999.0 -9999.0 -9999.0 -99.000 -99.000 -99.000 -99.000 -99.000 -9999.0 -9999.0 -9999.0 -9999.0 -9999.0
63829 20090828  1.302  -84.45   31.19    29.5    22.7    26.1    25.0     2.8    20.58 R    39.7    22.8    27.1 -9999.0 -9999.0 -9999.0 -99.000 -99.000 -99.000 -99.000 -99.000 -9999.0 -9999.0 -9999.0 -9999.0 -9999.0
63829 20090829  1.302  -84.45   31.19    30.9    20.3    25.6    25.2     0.0    24.61 R    39.9    20.4    27.2 -9999.0 -9999.0 -9999.0 -99.000 -99.000 -99.000 -99.000 -99.000 -9999.0 -9999.0 -9999.0 -9999.0 -9999.0
63829 20090830  1.302  -84.45   31.19    32.0    20.7    26.3    25.2     7.1    19.88 R    40.8    20.7    26.9 -9999.0 -9999.0 -9999.0 -99.000 -99.000 -99.000 -99.000 -99.000 -9999.0 -9999.0 -9999.0 -9999.0 -9999.0
63829 20090831  1.302  -84.45   31.19    30.2    22.0    26.1    24.4    32.6    14.74 R    36.2    22.0    25.4 -9999.0 -9999.0 -9999.0 -99.000 -99.000 -99.000 -99.000 -99.000 -9999.0 -9999.0 -9999.0 -9999.0 -9999.0
63829 20090901  1.302  -84.45   31.19    28.7    22.1    25.4    24.3     0.0    12.08 R    37.5    22.4    25.7 -9999.0 -9999.0 -9999.0 -99.000 -99.000 -99.000 -99.000 -99.000 -9999.0 -9999.0 -9999.0 -9999.0 -9999.0
63829 20090902  1.302  -84.45   31.19    25.5    20.6    23.0    22.9     3.5     6.99 R    29.0    20.5    23.6 -9999.0 -9999.0 -9999.0 -99.000 -99.000 -99.000 -99.000 -99.000 -9999.0 -9999.0 -9999.0 -9999.0 -9999.0
63829 20090903  1.302  -84.45   31.19    29.7    18.6    24.2    23.6     0.0    23.31 R    39.4    18.6    25.9 -9999.0 -9999.0 -9999.0 -99.000 -99.000 -99.000 -99.000 -99.000 -9999.0 -9999.0 -9999.0 -9999.0 -9999.0
63829 20090904  1.302  -84.45   31.19    30.8    20.7    25.7    25.3     0.0    22.76 R    40.5    20.4    27.2 -9999.0 -9999.0 -9999.0 -99.000 -99.000 -99.000 -99.000 -99.000 -9999.0 -9999.0 -9999.0 -9999.0 -9999.0
63829 20090905  1.302  -84.45   31.19    31.3    19.6    25.4    24.8     0.0    23.93 R    40.1    19.4    26.9 -9999.0 -9999.0 -9999.0 -99.000 -99.000 -99.000 -99.000 -99.000 -9999.0 -9999.0 -9999.0 -9999.0 -9999.0
63829 20090906  1.302  -84.45   31.19    30.2    18.9    24.5    24.4     0.0    22.03 R    39.8    18.5    26.4 -9999.0 -9999.0 -9999.0 -99.000 -99.000 -99.000 -99.000 -99.000 -9999.0 -9999.0 -9999.0 -9999.0 -9999.0
63829 20090907  1.302  -84.45   31.19    28.6    18.7    23.7    24.0     0.0    15.05 R    38.4    18.2    25.4 -9999.0 -9999.0 -9999.0 -99.000 -99.000 -99.000 -99.000 -99.000 -9999.0 -9999.0 -9999.0 -9999.0 -9999.0
63829 20090908  1.302  -84.45   31.19    31.5    16.6    24.1    23.7     0.0    23.99 R    39.9    17.2    26.0 -9999.0 -9999.0 -9999.0 -99.000 -99.000 -99.000 -99.000 -99.000 -9999.0 -9999.0 -9999.0 -9999.0 -9999.0
63829 20090909  1.302  -84.45   31.19    32.4    18.4    25.4    25.1     0.0    23.32 R    41.5    18.3    27.0 -9999.0 -9999.0 -9999.0 -99.000 -99.000 -99.000 -99.000 -99.000 -9999.0 -9999.0 -9999.0 -9999.0 -9999.0
63829 20090910  1.302  -84.45   31.19    30.6    21.1    25.8    25.5     0.0    20.42 R    40.1    20.7    27.2 -9999.0 -9999.0 -9999.0 -99.000 -99.000 -99.000 -99.000 -99.000 -9999.0 -9999.0 -9999.0 -9999.0 -9999.0
63829 20090911  1.302  -84.45   31.19    30.5    20.6    25.6    25.2     0.0    20.04 R    40.1    20.1    26.9 -9999.0 -9999.0 -9999.0 -99.000 -99.000 -99.000 -99.000 -99.000 -9999.0 -9999.0 -9999.0 -9999.0 -9999.0
63829 20090912  1.302  -84.45   31.19    28.5    21.0    24.8    24.2     1.0    11.91 R    35.4    20.8    25.4 -9999.0 -9999.0 -9999.0 -99.000 -99.000 -99.000 -99.000 -99.000 -9999.0 -9999.0 -9999.0 -9999.0 -9999.0
63829 20090913  1.302  -84.45   31.19    30.4    22.6    26.5    25.5     0.0    14.26 R    39.8    22.7    26.8 -9999.0 -9999.0 -9999.0 -99.000 -99.000 -99.000 -99.000 -99.000 -9999.0 -9999.0 -9999.0 -9999.0 -9999.0
63829 20090914  1.302  -84.45   31.19    30.4    22.3    26.4    25.1     6.8    12.06 R    38.9    22.5    26.2 -9999.0 -9999.0 -9999.0 -99.000 -99.000 -99.000 -99.000 -99.000 -9999.0 -9999.0 -9999.0 -9999.0 -9999.0
63829 20090915  1.302  -84.45   31.19    30.1    21.7    25.9    25.0     0.0    16.34 R    37.6    21.5    26.2 -9999.0 -9999.0 -9999.0 -99.000 -99.000 -99.000 -99.000 -99.000 -9999.0 -9999.0 -9999.0 -9999.0 -9999.0
63829 20090916  1.302  -84.45   31.19    28.4    21.8    25.1    24.6     2.1     8.87 R    34.6    21.4    25.5 -9999.0 -9999.0 -9999.0 -99.000 -99.000 -99.000 -99.000 -99.000 -9999.0 -9999.0 -9999.0 -9999.0 -9999.0
63829 20090917  1.302  -84.45   31.19    27.3    22.4    24.8    24.4     0.0     7.85 R    31.3    22.1    24.9 -9999.0 -9999.0 -9999.0 -99.000 -99.000 -99.000 -99.000 -99.000 -9999.0 -9999.0 -9999.0 -9999.0 -9999.0
63829 20090918  1.302  -84.45   31.19    30.6    21.7    26.1    25.4     0.0    13.45 R    39.6    21.4    26.6 -9999.0 -9999.0 -9999.0 -99.000 -99.000 -99.000 -99.000 -99.000 -9999.0 -9999.0 -9999.0 -9999.0 -9999.0
63829 20090919  1.302  -84.45   31.19    32.1    21.7    26.9    25.2    63.3    15.62 R    41.6    21.6    26.5 -9999.0 -9999.0 -9999.0 -99.000 -99.000 -99.000 -99.000 -99.000 -9999.0 -9999.0 -9999.0 -9999.0 -9999.0
63829 20090920  1.302  -84.45   31.19    31.4    21.6    26.5    25.7     0.0    18.24 R    38.2    21.4    26.8 -9999.0 -9999.0 -9999.0 -99.000 -99.000 -99.000 -99.000 -99.000 -9999.0 -9999.0 -9999.0 -9999.0 -9999.0
63829 20090921  1.302  -84.45   31.19    32.0    23.0    27.5    26.2    16.0    17.24 R    39.3    22.6    27.5 -9999.0 -9999.0 -9999.0 -99.000 -99.000 -99.000 -99.000 -99.000 -9999.0 -9999.0 -9999.0 -9999.0 -9999.0
63829 20090922  1.302  -84.45   31.19    31.1    22.0    26.5    25.5     0.0    19.79 R    38.3    21.7    26.8 -9999.0 -9999.0 -9999.0 -99.000 -99.000 -99.000 -99.000 -99.000 -9999.0 -9999.0 -9999.0 -9999.0 -9999.0
63829 20090923  1.302  -84.45   31.19    31.6    21.2    26.4    25.5     0.0    20.27 R    39.3    20.9    26.9 -9999.0 -9999.0 -9999.0 -99.000 -99.000 -99.000 -99.000 -99.000 -9999.0 -9999.0 -9999.0 -9999.0 -9999.0
63829 20090924  1.302  -84.45   31.19    31.8    21.8    26.8    25.9     0.0    17.26 R    39.2    21.5    27.2 -9999.0 -9999.0 -9999.0 -99.000 -99.000 -99.000 -99.000 -99.000 -9999.0 -9999.0 -9999.0 -9999.0 -9999.0
63829 20090925  1.302  -84.45   31.19    32.3    21.9    27.1    26.3     0.0    21.74 R    40.2    21.5    28.0 -9999.0 -9999.0 -9999.0 -99.000 -99.000 -99.000 -99.000 -99.000 -9999.0 -9999.0 -9999.0 -9999.0 -9999.0
63829 20090926  1.302  -84.45   31.19    32.5    21.5    27.0    25.8     3.5    18.00 R    38.7    21.2    26.8 -9999.0 -9999.0 -9999.0 -99.000 -99.000 -99.000 -99.000 -99.000 -9999.0 -9999.0 -9999.0 -9999.0 -9999.0
63829 20090927  1.302  -84.45   31.19    29.4    17.7    23.5    23.6     0.0    17.99 R    36.1    17.2    24.4 -9999.0 -9999.0 -9999.0 -99.000 -99.000 -99.000 -99.000 -99.000 -9999.0 -9999.0 -9999.0 -9999.0 -9999.0
63829 20090928  1.302  -84.45   31.19    31.8    16.0    23.9    24.3     0.8    19.10 R    36.5    15.7    24.6 -9999.0 -9999.0 -9999.0 -99.000 -99.000 -99.000 -99.000 -99.000 -9999.0 -9999.0 -9999.0 -9999.0 -9999.0
63829 20090929  1.302  -84.45   31.19    25.8    12.3    19.0    20.1     0.0    22.28 R    32.5    11.7    20.6 -9999.0 -9999.0 -9999.0 -99.000 -99.000 -99.000 -99.000 -99.000 -9999.0 -9999.0 -9999.0 -9999.0 -9999.0
63829 20090930  1.302  -84.45   31.19    24.9    10.2    17.6    16.9     0.0    22.04 R    32.5    10.0    18.5 -9999.0 -9999.0 -9999.0 -99.000 -99.000 -99.000 -99.000 -99.000 -9999.0 -9999.0 -9999.0 -9999.0 -9999.0
63829 20091001  1.302  -84.45   31.19    27.0    10.7    18.9    18.0     0.0    22.04 R    34.7    10.0    19.6 -9999.0 -9999.0 -9999.0 -99.000 -99.000 -99.000 -99.000 -99.000 -9999.0 -9999.0 -9999.0 -9999.0 -9999.0
63829 20091002  1.302  -84.45   31.19    26.5    13.2    19.9    19.2     0.0    11.89 R    32.6    12.7    20.1 -9999.0 -9999.0 -9999.0 -99.000 -99.000 -99.000 -99.000 -99.000 -9999.0 -9999.0 -9999.0 -9999.0 -9999.0
63829 20091003  1.302  -84.45   31.19    28.9    15.3    22.1    21.5     0.0    19.44 R    36.4    15.0    22.5 -9999.0 -9999.0 -9999.0 -99.000 -99.000 -99.000 -99.000 -99.000 -9999.0 -9999.0 -9999.0 -9999.0 -9999.0
63829 20091004  1.302  -84.45   31.19    27.2    17.0    22.1    21.7     0.0    10.93 R    38.3    16.2    22.6 -9999.0 -9999.0 -9999.0 -99.000 -99.000 -99.000 -99.000 -99.000 -9999.0 -9999.0 -9999.0 -9999.0 -9999.0
63829 20091005  1.302  -84.45   31.19    28.7    19.5    24.1    23.5    15.9     9.17 R    32.6    20.2    24.1 -9999.0 -9999.0 -9999.0 -99.000 -99.000 -99.000 -99.000 -99.000 -9999.0 -9999.0 -9999.0 -9999.0 -9999.0
63829 20091006  1.302  -84.45   31.19    28.6    18.8    23.7    22.5     0.0    13.54 R    36.8    19.5    24.3 -9999.0 -9999.0 -9999.0 -99.000 -99.000 -99.000 -99.000 -99.000 -9999.0 -9999.0 -9999.0 -9999.0 -9999.0
63829 20091007  1.302  -84.45   31.19    32.8    22.2    27.5    26.7     0.0    17.27 R    40.5    21.2    27.4 -9999.0 -9999.0 -9999.0 -99.000 -99.000 -99.000 -99.000 -99.000 -9999.0 -9999.0 -9999.0 -9999.0 -9999.0
63829 20091008  1.302  -84.45   31.19    32.1    21.1    26.6    25.9     0.0    17.52 R    43.0    20.7    27.9 -9999.0 -9999.0 -9999.0 -99.000 -99.000 -99.000 -99.000 -99.000 -9999.0 -9999.0 -9999.0 -9999.0 -9999.0
63829 20091009  1.302  -84.45   31.19    33.0    23.3    28.1    26.9     0.5    14.20 R    40.5    22.2    27.5 -9999.0 -9999.0 -9999.0 -99.000 -99.000 -99.000 -99.000 -99.000 -9999.0 -9999.0 -9999.0 -9999.0 -9999.0
63829 20091010  1.302  -84.45   31.19    30.4    22.3    26.3    25.4     0.0    12.49 R    39.5    21.7    26.1 -9999.0 -9999.0 -9999.0 -99.000 -99.000 -99.000 -99.000 -99.000 -9999.0 -9999.0 -9999.0 -9999.0 -9999.0
63829 20091011  1.302  -84.45   31.19    30.3    20.1    25.2    24.6     0.0    17.55 R    40.3    19.5    26.9 -9999.0 -9999.0 -9999.0 -99.000 -99.000 -99.000 -99.000 -99.000 -9999.0 -9999.0 -9999.0 -9999.0 -9999.0
63829 20091012  1.302  -84.45   31.19    32.6    20.9    26.8    24.7     9.4    11.61 R    39.7    21.3    25.7 -9999.0 -9999.0 -9999.0 -99.000 -99.000 -99.000 -99.000 -99.000 -9999.0 -9999.0 -9999.0 -9999.0 -9999.0
63829 20091013  1.302  -84.45   31.19    22.0    18.9    20.4    20.0     0.0     6.28 R    27.7    19.7    21.7 -9999.0 -9999.0 -9999.0 -99.000 -99.000 -99.000 -99.000 -99.000 -9999.0 -9999.0 -9999.0 -9999.0 -9999.0
63829 20091014  1.302  -84.45   31.19    26.2    19.5    22.9    21.9    12.4     6.50 R    31.1    20.0    22.6 -9999.0 -9999.0 -9999.0 -99.000 -99.000 -99.000 -99.000 -99.000 -9999.0 -9999.0 -9999.0 -9999.0 -9999.0
63829 20091015  1.302  -84.45   31.19    29.6    19.8    24.7    23.3    15.7     8.76 R    36.0    19.5    24.1 -9999.0 -9999.0 -9999.0 -99.000 -99.000 -99.000 -99.000 -99.000 -9999.0 -9999.0 -9999.0 -9999.0 -9999.0
63829 20091016  1.302  -84.45   31.19    23.0    12.1    17.5    18.5    13.6     7.02 R    26.3    12.5    19.4 -9999.0 -9999.0 -9999.0 -99.000 -99.000 -99.000 -99.000 -99.000 -9999.0 -9999.0 -9999.0 -9999.0 -9999.0
63829 20091017  1.302  -84.45   31.19    12.5     7.1     9.8    10.1     0.0     8.32 R    19.1     7.2    11.3 -9999.0 -9999.0 -9999.0 -99.000 -99.000 -99.000 -99.000 -99.000 -9999.0 -9999.0 -9999.0 -9999.0 -9999.0
63829 20091018  1.302  -84.45   31.19    15.5     4.3     9.9     9.2     0.0    20.03 R    26.1     4.6    11.3 -9999.0 -9999.0 -9999.0 -99.000 -99.000 -99.000 -99.000 -99.000 -9999.0 -9999.0 -9999.0 -9999.0 -9999.0
63829 20091019  1.302  -84.45   31.19    18.4     2.2    10.3     9.7     0.0    19.82 R    29.1     2.0    12.1 -9999.0 -9999.0 -9999.0 -99.000 -99.000 -99.000 -99.000 -99.000 -9999.0 -9999.0 -9999.0 -9999.0 -9999.0
63829 20091020  1.302  -84.45   31.19    22.3     4.2    13.2    12.8     0.0    19.26 R    32.0     3.6    14.7 -9999.0 -9999.0 -9999.0 -99.000 -99.000 -99.000 -99.000 -99.000 -9999.0 -9999.0 -9999.0 -9999.0 -9999.0
63829 20091021  1.302  -84.45   31.19    26.0     8.9    17.4    17.0     0.0    18.60 R    35.5     8.2    18.3 -9999.0 -9999.0 -9999.0 -99.000 -99.000 -99.000 -99.000 -99.000 -9999.0 -9999.0 -9999.0 -9999.0 -9999.0
63829 20091022  1.302  -84.45   31.19    28.1    13.7    20.9    20.3     0.0    15.99 R    38.1    12.6    20.9 -9999.0 -9999.0 -9999.0 -99.000 -99.000 -99.000 -99.000 -99.000 -9999.0 -9999.0 -9999.0 -9999.0 -9999.0
63829 20091023  1.302  -84.45   31.19    29.0    19.0    24.0    23.1     0.0    10.00 R    36.2    17.3    22.9 -9999.0 -9999.0 -9999.0 -99.000 -99.000 -99.000 -99.000 -99.000 -9999.0 -9999.0 -9999.0 -9999.0 -9999.0
63829 20091024  1.302  -84.45   31.19    22.3     8.6    15.4    15.5     0.0    18.49 R    29.4     7.5    17.1 -9999.0 -9999.0 -9999.0 -99.000 -99.000 -99.000 -99.000 -99.000 -9999.0 -9999.0 -9999.0 -9999.0 -9999.0
63829 20091025  1.302  -84.45   31.19    19.4     7.3    13.3    13.1     0.0    14.56 R    29.5     6.8    15.2 -9999.0 -9999.0 -9999.0 -99.000 -99.000 -99.000 -99.000 -99.000 -9999.0 -9999.0 -9999.0 -9999.0 -9999.0
63829 20091026  1.302  -84.45   31.19    21.4    11.9    16.6    16.0     0.0     8.18 R    32.0    10.8    17.5 -9999.0 -9999.0 -9999.0 -99.000 -99.000 -99.000 -99.000 -99.000 -9999.0 -9999.0 -9999.0 -9999.0 -9999.0
63829 20091027  1.302  -84.45   31.19    25.6    17.7    21.6    21.1    27.3     3.09 R    28.2    17.7    20.9 -9999.0 -9999.0 -9999.0 -99.000 -99.000 -99.000 -99.000 -99.000 -9999.0 -9999.0 -9999.0 -9999.0 -9999.0
63829 20091028  1.302  -84.45   31.19    26.1    17.6    21.9    21.5     0.0    11.34 R    35.2    17.5    22.4 -9999.0 -9999.0 -9999.0 -99.000 -99.000 -99.000 -99.000 -99.000 -9999.0 -9999.0 -9999.0 -9999.0 -9999.0
63829 20091029  1.302  -84.45   31.19    28.9    17.5    23.2    22.8     0.0    13.96 R    38.7    17.1    24.1 -9999.0 -9999.0 -9999.0 -99.000 -99.000 -99.000 -99.000 -99.000 -9999.0 -9999.0 -9999.0 -9999.0 -9999.0
63829 20091030  1.302  -84.45   31.19    28.4    20.5    24.5    23.1     0.0     5.97 R    35.3    19.0    23.4 -9999.0 -9999.0 -9999.0 -99.000 -99.000 -99.000 -99.000 -99.000 -9999.0 -9999.0 -9999.0 -9999.0 -9999.0
63829 20091031  1.302  -84.45   31.19    27.0    11.6    19.3    20.0     0.3     9.43 R    33.6    11.3    21.0 -9999.0 -9999.0 -9999.0 -99.000 -99.000 -99.000 -99.000 -99.000 -9999.0 -9999.0 -9999.0 -9999.0 -9999.0
63829 20091101  1.302  -84.45   31.19    19.7     7.0    13.3    12.4     0.0    18.19 R    28.8     6.3    13.8 -9999.0 -9999.0 -9999.0 -99.000 -99.000 -99.000 -99.000 -99.000 -9999.0 -9999.0 -9999.0 -9999.0 -9999.0
63829 20091102  1.302  -84.45   31.19    15.7     7.6    11.6    11.8     0.0     3.50 R    19.1     7.2    12.3 -9999.0 -9999.0 -9999.0 -99.000 -99.000 -99.000 -99.000 -99.000 -9999.0 -9999.0 -9999.0 -9999.0 -9999.0
63829 20091103  1.302  -84.45   31.19    22.7     6.5    14.6    13.7     0.0    17.10 R    31.5     5.8    15.1 -9999.0 -9999.0 -9999.0 -99.000 -99.000 -99.000 -99.000 -99.000 -9999.0 -9999.0 -9999.0 -9999.0 -9999.0
63829 20091104  1.302  -84.45   31.19    24.3     7.7    16.0    14.7     0.0    16.63 R    33.5     6.9    15.8 -9999.0 -9999.0 -9999.0 -99.000 -99.000 -99.000 -99.000 -99.000 -9999.0 -9999.0 -9999.0 -9999.0 -9999.0
63829 20091105  1.302  -84.45   31.19    22.9     6.3    14.6    14.3     0.0    17.20 R    31.4     4.5    14.8 -9999.0 -9999.0 -9999.0 -99.000 -99.000 -99.000 -99.000 -99.000 -9999.0 -9999.0 -9999.0 -9999.0 -9999.0
63829 20091106  1.302  -84.45   31.19    22.7     2.4    12.6    11.1     0.0    17.16 R    31.3     1.3    11.9 -9999.0 -9999.0 -9999.0 -99.000 -99.000 -99.000 -99.000 -99.000 -9999.0 -9999.0 -9999.0 -9999.0 -9999.0
63829 20091107  1.302  -84.45   31.19    23.4     5.3    14.3    13.4     0.0    16.57 R    31.7     4.2    14.1 -9999.0 -9999.0 -9999.0 -99.000 -99.000 -99.000 -99.000 -99.000 -9999.0 -9999.0 -9999.0 -9999.0 -9999.0
63829 20091108  1.302  -84.45   31.19    25.1     7.8    16.5    16.9     0.0    16.06 R    32.2     6.7    17.2 -9999.0 -9999.0 -9999.0 -99.000 -99.000 -99.000 -99.000 -99.000 -9999.0 -9999.0 -9999.0 -9999.0 -9999.0
63829 20091109  1.302  -84.45   31.19    21.3    16.3    18.8    19.2     0.5     3.04 R    23.5    15.1    18.6 -9999.0 -9999.0 -9999.0 -99.000 -99.000 -99.000 -99.000 -99.000 -9999.0 -9999.0 -9999.0 -9999.0 -9999.0
63829 20091110  1.302  -84.45   31.19    22.1    19.8    20.9    20.8    26.9     2.50 R    22.8    19.4    20.2 -9999.0 -9999.0 -9999.0 -99.000 -99.000 -99.000 -99.000 -99.000 -9999.0 -9999.0 -9999.0 -9999.0 -9999.0
63829 20091111  1.302  -84.45   31.19    19.9    12.9    16.4    16.6     1.5     3.97 R    19.6    11.8    16.8 -9999.0 -9999.0 -9999.0 -99.000 -99.000 -99.000 -99.000 -99.000 -9999.0 -9999.0 -9999.0 -9999.0 -9999.0
63829 20091112  1.302  -84.45   31.19    20.3    10.2    15.2    14.3     0.0    15.71 R    28.3     9.5    15.3 -9999.0 -9999.0 -9999.0 -99.000 -99.000 -99.000 -99.000 -99.000 -9999.0 -9999.0 -9999.0 -9999.0 -9999.0
63829 20091113  1.302  -84.45   31.19    22.6     6.0    14.3    13.7     0.0    16.05 R    29.9     5.7    14.4 -9999.0 -9999.0 -9999.0 -99.000 -99.000 -99.000 -99.000 -99.000 -9999.0 -9999.0 -9999.0 -9999.0 -9999.0
63829 20091114  1.302  -84.45   31.19    23.4     6.7    15.1    13.7     0.0    16.00 R    30.0     5.9    14.0 -9999.0 -9999.0 -9999.0 -99.000 -99.000 -99.000 -99.000 -99.000 -9999.0 -9999.0 -9999.0 -9999.0 -9999.0
63829 20091115  1.302  -84.45   31.19    23.0     4.7    13.8    12.7     0.0    16.09 R    30.2     3.6    13.2 -9999.0 -9999.0 -9999.0 -99.000 -99.000 -99.000 -99.000 -99.000 -9999.0 -9999.0 -9999.0 -9999.0 -9999.0
63829 20091116  1.302  -84.45   31.19    22.3     5.1    13.7    12.8     0.0    15.20 R    30.0     4.5    13.6 -9999.0 -9999.0 -9999.0 -99.000 -99.000 -99.000 -99.000 -99.000 -9999.0 -9999.0 -9999.0 -9999.0 -9999.0
63829 20091117  1.302  -84.45   31.19    21.2    10.8    16.0    16.2     0.4     4.18 R    23.7     9.4    16.0 -9999.0 -9999.0 -9999.0 -99.000 -99.000 -99.000 -99.000 -99.000 -9999.0 -9999.0 -9999.0 -9999.0 -9999.0
63829 20091118  1.302  -84.45   31.19    18.4     6.7    12.6    12.4     0.0    13.45 R    25.5     5.3    13.7 -9999.0 -9999.0 -9999.0 -99.000 -99.000 -99.000 -99.000 -99.000 -9999.0 -9999.0 -9999.0 -9999.0 -9999.0
63829 20091119  1.302  -84.45   31.19    18.5     3.4    10.9    10.4     0.0    15.46 R    26.3     2.7    11.3 -9999.0 -9999.0 -9999.0 -99.000 -99.000 -99.000 -99.000 -99.000 -9999.0 -9999.0 -9999.0 -9999.0 -9999.0
63829 20091120  1.302  -84.45   31.19    20.1     2.6    11.4    10.4     0.0    15.49 R    27.6     1.6    11.0 -9999.0 -9999.0 -9999.0 -99.000 -99.000 -99.000 -99.000 -99.000 -9999.0 -9999.0 -9999.0 -9999.0 -9999.0
63829 20091121  1.302  -84.45   31.19    19.3     5.9    12.6    13.0     0.0     7.16 R    26.0     4.9    13.5 -9999.0 -9999.0 -9999.0 -99.000 -99.000 -99.000 -99.000 -99.000 -9999.0 -9999.0 -9999.0 -9999.0 -9999.0
63829 20091122  1.302  -84.45   31.19    15.2    10.7    12.9    13.1    17.2     1.65 R    17.1    11.4    13.4 -9999.0 -9999.0 -9999.0 -99.000 -99.000 -99.000 -99.000 -99.000 -9999.0 -9999.0 -9999.0 -9999.0 -9999.0
63829 20091123  1.302  -84.45   31.19    13.4    10.2    11.8    11.7     0.0     3.09 R    16.6    11.0    12.9 -9999.0 -9999.0 -9999.0 -99.000 -99.000 -99.000 -99.000 -99.000 -9999.0 -9999.0 -9999.0 -9999.0 -9999.0
63829 20091124  1.302  -84.45   31.19    18.9     9.6    14.3    13.4     0.0    10.19 R    26.5     9.0    14.6 -9999.0 -9999.0 -9999.0 -99.000 -99.000 -99.000 -99.000 -99.000 -9999.0 -9999.0 -9999.0 -9999.0 -9999.0
63829 20091125  1.302  -84.45   31.19    17.4     7.2    12.3    12.5     0.0     6.84 R    23.2     6.0    13.2 -9999.0 -9999.0 -9999.0 -99.000 -99.000 -99.000 -99.000 -99.000 -9999.0 -9999.0 -9999.0 -9999.0 -9999.0
63829 20091126  1.302  -84.45   31.19    17.1     4.1    10.6    10.4     0.0    15.05 R    23.0     2.5    10.6 -9999.0 -9999.0 -9999.0 -99.000 -99.000 -99.000 -99.000 -99.000 -9999.0 -9999.0 -9999.0 -9999.0 -9999.0
63829 20091127  1.302  -84.45   31.19    15.0     0.0     7.5     7.3     0.0    14.77 R    22.0    -0.5     7.6 -9999.0 -9999.0 -9999.0 -99.000 -99.000 -99.000 -99.000 -99.000 -9999.0 -9999.0 -9999.0 -9999.0 -9999.0
63829 20091128  1.302  -84.45   31.19    15.9     0.0     8.0     7.9     0.0    10.50 R    25.3    -0.2     8.6 -9999.0 -9999.0 -9999.0 -99.000 -99.000 -99.000 -99.000 -99.000 -9999.0 -9999.0 -9999.0 -9999.0 -9999.0
63829 20091129  1.302  -84.45   31.19    20.8     2.9    11.8    10.8     0.0    14.12 R    27.4     2.0    11.1 -9999.0 -9999.0 -9999.0 -99.000 -99.000 -99.000 -99.000 -99.000 -9999.0 -9999.0 -9999.0 -9999.0 -9999.0
63829 20091130  1.302  -84.45   31.19    23.7     4.4    14.0    13.8     3.4     8.92 R    29.6     3.7    13.7 -9999.0 -9999.0 -9999.0 -99.000 -99.000 -99.000 -99.000 -99.000 -9999.0 -9999.0 -9999.0 -9999.0 -9999.0
63829 20091201  1.302  -84.45   31.19    14.9     4.4     9.7    10.5    25.4     7.67 R    19.3     3.4    10.6 -9999.0 -9999.0 -9999.0 -99.000 -99.000 -99.000 -99.000 -99.000 -9999.0 -9999.0 -9999.0 -9999.0 -9999.0
63829 20091202  1.302  -84.45   31.19    20.1    12.8    16.4    16.7    46.3     0.96 R    19.3    10.6    15.9 -9999.0 -9999.0 -9999.0 -99.000 -99.000 -99.000 -99.000 -99.000 -9999.0 -9999.0 -9999.0 -9999.0 -9999.0
63829 20091203  1.302  -84.45   31.19    13.8     3.5     8.7    10.3     0.0     5.28 R    18.0     2.8    10.3 -9999.0 -9999.0 -9999.0 -99.000 -99.000 -99.000 -99.000 -99.000 -9999.0 -9999.0 -9999.0 -9999.0 -9999.0
63829 20091204  1.302  -84.45   31.19     7.3     1.8     4.5     5.5     0.0     2.26 R    10.2     1.3     6.1 -9999.0 -9999.0 -9999.0 -99.000 -99.000 -99.000 -99.000 -99.000 -9999.0 -9999.0 -9999.0 -9999.0 -9999.0
63829 20091205  1.302  -84.45   31.19    10.6     1.5     6.0     6.5     0.6    12.98 R    18.8     0.1     7.4 -9999.0 -9999.0 -9999.0 -99.000 -99.000 -99.000 -99.000 -99.000 -9999.0 -9999.0 -9999.0 -9999.0 -9999.0
63829 20091206  1.302  -84.45   31.19    12.2    -1.7     5.2     5.0     0.0     8.80 R    18.9    -2.4     5.7 -9999.0 -9999.0 -9999.0 -99.000 -99.000 -99.000 -99.000 -99.000 -9999.0 -9999.0 -9999.0 -9999.0 -9999.0
63829 20091207  1.302  -84.45   31.19    17.3     7.3    12.3    12.3     0.0     9.57 R    24.2     7.1    13.5 -9999.0 -9999.0 -9999.0 -99.000 -99.000 -99.000 -99.000 -99.000 -9999.0 -9999.0 -9999.0 -9999.0 -9999.0
63829 20091208  1.302  -84.45   31.19    19.2    12.8    16.0    15.6     1.3     1.75 R    19.8    12.0    15.3 -9999.0 -9999.0 -9999.0 -99.000 -99.000 -99.000 -99.000 -99.000 -9999.0 -9999.0 -9999.0 -9999.0 -9999.0
63829 20091209  1.302  -84.45   31.19    25.4    15.7    20.5    21.4     3.3     5.82 R    28.6    15.0    20.4 -9999.0 -9999.0 -9999.0 -99.000 -99.000 -99.000 -99.000 -99.000 -9999.0 -9999.0 -9999.0 -9999.0 -9999.0
63829 20091210  1.302  -84.45   31.19    15.7     4.7    10.2     8.8     2.5     9.02 R    18.5     4.2     9.4 -9999.0 -9999.0 -9999.0 -99.000 -99.000 -99.000 -99.000 -99.000 -9999.0 -9999.0 -9999.0 -9999.0 -9999.0
63829 20091211  1.302  -84.45   31.19     6.8     3.5     5.2     5.0     0.0     3.62 R    12.9     2.8     6.3 -9999.0 -9999.0 -9999.0 -99.000 -99.000 -99.000 -99.000 -99.000 -9999.0 -9999.0 -9999.0 -9999.0 -9999.0
63829 20091212  1.302  -84.45   31.19     8.2     3.6     5.9     5.5    26.0     2.44 R     8.5     3.8     6.4 -9999.0 -9999.0 -9999.0 -99.000 -99.000 -99.000 -99.000 -99.000 -9999.0 -9999.0 -9999.0 -9999.0 -9999.0
63829 20091213  1.302  -84.45   31.19    18.4     5.7    12.1    12.8     6.1     1.56 R    18.2     6.1    12.9 -9999.0 -9999.0 -9999.0 -99.000 -99.000 -99.000 -99.000 -99.000 -9999.0 -9999.0 -9999.0 -9999.0 -9999.0
63829 20091214  1.302  -84.45   31.19    24.2    15.9    20.0    19.5     5.4     6.51 R    27.7    15.5    19.3 -9999.0 -9999.0 -9999.0 -99.000 -99.000 -99.000 -99.000 -99.000 -9999.0 -9999.0 -9999.0 -9999.0 -9999.0
63829 20091215  1.302  -84.45   31.19    21.7    15.0    18.3    17.9    18.4     5.36 R    25.6    13.5    17.8 -9999.0 -9999.0 -9999.0 -99.000 -99.000 -99.000 -99.000 -99.000 -9999.0 -9999.0 -9999.0 -9999.0 -9999.0
63829 20091216  1.302  -84.45   31.19    15.7     7.9    11.8    11.7     0.0    12.81 R    22.9     6.9    12.0 -9999.0 -9999.0 -9999.0 -99.000 -99.000 -99.000 -99.000 -99.000 -9999.0 -9999.0 -9999.0 -9999.0 -9999.0
63829 20091217  1.302  -84.45   31.19    15.6     4.6    10.1    10.3     0.4    10.58 R    22.0     2.7    10.7 -9999.0 -9999.0 -9999.0 -99.000 -99.000 -99.000 -99.000 -99.000 -9999.0 -9999.0 -9999.0 -9999.0 -9999.0
63829 20091218  1.302  -84.45   31.19    17.7     5.2    11.4     9.1    26.6     2.31 R    18.6     4.7     9.4 -9999.0 -9999.0 -9999.0 -99.000 -99.000 -99.000 -99.000 -99.000 -9999.0 -9999.0 -9999.0 -9999.0 -9999.0
63829 20091219  1.302  -84.45   31.19    13.9     4.6     9.2     8.7     0.0    12.02 R    18.6     3.5     9.1 -9999.0 -9999.0 -9999.0 -99.000 -99.000 -99.000 -99.000 -99.000 -9999.0 -9999.0 -9999.0 -9999.0 -9999.0
63829 20091220  1.302  -84.45   31.19     9.3    -0.5     4.4     4.5     0.0    12.39 R    18.3    -1.1     5.1 -9999.0 -9999.0 -9999.0 -99.000 -99.000 -99.000 -99.000 -99.000 -9999.0 -9999.0 -9999.0 -9999.0 -9999.0
63829 20091221  1.302  -84.45   31.19    11.9    -1.8     5.0     4.1     0.0     9.81 R    16.3    -2.3     4.2 -9999.0 -9999.0 -9999.0 -99.000 -99.000 -99.000 -99.000 -99.000 -9999.0 -9999.0 -9999.0 -9999.0 -9999.0
63829 20091222  1.302  -84.45   31.19    16.8    -0.9     7.9     6.8     0.0    13.49 R    22.9    -1.7     7.0 -9999.0 -9999.0 -9999.0 -99.000 -99.000 -99.000 -99.000 -99.000 -9999.0 -9999.0 -9999.0 -9999.0 -9999.0
63829 20091223  1.302  -84.45   31.19    17.5     1.4     9.4     9.2     0.0     9.76 R    23.5     0.2     8.9 -9999.0 -9999.0 -9999.0 -99.000 -99.000 -99.000 -99.000 -99.000 -9999.0 -9999.0 -9999.0 -9999.0 -9999.0
63829 20091224  1.302  -84.45   31.19    17.9     8.3    13.1    12.2     8.9     3.01 R    17.1     6.8    11.9 -9999.0 -9999.0 -9999.0 -99.000 -99.000 -99.000 -99.000 -99.000 -9999.0 -9999.0 -9999.0 -9999.0 -9999.0
63829 20091225  1.302  -84.45   31.19    17.4     4.0    10.7    12.3    37.0     6.11 R    18.0     2.7    12.1 -9999.0 -9999.0 -9999.0 -99.000 -99.000 -99.000 -99.000 -99.000 -9999.0 -9999.0 -9999.0 -9999.0 -9999.0
63829 20091226  1.302  -84.45   31.19    11.4     0.3     5.8     5.1     0.0     9.12 R    17.5     0.2     6.1 -9999.0 -9999.0 -9999.0 -99.000 -99.000 -99.000 -99.000 -99.000 -9999.0 -9999.0 -9999.0 -9999.0 -9999.0
63829 20091227  1.302  -84.45   31.19    14.2     4.3     9.3     7.9     0.0     7.40 R    23.7     2.8     8.4 -9999.0 -9999.0 -9999.0 -99.000 -99.000 -99.000 -99.000 -99.000 -9999.0 -9999.0 -9999.0 -9999.0 -9999.0
63829 20091228  1.302  -84.45   31.19     9.8     0.1     5.0     5.7     0.0    14.08 R    15.4    -2.0     5.9 -9999.0 -9999.0 -9999.0 -99.000 -99.000 -99.000 -99.000 -99.000 -9999.0 -9999.0 -9999.0 -9999.0 -9999.0
63829 20091229  1.302  -84.45   31.19    11.2    -3.1     4.0     3.0     0.0    13.64 R    18.6    -4.0     3.4 -9999.0 -9999.0 -9999.0 -99.000 -99.000 -99.000 -99.000 -99.000 -9999.0 -9999.0 -9999.0 -9999.0 -9999.0
63829 20091230  1.302  -84.45   31.19    16.1     0.5     8.3     8.8     0.2    11.90 R    23.7    -1.0     9.9 -9999.0 -9999.0 -9999.0 -99.000 -99.000 -99.000 -99.000 -99.000 -9999.0 -9999.0 -9999.0 -9999.0 -9999.0
63829 20091231  1.302  -84.45   31.19    21.9     7.8    14.9    14.2     5.8     6.42 R    25.1     5.4    13.6 -9999.0 -9999.0 -9999.0 -99.000 -99.000 -99.000 -99.000 -99.000 -9999.0 -9999.0 -9999.0 -9999.0 -9999.0
