93245 20120101  2.402 -123.07   38.32    18.1     7.7    12.9    11.9     0.0    10.03 R    17.2     5.1    10.3    75.8    36.8    58.6   0.079   0.145   0.146   0.139   0.206     8.5     9.2    10.1    10.7    11.1
93245 20120102  2.402 -123.07   38.32    13.7     8.9    11.3    11.1     0.0     3.91 R    17.4     6.7    11.5    96.6    68.0    89.4   0.078   0.145   0.145   0.138   0.205    10.3     9.8    10.1    10.6    11.1
93245 20120103  2.402 -123.07   38.32    10.5     6.1     8.3     8.4     0.0     7.46 R    16.0     4.6     9.5    98.2    92.3    96.5   0.074   0.145   0.145   0.137   0.204    10.5    10.5    10.6    10.9    11.1
93245 20120104  2.402 -123.07   38.32    14.6     6.6    10.6    10.3     0.0     8.69 R    19.5     3.5     9.6    95.4    70.1    87.3   0.072   0.144   0.145   0.137   0.205     9.3    10.0    10.6    11.0    11.2
93245 20120105  2.402 -123.07   38.32    13.3     7.4    10.3    10.4     0.0     9.78 R    17.5     5.7    10.2    92.3    77.8    87.7   0.071   0.144   0.145   0.137   0.204     9.8    10.0    10.5    10.9    11.2
93245 20120106  2.402 -123.07   38.32    12.3     3.6     8.0     8.6     0.0     9.97 R    17.8     1.7     7.8    95.6    73.7    87.7   0.069   0.143   0.144   0.136   0.204     8.8     9.7    10.4    10.9    11.2
93245 20120107  2.402 -123.07   38.32    13.0     4.9     8.9     9.1     0.0    10.23 R    18.4     1.9     8.0    95.6    51.1    84.9   0.068   0.141   0.143   0.135   0.204     8.3     9.2    10.2    10.8    11.2
93245 20120108  2.402 -123.07   38.32    16.5     5.8    11.1    10.1     0.0    10.25 R    19.9     1.7     7.4    76.2    34.4    59.9   0.067   0.140   0.143   0.134   0.203     7.9     9.0    10.0    10.7    11.2
93245 20120109  2.402 -123.07   38.32    16.7     4.6    10.6     8.9     0.0    10.72 R    19.4     1.0     6.3    90.3    43.0    73.4   0.066   0.139   0.141   0.133   0.203     7.2     8.6     9.7    10.5    11.2
93245 20120110  2.402 -123.07   38.32    17.1     4.3    10.7     8.6     0.0    10.00 R    20.8     0.6     6.7    93.0    46.4    83.0   0.065   0.137   0.141   0.133   0.202     7.3     8.3     9.5    10.3    11.1
93245 20120111  2.402 -123.07   38.32    13.9     4.3     9.1     8.3     0.0    10.79 R    18.0     1.4     7.9    97.0    48.3    85.4   0.064   0.136   0.140   0.132   0.201     7.4     8.3     9.4    10.2    11.1
93245 20120112  2.402 -123.07   38.32    10.8     3.1     6.9     7.4     0.0    10.93 R    16.2     0.7     6.7    98.4    84.7    92.5   0.065   0.135   0.140   0.132   0.203     7.7     8.5     9.4    10.1    11.0
93245 20120113  2.402 -123.07   38.32    19.2     5.1    12.1    11.6     0.0    11.03 R    19.8     1.2     8.8    93.3    25.4    53.5   0.065   0.133   0.138   0.130   0.202     7.4     8.3     9.3    10.1    10.9
93245 20120114  2.402 -123.07   38.32    13.3     5.6     9.4     9.8     0.0    10.85 R    18.4     1.6     8.6    95.0    41.9    74.4   0.063   0.131   0.137   0.130   0.202     7.9     8.5     9.3    10.0    10.9
93245 20120115  2.402 -123.07   38.32    10.8     4.8     7.8     7.8     0.0    10.53 R    14.9     1.2     7.1    97.1    54.9    74.4   0.062   0.130   0.137   0.129   0.201     7.5     8.4     9.3    10.0    10.8
93245 20120116  2.402 -123.07   38.32     9.4     5.2     7.3     6.9     0.0    11.35 R    13.1     3.0     6.2    69.0    47.0    59.0   0.059   0.128   0.136   0.128   0.201     6.7     8.0     9.2    10.0    10.8
93245 20120117  2.402 -123.07   38.32    10.0     0.3     5.2     5.7     0.0    10.64 R    16.2    -2.4     4.8    87.4    56.0    71.0   0.057   0.126   0.134   0.127   0.201     6.0     7.5     8.9     9.8    10.7
93245 20120118  2.402 -123.07   38.32    12.8     3.4     8.1     7.8     0.0     7.27 R    20.0     1.4     8.2    87.4    62.4    78.1   0.057   0.125   0.134   0.127   0.200     7.5     7.8     8.7     9.6    10.7
93245 20120119  2.402 -123.07   38.32    10.4     7.4     8.9     9.3    26.5     1.83 R    12.1     6.6     9.4    96.9    87.1    94.9   0.072   0.126   0.136   0.126   0.200     8.9     8.7     9.1     9.7    10.6
93245 20120120  2.402 -123.07   38.32    12.2    10.1    11.1    11.0    60.4     0.98 R    13.0    10.2    11.1    97.5    96.2    97.0   0.104   0.191   0.209   0.160   0.207    10.2     9.6     9.5     9.9    10.6
93245 20120121  2.402 -123.07   38.32    11.2     5.9     8.5     9.4     5.3     9.92 R    14.3     4.8     9.1    96.0    69.4    84.9   0.096   0.219   0.237   0.206   0.252    10.0    10.1    10.0    10.2    10.5
93245 20120122  2.402 -123.07   38.32    11.0     6.1     8.6     8.6    39.2     1.23 R    12.4     5.5     8.5    97.0    87.5    93.8   0.097   0.222   0.230   0.200   0.244     8.9     9.4     9.9    10.4    10.6
93245 20120123  2.402 -123.07   38.32    12.0     8.2    10.1    10.6    27.4    10.96 R    15.1     5.9    10.8    97.1    82.9    91.4   0.100   0.243   0.265   0.244   0.267    10.5    10.1    10.0    10.3    10.6
93245 20120124  2.402 -123.07   38.32    12.2     6.5     9.4     9.5     0.0     6.58 R    17.8     5.0    10.0    95.2    83.6    89.5   0.088   0.219   0.227   0.210   0.256    10.0     9.9    10.2    10.5    10.6
93245 20120125  2.402 -123.07   38.32    13.8     9.3    11.6    11.2     0.0     8.95 R    20.1     7.7    12.5    96.9    87.3    93.1   0.086   0.209   0.213   0.195   0.255    11.2    10.6    10.5    10.6    10.7
93245 20120126  2.402 -123.07   38.32    12.7     8.6    10.6    11.2     1.2     5.18 R    16.0     6.8    11.8    98.0    96.5    97.2   0.087   0.204   0.204   0.187   0.251    11.9    11.2    10.9    10.9    10.8
93245 20120127  2.402 -123.07   38.32    12.8     5.4     9.1     9.3     0.0    12.82 R    18.6     2.8     9.0    98.7    80.7    92.0   0.085   0.201   0.199   0.182   0.249    10.1    10.7    11.0    11.2    10.9
93245 20120128  2.402 -123.07   38.32    14.7     5.1     9.9     9.1     0.0    12.73 R    20.2     2.2     8.0    94.4    33.8    71.7   0.084   0.197   0.195   0.178   0.247     8.8     9.8    10.6    11.1    11.0
93245 20120129  2.402 -123.07   38.32    15.6     6.8    11.2    10.5     0.0    11.19 R    18.9     2.8     9.7    87.3    47.2    70.1   0.084   0.193   0.191   0.175   0.245     9.0     9.5    10.3    10.8    11.1
93245 20120130  2.402 -123.07   38.32    13.3     7.9    10.6    10.2     0.0     7.84 R    19.0     4.7    10.2    95.4    83.8    89.9   0.083   0.190   0.188   0.172   0.244    10.1    10.0    10.3    10.8    11.0
93245 20120131  2.402 -123.07   38.32    10.2     5.6     7.9     8.4     0.0     6.20 R    16.4     2.4     8.6    95.7    82.6    90.1   0.081   0.187   0.185   0.170   0.242     9.8    10.1    10.5    10.8    11.0
93245 20120201  2.402 -123.07   38.32    12.4     7.8    10.1    10.3     2.8     9.90 R    17.6     5.8    10.8    96.7    85.3    93.5   0.086   0.186   0.183   0.168   0.240    10.6    10.4    10.5    10.9    11.1
93245 20120202  2.402 -123.07   38.32    13.2     5.5     9.4     9.3     0.0    12.67 R    20.1     3.2     9.3    97.1    76.9    91.7   0.086   0.186   0.181   0.167   0.238     9.9    10.3    10.7    11.0    11.1
93245 20120203  2.402 -123.07   38.32    14.3     6.4    10.4     9.5     0.0    11.93 R    19.9     2.8     9.3    97.4    52.6    82.4   0.086   0.183   0.178   0.165   0.237     9.7    10.1    10.6    10.9    11.1
93245 20120204  2.402 -123.07   38.32    18.3     6.2    12.2    10.7     0.0    13.15 R    20.4     2.8     8.9    87.6    37.9    63.3   0.084   0.181   0.176   0.163   0.236     8.9     9.7    10.5    10.9    11.1
93245 20120205  2.402 -123.07   38.32    18.8     8.0    13.4    13.1     0.0    11.86 R    21.9     4.7    11.4    68.2    35.3    47.2   0.082   0.177   0.174   0.162   0.234     9.3     9.6    10.3    10.8    11.1
93245 20120206  2.402 -123.07   38.32    17.1     9.0    13.1    12.2     3.4     8.05 R    19.1     6.8    11.1    85.0    38.9    59.3   0.078   0.172   0.171   0.160   0.232     9.9    10.0    10.4    10.8    11.1
93245 20120207  2.402 -123.07   38.32    11.4     8.8    10.1    10.5     7.2     1.50 R    13.5     7.2    10.1    94.4    83.0    90.1   0.095   0.189   0.170   0.159   0.231    10.3    10.3    10.6    10.9    11.1
93245 20120208  2.402 -123.07   38.32    16.8     6.9    11.9    10.5     0.0    13.78 R    21.8     3.8    10.5    95.8    66.3    89.7   0.098   0.204   0.171   0.158   0.231    10.2    10.3    10.6    11.0    11.1
93245 20120209  2.402 -123.07   38.32    20.0     7.1    13.5    11.5     0.0    13.72 R    23.0     4.2    10.7    95.6    53.7    84.2   0.097   0.200   0.173   0.158   0.231    10.3    10.4    10.7    11.0    11.1
93245 20120210  2.402 -123.07   38.32    13.3     7.9    10.6    10.7     4.5     7.02 R    17.5     6.6    11.2    96.6    91.1    94.8   0.103   0.199   0.172   0.157   0.230    10.8    10.6    10.8    11.1    11.1
93245 20120211  2.402 -123.07   38.32    12.8     8.7    10.8    10.4     1.1    13.82 R    17.5     7.5    11.2    96.6    82.7    91.3   0.111   0.209   0.174   0.158   0.230    11.3    11.2    11.1    11.3    11.2
93245 20120212  2.402 -123.07   38.32    12.5     4.9     8.7     8.5     6.7    10.07 R    17.6     3.0     8.8    96.4    68.7    87.9   0.112   0.208   0.176   0.158   0.229    10.3    10.7    11.2    11.4    11.2
93245 20120213  2.402 -123.07   38.32    12.1     7.6     9.9     9.3     0.5    11.02 R    15.9     6.6     9.2    94.6    74.2    82.5   0.125   0.227   0.182   0.160   0.228    10.0    10.5    11.0    11.3    11.3
93245 20120214  2.402 -123.07   38.32    11.9     6.4     9.1     9.1     2.3    14.40 R    15.5     5.1     9.1    95.9    67.3    79.1   0.118   0.220   0.189   0.162   0.229     9.5    10.1    10.8    11.2    11.3
93245 20120215  2.402 -123.07   38.32    12.2     5.8     9.0     8.7     0.0    15.54 R    16.2     3.8     8.5    89.2    55.6    72.5   0.120   0.215   0.189   0.163   0.229     9.1     9.8    10.6    11.1    11.3
93245 20120216  2.402 -123.07   38.32    13.1     5.0     9.0     9.0     0.0    15.37 R    18.9     1.2     8.5    94.3    40.0    79.5   0.117   0.210   0.187   0.164   0.228     8.9     9.6    10.3    10.9    11.3
93245 20120217  2.402 -123.07   38.32    12.8     5.8     9.3     9.3     0.0    12.85 R    18.7     4.3    10.1    95.8    83.6    92.4   0.114   0.204   0.185   0.165   0.228     9.6     9.8    10.3    10.8    11.2
93245 20120218  2.402 -123.07   38.32    11.4     7.3     9.4     9.4     0.0    13.73 R    14.8     6.0     9.5    96.4    65.3    79.9   0.111   0.200   0.183   0.164   0.228     9.9    10.3    10.5    10.9    11.1
93245 20120219  2.402 -123.07   38.32    11.7     6.9     9.3     8.5     0.0    14.13 R    17.4     5.6     9.1    90.4    53.9    71.3   0.106   0.194   0.180   0.163   0.228     9.1     9.8    10.5    10.9    11.1
93245 20120220  2.402 -123.07   38.32    13.8     7.3    10.5     9.4     0.2    10.44 R    18.5     7.4    10.5    96.7    75.9    91.5   0.103   0.190   0.178   0.162   0.228    10.2    10.1    10.5    10.9    11.1
93245 20120221  2.402 -123.07   38.32    11.7     6.0     8.9     8.8     0.0    13.82 R    19.5     4.7    10.1    97.8    85.5    94.9   0.101   0.186   0.176   0.161   0.227    10.5    10.5    10.7    11.0    11.1
93245 20120222  2.402 -123.07   38.32    12.6     6.1     9.4     9.7     0.0    15.95 R    18.1     3.9    10.2    98.0    83.2    92.2   0.099   0.182   0.174   0.160   0.228    10.2    10.5    10.8    11.1    11.2
93245 20120223  2.402 -123.07   38.32    13.4     8.6    11.0    10.3     0.0    16.61 R    18.6     7.2    11.0    91.7    69.7    80.7   0.097   0.178   0.172   0.159   0.228    10.4    10.6    10.9    11.2    11.3
93245 20120224  2.402 -123.07   38.32    17.7     6.0    11.9     9.8     0.0    17.11 R    22.5     3.3    10.8    95.3    41.0    82.0   0.094   0.174   0.170   0.157   0.227    10.2    10.6    10.9    11.2    11.3
93245 20120225  2.402 -123.07   38.32    11.3     7.0     9.1     8.8     0.0    16.22 R    14.9     4.9     8.8    82.6    55.7    71.2   0.089   0.168   0.167   0.156   0.227     9.6    10.4    10.9    11.3    11.3
93245 20120226  2.402 -123.07   38.32    10.6     1.1     5.8     5.9     0.0    15.65 R    16.6    -1.6     6.1    89.8    55.4    73.6   0.084   0.162   0.165   0.154   0.226     8.4     9.6    10.6    11.1    11.3
93245 20120227  2.402 -123.07   38.32     9.9     0.8     5.3     5.9     0.0    17.29 R    14.3    -2.2     5.6    90.3    59.7    74.3   0.080   0.157   0.162   0.153   0.225     7.6     9.0    10.2    10.9    11.3
93245 20120228  2.402 -123.07   38.32    11.4     6.1     8.8     8.4     1.3    12.02 R    18.0     4.4     9.0    94.8    58.8    76.7   0.078   0.152   0.160   0.151   0.224     8.7     9.1    10.0    10.6    11.2
93245 20120229  2.402 -123.07   38.32    10.3     6.3     8.3     8.4     7.9     9.26 R    15.1     3.4     8.7    96.3    81.7    89.3   0.079   0.149   0.158   0.151   0.224     9.7     9.7    10.1    10.6    11.1
93245 20120301  2.402 -123.07   38.32    11.2     4.9     8.0     8.9     1.4    14.18 R    15.9     3.2     9.2    94.8    73.6    86.4   0.082   0.148   0.157   0.150   0.223     9.6     9.9    10.3    10.7    11.1
93245 20120302  2.402 -123.07   38.32    12.8     3.4     8.1     7.9     0.0    17.98 R    19.8     0.0     8.2    92.8    33.4    82.0   0.083   0.147   0.156   0.149   0.222     9.0     9.7    10.3    10.7    11.1
93245 20120303  2.402 -123.07   38.32    15.2     4.3     9.8     9.4     0.0    18.12 R    22.4     1.7     9.3    92.0    53.0    78.4   0.083   0.145   0.155   0.148   0.221     9.1     9.6    10.3    10.7    11.1
93245 20120304  2.402 -123.07   38.32    13.6     6.2     9.9     9.4     0.0    18.38 R    21.0     2.1    10.0    97.0    72.2    84.2   0.081   0.144   0.154   0.147   0.219     9.2     9.7    10.3    10.7    11.1
93245 20120305  2.402 -123.07   38.32    10.3     5.2     7.8     7.7     0.0     9.87 R    16.0     5.8     8.9    98.0    86.4    94.0   0.079   0.142   0.152   0.146   0.217     9.8    10.1    10.4    10.8    11.0
93245 20120306  2.402 -123.07   38.32    10.2     6.5     8.3     8.2     0.3    19.07 R    13.9     5.0     8.5    97.8    53.0    70.6   0.074   0.140   0.151   0.146   0.219     9.2    10.0    10.5    10.9    11.0
93245 20120307  2.402 -123.07   38.32    12.0     3.5     7.8     7.9     0.0    19.50 R    18.9     0.3     8.3    91.6    33.7    68.4   0.070   0.136   0.149   0.144   0.219     8.7     9.5    10.3    10.8    11.1
93245 20120308  2.402 -123.07   38.32    12.6     3.5     8.0     8.2     0.0    19.67 R    20.8     1.7     9.8    98.5    63.8    87.2   0.068   0.133   0.147   0.143   0.219     9.1     9.6    10.3    10.7    11.1
93245 20120309  2.402 -123.07   38.32    12.1     3.0     7.6     7.9     0.0    19.76 R    20.1     1.0     9.4    97.5    73.4    86.9   0.067   0.130   0.146   0.142   0.218     9.5     9.9    10.4    10.7    11.0
93245 20120310  2.402 -123.07   38.32    12.0     7.3     9.7     9.0     0.0    11.54 R    18.0     6.3     9.8    91.2    82.5    87.6   0.065   0.127   0.144   0.141   0.218    10.0    10.1    10.5    10.8    11.0
93245 20120311  2.402 -123.07   38.32    13.3     6.2     9.7     9.4     1.2    15.45 R    20.0     2.3    10.0    96.4    77.7    89.2   0.064   0.126   0.143   0.139   0.216    10.4    10.4    10.7    10.9    11.1
93245 20120312  2.402 -123.07   38.32    12.7     4.1     8.4     8.7     1.1    13.15 R    18.3     2.2     9.4    98.4    72.7    90.2   0.062   0.124   0.142   0.139   0.214     9.8    10.2    10.8    11.0    11.2
93245 20120313  2.402 -123.07   38.32    10.8    10.0    10.4    10.3    54.3     2.48 R    12.9    10.0    10.4    98.0    94.5    96.6   0.090   0.165   0.152   0.148   0.216    10.6    10.6    10.8    11.1    11.2
93245 20120314  2.402 -123.07   38.32    12.4     9.9    11.2    10.6    11.0     4.30 R    15.0    10.0    11.0    98.0    96.7    97.5   0.148   0.221   0.198   0.181   0.227    11.1    10.9    10.9    11.2    11.2
93245 20120315  2.402 -123.07   38.32    12.8    10.3    11.6    11.0     3.7     6.93 R    16.6    10.5    12.0    97.8    97.0    97.5   0.141   0.223   0.202   0.183   0.229    11.7    11.3    11.2    11.3    11.3
93245 20120316  2.402 -123.07   38.32    11.3     7.7     9.5    10.2    18.5     1.75 R    13.4     6.3    10.3    98.4    85.1    95.8   0.159   0.241   0.215   0.191   0.228    11.4    11.4    11.4    11.6    11.3
93245 20120317  2.402 -123.07   38.32    11.1     2.8     7.0     7.5     0.4    19.12 R    16.0     1.9     7.8    95.7    62.2    81.6   0.146   0.234   0.222   0.203   0.236     9.8    10.8    11.3    11.6    11.4
93245 20120318  2.402 -123.07   38.32    10.2     5.9     8.1     7.7     0.0    20.06 R    14.9     4.2     8.2    83.8    53.1    69.5   0.133   0.220   0.209   0.192   0.236     9.1    10.2    11.0    11.4    11.4
93245 20120319  2.402 -123.07   38.32    10.9     3.4     7.2     7.5     0.4    14.34 R    18.4     0.5     8.5    73.0    52.2    63.6   0.123   0.210   0.200   0.184   0.234     9.2     9.9    10.7    11.2    11.4
93245 20120320  2.402 -123.07   38.32    11.6     7.0     9.3     9.6     0.4     8.27 R    15.9     6.4    10.2    92.5    56.8    77.3   0.118   0.203   0.194   0.179   0.237    10.0    10.2    10.6    11.0    11.3
93245 20120321  2.402 -123.07   38.32    13.7     9.7    11.7    10.9     0.3    12.04 R    21.9     9.9    12.8    97.3    87.3    95.2   0.114   0.199   0.190   0.176   0.237    11.4    10.9    10.9    11.2    11.3
93245 20120322  2.402 -123.07   38.32    11.2     6.6     8.9     9.1     0.3    20.72 R    15.7     3.6    10.0    97.1    64.9    79.8   0.108   0.193   0.186   0.172   0.236    10.9    11.3    11.3    11.4    11.3
93245 20120323  2.402 -123.07   38.32    12.6     3.0     7.8     8.7     0.4    16.26 R    18.3     1.5     9.1    92.4    65.2    76.9   0.103   0.187   0.182   0.169   0.235    10.0    10.6    11.2    11.5    11.4
93245 20120324  2.402 -123.07   38.32    10.3     4.9     7.6     6.7    22.4     4.24 R    12.2     5.0     6.8    95.5    64.7    90.7   0.158   0.208   0.180   0.168   0.234     9.3    10.3    11.0    11.4    11.4
93245 20120325  2.402 -123.07   38.32    12.2     5.3     8.8     8.1     1.3    18.17 R    19.7     5.2     9.5    93.3    68.8    84.2   0.159   0.244   0.215   0.179   0.233     9.5     9.9    10.6    11.2    11.4
93245 20120326  2.402 -123.07   38.32    12.1     3.8     8.0     9.0     0.9    11.77 R    15.5     1.8     9.1    92.4    75.4    83.2   0.143   0.229   0.212   0.186   0.235     9.7    10.1    10.6    11.1    11.4
93245 20120327  2.402 -123.07   38.32    11.0     9.7    10.3    10.4    23.6     2.12 R    12.7     9.4    10.2    96.6    85.3    93.6   0.140   0.234   0.213   0.188   0.236    10.3    10.3    10.7    11.1    11.3
93245 20120328  2.402 -123.07   38.32    14.3     9.1    11.7    11.3     0.2    20.08 R    21.3     7.9    13.2    97.5    74.7    92.1   0.144   0.232   0.218   0.199   0.243    11.5    10.9    10.9    11.2    11.3
93245 20120329  2.402 -123.07   38.32    12.5     9.3    10.9    10.8     0.7     6.15 R    15.8     8.7    11.4    96.9    91.3    95.0   0.142   0.222   0.208   0.190   0.244    11.6    11.4    11.3    11.4    11.3
93245 20120330  2.402 -123.07   38.32    13.1    11.0    12.0    11.6     1.5     7.12 R    16.7    11.1    12.2    97.6    95.6    96.8   0.143   0.218   0.202   0.185   0.242    12.0    11.6    11.5    11.6    11.4
93245 20120331  2.402 -123.07   38.32    13.1     8.4    10.7    10.6    10.3    16.13 R    18.0     7.5    11.1    97.3    69.8    87.7   0.162   0.226   0.200   0.182   0.241    11.8    11.7    11.7    11.8    11.5
93245 20120401  2.402 -123.07   38.32    12.0     8.0    10.0     9.8     0.0    23.26 R    16.2     6.8    10.3    84.7    60.8    73.3   0.155   0.229   0.204   0.184   0.240    10.5    11.2    11.6    11.9    11.5
93245 20120402  2.402 -123.07   38.32    13.0     4.6     8.8     9.3     0.0    16.61 R    17.7     3.5    10.2    91.1    75.7    84.4   0.144   0.221   0.201   0.182   0.239    10.6    11.0    11.5    11.8    11.6
93245 20120403  2.402 -123.07   38.32    13.9     7.8    10.8    10.3     0.7    14.43 R    21.8     6.0    11.5    95.8    82.3    89.8   0.137   0.214   0.196   0.179   0.237    11.3    11.3    11.5    11.7    11.6
93245 20120404  2.402 -123.07   38.32    12.1     6.6     9.3     9.2     0.0    24.35 R    17.2     5.3    10.0    84.4    58.8    73.3   0.132   0.207   0.191   0.176   0.239    10.7    11.3    11.6    11.8    11.7
93245 20120405  2.402 -123.07   38.32    10.8     6.0     8.4     8.2     0.0    24.49 R    15.6     4.6     8.7    76.3    59.4    68.9   0.124   0.199   0.186   0.173   0.239     9.6    10.7    11.5    11.8    11.7
93245 20120406  2.402 -123.07   38.32    12.6     2.2     7.4     7.8     0.4    24.23 R    19.9    -0.1     8.8    85.6    54.4    72.6   0.118   0.191   0.181   0.171   0.239     9.6    10.4    11.2    11.6    11.7
93245 20120407  2.402 -123.07   38.32    15.1     2.4     8.7     8.4     0.2    21.20 R    21.6     1.0     9.0    87.5    49.1    73.9   0.112   0.185   0.177   0.168   0.238     9.7    10.4    11.1    11.5    11.7
93245 20120408  2.402 -123.07   38.32    15.5     3.2     9.3     9.0     0.3    20.46 R    21.1     1.4     9.9    94.8    43.9    82.6   0.107   0.179   0.174   0.166   0.236    10.0    10.4    11.0    11.5    11.6
93245 20120409  2.402 -123.07   38.32    18.3     7.7    13.0    10.8     1.5    19.06 R    22.1     5.6    12.2    95.6    46.5    87.3   0.103   0.173   0.171   0.164   0.235    11.2    11.0    11.2    11.5    11.6
93245 20120410  2.402 -123.07   38.32    11.9     9.6    10.7    10.8     5.0     5.30 R    14.6     8.5    11.0    96.5    90.6    95.4   0.113   0.170   0.168   0.162   0.233    11.6    11.4    11.5    11.7    11.6
93245 20120411  2.402 -123.07   38.32    13.4     8.7    11.0    11.2     0.2    21.22 R    19.0     8.4    12.8    97.6    79.7    91.4   0.131   0.169   0.166   0.161   0.233    12.0    11.7    11.7    11.8    11.6
93245 20120412  2.402 -123.07   38.32    14.3     6.7    10.5    10.7    23.4    14.95 R    20.0     5.6    11.3    93.9    71.9    85.8   0.154   0.213   0.166   0.163   0.231    11.6    11.7    11.8    12.0    11.7
93245 20120413  2.402 -123.07   38.32    12.0     7.5     9.7     9.6     6.1    25.46 R    17.6     6.5    10.6    92.8    69.5    81.5   0.172   0.229   0.182   0.170   0.230    11.1    11.5    11.8    12.0    11.7
93245 20120414  2.402 -123.07   38.32    13.7     8.4    11.1    10.5     0.0    25.63 R    19.1     7.4    11.6    94.0    68.4    79.4   0.156   0.223   0.189   0.173   0.231    10.9    11.3    11.7    12.0    11.8
93245 20120415  2.402 -123.07   38.32    13.8     6.6    10.2     9.8     0.0    19.52 R    21.7     5.2    11.5    97.1    80.8    91.7   0.148   0.215   0.186   0.172   0.234    11.5    11.6    11.8    12.0    11.8
93245 20120416  2.402 -123.07   38.32    14.0     8.7    11.3    10.8     0.0    21.71 R    21.7     7.8    12.6    96.2    80.0    90.6   0.138   0.208   0.183   0.170   0.234    12.0    11.9    12.0    12.1    11.9
93245 20120417  2.402 -123.07   38.32    14.3     9.6    12.0    11.2     0.0    14.99 R    21.9     8.1    12.6    97.1    87.5    93.9   0.134   0.203   0.180   0.168   0.233    12.6    12.3    12.3    12.3    11.9
93245 20120418  2.402 -123.07   38.32    14.6     9.3    11.9    11.4     0.0    21.20 R    21.5     8.7    13.3    97.4    75.1    89.1   0.128   0.197   0.177   0.167   0.232    12.4    12.4    12.5    12.5    12.0
93245 20120419  2.402 -123.07   38.32    14.2    10.2    12.2    11.8     0.3    18.00 R    21.2     9.9    13.7    97.3    89.6    95.2   0.123   0.192   0.174   0.164   0.233    12.9    12.7    12.7    12.6    12.1
93245 20120420  2.402 -123.07   38.32    15.0     9.5    12.3    11.4     0.0    24.62 R    22.3     9.3    13.4    97.6    76.2    90.2   0.118   0.187   0.171   0.162   0.233    12.7    12.8    12.8    12.8    12.2
93245 20120421  2.402 -123.07   38.32    14.0     8.3    11.2    10.3     0.0    25.14 R    22.1     6.6    12.5    98.9    82.3    93.5   0.112   0.181   0.168   0.161   0.232    12.6    12.8    12.9    12.9    12.3
93245 20120422  2.402 -123.07   38.32    12.8     8.4    10.6    10.5     0.5    12.70 R    19.5     8.5    12.1    97.7    92.6    96.6   0.107   0.177   0.165   0.159   0.233    12.6    12.6    12.9    13.0    12.4
93245 20120423  2.402 -123.07   38.32    14.1    11.2    12.7    12.3     1.3    10.22 R    17.6    11.2    13.0    97.4    85.9    94.4   0.105   0.175   0.163   0.158   0.232    13.1    12.8    13.0    13.0    12.5
93245 20120424  2.402 -123.07   38.32    17.1    12.1    14.6    13.5     0.6    15.65 R    24.8    11.9    14.9    96.8    79.9    90.8   0.105   0.171   0.162   0.157   0.232    13.8    13.2    13.1    13.1    12.5
93245 20120425  2.402 -123.07   38.32    16.3    11.7    14.0    13.2     0.8    11.23 R    23.1    11.6    14.4    97.5    85.8    92.8   0.103   0.168   0.159   0.156   0.232    14.0    13.6    13.4    13.3    12.6
93245 20120426  2.402 -123.07   38.32    14.9    10.1    12.5    12.1     0.0    23.97 R    19.9     8.9    13.0    97.7    67.0    82.8   0.101   0.164   0.156   0.154   0.231    13.5    13.6    13.5    13.5    12.7
93245 20120427  2.402 -123.07   38.32    14.1     9.4    11.7    11.4     0.0    26.70 R    18.1     8.3    12.2    86.6    69.4    77.0   0.095   0.157   0.151   0.152   0.231    12.3    13.0    13.4    13.5    12.8
93245 20120428  2.402 -123.07   38.32    13.6     9.4    11.5    11.2     0.0    26.44 R    20.1     8.8    12.9    93.1    76.6    85.0   0.090   0.151   0.147   0.150   0.229    12.3    12.8    13.3    13.4    12.9
93245 20120429  2.402 -123.07   38.32    14.3     7.2    10.8    10.5     0.0    26.55 R    22.2     5.8    12.5    96.9    80.5    90.7   0.085   0.146   0.143   0.148   0.229    12.3    12.7    13.2    13.3    12.9
93245 20120430  2.402 -123.07   38.32    13.8     8.1    10.9    10.6     0.0    25.95 R    20.5     7.2    12.1    96.5    77.8    89.3   0.081   0.141   0.139   0.145   0.228    12.2    12.6    13.1    13.3    12.9
93245 20120501  2.402 -123.07   38.32    12.7     8.4    10.5     9.9     0.0    27.21 R    17.8     7.7    10.9    94.1    69.3    82.6   0.077   0.137   0.136   0.143   0.228    11.6    12.3    13.0    13.3    12.9
93245 20120502  2.402 -123.07   38.32    13.1     7.5    10.3     9.6     0.0    24.83 R    18.3     6.7    10.8    91.1    69.1    82.1   0.072   0.132   0.133   0.140   0.227    11.3    12.0    12.8    13.2    12.9
93245 20120503  2.402 -123.07   38.32    11.2     6.8     9.0     9.7     9.1     7.02 R    13.7     4.7     9.9    97.2    89.6    95.6   0.094   0.159   0.131   0.139   0.225    11.5    12.1    12.7    13.0    12.9
93245 20120504  2.402 -123.07   38.32    11.9     8.0     9.9     9.8     0.0    28.02 R    15.5     7.4    10.8    96.4    73.1    84.4   0.117   0.174   0.130   0.139   0.224    11.6    12.1    12.6    12.9    12.8
93245 20120505  2.402 -123.07   38.32    13.3     6.2     9.8    10.1     0.0    27.60 R    20.0     3.7    11.7    92.1    72.6    82.8   0.110   0.164   0.128   0.137   0.223    11.4    11.9    12.5    12.9    12.8
93245 20120506  2.402 -123.07   38.32    14.7     6.8    10.7    10.6     0.0    28.17 R    22.0     5.2    12.4    95.3    72.4    85.2   0.103   0.155   0.126   0.135   0.223    12.0    12.3    12.6    12.9    12.8
93245 20120507  2.402 -123.07   38.32    14.4     6.6    10.5    10.6     0.0    28.35 R    21.6     4.1    12.3    97.1    79.1    89.8   0.095   0.148   0.124   0.133   0.222    12.0    12.5    12.7    12.9    12.7
93245 20120508  2.402 -123.07   38.32    13.6     7.1    10.3    10.0     0.0    26.87 R    21.2     6.3    12.3    96.9    80.7    91.5   0.089   0.142   0.123   0.131   0.221    12.4    12.7    12.8    13.0    12.7
93245 20120509  2.402 -123.07   38.32    13.4     6.7    10.0    10.0     0.0    27.43 R    20.0     5.1    11.4    97.8    75.8    87.9   0.083   0.137   0.121   0.129   0.219    12.0    12.6    12.9    13.0    12.8
93245 20120510  2.402 -123.07   38.32    15.1     8.2    11.7    10.7     0.0    28.56 R    23.5     5.6    12.8    91.3    69.3    84.1   0.078   0.131   0.120   0.127   0.219    12.3    12.4    12.8    13.0    12.8
93245 20120511  2.402 -123.07   38.32    15.9     6.4    11.2    10.9     0.0    28.81 R    24.5     4.2    13.4    96.5    71.4    89.2   0.075   0.126   0.118   0.124   0.218    12.6    12.4    12.8    13.0    12.8
93245 20120512  2.402 -123.07   38.32    12.4     8.3    10.3     9.8     0.0    13.86 R    19.2     8.7    11.5    97.1    86.5    94.0   0.071   0.123   0.117   0.123   0.217    12.7    12.7    13.0    13.1    12.8
93245 20120513  2.402 -123.07   38.32    14.6     9.0    11.8    11.0     0.0    11.55 R    19.8     7.8    12.0    96.8    81.8    91.1   0.070   0.122   0.116   0.122   0.216    12.6    12.6    12.9    13.2    12.9
93245 20120514  2.402 -123.07   38.32    15.9     9.2    12.5    12.1     0.0    20.40 R    24.8     9.4    14.1    97.8    83.3    92.1   0.068   0.120   0.115   0.121   0.216    13.2    12.8    13.0    13.2    12.9
93245 20120515  2.402 -123.07   38.32    14.4     9.0    11.7    10.6     0.0    18.69 R    20.9     9.1    12.0    97.3    78.4    91.5   0.065   0.117   0.114   0.120   0.215    12.6    12.8    13.1    13.3    13.0
93245 20120516  2.402 -123.07   38.32    12.5     9.3    10.9    10.3     0.0    10.71 R    16.9     9.5    11.4    97.2    86.8    93.7   0.063   0.115   0.113   0.118   0.213    12.4    12.7    13.1    13.3    13.0
93245 20120517  2.402 -123.07   38.32    13.0     7.9    10.4    10.4     0.0    27.76 R    17.6     5.8    11.4    97.5    77.3    86.4   0.061   0.114   0.112   0.117   0.213    12.1    12.5    13.0    13.3    13.0
93245 20120518  2.402 -123.07   38.32    13.3     8.5    10.9    10.3     0.0    29.05 R    20.5     7.8    12.1    89.6    74.5    82.3   0.059   0.110   0.110   0.115   0.211    11.8    12.2    12.8    13.2    13.0
93245 20120519  2.402 -123.07   38.32    14.5     7.2    10.8    10.6     0.0    28.73 R    21.6     5.6    12.8    90.6    70.0    80.8   0.057   0.108   0.109   0.113   0.209    12.0    12.2    12.8    13.1    13.0
93245 20120520  2.402 -123.07   38.32    14.7     8.9    11.8    11.1     0.0    27.77 R    21.9     8.2    13.3    96.0    72.9    83.4   0.055   0.105   0.107   0.111   0.206    12.3    12.4    12.8    13.1    13.0
93245 20120521  2.402 -123.07   38.32    12.8     8.7    10.8    10.4     0.0    12.07 R    17.4     8.9    12.0    97.0    90.9    95.8   0.053   0.103   0.106   0.109   0.204    12.3    12.5    12.9    13.1    13.0
93245 20120522  2.402 -123.07   38.32    14.2     9.2    11.7    11.0     0.0    23.70 R    22.5     9.1    12.6    97.3    70.8    89.9   0.052   0.102   0.105   0.109   0.203    12.6    12.7    12.9    13.2    13.0
93245 20120523  2.402 -123.07   38.32    13.1     9.4    11.2    10.9     0.0    29.46 R    17.6     9.0    12.1    95.3    70.0    81.3   0.051   0.102   0.104   0.108   0.201    12.3    12.6    12.9    13.2    13.0
93245 20120524  2.402 -123.07   38.32    13.0     8.6    10.8    10.5     0.0    30.31 R    17.7     8.0    11.7    89.5    71.6    82.1   0.049   0.099   0.103   0.106   0.197    12.1    12.4    12.9    13.2    13.1
93245 20120525  2.402 -123.07   38.32    13.0     8.0    10.5    10.2     0.0    29.88 R    18.2     7.4    11.6    93.4    72.5    83.4   0.048   0.098   0.100   0.104   0.194    12.0    12.3    12.8    13.2    13.1
93245 20120526  2.402 -123.07   38.32    13.1     7.9    10.5    10.2     0.0    29.86 R    19.0     7.2    11.8    95.4    76.6    87.4   0.046   0.096   0.099   0.103   0.191    12.3    12.4    12.8    13.1    13.1
93245 20120527  2.402 -123.07   38.32    14.9     8.1    11.5    10.7     0.0    29.31 R    23.4     7.3    13.5    95.8    73.7    88.0   0.044   0.095   0.098   0.101   0.187    12.8    12.6    12.9    13.2    13.1
93245 20120528  2.402 -123.07   38.32    13.7     8.4    11.0    10.6     0.0    25.57 R    21.1     6.3    12.1    96.5    69.1    86.4   0.043   0.094   0.097   0.100   0.184    12.7    12.7    13.0    13.2    13.1
93245 20120529  2.402 -123.07   38.32    14.8     4.9     9.9    10.1     0.0    29.50 R    23.6     3.1    12.7    97.4    74.9    87.8   0.042   0.092   0.096   0.098   0.180    12.6    12.6    13.0    13.3    13.1
93245 20120530  2.402 -123.07   38.32    14.8     6.7    10.7    10.3     0.0    27.76 R    23.6     5.6    12.7    97.4    74.7    89.3   0.041   0.092   0.095   0.097   0.175    12.7    12.7    13.0    13.3    13.1
93245 20120531  2.402 -123.07   38.32    15.6     6.7    11.2    11.1     0.0    29.41 R    25.5     5.6    13.9    95.7    71.8    87.6   0.040   0.091   0.094   0.096   0.171    13.1    12.8    13.0    13.3    13.1
93245 20120601  2.402 -123.07   38.32    14.2     8.5    11.3    11.5     0.0    28.86 R    21.2     6.4    13.6    96.3    78.9    89.0   0.039   0.090   0.093   0.095   0.166    13.2    13.0    13.2    13.3    13.1
93245 20120602  2.402 -123.07   38.32    13.3     9.5    11.4    10.7     0.0    18.11 R    21.1     9.6    12.5    96.6    84.0    93.7   0.038   0.089   0.091   0.095   0.163    12.8    13.0    13.3    13.4    13.2
93245 20120603  2.402 -123.07   38.32    15.0     9.0    12.0    10.9     0.0    25.71 R    24.2     8.6    13.6    96.0    78.1    90.9   0.037   0.088   0.090   0.093   0.161    13.0    12.9    13.2    13.5    13.2
93245 20120604  2.402 -123.07   38.32    14.7     8.9    11.8    11.5     0.8    20.11 R    21.4     8.0    13.0    96.8    77.3    90.2   0.037   0.088   0.090   0.092   0.158    13.4    13.2    13.3    13.5    13.2
93245 20120605  2.402 -123.07   38.32    13.4     8.3    10.8    10.8     0.0    29.92 R    20.1     6.8    12.4    94.4    67.4    81.3   0.035   0.087   0.089   0.092   0.155    12.9    13.0    13.3    13.6    13.2
93245 20120606  2.402 -123.07   38.32    14.2     8.5    11.3    10.8     0.0    30.07 R    21.7     7.3    12.7    89.3    68.8    79.7   0.034   0.086   0.088   0.091   0.151    12.6    12.8    13.3    13.6    13.3
93245 20120607  2.402 -123.07   38.32    15.4     8.8    12.1    11.3     0.0    25.67 R    24.8     8.0    13.9    95.5    75.1    87.8   0.032   0.084   0.087   0.089   0.147    13.0    12.9    13.2    13.5    13.3
93245 20120608  2.402 -123.07   38.32    13.9     8.7    11.3    11.1     0.0    30.94 R    19.9     7.6    12.5    94.1    63.2    78.5   0.032   0.085   0.086   0.088   0.144    12.9    13.0    13.3    13.6    13.3
93245 20120609  2.402 -123.07   38.32    14.1     8.3    11.2    10.9     0.0    30.92 R    23.8     6.5    13.4    90.0    67.7    77.8   0.031   0.082   0.085   0.087   0.140    12.6    12.8    13.2    13.5    13.3
93245 20120610  2.402 -123.07   38.32    15.9     8.2    12.0    11.5     0.0    30.68 R    26.2     6.3    14.4    90.2    64.8    79.3   0.030   0.082   0.083   0.086   0.137    13.2    12.9    13.3    13.5    13.3
93245 20120611  2.402 -123.07   38.32    14.4     7.3    10.8    11.2     0.0    29.94 R    24.2     4.2    13.3    95.0    71.8    83.9   0.029   0.081   0.082   0.084   0.133    13.0    13.0    13.3    13.6    13.3
93245 20120612  2.402 -123.07   38.32    14.4     8.7    11.5    11.1     0.0    27.07 R    21.7     7.8    13.3    94.3    78.0    88.0   0.028   0.081   0.082   0.083   0.131    13.1    13.0    13.4    13.6    13.4
93245 20120613  2.402 -123.07   38.32    14.2     8.6    11.4    10.8     0.0    29.51 R    22.3     8.2    13.5    95.5    75.1    86.2   0.026   0.080   0.081   0.082   0.129    13.1    13.1    13.4    13.6    13.4
93245 20120614  2.402 -123.07   38.32    13.7     8.9    11.3    10.8     0.0    30.22 R    21.8     8.3    13.0    92.3    71.5    83.0   0.025   0.080   0.080   0.081   0.128    12.8    13.0    13.4    13.6    13.4
93245 20120615  2.402 -123.07   38.32    14.6     8.8    11.7    11.3     0.0    29.64 R    23.6     6.9    13.9    91.7    69.5    81.4   0.025   0.079   0.079   0.079   0.125    13.0    12.9    13.4    13.6    13.4
93245 20120616  2.402 -123.07   38.32    16.0     9.0    12.5    11.9     0.0    28.03 R    27.0     7.5    15.4    92.3    71.0    84.3   0.024   0.078   0.079   0.079   0.123    13.6    13.2    13.5    13.6    13.4
93245 20120617  2.402 -123.07   38.32    15.4     9.9    12.7    12.0     0.0    19.40 R    24.9     8.5    14.5    95.5    79.9    89.5   0.024   0.077   0.078   0.079   0.123    13.9    13.5    13.6    13.8    13.5
93245 20120618  2.402 -123.07   38.32    15.0     9.0    12.0    11.2     0.0    22.71 R    26.1     7.0    13.6    96.1    72.6    87.6   0.023   0.076   0.077   0.078   0.122    13.7    13.5    13.7    13.9    13.5
93245 20120619  2.402 -123.07   38.32    15.7     8.0    11.8    11.7     0.0    29.76 R    26.9     5.4    14.6    95.6    74.1    85.2   0.023   0.076   0.077   0.077   0.120    13.8    13.5    13.7    13.9    13.5
93245 20120620  2.402 -123.07   38.32    17.1     8.5    12.8    12.3     0.0    30.14 R    28.3     5.4    15.0    95.2    71.5    85.7   0.022   0.076   0.076   0.076   0.119    13.9    13.6    13.8    14.0    13.6
93245 20120621  2.402 -123.07   38.32    14.7     9.6    12.2    11.5     0.0    25.11 R    22.1     9.2    13.4    94.3    73.5    86.6   0.021   0.075   0.075   0.075   0.118    13.8    13.7    13.9    14.1    13.6
93245 20120622  2.402 -123.07   38.32    14.1     9.9    12.0    11.4     2.7    11.64 R    21.5     8.6    12.5    96.8    88.8    94.7   0.021   0.075   0.074   0.075   0.118    13.5    13.6    13.9    14.1    13.7
93245 20120623  2.402 -123.07   38.32    16.5     9.3    12.9    12.2     0.0    28.59 R    26.3     8.7    15.3    96.7    72.9    89.9   0.021   0.075   0.074   0.075   0.117    14.1    13.7    13.9    14.1    13.7
93245 20120624  2.402 -123.07   38.32    17.0     9.1    13.0    12.8     0.0    28.45 R    27.4     5.9    15.2    95.5    69.8    86.1   0.021   0.074   0.075   0.074   0.117    14.1    13.8    14.0    14.1    13.7
93245 20120625  2.402 -123.07   38.32    18.1     9.9    14.0    13.6     0.0    26.77 R    29.8     6.8    16.6    95.2    73.5    87.7   0.021   0.074   0.075   0.073   0.116    14.6    14.0    14.1    14.2    13.8
93245 20120626  2.402 -123.07   38.32    18.2     9.2    13.7    13.6     0.0    29.84 R    28.0     6.6    16.0    95.0    68.4    82.9   0.022   0.074   0.075   0.072   0.115    14.7    14.3    14.3    14.3    13.8
93245 20120627  2.402 -123.07   38.32    17.1     8.1    12.6    12.7     0.0    30.12 R    27.8     5.1    15.8    93.8    70.1    85.1   0.022   0.075   0.074   0.072   0.113    14.5    14.3    14.4    14.4    13.9
93245 20120628  2.402 -123.07   38.32    17.3    10.4    13.8    12.7     0.0    27.86 R    28.2     9.7    16.0    96.4    71.9    88.7   0.021   0.075   0.074   0.071   0.113    14.8    14.4    14.4    14.5    13.9
93245 20120629  2.402 -123.07   38.32    17.9    10.5    14.2    12.9     0.0    24.83 R    28.9    10.7    16.3    97.0    76.7    92.7   0.020   0.073   0.073   0.070   0.112    15.1    14.6    14.6    14.6    14.0
93245 20120630  2.402 -123.07   38.32    17.3    11.2    14.2    13.6     0.2    18.72 R    27.3    11.4    16.8    97.0    84.4    94.5   0.020   0.073   0.072   0.070   0.112    15.4    14.8    14.7    14.8    14.0
93245 20120701  2.402 -123.07   38.32    17.0    11.2    14.1    13.4     0.0    16.19 R    24.2    10.7    15.6    97.2    83.6    93.0   0.019   0.072   0.072   0.071   0.111    15.2    15.0    14.9    14.9    14.1
93245 20120702  2.402 -123.07   38.32    15.7     9.8    12.8    12.2     0.0    28.56 R    26.1     8.9    15.3    97.1    72.6    86.9   0.020   0.073   0.072   0.071   0.111    14.5    14.7    14.9    14.9    14.2
93245 20120703  2.402 -123.07   38.32    15.7     8.7    12.2    12.0     0.0    29.81 R    27.8     7.3    15.3    92.7    70.8    83.3   0.019   0.072   0.072   0.069   0.110    14.2    14.4    14.8    14.9    14.2
93245 20120704  2.402 -123.07   38.32    15.8     8.4    12.1    11.8     0.0    29.53 R    31.0     6.1    16.0    94.3    72.6    85.2   0.019   0.072   0.071   0.068   0.109    14.4    14.3    14.7    14.9    14.3
93245 20120705  2.402 -123.07   38.32    16.3     7.8    12.1    11.7     0.0    27.62 R    28.6     5.8    15.0    96.1    68.7    86.3   0.018   0.072   0.072   0.068   0.108    14.2    14.3    14.7    14.8    14.3
93245 20120706  2.402 -123.07   38.32    14.7     8.7    11.7    11.3     0.0    25.16 R    28.7     6.4    15.2    96.2    76.1    89.3   0.018   0.071   0.071   0.068   0.107    14.2    14.3    14.7    14.8    14.3
93245 20120707  2.402 -123.07   38.32    15.8     7.9    11.9    10.6     0.0    22.27 R    30.5     5.6    14.3    97.1    73.2    92.5   0.017   0.071   0.070   0.068   0.106    14.0    14.2    14.6    14.8    14.3
93245 20120708  2.402 -123.07   38.32    14.9     9.1    12.0    11.3     0.0    17.05 R    23.8     9.6    14.2    96.9    80.4    92.1   0.017   0.070   0.070   0.067   0.106    14.0    14.1    14.6    14.8    14.3
93245 20120709  2.402 -123.07   38.32    15.2     9.7    12.4    11.5     0.0    21.81 R    24.1     9.9    14.0    97.2    77.1    90.8   0.017   0.071   0.069   0.067   0.106    14.1    14.2    14.5    14.8    14.3
93245 20120710  2.402 -123.07   38.32    14.4     8.9    11.6    10.8     0.0    23.93 R    30.6     6.2    14.7    97.2    76.9    91.4   0.017   0.071   0.069   0.066   0.104    13.9    14.0    14.5    14.8    14.3
93245 20120711  2.402 -123.07   38.32    14.2     8.7    11.4    11.0     0.0    21.73 R    29.1     6.7    14.8    97.2    78.7    91.9   0.016   0.071   0.069   0.065   0.104    13.9    14.0    14.4    14.7    14.3
93245 20120712  2.402 -123.07   38.32    16.3     9.7    13.0    11.7     0.0    25.82 R    31.7     9.7    15.8    97.1    69.5    88.5   0.017   0.070   0.069   0.065   0.104    14.1    14.1    14.5    14.8    14.3
93245 20120713  2.402 -123.07   38.32    15.6     9.4    12.5    11.4     0.0    21.60 R    29.3     8.9    14.5    95.7    71.5    89.1   0.016   0.069   0.068   0.065   0.103    13.9    14.1    14.5    14.8    14.3
93245 20120714  2.402 -123.07   38.32    14.6     9.9    12.3    11.4     0.0    14.07 R    27.5    10.3    14.7    96.7    79.2    91.9   0.016   0.068   0.068   0.064   0.103    14.1    14.1    14.5    14.8    14.3
93245 20120715  2.402 -123.07   38.32    14.0     9.4    11.7    11.3     0.0    12.91 R    26.8    10.1    14.4    96.7    84.9    93.7   0.015   0.069   0.068   0.064   0.103    14.0    14.1    14.5    14.8    14.4
93245 20120716  2.402 -123.07   38.32    14.5     9.8    12.1    11.5     0.5    15.15 R    30.0    10.1    14.3    97.0    78.1    92.9   0.015   0.069   0.068   0.064   0.102    13.9    14.1    14.5    14.8    14.4
93245 20120717  2.402 -123.07   38.32    16.9    11.0    14.0    12.9     4.0    20.53 R    32.2     7.5    16.0    97.8    80.2    92.8   0.023   0.069   0.068   0.064   0.102    14.6    14.3    14.5    14.8    14.4
93245 20120718  2.402 -123.07   38.32    17.3    10.2    13.7    13.3     0.0    22.81 R    33.0     6.9    17.1    97.2    69.5    88.9   0.025   0.069   0.068   0.063   0.101    14.5    14.3    14.6    14.8    14.4
93245 20120719  2.402 -123.07   38.32    17.8    11.1    14.4    13.5     0.4    17.32 R    34.6    11.5    17.1    96.4    75.6    91.8   0.023   0.069   0.069   0.063   0.101    15.2    14.7    14.7    14.9    14.4
93245 20120720  2.402 -123.07   38.32    18.2    10.7    14.5    13.7     0.0    27.81 R    33.6     9.4    17.4    97.6    69.1    87.2   0.022   0.070   0.068   0.063   0.101    15.0    14.9    14.9    15.0    14.4
93245 20120721  2.402 -123.07   38.32    17.8     9.5    13.6    13.1     0.0    28.45 R    33.9     8.1    17.5    96.1    67.7    86.7   0.022   0.069   0.068   0.063   0.101    14.9    14.9    15.0    15.1    14.5
93245 20120722  2.402 -123.07   38.32    16.8     9.0    12.9    12.2     0.0    24.98 R    33.4     7.8    17.2    96.7    69.9    88.3   0.021   0.068   0.068   0.063   0.101    14.7    14.8    15.0    15.2    14.5
93245 20120723  2.402 -123.07   38.32    16.7     9.2    12.9    13.3     0.0    21.87 R    31.5     7.7    16.9    95.1    72.8    86.2   0.021   0.068   0.067   0.062   0.100    14.8    14.8    15.0    15.2    14.6
93245 20120724  2.402 -123.07   38.32    17.2    12.3    14.8    13.9     0.0    14.64 R    31.4    12.4    17.4    92.9    72.9    84.8   0.020   0.068   0.067   0.062   0.099    15.1    15.0    15.1    15.2    14.6
93245 20120725  2.402 -123.07   38.32    16.6    11.4    14.0    13.5     0.5    13.54 R    32.5    12.0    17.1    93.3    76.6    86.9   0.020   0.067   0.067   0.062   0.098    15.2    15.0    15.2    15.2    14.6
93245 20120726  2.402 -123.07   38.32    15.5    10.5    13.0    12.4     0.0    14.90 R    30.2    10.7    16.3    95.0    74.8    87.7   0.019   0.067   0.067   0.062   0.098    14.9    14.9    15.1    15.3    14.7
93245 20120727  2.402 -123.07   38.32    16.1    10.6    13.4    12.6     0.2    15.67 R    27.6    10.8    15.7    96.4    76.0    90.9   0.019   0.066   0.066   0.062   0.098    14.9    14.9    15.1    15.3    14.7
93245 20120728  2.402 -123.07   38.32    16.2    11.0    13.6    13.0     0.0    21.68 R    27.9    11.4    16.5    95.9    77.0    89.2   0.018   0.066   0.066   0.061   0.097    15.0    15.0    15.1    15.3    14.7
93245 20120729  2.402 -123.07   38.32    17.8    10.2    14.0    12.5     0.0    25.06 R    33.9     9.8    16.8    96.1    67.4    88.7   0.018   0.066   0.066   0.061   0.097    14.9    14.9    15.2    15.3    14.7
93245 20120730  2.402 -123.07   38.32    16.6     8.9    12.7    12.1     0.0    23.71 R    34.4     7.7    16.7    96.4    70.1    89.1   0.018   0.066   0.066   0.062   0.097    14.8    14.9    15.2    15.3    14.7
93245 20120731  2.402 -123.07   38.32    17.2     8.6    12.9    12.4     0.0    28.26 R    33.9     6.4    16.8    96.1    68.1    86.2   0.017   0.065   0.065   0.061   0.097    14.8    14.9    15.1    15.3    14.8
93245 20120801  2.402 -123.07   38.32    14.3    10.0    12.2    11.8     0.3    15.85 R    25.3     6.9    14.8    96.5    81.8    90.9   0.016   0.065   0.065   0.061   0.096    14.6    14.8    15.2    15.3    14.8
93245 20120802  2.402 -123.07   38.32    14.4    10.7    12.5    12.0     0.0    16.14 R    31.1     9.3    15.5    96.7    79.4    91.1   0.015   0.065   0.065   0.061   0.096    14.5    14.7    15.1    15.3    14.8
93245 20120803  2.402 -123.07   38.32    14.9     9.4    12.2    11.6     0.0    11.65 R    26.2     9.2    14.7    96.5    79.3    92.1   0.016   0.065   0.065   0.061   0.095    14.5    14.7    15.0    15.3    14.8
93245 20120804  2.402 -123.07   38.32    14.1     9.4    11.8    12.0     0.0     7.03 R    22.5     9.1    13.6    96.8    89.9    94.7   0.015   0.065   0.065   0.061   0.094    14.1    14.5    15.0    15.2    14.8
93245 20120805  2.402 -123.07   38.32    16.9    12.5    14.7    13.8     0.6    13.03 R    25.4    12.8    16.2    96.8    79.8    92.2   0.016   0.065   0.064   0.061   0.094    15.0    14.7    14.9    15.2    14.8
93245 20120806  2.402 -123.07   38.32    18.9    11.8    15.3    14.5     0.0    24.50 R    33.7     9.5    18.2    93.8    64.8    84.6   0.015   0.065   0.064   0.061   0.095    15.4    15.1    15.1    15.2    14.8
93245 20120807  2.402 -123.07   38.32    17.7     8.8    13.2    13.2     0.0    27.16 R    30.9     6.5    16.1    96.6    66.4    84.7   0.015   0.065   0.064   0.060   0.095    14.9    15.1    15.2    15.3    14.8
93245 20120808  2.402 -123.07   38.32    17.3     9.4    13.3    12.6     0.0    27.48 R    33.3     7.2    16.4    95.3    66.3    85.5   0.015   0.064   0.064   0.060   0.094    14.8    15.0    15.2    15.3    14.8
93245 20120809  2.402 -123.07   38.32    15.9     8.5    12.2    11.6     0.0    24.64 R    32.5     6.5    15.9    96.2    72.5    89.4   0.014   0.065   0.063   0.060   0.094    14.6    14.9    15.2    15.4    14.9
93245 20120810  2.402 -123.07   38.32    15.3     8.6    11.9    11.4     0.3    22.93 R    29.7     6.1    14.6    96.3    73.5    89.4   0.014   0.064   0.063   0.059   0.093    14.4    14.8    15.1    15.4    14.9
93245 20120811  2.402 -123.07   38.32    13.8     8.7    11.3    10.4     0.2    17.18 R    27.5     9.3    14.2    96.8    78.5    92.5   0.014   0.064   0.064   0.059   0.094    14.4    14.7    15.1    15.3    14.9
93245 20120812  2.402 -123.07   38.32    13.1     8.6    10.9    10.2     0.0    16.07 R    26.8     9.1    14.0    96.9    79.1    92.7   0.013   0.063   0.063   0.059   0.094    14.1    14.5    15.0    15.3    14.9
93245 20120813  2.402 -123.07   38.32    14.0     8.9    11.4    10.6     0.0    16.75 R    31.0     9.3    14.9    97.1    79.0    92.6   0.013   0.063   0.062   0.059   0.093    14.2    14.4    14.9    15.2    14.9
93245 20120814  2.402 -123.07   38.32    15.9     9.3    12.6    12.3     0.0    13.19 R    31.0     9.8    15.9    96.8    79.1    93.4   0.012   0.063   0.062   0.058   0.092    14.6    14.5    14.8    15.1    14.9
93245 20120815  2.402 -123.07   38.32    15.8    12.3    14.0    13.4     0.0    11.55 R    26.6    12.5    16.2    97.2    75.3    89.4   0.013   0.062   0.063   0.058   0.092    15.1    14.8    14.9    15.2    14.8
93245 20120816  2.402 -123.07   38.32    15.8    11.4    13.6    13.2     0.0    13.26 R    26.0    11.6    16.0    96.4    78.7    88.9   0.012   0.063   0.063   0.058   0.091    15.2    14.9    15.1    15.2    14.8
93245 20120817  2.402 -123.07   38.32    15.7    11.1    13.4    12.6     0.0    14.72 R    24.2    10.5    14.6    97.0    80.1    91.7   0.011   0.063   0.063   0.057   0.092    14.8    14.8    15.1    15.3    14.8
93245 20120818  2.402 -123.07   38.32    17.1    10.2    13.6    12.5     0.0    20.76 R    32.5     9.3    15.7    95.7    69.3    88.9   0.012   0.063   0.062   0.058   0.091    14.8    14.8    15.1    15.3    14.8
93245 20120819  2.402 -123.07   38.32    14.8     9.4    12.1    11.5     0.0    17.69 R    28.0     7.7    14.4    96.6    77.9    91.0   0.012   0.063   0.062   0.058   0.091    14.4    14.7    15.1    15.3    14.8
93245 20120820  2.402 -123.07   38.32    15.8     9.0    12.4    11.4     0.0    18.14 R    30.3     9.2    14.9    97.1    73.4    91.4   0.011   0.062   0.062   0.058   0.091    14.5    14.6    15.0    15.3    14.9
93245 20120821  2.402 -123.07   38.32    16.2     9.5    12.8    11.8     0.0    18.49 R    31.9     9.9    15.2    97.0    73.3    90.9   0.011   0.062   0.062   0.059   0.090    14.5    14.6    15.0    15.3    14.9
93245 20120822  2.402 -123.07   38.32    14.9     9.8    12.3    11.3     0.0    14.37 R    33.0    10.0    14.8    96.9    77.8    93.1   0.010   0.062   0.062   0.058   0.091    14.6    14.6    15.0    15.2    14.8
93245 20120823  2.402 -123.07   38.32    15.0    10.2    12.6    11.4     0.0    12.37 R    27.9     9.3    14.3    96.9    78.7    93.0   0.010   0.062   0.062   0.059   0.091    14.5    14.6    14.9    15.3    14.8
93245 20120824  2.402 -123.07   38.32    14.8     9.4    12.1    11.2     0.2    12.50 R    28.6     9.9    14.8    97.0    77.2    92.6   0.009   0.061   0.062   0.058   0.090    14.5    14.5    14.9    15.2    14.8
93245 20120825  2.402 -123.07   38.32    13.8     8.9    11.4    11.1     0.0     9.15 R    23.7     6.9    12.8    96.7    79.0    91.8   0.009   0.062   0.062   0.058   0.090    13.9    14.4    14.9    15.2    14.8
93245 20120826  2.402 -123.07   38.32    17.8     8.9    13.4    13.3     0.0    24.71 R    33.3     6.3    17.0    95.9    62.6    83.0   0.009   0.062   0.061   0.058   0.090    14.4    14.4    14.8    15.1    14.8
93245 20120827  2.402 -123.07   38.32    17.4    10.8    14.1    13.2     0.0    17.26 R    31.2     7.8    15.8    95.5    76.0    90.5   0.009   0.062   0.061   0.059   0.090    14.9    14.7    14.9    15.1    14.8
93245 20120828  2.402 -123.07   38.32    17.4     9.7    13.6    13.4     0.0    24.81 R    32.5     7.2    16.5    95.7    68.6    84.3   0.010   0.062   0.062   0.058   0.090    14.8    14.8    15.0    15.2    14.8
93245 20120829  2.402 -123.07   38.32    17.5     9.6    13.6    12.4     0.4    24.40 R    35.5     6.6    16.7    96.2    66.1    87.4   0.010   0.062   0.062   0.058   0.090    14.9    15.0    15.1    15.2    14.8
93245 20120830  2.402 -123.07   38.32    13.5     9.9    11.7    11.7     0.0    10.79 R    26.8     7.9    14.2    96.0    82.8    91.8   0.009   0.061   0.062   0.059   0.089    14.6    14.8    15.1    15.3    14.9
93245 20120831  2.402 -123.07   38.32    16.7    11.2    13.9    12.7     0.0    14.16 R    29.7    10.9    15.0    94.0    69.5    86.0   0.008   0.062   0.061   0.059   0.090    14.7    14.8    15.1    15.3    14.9
93245 20120901  2.402 -123.07   38.32    16.7     9.5    13.1    12.0     0.0    13.52 R    31.2     7.9    14.9    95.6    69.1    88.3   0.008   0.062   0.061   0.058   0.091    14.6    14.7    15.0    15.3    14.9
93245 20120902  2.402 -123.07   38.32    13.7     8.8    11.3    11.0     0.0    17.72 R    29.9     6.1    14.5    96.5    78.7    91.3   0.008   0.061   0.061   0.057   0.090    14.5    14.7    15.0    15.2    14.9
93245 20120903  2.402 -123.07   38.32    14.5     8.7    11.6    10.9     0.3    15.00 R    27.5     6.2    14.0    96.4    79.4    92.8   0.008   0.061   0.061   0.057   0.089    14.2    14.5    14.9    15.2    14.9
93245 20120904  2.402 -123.07   38.32    15.1     9.7    12.4    11.7     0.0    11.80 R    28.7    10.1    14.7    96.3    76.5    92.3   0.008   0.061   0.061   0.058   0.088    14.5    14.5    14.9    15.1    14.9
93245 20120905  2.402 -123.07   38.32    14.7    10.6    12.6    11.8     0.0     6.98 R    24.6    10.9    13.7    96.4    78.4    91.8   0.009   0.062   0.061   0.058   0.089    14.4    14.6    14.9    15.2    14.9
93245 20120906  2.402 -123.07   38.32    17.0    10.9    13.9    12.8     0.0    18.47 R    34.9    11.2    16.9    92.0    62.8    80.4   0.008   0.061   0.061   0.058   0.088    14.6    14.6    14.9    15.2    14.9
93245 20120907  2.402 -123.07   38.32    18.4    10.9    14.7    13.7     0.0    22.08 R    34.3    10.4    17.8    89.5    58.0    77.4   0.008   0.061   0.062   0.058   0.089    14.9    14.8    15.0    15.1    14.8
93245 20120908  2.402 -123.07   38.32    16.2    10.1    13.1    12.8     0.0    20.31 R    28.8     7.4    15.2    93.0    68.9    83.7   0.008   0.060   0.062   0.057   0.089    14.8    14.9    15.1    15.2    14.8
93245 20120909  2.402 -123.07   38.32    17.4     8.1    12.8    12.7     0.0    22.97 R    33.0     4.4    15.3    94.1    64.2    83.7   0.007   0.060   0.062   0.058   0.088    14.3    14.7    15.0    15.2    14.9
93245 20120910  2.402 -123.07   38.32    16.1     8.3    12.2    11.6     0.0    20.27 R    31.7     6.7    15.8    96.7    73.6    89.7   0.007   0.060   0.063   0.058   0.088    14.6    14.7    15.0    15.2    14.9
93245 20120911  2.402 -123.07   38.32    17.2     8.7    13.0    12.7     0.0    19.35 R    33.3     7.0    16.3    95.1    71.4    87.9   0.008   0.060   0.063   0.059   0.089    14.7    14.7    15.0    15.2    14.9
93245 20120912  2.402 -123.07   38.32    16.2    10.1    13.2    12.5     0.0    10.76 R    29.6    10.5    15.4    95.9    75.3    90.8   0.011   0.060   0.063   0.059   0.088    15.1    14.9    15.1    15.3    14.9
93245 20120913  2.402 -123.07   38.32    14.6     9.6    12.1    11.6     0.0    12.90 R    27.3    10.0    14.4    96.3    78.4    92.4   0.011   0.060   0.062   0.059   0.088    14.7    14.8    15.1    15.3    14.9
93245 20120914  2.402 -123.07   38.32    17.5    11.0    14.2    12.7     0.0    13.97 R    30.5    11.1    15.2    96.4    68.5    90.2   0.010   0.060   0.062   0.059   0.088    14.9    14.8    15.1    15.3    14.9
93245 20120915  2.402 -123.07   38.32    16.1     9.7    12.9    11.4     0.0    13.05 R    28.6    10.2    14.0    96.5    71.9    91.3   0.011   0.060   0.062   0.059   0.088    14.5    14.7    15.1    15.3    14.9
93245 20120916  2.402 -123.07   38.32    13.2     9.8    11.5    10.9     0.0     7.70 R    21.3    10.1    13.0    96.3    82.9    91.9   0.011   0.060   0.061   0.059   0.088    14.2    14.6    15.0    15.2    14.9
93245 20120917  2.402 -123.07   38.32    15.4    10.1    12.8    11.9     0.0    11.67 R    28.7    10.4    15.1    91.5    69.2    82.8   0.011   0.059   0.061   0.058   0.088    14.3    14.4    14.9    15.2    14.9
93245 20120918  2.402 -123.07   38.32    17.5    10.3    13.9    12.7     0.0    19.89 R    32.5     9.1    15.8    93.0    63.5    83.3   0.011   0.060   0.061   0.058   0.089    14.5    14.5    14.9    15.1    14.9
93245 20120919  2.402 -123.07   38.32    17.2     6.6    11.9    11.9     0.0    21.44 R    30.8     4.3    14.0    95.7    65.5    85.6   0.011   0.060   0.062   0.058   0.088    13.9    14.4    14.9    15.1    14.9
93245 20120920  2.402 -123.07   38.32    16.5     7.5    12.0    11.9     0.0    21.22 R    30.2     4.3    14.0    95.6    67.0    83.6   0.010   0.059   0.062   0.058   0.088    13.7    14.2    14.8    15.0    14.9
93245 20120921  2.402 -123.07   38.32    16.9     7.0    12.0    11.8     0.0    20.88 R    32.2     4.2    14.7    95.1    63.3    84.2   0.010   0.059   0.061   0.058   0.088    13.9    14.2    14.7    15.0    14.9
93245 20120922  2.402 -123.07   38.32    15.8     7.7    11.8    11.1     0.0    20.26 R    32.5     4.9    14.1    95.4    70.4    87.9   0.009   0.059   0.061   0.058   0.088    13.8    14.2    14.7    15.0    14.9
93245 20120923  2.412 -123.07   38.32 -9999.0 -9999.0 -9999.0 -9999.0 -9999.0 -9999.00 U -9999.0 -9999.0 -9999.0 -9999.0 -9999.0 -9999.0 -99.000 -99.000 -99.000 -99.000 -99.000 -9999.0 -9999.0 -9999.0 -9999.0 -9999.0
93245 20120924  2.412 -123.07   38.32    14.0    10.2    12.1    11.6     0.0     8.74 C    24.8     9.3    14.5   100.0    83.9    95.1   0.010   0.081   0.061   0.063   0.089    14.7    14.4    14.6    14.9    14.8
93245 20120925  2.412 -123.07   38.32    12.6     8.9    10.8    11.0     0.0     7.44 C    20.9     6.0    13.2   100.0    91.2    97.9   0.010   0.077   0.061   0.063   0.089    14.3    14.4    14.7    15.0    14.8
93245 20120926  2.412 -123.07   38.32    13.4     9.6    11.5    10.8     0.0     7.98 C    23.9    10.4    13.6    99.7    84.2    94.8   0.010   0.074   0.061   0.062   0.089    14.2    14.2    14.6    15.0    14.7
93245 20120927  2.412 -123.07   38.32    13.4     9.5    11.4    10.6     0.0    10.21 C    25.3    10.3    14.0   100.0    83.8    95.8   0.010   0.073   0.061   0.062   0.090    14.4    14.2    14.6    14.9    14.7
93245 20120928  2.412 -123.07   38.32    14.5     9.0    11.8    11.1     0.0     7.02 C    23.6     9.9    13.6   100.0    85.5    96.2   0.010   0.072   0.061   0.062   0.088    14.3    14.2    14.6    14.9    14.7
93245 20120929  2.412 -123.07   38.32    13.8     9.1    11.4    10.6     0.0    13.14 C    27.8     9.6    14.4   100.0    77.9    94.6   0.010   0.071   0.061   0.062   0.087    14.3    14.3    14.5    14.9    14.7
93245 20120930  2.412 -123.07   38.32    15.6     9.2    12.4    11.6     0.0    17.26 C    29.9     6.1    14.8   100.0    73.1    94.5   0.010   0.070   0.061   0.062   0.087    14.3    14.3    14.6    14.9    14.7
93245 20121001  2.412 -123.07   38.32    18.9     9.8    14.3    14.0     0.0    19.13 C    33.4     5.4    15.8    98.3    65.5    84.6   0.010   0.069   0.060   0.061   0.087    13.9    14.3    14.6    14.9    14.7
93245 20121002  2.412 -123.07   38.32    19.7    10.5    15.1    14.2     0.0    18.92 C    36.0     6.1    15.9    96.4    62.7    82.6   0.010   0.069   0.060   0.061   0.087    14.2    14.5    14.7    14.9    14.7
93245 20121003  2.412 -123.07   38.32    19.6    10.7    15.2    14.5     0.0    16.84 C    34.0     6.4    17.6    96.3    66.3    88.3   0.010   0.068   0.060   0.061   0.087    14.7    14.6    14.8    14.9    14.7
93245 20121004  2.412 -123.07   38.32    16.9    12.9    14.9    14.5     0.0     7.33 C    25.9    11.7    16.8    95.6    72.2    86.3   0.010   0.067   0.061   0.062   0.087    15.8    15.1    14.9    15.0    14.7
93245 20121005  2.412 -123.07   38.32    18.0    11.4    14.7    14.2     0.0    10.89 C    30.3     7.5    16.6    97.3    74.7    88.2   0.010   0.067   0.062   0.063   0.087    15.8    15.2    15.1    15.1    14.7
93245 20121006  2.412 -123.07   38.32    17.5    10.2    13.9    13.7     0.0    14.98 C    31.9     6.2    16.9    97.2    73.7    90.9   0.010   0.068   0.062   0.064   0.088    15.5    15.2    15.1    15.2    14.8
93245 20121007  2.412 -123.07   38.32    14.8     9.2    12.0    12.2     0.0    11.16 C    30.3     6.6    14.5   100.0    84.3    93.7   0.009   0.067   0.062   0.064   0.088    15.1    15.1    15.2    15.2    14.8
93245 20121008  2.412 -123.07   38.32    18.0     9.4    13.7    13.2     0.0    15.55 C    31.9     4.7    14.5    95.4    65.5    87.5   0.009   0.066   0.061   0.064   0.089    14.4    14.8    15.1    15.2    14.8
93245 20121009  2.412 -123.07   38.32    18.1    10.0    14.0    13.4     0.0    15.84 C    35.2     5.9    15.7    97.3    69.4    88.5   0.009   0.065   0.061   0.064   0.088    14.5    14.6    15.0    15.2    14.8
93245 20121010  2.412 -123.07   38.32    16.8    10.8    13.8    13.1     0.0    14.08 C    28.6     8.8    15.7    96.9    71.0    87.5   0.009   0.064   0.061   0.064   0.088    14.8    14.8    15.0    15.1    14.8
93245 20121011  2.412 -123.07   38.32    13.4    11.7    12.5    12.3     0.0     3.28 C    17.7    11.6    13.3    92.6    81.9    88.0   0.008   0.065   0.061   0.065   0.088    14.4    14.7    15.0    15.1    14.8
93245 20121012  2.412 -123.07   38.32    15.6    10.0    12.8    12.8     0.0     7.79 C    25.7     5.3    14.3    92.9    72.5    83.2   0.008   0.064   0.061   0.064   0.088    14.6    14.6    14.9    15.1    14.8
93245 20121013  2.412 -123.07   38.32    18.3     9.5    13.9    13.5     0.0    16.06 C    32.1     6.0    16.5    97.6    63.9    86.1   0.008   0.064   0.061   0.063   0.089    14.2    14.4    14.8    15.1    14.8
93245 20121014  2.412 -123.07   38.32    17.1    11.2    14.1    13.2     0.0    13.02 C    27.2     8.6    16.3   100.0    81.2    96.0   0.009   0.064   0.060   0.063   0.088    15.3    14.9    14.9    15.0    14.8
93245 20121015  2.412 -123.07   38.32    18.4     9.9    14.1    14.0     0.0    15.83 C    30.4     9.2    17.1   100.0    72.1    91.6   0.008   0.064   0.061   0.064   0.088    15.0    14.9    15.0    15.1    14.8
93245 20121016  2.412 -123.07   38.32    16.7    11.2    13.9    13.8     0.0    10.76 C    28.3     7.4    15.7   100.0    82.2    93.1   0.008   0.064   0.061   0.064   0.089    15.6    15.2    15.1    15.1    14.8
93245 20121017  2.412 -123.07   38.32    18.3     9.0    13.6    12.8     0.0    16.79 C    31.8     4.6    13.9    97.7    55.0    85.2   0.008   0.064   0.061   0.063   0.089    13.9    14.7    15.1    15.2    14.8
93245 20121018  2.412 -123.07   38.32    23.8    10.0    16.9    16.5     0.0    15.91 C    34.5     5.2    17.9    95.2    25.7    66.1   0.008   0.064   0.061   0.063   0.088    14.2    14.4    14.8    15.1    14.8
93245 20121019  2.412 -123.07   38.32    17.5    10.8    14.2    14.6     0.2     7.50 C    26.4     9.5    16.8    97.5    86.4    94.1   0.009   0.063   0.061   0.063   0.088    16.2    15.3    15.0    15.1    14.8
93245 20121020  2.412 -123.07   38.32    15.4    10.8    13.1    12.6     0.0    13.42 C    23.9     7.6    13.9    99.0    75.9    87.1   0.008   0.064   0.061   0.062   0.088    14.7    15.1    15.2    15.2    14.8
93245 20121021  2.412 -123.07   38.32    15.1     9.3    12.2    11.8     3.3    12.40 C    24.7     5.8    12.8    96.4    61.2    78.5   0.008   0.063   0.061   0.062   0.088    13.6    14.4    14.9    15.1    14.8
93245 20121022  2.412 -123.07   38.32    15.4     9.2    12.3    11.8    14.7    13.07 C    25.0     5.8    13.6    96.9    66.4    89.3   0.008   0.104   0.093   0.102   0.122    13.5    13.8    14.5    15.0    14.8
93245 20121023  2.412 -123.07   38.32    15.9     7.4    11.7    11.6     2.4    14.02 C    26.3     5.8    13.0    95.1    67.4    85.6   0.008   0.092   0.088   0.095   0.115    12.8    13.7    14.4    14.8    14.8
93245 20121024  2.412 -123.07   38.32    16.2     9.9    13.0    12.8     1.1    13.80 C    27.1     8.0    15.0    96.2    76.8    90.5   0.010   0.112   0.089   0.092   0.112    13.7    13.9    14.3    14.7    14.7
93245 20121025  2.412 -123.07   38.32    15.9    10.0    13.0    12.4     1.4    13.52 C    25.4     5.9    13.8    95.8    76.6    89.0   0.010   0.117   0.087   0.090   0.110    13.6    14.1    14.4    14.7    14.6
93245 20121026  2.412 -123.07   38.32    17.1     8.0    12.5    12.3     0.0    14.47 C    27.0     5.0    13.7    97.3    64.4    86.4   0.010   0.104   0.087   0.089   0.109    12.8    13.6    14.3    14.7    14.6
93245 20121027  2.412 -123.07   38.32    16.5    11.1    13.8    13.4     0.0    14.34 C    26.5     8.4    15.2    97.2    76.2    90.4   0.012   0.098   0.085   0.088   0.109    13.7    13.9    14.2    14.6    14.6
93245 20121028  2.412 -123.07   38.32    14.9    10.4    12.6    12.0     0.0    11.34 C    25.6     7.6    14.3   100.0    86.6    98.2   0.011   0.095   0.085   0.088   0.109    13.9    14.1    14.3    14.6    14.6
93245 20121029  2.412 -123.07   38.32    13.7     8.8    11.3    11.6     0.0    12.26 C    25.2     7.3    14.0    99.4    87.4    97.3   0.011   0.093   0.083   0.088   0.108    13.5    13.9    14.3    14.6    14.5
93245 20121030  2.412 -123.07   38.32    13.7     9.3    11.5    11.9     0.3     9.66 C    24.1     8.9    14.5   100.0    94.3    98.5   0.011   0.092   0.083   0.087   0.107    14.2    14.1    14.3    14.6    14.5
93245 20121031  2.412 -123.07   38.32    14.6    12.8    13.7    13.5    17.3     2.24 C    16.6    12.7    13.9    99.3    94.6    97.5   0.010   0.109   0.101   0.106   0.110    14.2    14.2    14.4    14.7    14.5
93245 20121101  2.412 -123.07   38.32    14.8     9.7    12.2    12.8     0.7    10.33 C    23.5     5.3    14.5   100.0    94.6    98.8   0.013   0.134   0.125   0.126   0.121    14.6    14.4    14.5    14.7    14.5
93245 20121102  2.412 -123.07   38.32    15.1     8.0    11.6    11.5     0.0    11.67 C    24.2     4.4    11.6    97.3    76.3    91.1   0.013   0.123   0.117   0.123   0.119    12.5    13.7    14.4    14.8    14.5
93245 20121103  2.412 -123.07   38.32    17.0    10.6    13.8    13.4     0.0    13.21 C    25.9     8.6    14.9    96.9    67.3    87.6   0.016   0.118   0.113   0.121   0.118    13.4    13.7    14.2    14.6    14.5
93245 20121104  2.412 -123.07   38.32    17.5    10.9    14.2    13.4     0.0    13.27 C    25.7     7.7    14.0    97.2    75.0    91.6   0.019   0.114   0.111   0.118   0.117    13.4    13.8    14.2    14.5    14.5
93245 20121105  2.412 -123.07   38.32    25.1    12.8    19.0    17.1     0.0    13.31 C    30.6     9.5    16.7    91.8    46.2    74.8   0.021   0.113   0.109   0.116   0.117    14.1    14.0    14.2    14.5    14.5
93245 20121106  2.412 -123.07   38.32    26.0    11.5    18.8    16.9     0.0    12.94 C    31.8    10.3    17.3   100.0    45.2    75.7   0.023   0.111   0.109   0.115   0.116    14.8    14.5    14.5    14.6    14.5
93245 20121107  2.412 -123.07   38.32    14.0    11.5    12.8    12.2     0.0     4.20 C    17.8    10.6    13.2   100.0    82.7    94.9   0.023   0.109   0.107   0.115   0.115    14.1    14.4    14.6    14.7    14.5
93245 20121108  2.412 -123.07   38.32    14.0     6.0    10.0    10.6     1.2     7.96 C    17.8     2.1    10.2    91.5    64.8    77.2   0.023   0.108   0.107   0.115   0.115    12.3    13.7    14.4    14.7    14.5
93245 20121109  2.412 -123.07   38.32    12.5     5.3     8.9     8.9     1.3    12.67 C    17.1     1.0     8.4    92.5    60.5    79.0   0.022   0.106   0.104   0.114   0.114    10.4    12.5    13.9    14.5    14.5
93245 20121110  2.412 -123.07   38.32    13.0     5.3     9.1     9.5     0.0    12.84 C    18.5     0.0     8.4    85.9    58.7    72.7   0.022   0.105   0.104   0.112   0.114    10.0    11.8    13.3    14.0    14.4
93245 20121111  2.412 -123.07   38.32    14.3     3.9     9.1     8.5     0.0    11.99 C    21.8     0.0     7.3    88.0    53.4    73.1   0.022   0.102   0.104   0.112   0.113     9.2    11.3    12.9    13.7    14.3
93245 20121112  2.412 -123.07   38.32    16.4     6.9    11.7    10.7     0.0    12.18 C    24.0     3.4    10.2    86.1    40.4    66.9   0.024   0.103   0.103   0.110   0.113     9.8    11.1    12.5    13.3    14.1
93245 20121113  2.412 -123.07   38.32    18.7     7.3    13.0    11.7     0.0    10.19 C    25.9     3.4    11.1    89.5    37.7    72.9   0.025   0.103   0.103   0.109   0.111    10.6    11.4    12.4    13.1    13.9
93245 20121114  2.412 -123.07   38.32    15.8     9.7    12.7    12.5     0.0    11.78 C    23.6     4.7    12.2    95.2    61.1    77.2   0.026   0.103   0.102   0.110   0.112    10.9    11.6    12.4    13.1    13.8
93245 20121115  2.412 -123.07   38.32    21.3    12.4    16.8    14.8     0.0    10.25 C    26.0     8.0    14.6    88.5    36.1    70.4   0.027   0.104   0.102   0.108   0.111    12.1    12.1    12.6    13.1    13.7
93245 20121116  2.412 -123.07   38.32    14.2    12.4    13.3    13.1    35.7     2.74 C    15.8    11.8    13.1    95.5    79.8    89.5   0.032   0.124   0.117   0.133   0.114    12.8    12.6    12.9    13.2    13.6
93245 20121117  2.412 -123.07   38.32    15.0    10.2    12.6    12.9    21.6     6.29 C    21.6     7.5    13.8    97.8    89.1    94.7   0.073   0.186   0.209   0.223   0.154    13.5    13.1    13.1    13.3    13.6
93245 20121118  2.412 -123.07   38.32    14.7     5.7    10.2    10.8     0.8     8.45 C    20.1     2.9    10.6    95.9    78.9    88.1   0.078   0.189   0.189   0.190   0.154    11.7    12.6    13.1    13.5    13.6
93245 20121119  2.412 -123.07   38.32    15.1    11.0    13.1    13.3     1.1     4.34 C    17.0    10.8    13.5    95.1    78.3    86.0   0.079   0.187   0.175   0.171   0.156    12.9    12.8    13.1    13.5    13.6
93245 20121120  2.412 -123.07   38.32    14.6    13.5    14.0    13.9    18.8     1.94 C    16.0    13.0    14.2    97.4    95.0    96.7   0.089   0.212   0.187   0.177   0.159    13.8    13.4    13.4    13.6    13.6
93245 20121121  2.412 -123.07   38.32    15.5     8.5    12.0    13.2     0.4    10.50 C    20.2     3.6    13.4    97.2    75.8    87.3   0.092   0.215   0.196   0.192   0.168    13.6    13.6    13.6    13.8    13.6
93245 20121122  2.412 -123.07   38.32    14.6     6.2    10.4    10.3     0.0    11.09 C    19.9     2.3     9.2    95.2    70.2    85.3   0.086   0.198   0.182   0.175   0.168    11.1    12.6    13.4    13.8    13.7
93245 20121123  2.412 -123.07   38.32    19.0     6.9    13.0    11.0     0.0    11.36 C    22.8     3.3     9.0    96.6    47.9    87.9   0.083   0.188   0.174   0.167   0.167    10.7    12.1    13.0    13.5    13.7
93245 20121124  2.412 -123.07   38.32    15.5     7.7    11.6    11.8     0.0    11.20 C    20.7     3.0    11.3    97.1    75.2    89.9   0.082   0.181   0.168   0.162   0.167    10.8    11.7    12.7    13.3    13.7
93245 20121125  2.412 -123.07   38.32    14.9     7.9    11.4    11.7     0.0    10.93 C    20.7     6.6    12.2   100.0    81.4    93.8   0.081   0.176   0.165   0.158   0.166    12.1    12.4    12.8    13.2    13.6
93245 20121126  2.412 -123.07   38.32    14.1     7.6    10.8    10.6     0.0     9.34 C    19.3     4.3    12.2   100.0    84.3    96.3   0.080   0.172   0.162   0.155   0.166    12.0    12.4    12.8    13.3    13.5
93245 20121127  2.412 -123.07   38.32    14.7    10.5    12.6    12.8     0.0     2.10 C    15.3     9.1    12.6    92.4    70.2    81.4   0.079   0.169   0.159   0.152   0.165    12.4    12.6    12.9    13.3    13.5
93245 20121128  2.412 -123.07   38.32    14.5    11.7    13.1    13.4    28.8     5.63 C    18.8    11.8    13.6    96.4    70.2    88.9   0.101   0.219   0.193   0.189   0.182    12.9    12.8    13.0    13.3    13.5
93245 20121129  2.412 -123.07   38.32    15.2    13.6    14.4    14.2    31.1     2.26 C    15.9    13.2    14.2    96.4    84.8    93.6   0.104   0.225   0.200   0.191   0.185    13.6    13.2    13.2    13.5    13.5
93245 20121130  2.412 -123.07   38.32    14.8    12.0    13.4    14.0    44.1     4.61 C    17.3    12.1    14.3    98.0    91.6    95.7   0.121   0.256   0.230   0.224   0.203    14.0    13.7    13.6    13.7    13.5
93245 20121201  2.412 -123.07   38.32    15.1    13.5    14.3    14.1    17.5     4.71 C    18.6    13.6    14.7    97.9    94.2    96.6   0.124   0.251   0.221   0.210   0.196    14.3    13.9    13.7    13.8    13.5
93245 20121202  2.412 -123.07   38.32    15.1     8.2    11.6    12.8    21.7     8.55 C    17.0     5.2    12.5    96.4    71.2    87.6   0.130   0.258   0.232   0.225   0.205    13.5    13.9    13.9    14.0    13.6
93245 20121203  2.412 -123.07   38.32    14.9     5.8    10.4    10.3     0.0     9.30 C    19.6     3.8    10.5    94.7    66.3    83.2   0.116   0.226   0.205   0.196   0.207    11.4    12.7    13.6    14.0    13.7
93245 20121204  2.412 -123.07   38.32    13.9    11.1    12.5    12.5    28.0     1.57 C    14.8    10.1    12.5    97.6    83.4    90.1   0.125   0.227   0.199   0.187   0.201    12.5    12.8    13.3    13.7    13.7
93245 20121205  2.412 -123.07   38.32    16.0    12.3    14.1    14.2     6.4     2.77 C    19.2    12.0    15.0    99.0    94.9    97.6   0.139   0.258   0.233   0.231   0.216    14.2    13.5    13.4    13.7    13.7
93245 20121206  2.412 -123.07   38.32    14.2     8.0    11.1    11.6     0.0     9.58 C    18.0     3.5    11.1    94.0    73.8    83.5   0.121   0.226   0.204   0.194   0.210    12.6    13.4    13.6    13.8    13.7
93245 20121207  2.412 -123.07   38.32    13.3     5.3     9.3     9.4     0.0    10.19 C    18.0     2.6     8.8    96.9    67.6    86.8   0.114   0.213   0.192   0.181   0.206    10.6    12.2    13.2    13.7    13.7
93245 20121208  2.412 -123.07   38.32    13.9     4.9     9.4     9.3     0.0     8.40 C    18.0     1.9     7.6    96.2    72.3    85.7   0.110   0.205   0.184   0.174   0.202    10.1    11.6    12.7    13.4    13.6
93245 20121209  2.412 -123.07   38.32    14.7     6.8    10.7    10.6     0.0     9.54 C    18.8     3.0     9.8    94.3    71.4    86.2   0.108   0.198   0.179   0.169   0.199    10.2    11.3    12.4    13.1    13.6
93245 20121210  2.412 -123.07   38.32    16.3     8.8    12.5    11.8     0.0    10.07 C    20.4     5.4    11.2    94.6    57.1    81.8   0.106   0.194   0.176   0.166   0.197    10.8    11.5    12.2    12.9    13.5
93245 20121211  2.412 -123.07   38.32    11.6     7.2     9.4    10.1     3.8     2.74 C    13.8     6.6    10.3   100.0    75.3    92.7   0.108   0.190   0.173   0.163   0.196    11.1    11.6    12.3    12.8    13.3
93245 20121212  2.412 -123.07   38.32    11.7     5.3     8.5     9.6     0.8     9.09 C    14.3     3.1     8.9    88.6    63.1    76.1   0.124   0.193   0.171   0.161   0.194    10.3    11.4    12.2    12.8    13.2
93245 20121213  2.412 -123.07   38.32    12.0     2.8     7.4     7.1     0.0    10.00 C    15.8     0.6     5.5    92.5    53.9    77.3   0.118   0.194   0.170   0.159   0.192     8.6    10.5    11.9    12.6    13.2
93245 20121214  2.412 -123.07   38.32    12.1     4.1     8.1     7.7     0.0     6.25 C    16.3     0.5     6.5    91.5    52.0    75.6   0.113   0.191   0.168   0.158   0.191     8.7    10.1    11.4    12.3    13.1
93245 20121215  2.412 -123.07   38.32     7.7     3.8     5.7     6.2     2.2     2.08 C     8.6     1.3     6.0    94.5    81.6    90.4   0.114   0.189   0.167   0.156   0.191     8.1     9.7    11.1    12.0    13.0
93245 20121216  2.412 -123.07   38.32    12.8     6.8     9.8     9.7     3.2     2.33 C    12.9     6.8     9.8    96.7    86.9    91.6   0.123   0.189   0.166   0.155   0.190     9.5     9.9    10.9    11.8    12.8
93245 20121217  2.412 -123.07   38.32    13.2     9.1    11.2    11.6     6.7     7.20 C    15.3     7.3    11.4    97.1    56.1    84.0   0.149   0.223   0.179   0.156   0.190    11.2    11.1    11.3    11.8    12.7
93245 20121218  2.412 -123.07   38.32    10.3     7.1     8.7     8.4     0.0     9.77 C    12.2     5.3     7.5    68.4    50.6    61.2   0.136   0.219   0.183   0.159   0.190     8.6    10.4    11.3    12.0    12.6
93245 20121219  2.412 -123.07   38.32    11.6     1.1     6.4     6.2     0.0     9.73 C    14.3    -1.5     5.1    79.4    48.4    62.2   0.126   0.210   0.179   0.160   0.188     7.2     9.3    10.8    11.7    12.6
93245 20121220  2.412 -123.07   38.32    12.6     5.7     9.1     9.6     6.6     4.50 C    14.3     4.4     9.4    94.0    59.4    75.8   0.121   0.204   0.176   0.160   0.189     8.6     9.2    10.4    11.4    12.5
93245 20121221  2.412 -123.07   38.32    13.7    10.7    12.2    12.0    47.2     4.33 C    17.3    10.8    12.2    96.8    86.8    93.5   0.157   0.243   0.202   0.191   0.211    11.1    10.6    10.7    11.3    12.2
93245 20121222  2.412 -123.07   38.32    13.5    10.2    11.9    11.8     7.1     8.50 C    16.1     9.6    11.3    93.2    63.2    77.3   0.153   0.239   0.200   0.182   0.209    10.9    11.0    11.2    11.5    12.1
93245 20121223  2.412 -123.07   38.32    13.4     9.2    11.3    11.5    40.5     2.56 C    14.2     7.4    11.1    96.0    79.4    90.5   0.168   0.257   0.216   0.200   0.215    11.2    11.1    11.3    11.7    12.1
93245 20121224  2.412 -123.07   38.32    12.0     5.9     8.9     8.8     1.3     9.40 C    16.6     2.3     8.0    91.9    66.5    81.2   0.152   0.236   0.205   0.190   0.211     9.6    10.7    11.3    11.8    12.1
93245 20121225  2.412 -123.07   38.32    10.1     6.0     8.0     7.2    27.7     0.99 C     9.3     3.7     6.8    96.7    78.5    89.8   0.176   0.251   0.212   0.195   0.209     8.4     9.9    10.9    11.6    12.1
93245 20121226  2.412 -123.07   38.32    11.3     8.5     9.9     9.9     3.1     8.30 C    12.9     7.7     9.4    91.2    72.9    81.3   0.170   0.253   0.221   0.213   0.218     9.1     9.6    10.4    11.2    12.0
93245 20121227  2.412 -123.07   38.32    12.0     5.9     9.0     9.4     0.3     9.66 C    14.8     2.9     8.7    91.4    64.2    75.7   0.150   0.231   0.203   0.193   0.213     9.0     9.7    10.5    11.1    11.9
93245 20121228  2.412 -123.07   38.32     8.1     4.9     6.5     6.5    12.3     2.11 C     9.5     3.0     6.1    93.6    71.3    85.0   0.156   0.223   0.194   0.183   0.208     8.1     9.4    10.4    11.1    11.8
93245 20121229  2.412 -123.07   38.32    12.8     4.7     8.8     8.1     2.8     8.35 C    17.2     1.6     7.4    93.2    62.1    79.7   0.176   0.257   0.213   0.190   0.207     8.1     9.0    10.0    10.8    11.7
93245 20121230  2.412 -123.07   38.32    11.9     2.9     7.4     7.2     0.0    10.02 C    15.1     0.6     5.7    94.6    60.4    81.5   0.153   0.233   0.203   0.188   0.207     7.6     8.8     9.9    10.7    11.6
93245 20121231  2.412 -123.07   38.32    12.6     2.4     7.5     7.3     0.5     9.07 C    16.9     0.5     6.0    92.1    50.5    78.1   0.145   0.221   0.194   0.181   0.206     7.3     8.5     9.7    10.5    11.5
