54932 20160101  2.422  -92.99   46.11    -1.7    -9.0    -5.3    -6.0     0.0     5.74 C    -4.1   -15.5    -9.5    85.0    57.7    74.2   0.252   0.239   0.227   0.198   0.323     0.6     1.0     1.3     2.0     3.2
54932 20160102  2.422  -92.99   46.11    -0.2   -11.0    -5.6    -5.2     0.0     6.36 C    -3.9   -19.4   -10.1    88.9    51.1    71.6   0.254   0.238   0.226   0.198   0.319     0.5     0.9     1.2     1.9     3.1
54932 20160103  2.422  -92.99   46.11    -1.1    -9.3    -5.2    -4.1     0.0     2.41 C    -2.3   -18.3    -7.1    93.6    64.1    76.4   0.254   0.237   0.226   0.197   0.320     0.4     0.8     1.1     1.8     3.1
54932 20160104  2.422  -92.99   46.11    -2.7   -15.0    -8.8    -7.8     0.0     6.48 C    -5.0   -22.0   -13.4    93.0    65.0    81.7   0.253   0.235   0.225   0.197   0.319     0.4     0.7     1.1     1.8     3.0
54932 20160105  2.422  -92.99   46.11    -0.6    -8.2    -4.4    -4.2     0.0     6.34 C    -1.8    -8.5    -5.6    91.4    61.0    75.6 -99.000   0.232   0.224   0.195   0.318     0.2     0.6     1.0     1.7     3.0
54932 20160106  2.422  -92.99   46.11    -1.1    -3.9    -2.5    -2.5     1.6     1.79 C    -1.5    -4.7    -3.1    94.8    77.3    83.4   0.252   0.231   0.223   0.195   0.318     0.3     0.6     0.9     1.6     2.9
54932 20160107  2.422  -92.99   46.11    -0.2    -1.9    -1.0    -1.0     0.2     0.96 C    -0.3    -2.4    -1.3    97.0    88.0    93.2   0.252   0.232   0.223   0.195   0.318     0.4     0.7     1.0     1.6     2.8
54932 20160108  2.422  -92.99   46.11     0.2    -8.1    -4.0    -2.0     3.7     1.65 C    -0.1    -7.9    -2.2    96.4    80.3    91.1   0.252   0.233   0.224   0.194   0.318     0.5     0.8     1.0     1.6     2.8
54932 20160109  2.422  -92.99   46.11    -8.1   -23.0   -15.6   -16.0     0.0     4.43 C    -7.9   -27.2   -16.6    82.4    61.7    70.9   0.253   0.233   0.224   0.194   0.317     0.5     0.8     1.1     1.6     2.8
54932 20160110  2.422  -92.99   46.11   -17.6   -26.1   -21.9   -23.0     0.0     7.24 C   -18.0   -34.8   -27.5    86.0    53.3    70.0 -99.000   0.249   0.223   0.194   0.316     0.2     0.5     0.9     1.6     2.7
54932 20160111  2.422  -92.99   46.11   -17.6   -28.4   -23.0   -22.0     1.1     3.77 C   -17.0   -35.5   -25.5    82.3    69.9    77.0 -99.000   0.247   0.220   0.193   0.316     0.0     0.3     0.7     1.5     2.7
54932 20160112  2.422  -92.99   46.11   -17.1   -23.1   -20.1   -20.3     0.0     6.63 C   -17.3   -31.6   -25.2    79.6    55.5    69.0 -99.000   0.243   0.238   0.192   0.316    -0.1     0.2     0.6     1.3     2.6
54932 20160113  2.422  -92.99   46.11   -12.4   -22.7   -17.5   -16.4     0.0     1.70 C   -11.8   -30.6   -16.2    84.9    78.9    81.0 -99.000   0.241   0.237   0.190   0.316    -0.2     0.1     0.5     1.2     2.5
54932 20160114  2.422  -92.99   46.11    -6.5   -12.4    -9.4    -9.2     0.0     3.14 C    -5.7   -12.0    -8.7    87.6    74.3    81.6 -99.000 -99.000   0.236   0.189   0.317    -0.2     0.1     0.5     1.2     2.5
54932 20160115  2.422  -92.99   46.11    -6.5   -15.8   -11.2    -9.5     0.0     3.10 C    -6.1   -17.1    -9.3    85.0    66.6    75.4 -99.000 -99.000   0.236   0.188   0.316    -0.2     0.1     0.4     1.1     2.4
54932 20160116  2.422  -92.99   46.11   -15.8   -25.0   -20.4   -21.1     0.0     5.41 C   -14.4   -29.6   -22.9    72.6    50.2    63.0 -99.000 -99.000   0.235   0.188   0.316    -0.3     0.1     0.4     1.1     2.4
54932 20160117  2.422  -92.99   46.11   -19.9   -28.1   -24.0   -24.3     0.0     7.54 C   -18.6   -33.3   -28.0    75.7    50.3    65.2 -99.000 -99.000   0.229   0.186   0.315    -0.5     0.0     0.4     1.1     2.3
54932 20160118  2.422  -92.99   46.11   -17.4   -27.4   -22.4   -23.0     0.0     7.64 C   -16.7   -32.0   -27.1    78.2    51.1    67.6 -99.000 -99.000   0.223   0.185   0.315    -0.6    -0.2     0.3     1.0     2.3
54932 20160119  2.422  -92.99   46.11   -14.1   -25.5   -19.8   -19.0     0.0     5.58 C   -12.5   -31.9   -21.7    81.8    53.4    68.1 -99.000 -99.000 -99.000   0.183   0.314    -0.7    -0.3     0.2     0.9     2.2
54932 20160120  2.422  -92.99   46.11    -8.4   -15.1   -11.7   -11.6     0.7     1.76 C    -8.9   -16.7   -11.5    91.0    67.5    85.5 -99.000 -99.000 -99.000   0.181   0.315    -0.6    -0.3     0.1     0.9     2.1
54932 20160121  2.422  -92.99   46.11    -6.7    -8.8    -7.8    -7.8     0.0     2.35 C    -6.5   -10.4    -8.4    89.8    68.4    80.1 -99.000 -99.000 -99.000   0.180   0.313    -0.5    -0.2     0.1     0.8     2.1
54932 20160122  2.422  -92.99   46.11    -6.4   -12.7    -9.6    -8.9     0.0     4.46 C    -5.9   -21.8   -11.7    88.5    66.2    75.8 -99.000 -99.000 -99.000   0.180   0.313    -0.5    -0.2     0.1     0.8     2.0
54932 20160123  2.422  -92.99   46.11    -5.4   -12.9    -9.1    -8.0     0.0     3.83 C    -5.9   -22.1    -9.1    93.1    71.1    82.2 -99.000 -99.000 -99.000   0.180   0.314    -0.5    -0.2     0.1     0.8     2.0
54932 20160124  2.422  -92.99   46.11    -1.6    -6.5    -4.1    -3.6     0.2     2.70 C    -1.6    -6.7    -3.8    94.0    81.8    90.1 -99.000 -99.000 -99.000   0.180   0.314    -0.5    -0.2     0.1     0.7     2.0
54932 20160125  2.422  -92.99   46.11    -1.2    -4.9    -3.1    -2.8     7.6     0.59 C    -1.6    -5.7    -3.4    94.0    78.1    89.6 -99.000 -99.000 -99.000   0.180   0.314    -0.4    -0.2     0.1     0.7     1.9
54932 20160126  2.422  -92.99   46.11    -3.4    -8.0    -5.7    -5.1     0.2     1.83 C    -3.5   -19.4    -6.9    84.2    54.1    72.9 -99.000 -99.000 -99.000   0.180   0.314    -0.4    -0.2     0.1     0.7     1.9
54932 20160127  2.422  -92.99   46.11     4.3   -11.9    -3.8    -3.6     0.0     2.34 C     0.0   -22.6    -7.3    89.8    68.9    79.1 -99.000 -99.000 -99.000   0.180   0.314    -0.4    -0.1     0.1     0.7     1.9
54932 20160128  2.422  -92.99   46.11     2.8   -15.1    -6.1    -4.1     0.0     5.27 C    -0.1   -22.4    -7.8    88.8    50.1    69.2 -99.000 -99.000 -99.000   0.180   0.313    -0.4    -0.1     0.1     0.7     1.8
54932 20160129  2.422  -92.99   46.11    -0.7   -15.2    -8.0    -5.5     0.9     4.85 C    -1.5   -22.6    -7.0    93.5    63.4    76.2 -99.000 -99.000 -99.000   0.180   0.313    -0.4    -0.1     0.1     0.7     1.8
54932 20160130  2.422  -92.99   46.11     4.5    -3.8     0.3     0.9     0.0     3.70 C     0.1   -11.5    -4.0    95.1    60.2    79.1 -99.000 -99.000 -99.000   0.181   0.313    -0.4    -0.1     0.1     0.7     1.8
54932 20160131  2.422  -92.99   46.11     4.2    -7.4    -1.6    -1.1     0.0     8.87 C    -0.3   -16.0    -8.1    96.3    54.8    79.4 -99.000 -99.000 -99.000   0.181   0.312    -0.3    -0.1     0.1     0.7     1.8
54932 20160201  2.422  -92.99   46.11    -2.2    -6.1    -4.1    -3.3     0.0     2.85 C    -1.4   -14.0    -5.3    93.1    71.2    83.2 -99.000 -99.000 -99.000   0.181   0.312    -0.4    -0.1     0.1     0.6     1.8
54932 20160202  2.422  -92.99   46.11    -1.9    -7.8    -4.9    -5.3     3.3     2.48 C    -3.3   -15.5    -8.2    92.7    66.8    83.4 -99.000 -99.000 -99.000   0.181   0.312    -0.4    -0.1     0.1     0.6     1.7
54932 20160203  2.422  -92.99   46.11    -6.3   -16.8   -11.5    -9.7     1.1     9.41 C    -7.5   -25.6   -13.8    85.9    40.4    66.1 -99.000 -99.000 -99.000   0.181   0.312    -0.4    -0.1     0.1     0.6     1.7
54932 20160204  2.422  -92.99   46.11    -4.4   -16.3   -10.3   -10.5     0.3     5.67 C    -4.5   -25.3   -14.3    90.6    58.7    77.1 -99.000 -99.000 -99.000   0.182   0.313    -0.4    -0.1     0.1     0.6     1.7
54932 20160205  2.422  -92.99   46.11    -2.8   -18.4   -10.6    -9.8     0.0     6.94 C    -5.6   -25.0   -12.9    86.6    48.3    74.0 -99.000 -99.000 -99.000   0.181   0.313    -0.4    -0.1     0.1     0.6     1.7
54932 20160206  2.422  -92.99   46.11     1.6    -6.2    -2.3    -2.0     0.2     7.15 C     0.3   -10.9    -3.7    90.3    62.9    78.3 -99.000 -99.000 -99.000   0.181   0.313    -0.4    -0.1     0.1     0.6     1.7
54932 20160207  2.422  -92.99   46.11     2.5    -9.7    -3.6    -1.2     2.1     3.44 C     0.0    -8.9    -2.3    89.4    68.2    79.3 -99.000 -99.000 -99.000   0.181   0.313    -0.3    -0.1     0.1     0.6     1.6
54932 20160208  2.422  -92.99   46.11    -9.7   -14.0   -11.9   -12.1     0.9     6.82 C    -8.8   -15.0   -11.4    78.0    54.1    66.0 -99.000 -99.000 -99.000   0.181   0.313    -0.3    -0.1     0.1     0.6     1.6
54932 20160209  2.422  -92.99   46.11   -10.5   -17.7   -14.1   -14.6     0.0    10.74 C   -11.3   -26.0   -18.4    76.6    40.4    59.8 -99.000 -99.000 -99.000   0.181   0.313    -0.3    -0.1     0.1     0.6     1.6
54932 20160210  2.422  -92.99   46.11   -12.8   -22.0   -17.4   -17.5     0.0     9.12 C   -11.7   -30.7   -22.1    82.7    39.1    61.7 -99.000 -99.000 -99.000   0.181   0.313    -0.4    -0.1     0.1     0.6     1.6
54932 20160211  2.422  -92.99   46.11   -10.0   -25.7   -17.8   -15.9     0.0     8.26 C   -10.5   -32.7   -20.3    81.7    40.3    62.2 -99.000 -99.000 -99.000   0.181   0.313    -0.4    -0.1     0.1     0.6     1.6
54932 20160212  2.422  -92.99   46.11   -10.4   -21.1   -15.8   -16.0     0.0    11.33 C   -12.7   -27.5   -19.6    69.3    34.0    51.0 -99.000 -99.000 -99.000   0.181   0.313    -0.4    -0.1     0.1     0.6     1.6
54932 20160213  2.422  -92.99   46.11   -13.3   -27.9   -20.6   -19.8     0.0    11.46 C   -13.9   -34.2   -25.3    78.3    37.6    55.9 -99.000 -99.000 -99.000   0.182   0.313    -0.5    -0.1     0.0     0.6     1.5
54932 20160214  2.422  -92.99   46.11    -8.2   -18.8   -13.5   -12.1     1.9     5.34 C    -7.6   -26.1   -12.6    85.4    51.1    67.0 -99.000 -99.000 -99.000   0.191   0.313    -0.5    -0.1     0.0     0.5     1.5
54932 20160215  2.422  -92.99   46.11    -1.0    -9.2    -5.1    -5.3     0.3     5.36 C    -2.0    -9.7    -5.6    91.5    72.5    84.6 -99.000 -99.000 -99.000   0.194   0.313    -0.4    -0.1     0.0     0.5     1.5
54932 20160216  2.422  -92.99   46.11    -1.6   -11.2    -6.4    -4.1     0.3    11.85 C    -2.5   -21.5    -8.2    96.1    34.0    63.4 -99.000 -99.000 -99.000   0.193   0.313    -0.4    -0.1     0.0     0.5     1.5
54932 20160217  2.422  -92.99   46.11    -3.5   -20.4   -12.0    -9.5     0.0    11.04 C    -5.7   -27.0   -14.4    87.9    42.5    64.0 -99.000 -99.000 -99.000   0.193   0.313    -0.4    -0.1     0.0     0.5     1.5
54932 20160218  2.422  -92.99   46.11     3.3    -6.5    -1.6    -0.6     0.0     5.30 C    -0.1   -12.9    -3.4    80.9    59.8    67.9 -99.000 -99.000 -99.000   0.193   0.313    -0.4    -0.1     0.0     0.5     1.5
54932 20160219  2.422  -92.99   46.11     6.1     1.9     4.0     3.3     1.6     3.00 C     0.1    -1.4    -0.3    90.6    63.6    81.2 -99.000 -99.000 -99.000   0.193   0.312    -0.4    -0.1     0.0     0.5     1.5
54932 20160220  2.422  -92.99   46.11     6.2    -3.4     1.4     1.9     0.0     4.55 C     0.3    -8.8    -1.8    85.7    56.7    72.6 -99.000 -99.000 -99.000   0.193   0.312    -0.4    -0.1     0.0     0.5     1.5
54932 20160221  2.422  -92.99   46.11    -0.6    -4.9    -2.7    -2.5     0.0     4.63 C    -0.6    -9.3    -3.4    90.3    54.7    74.6 -99.000 -99.000 -99.000   0.193   0.312    -0.4    -0.1     0.0     0.5     1.4
54932 20160222  2.422  -92.99   46.11     0.3    -9.7    -4.7    -3.9     0.0     9.78 C     0.2   -14.4    -6.1    88.7    50.8    66.7 -99.000 -99.000 -99.000   0.198   0.312    -0.3    -0.1     0.0     0.5     1.4
54932 20160223  2.422  -92.99   46.11     1.5    -2.4    -0.5    -0.2     2.9     2.22 C     0.1    -3.8    -1.1    96.4    75.7    88.3 -99.000 -99.000 -99.000   0.196   0.312    -0.3    -0.1     0.0     0.5     1.4
54932 20160224  2.422  -92.99   46.11     2.4    -2.7    -0.1    -0.2     0.0     6.30 C     0.5    -6.0    -1.5    91.9    52.4    74.8 -99.000 -99.000 -99.000   0.198   0.312    -0.3    -0.1     0.0     0.5     1.4
54932 20160225  2.422  -92.99   46.11    -1.4    -5.8    -3.6    -3.6     0.0    10.21 C    -0.5    -9.7    -4.7    71.7    49.9    62.3 -99.000 -99.000 -99.000   0.203   0.312    -0.3    -0.1     0.0     0.5     1.4
54932 20160226  2.422  -92.99   46.11     4.1    -8.9    -2.4    -2.1     0.0    13.06 C     0.1   -14.7    -5.6    81.5    48.2    65.8 -99.000 -99.000 -99.000   0.204   0.312    -0.3    -0.1     0.0     0.5     1.4
54932 20160227  2.422  -92.99   46.11    12.0    -0.7     5.7     4.7     0.0    12.14 C     1.5    -6.6    -1.8    81.9    37.1    62.9 -99.000 -99.000 -99.000   0.211   0.312    -0.3    -0.1     0.0     0.5     1.4
54932 20160228  2.422  -92.99   46.11     5.1    -3.9     0.6    -1.4     0.4     5.68 C     0.2    -8.6    -2.7    90.9    60.9    75.8 -99.000 -99.000 -99.000   0.220   0.312    -0.3    -0.1     0.0     0.5     1.4
54932 20160229  2.422  -92.99   46.11     0.2   -13.3    -6.5    -8.6     0.2    14.85 C    -1.6   -14.6    -8.5    84.7    30.4    48.9 -99.000 -99.000 -99.000   0.221   0.313    -0.3    -0.1     0.0     0.5     1.3
54932 20160301  2.422  -92.99   46.11    -6.0   -15.1   -10.5   -11.6     0.0    14.30 C    -2.2   -18.8   -11.4    70.4    23.3    42.9 -99.000 -99.000 -99.000   0.223   0.313    -0.4    -0.1     0.0     0.5     1.3
54932 20160302  2.422  -92.99   46.11    -2.3   -13.8    -8.0    -6.2     0.0     7.45 C    -0.4   -14.5    -6.2    75.1    43.2    58.6 -99.000 -99.000 -99.000   0.223   0.314    -0.5    -0.2     0.0     0.5     1.3
54932 20160303  2.422  -92.99   46.11    -1.2   -10.9    -6.0    -4.5     0.3     5.66 C    -0.7   -14.8    -6.0    89.8    50.1    67.9 -99.000 -99.000 -99.000   0.223   0.313    -0.4    -0.2     0.0     0.5     1.3
54932 20160304  2.422  -92.99   46.11    -0.9   -10.9    -5.9    -4.2     5.9     2.89 C    -0.2   -14.8    -4.5    96.1    61.3    86.5 -99.000 -99.000 -99.000   0.223   0.313    -0.5    -0.2     0.0     0.5     1.3
54932 20160305  2.422  -92.99   46.11     0.5    -3.8    -1.7    -1.7     0.2    10.51 C     0.3    -7.8    -3.1    95.7    66.5    81.8 -99.000 -99.000 -99.000   0.223   0.314    -0.4    -0.1     0.0     0.5     1.3
54932 20160306  2.422  -92.99   46.11    12.5    -2.8     4.8     4.3     0.0    15.50 C     3.7    -6.6    -1.4    94.9    43.4    69.8 -99.000 -99.000 -99.000   0.222   0.315    -0.4    -0.1     0.0     0.5     1.3
54932 20160307  2.422  -92.99   46.11    13.5    -0.2     6.6     4.8     0.0    10.23 C    10.3    -4.2     1.5    97.0    51.6    78.6 -99.000 -99.000 -99.000   0.243   0.322    -0.4    -0.1     0.0     0.4     1.2
54932 20160308  2.422  -92.99   46.11    19.8     2.2    11.0     9.3     0.0     7.84 C    20.5    -0.8     7.3    93.2    43.4    77.7 -99.000 -99.000 -99.000   0.273   0.323    -0.4    -0.1     0.0     0.4     1.2
54932 20160309  2.422  -92.99   46.11     3.5    -1.0     1.2     2.0     0.6     2.25 C     5.9    -1.8     1.9    96.8    85.8    92.9 -99.000 -99.000 -99.000   0.274   0.323    -0.3    -0.1     0.0     0.4     1.2
54932 20160310  2.422  -92.99   46.11     9.0    -2.6     3.2     1.7     0.0    11.85 C    14.8    -7.9     1.3    96.5    49.9    81.5 -99.000 -99.000 -99.000   0.274   0.323    -0.3    -0.1     0.0     0.4     1.2
54932 20160311  2.422  -92.99   46.11    15.2    -4.1     5.6     6.1     0.0    17.08 C    19.1    -8.7     3.2    96.4    36.7    69.4 -99.000 -99.000 -99.000   0.273   0.323    -0.3    -0.1     0.0     0.4     1.2
54932 20160312  2.422  -92.99   46.11    19.5    -0.4     9.5     9.6     0.0    16.67 C    25.5    -4.4     6.3    95.7    32.3    64.5 -99.000 -99.000 -99.000   0.273   0.324    -0.3    -0.1     0.0     0.4     1.2
54932 20160313  2.422  -92.99   46.11    14.1     1.0     7.6     7.6     0.2     5.68 C    17.4    -3.3     5.9    93.7    36.7    67.2 -99.000 -99.000 -99.000   0.273   0.325    -0.1    -0.1     0.0     0.4     1.2
54932 20160314  2.422  -92.99   46.11    11.8     6.5     9.2     9.1     0.5     4.64 C    14.0     5.0     8.5    96.8    80.0    90.5   0.322 -99.000 -99.000   0.262   0.325     0.3     0.1     0.2     0.5     1.2
54932 20160315  2.422  -92.99   46.11    10.5     2.9     6.7     8.0    34.5     1.14 C    10.5     2.3     7.1    95.5    90.8    93.9   0.341   0.340   0.288   0.267   0.325     0.8     0.9     0.6     0.6     1.2
54932 20160316  2.422  -92.99   46.11     4.9     1.0     2.9     2.3    22.6     3.07 C     4.0    -0.6     1.8    94.8    73.9    88.2   0.428   0.436   0.359   0.277   0.326     0.6     0.8     0.8     0.8     1.3
54932 20160317  2.422  -92.99   46.11     4.2    -2.2     1.0     0.9     0.7     5.91 C    11.4    -3.6     1.0    91.9    57.3    80.9   0.360   0.377   0.353   0.276   0.326     0.4     0.7     0.7     0.9     1.5
54932 20160318  2.422  -92.99   46.11    -0.2    -4.7    -2.4    -2.3     0.0     4.56 C     3.6    -4.4    -1.7    87.2    74.8    81.4   0.332   0.327   0.338   0.278   0.326     0.4     0.7     0.7     1.0     1.6
54932 20160319  2.422  -92.99   46.11     3.9    -4.9    -0.5    -1.8     0.0    11.46 C    14.6   -10.8    -0.7    78.2    41.5    66.9   0.315   0.306   0.300   0.278   0.326     0.3     0.6     0.6     0.9     1.6
54932 20160320  2.422  -92.99   46.11     6.0    -6.2    -0.1    -0.7     0.0    17.96 C    15.9   -12.0    -1.2    94.1    34.8    64.6 -99.000   0.295   0.288   0.276   0.326     0.2     0.5     0.5     0.9     1.7
54932 20160321  2.422  -92.99   46.11     6.9    -5.9     0.5     0.8     0.0    13.01 C    14.2   -11.1     0.4    94.1    38.2    64.6 -99.000   0.290   0.282   0.276   0.326     0.2     0.4     0.5     0.9     1.7
54932 20160322  2.422  -92.99   46.11     3.5    -2.3     0.6     0.4     0.3     8.44 C     9.0    -5.8     1.0    89.1    62.5    76.0   0.287   0.285   0.278   0.263   0.326     0.5     0.7     0.6     0.9     1.6
54932 20160323  2.422  -92.99   46.11     4.1    -2.8     0.6    -0.9     0.0    11.42 C    14.2    -5.6    -0.2    85.0    34.4    59.1   0.280   0.280   0.274   0.247   0.326     0.5     0.7     0.7     0.9     1.6
54932 20160324  2.422  -92.99   46.11     5.9    -5.5     0.2    -0.3     0.0    20.40 C    18.2   -12.4     0.2    79.2    24.9    50.1   0.275   0.277   0.271   0.243   0.326     0.6     0.8     0.7     1.0     1.6
54932 20160325  2.422  -92.99   46.11     9.7    -5.5     2.1     2.4     2.4    11.85 C    17.4   -12.2     1.9    94.8    19.8    56.6 -99.000   0.275   0.268   0.237   0.326     0.4     0.7     0.7     1.0     1.7
54932 20160326  2.422  -92.99   46.11     2.5    -0.6     0.9     1.0    10.9     3.70 C     5.4    -0.8     1.3    96.5    87.2    93.2   0.295   0.296   0.273   0.243   0.327     0.9     1.2     0.9     1.0     1.7
54932 20160327  2.422  -92.99   46.11     4.1    -3.5     0.3     0.4     3.1     7.64 C     2.5    -9.3    -1.4    96.8    62.1    87.1   0.290   0.292   0.276   0.247   0.327     0.8     1.1     1.0     1.2     1.7
54932 20160328  2.422  -92.99   46.11    13.7    -4.3     4.7     3.9     0.0    15.60 C    23.4    -9.5     2.9    95.9    30.2    72.2   0.290   0.290   0.281   0.250   0.328     1.0     1.3     1.0     1.2     1.8
54932 20160329  2.422  -92.99   46.11    18.1    -3.3     7.4     7.9     0.4    15.31 C    22.6    -7.9     7.0    95.8    24.0    58.4   0.278   0.275   0.255   0.250   0.328     1.8     1.9     1.4     1.3     1.8
54932 20160330  2.422  -92.99   46.11     7.9    -0.1     3.9     5.5    14.3     4.22 C    12.2    -4.8     4.9    97.8    78.7    89.8   0.304   0.309   0.284   0.252   0.328     3.0     3.1     2.3     1.8     1.9
54932 20160331  2.422  -92.99   46.11     7.1    -1.2     2.9     3.1     0.0    12.66 C    16.6    -7.4     3.0    97.4    62.3    84.1   0.289   0.298   0.285   0.252   0.328     2.8     2.9     2.5     2.2     2.2
54932 20160401  2.422  -92.99   46.11     3.0    -2.7     0.1     0.0     0.0    16.78 C    18.3    -5.2     1.5    94.9    28.4    52.7   0.273   0.280   0.264   0.251   0.328     2.4     2.6     2.4     2.3     2.3
54932 20160402  2.422  -92.99   46.11    -0.9    -6.4    -3.7    -2.8     0.9    20.09 C    11.9    -8.8    -0.7    90.8    29.0    50.3   0.264   0.271   0.255   0.250   0.328     1.7     2.0     2.0     2.2     2.4
54932 20160403  2.422  -92.99   46.11     6.7    -3.1     1.8    -0.3     0.0    18.78 C    21.4    -6.4     3.1    73.5    37.1    54.0   0.258   0.266   0.250   0.247   0.328     1.9     2.0     1.9     2.0     2.4
54932 20160404  2.422  -92.99   46.11     2.9    -4.6    -0.8    -1.8     0.0    15.38 C    21.3   -11.5    -0.2    85.3    32.3    58.9   0.253   0.261   0.246   0.241   0.329     1.8     2.0     1.9     2.0     2.4
54932 20160405  2.422  -92.99   46.11     2.6    -4.4    -0.9    -0.8     5.0     3.68 C     7.3    -9.8    -1.6    92.9    47.7    75.4   0.257   0.263   0.244   0.237   0.329     1.0     1.4     1.6     1.9     2.3
54932 20160406  2.422  -92.99   46.11     2.1    -0.7     0.7     0.3     2.0     3.88 C     5.9    -1.9     0.8    95.4    82.5    91.4   0.266   0.269   0.246   0.240   0.329     1.3     1.5     1.5     1.7     2.3
54932 20160407  2.422  -92.99   46.11     4.4    -1.6     1.4     1.0     2.0     7.42 C    10.0    -2.6     2.0    95.9    67.5    85.7   0.263   0.266   0.246   0.241   0.329     1.7     1.8     1.6     1.7     2.2
54932 20160408  2.422  -92.99   46.11     0.2    -6.9    -3.4    -2.8     0.0    15.92 C    12.3   -13.7    -2.2    78.5    33.2    52.2   0.258   0.263   0.245   0.239   0.329     1.5     1.7     1.8     1.9     2.3
54932 20160409  2.422  -92.99   46.11     2.7   -11.4    -4.3    -3.0     0.0    16.39 C    11.5   -16.1    -2.5    90.7    27.6    49.0 -99.000   0.255   0.242   0.235   0.330     0.6     0.9     1.3     1.7     2.3
54932 20160410  2.422  -92.99   46.11    11.8     0.3     6.1     4.6     0.0    20.76 C    24.8    -3.3     6.4    56.7    30.4    44.9   0.246   0.256   0.241   0.233   0.329     1.6     1.6     1.3     1.5     2.2
54932 20160411  2.422  -92.99   46.11     3.0    -4.4    -0.7    -0.6     0.2    15.58 C    16.2   -13.4    -0.3    73.0    35.3    50.3   0.244   0.253   0.239   0.229   0.330     1.7     1.9     1.8     1.8     2.2
54932 20160412  2.422  -92.99   46.11     8.1    -8.1     0.0    -0.2     1.4    17.30 C    22.7   -14.3     0.3    94.0    23.0    66.2   0.239   0.249   0.237   0.226   0.329     1.1     1.4     1.5     1.7     2.2
54932 20160413  2.422  -92.99   46.11    17.0     0.9     8.9     7.3     0.0    23.63 C    29.0    -5.7     8.6    89.2    29.1    63.6   0.240   0.249   0.236   0.224   0.330     2.8     2.6     1.9     1.8     2.2
54932 20160414  2.422  -92.99   46.11    25.1    -0.1    12.5    14.6     0.0    22.73 C    31.9    -5.1    13.8    90.8    29.0    46.2   0.237   0.247   0.235   0.222   0.330     4.4     4.1     3.0     2.4     2.3
54932 20160415  2.422  -92.99   46.11    23.5     9.3    16.4    16.8     0.0    21.10 C    32.8     3.1    16.0    45.6    25.1    36.7   0.235   0.245   0.234   0.220   0.329     6.2     5.7     4.4     3.2     2.6
54932 20160416  2.422  -92.99   46.11    25.5    12.6    19.1    19.6     0.0    18.95 C    37.3     6.3    19.1    49.6    29.7    39.2   0.233   0.243   0.233   0.217   0.329     7.6     7.1     5.5     4.1     3.0
54932 20160417  2.422  -92.99   46.11    26.4    11.0    18.7    19.5     0.0    18.93 C    38.0     6.1    18.9    64.1    32.8    45.8   0.231   0.241   0.231   0.215   0.330     8.7     8.2     6.6     4.9     3.5
54932 20160418  2.422  -92.99   46.11    12.3     3.5     7.9     7.7     0.0    12.78 C    27.0     3.3    10.4    82.5    48.3    66.8   0.229   0.239   0.230   0.213   0.330     8.1     8.0     7.0     5.6     4.0
54932 20160419  2.422  -92.99   46.11    10.0     2.7     6.3     5.9     4.8     6.24 C    13.4     3.1     6.9    93.4    80.5    89.5   0.239   0.244   0.230   0.212   0.330     6.9     6.9     6.4     5.6     4.3
54932 20160420  2.422  -92.99   46.11    21.3     5.5    13.4    13.1     0.2    18.83 C    35.7     5.6    15.3    93.1    41.8    67.6   0.241   0.246   0.232   0.212   0.330     7.9     7.6     6.5     5.6     4.6
54932 20160421  2.422  -92.99   46.11    21.1     6.2    13.7    11.7     0.0    11.46 C    36.4     6.0    13.1    87.1    38.3    67.2   0.235   0.243   0.231   0.212   0.331     8.5     8.3     7.3     6.0     4.8
54932 20160422  2.422  -92.99   46.11    12.4     1.0     6.7     6.5     0.0    19.78 C    27.9    -5.2     9.0    89.8    25.5    62.4   0.231   0.240   0.230   0.211   0.331     8.0     8.0     7.3     6.3     5.1
54932 20160423  2.422  -92.99   46.11    20.6    -1.7     9.4     7.5     8.2    19.70 C    33.9    -5.6     9.8    94.9    34.7    67.6   0.238   0.244   0.230   0.210   0.331     7.4     7.4     6.8     6.2     5.3
54932 20160424  2.422  -92.99   46.11     5.8     3.2     4.5     4.2    43.1     1.86 C     7.3     3.3     4.7    95.0    91.1    93.7   0.328   0.328   0.289   0.247   0.331     6.6     6.8     6.7     6.2     5.4
54932 20160425  2.422  -92.99   46.11     5.6     1.3     3.4     3.7     6.0     2.93 C     7.7     1.6     4.2    95.1    88.0    92.1   0.329   0.348   0.305   0.259   0.332     5.9     6.1     6.1     5.9     5.5
54932 20160426  2.422  -92.99   46.11    10.0     1.1     5.5     3.9     0.0     7.96 C    15.3    -2.5     4.7    95.1    49.9    74.3   0.284   0.301   0.294   0.256   0.332     5.5     5.7     5.7     5.6     5.4
54932 20160427  2.422  -92.99   46.11    11.9    -1.1     5.4     5.0     0.0    17.07 C    23.0    -5.8     6.1    70.4    19.5    42.4   0.266   0.276   0.263   0.253   0.332     5.5     5.7     5.5     5.4     5.3
54932 20160428  2.422  -92.99   46.11    12.5     1.0     6.7     6.3     0.0    14.17 C    27.3    -4.8     8.2    77.9    28.1    44.6   0.256   0.266   0.253   0.251   0.332     5.9     6.0     5.6     5.4     5.3
54932 20160429  2.422  -92.99   46.11    15.1    -2.2     6.4     7.2     0.2    27.29 C    30.3    -7.6     9.2    94.1    29.3    55.2   0.249   0.259   0.247   0.244   0.332     6.3     6.2     5.7     5.5     5.3
54932 20160430  2.422  -92.99   46.11    13.1     0.4     6.8     6.6     0.0    21.25 C    27.0    -5.6     8.0    82.2    35.2    58.4   0.242   0.253   0.242   0.235   0.331     6.5     6.6     6.1     5.6     5.3
54932 20160501  2.422  -92.99   46.11    15.5     1.0     8.2     7.6     0.0    27.17 C    30.3    -4.8     9.6    84.9    31.7    57.3   0.238   0.249   0.239   0.229   0.331     6.9     6.9     6.2     5.8     5.4
54932 20160502  2.422  -92.99   46.11    19.4    -1.4     9.0    10.2     0.0    25.01 C    36.6    -6.1    10.7    96.7    22.8    53.3   0.234   0.245   0.236   0.225   0.331     7.2     7.2     6.5     5.9     5.5
54932 20160503  2.422  -92.99   46.11    21.4     5.5    13.4    14.4     0.0    19.07 C    33.4    -1.8    12.9    65.0    15.3    37.2   0.231   0.242   0.234   0.221   0.331     7.7     7.6     6.9     6.2     5.6
54932 20160504  2.422  -92.99   46.11    18.3     1.8    10.0    10.7     0.0    28.27 C    33.9    -5.4    10.8    83.0    13.6    40.4   0.228   0.239   0.232   0.216   0.331     8.1     8.0     7.3     6.4     5.7
54932 20160505  2.422  -92.99   46.11    26.4     1.0    13.7    15.2     0.0    21.26 C    35.3    -4.8    14.2    82.5    19.2    41.2   0.225   0.237   0.230   0.212   0.331     8.3     8.2     7.4     6.6     5.9
54932 20160506  2.422  -92.99   46.11    31.8    13.4    22.6    22.7     0.0    25.09 C    42.8     4.5    21.5    53.7    23.3    35.3   0.222   0.234   0.228   0.210   0.331    10.3     9.9     8.4     7.1     6.1
54932 20160507  2.422  -92.99   46.11    19.7     6.7    13.2    13.2     0.0    27.95 C    34.3    -1.7    13.8    63.9    12.8    33.3   0.219   0.231   0.226   0.208   0.331    10.5    10.3     9.2     7.9     6.4
54932 20160508  2.422  -92.99   46.11    23.0     2.1    12.6    13.4     0.0    25.30 C    37.9    -3.6    14.1    85.4    17.0    44.4   0.216   0.228   0.224   0.206   0.331    10.0     9.9     9.0     8.1     6.7
54932 20160509  2.422  -92.99   46.11    22.6     1.9    12.3    11.4     0.0    17.87 C    35.7    -2.4    12.7    89.4    22.1    54.7   0.214   0.226   0.223   0.204   0.331     9.9     9.8     9.1     8.2     7.0
54932 20160510  2.422  -92.99   46.11    12.2     6.9     9.6     9.7     1.5     5.21 C    13.9     7.0    10.0    90.1    44.6    77.3   0.216   0.227   0.223   0.202   0.331     9.5     9.6     9.1     8.2     7.2
54932 20160511  2.422  -92.99   46.11    12.0     6.8     9.4    10.1     2.5     4.25 C    16.4     2.2    10.2    96.4    82.2    89.7   0.221   0.230   0.223   0.202   0.331     9.3     9.3     8.8     8.2     7.3
54932 20160512  2.422  -92.99   46.11    15.0     9.0    12.0    11.3     0.0    17.40 C    29.2     6.2    13.2    96.4    49.3    71.7   0.226   0.233   0.224   0.202   0.330     9.8     9.7     9.0     8.2     7.4
54932 20160513  2.422  -92.99   46.11     9.4     1.2     5.3     5.7     0.0     8.57 C    17.8    -1.9     6.3    80.3    44.9    59.4   0.221   0.231   0.224   0.201   0.330     8.8     9.0     8.8     8.3     7.4
54932 20160514  2.422  -92.99   46.11     8.4    -2.7     2.8     2.6     0.0    19.60 C    26.8    -8.8     5.2    81.1    30.0    54.8   0.218   0.228   0.223   0.201   0.329     7.8     8.0     8.0     7.9     7.5
54932 20160515  2.422  -92.99   46.11    17.4    -2.1     7.7     9.4     0.0    23.21 C    34.4    -7.7    11.3    93.3    23.3    43.2   0.216   0.227   0.222   0.199   0.329     7.8     7.9     7.7     7.6     7.4
54932 20160516  2.422  -92.99   46.11    16.5     2.9     9.7     9.7     0.0    19.24 C    37.2    -3.5    10.7    96.6    27.6    60.9   0.213   0.225   0.221   0.199   0.328     8.7     8.7     8.1     7.6     7.3
54932 20160517  2.422  -92.99   46.11 -9999.0 -9999.0 -9999.0 -9999.0 -9999.0 -9999.00 U -9999.0 -9999.0 -9999.0 -9999.0 -9999.0 -9999.0 -99.000 -99.000 -99.000 -99.000 -99.000 -9999.0 -9999.0 -9999.0 -9999.0 -9999.0
54932 20160518  2.422  -92.99   46.11    20.5     1.6    11.0    12.0     0.0    27.80 C    38.0    -4.3    13.8    96.6    20.6    50.7   0.208   0.220   0.219   0.196   0.326     9.5     9.4     8.7     8.0     7.4
54932 20160519  2.422  -92.99   46.11    23.4     1.1    12.3    14.0     0.0    23.36 C    37.9    -3.1    14.1    92.3    23.9    51.7   0.206   0.218   0.218   0.196   0.325    10.1    10.0     9.1     8.3     7.5
54932 20160520  2.422  -92.99   46.11    23.6     3.5    13.5    15.0     0.0    22.44 C    40.1    -1.2    15.1    93.6    22.3    54.1   0.203   0.216   0.216   0.195   0.324    10.8    10.6     9.6     8.7     7.7
54932 20160521  2.422  -92.99   46.11    26.4     5.0    15.7    16.5     0.0    27.97 C    41.6    -0.2    17.9    96.6    20.1    54.5   0.200   0.213   0.215   0.194   0.323    11.6    11.3    10.2     9.0     7.9
54932 20160522  2.422  -92.99   46.11    27.9     5.1    16.5    18.7     0.0    27.65 C    39.1     0.5    19.1    94.4    18.7    46.4   0.196   0.210   0.214   0.193   0.323    12.3    12.0    10.8     9.5     8.2
54932 20160523  2.422  -92.99   46.11    24.9    15.3    20.1    20.1     3.9    14.04 C    36.9    12.3    20.6    95.6    35.2    59.9   0.194   0.210   0.212   0.193   0.324    13.1    12.8    11.5    10.0     8.4
54932 20160524  2.422  -92.99   46.11    27.2    11.8    19.5    19.3     0.0    23.08 C    41.0    10.3    22.2    95.6    35.1    71.8   0.209   0.218   0.214   0.192   0.324    14.5    14.0    12.3    10.6     8.8
54932 20160525  2.422  -92.99   46.11    16.9     9.9    13.4    12.6     9.9     9.30 C    26.6    10.7    14.6    96.2    70.9    90.7   0.227   0.229   0.217   0.193   0.324    13.8    13.7    12.8    11.2     9.1
54932 20160526  2.422  -92.99   46.11    26.0     9.5    17.7    16.8     0.0    24.08 C    38.7     6.8    19.5    96.7    34.6    73.3   0.235   0.236   0.223   0.195   0.324    14.3    14.0    12.7    11.3     9.5
54932 20160527  2.422  -92.99   46.11    17.5    10.3    13.9    13.6    11.0     4.32 C    21.7     7.8    13.8    94.6    76.7    90.4   0.249   0.250   0.227   0.197   0.325    13.7    13.7    13.0    11.6     9.7
54932 20160528  2.422  -92.99   46.11    17.3    10.3    13.8    13.9     0.0     8.15 C    24.0    10.9    15.6    96.5    76.8    91.4   0.249   0.253   0.233   0.204   0.327    13.5    13.4    12.7    11.6    10.0
54932 20160529  2.422  -92.99   46.11    22.9    10.7    16.8    17.2     0.2    19.36 C    34.6     5.1    18.3    95.6    46.1    76.1   0.236   0.244   0.230   0.206   0.328    14.3    14.1    13.0    11.7    10.2
54932 20160530  2.422  -92.99   46.11    27.9     9.3    18.6    19.4     0.0    23.71 C    42.7     3.9    20.2    96.7    29.2    61.0   0.225   0.236   0.228   0.206   0.330    14.6    14.4    13.3    12.0    10.3
54932 20160531  2.422  -92.99   46.11    17.7     8.1    12.9    11.6    12.7    10.63 C    24.5     9.1    13.9    96.7    60.3    88.7   0.258   0.262   0.235   0.209   0.331    14.3    14.3    13.5    12.3    10.5
54932 20160601  2.422  -92.99   46.11    17.1     8.9    13.0    13.5     0.4    11.86 C    28.3     6.1    13.6    96.6    58.1    80.3   0.246   0.252   0.236   0.217   0.332    13.6    13.7    13.2    12.2    10.7
54932 20160602  2.422  -92.99   46.11    20.3     9.0    14.7    13.9     0.0    22.92 C    37.3     4.8    16.6    94.0    39.5    71.7   0.234   0.244   0.233   0.216   0.333    13.9    13.8    13.0    12.1    10.9
54932 20160603  2.422  -92.99   46.11    17.7     8.4    13.1    14.2    12.1     6.11 C    21.5     4.7    13.5    96.4    69.0    87.2   0.246   0.255   0.236   0.216   0.333    13.5    13.6    13.1    12.2    10.9
54932 20160604  2.422  -92.99   46.11    18.9    11.4    15.2    14.7     0.0    11.56 C    33.3     7.3    16.3    96.3    68.7    88.0   0.251   0.259   0.241   0.227   0.334    14.0    13.9    13.1    12.2    11.0
54932 20160605  2.422  -92.99   46.11    25.0     9.3    17.2    17.1     0.0    28.54 C    37.0     5.0    18.9    96.6    25.2    66.8   0.237   0.248   0.236   0.225   0.333    14.5    14.4    13.4    12.3    11.1
54932 20160606  2.422  -92.99   46.11    20.8     9.5    15.2    14.6     0.0    19.60 C    35.4     4.2    16.4    96.0    39.1    65.7   0.227   0.240   0.233   0.220   0.334    14.5    14.4    13.7    12.6    11.2
54932 20160607  2.422  -92.99   46.11    20.7     6.7    13.7    13.4     0.0    25.25 C    38.3     1.3    15.6    88.5    33.7    58.8   0.220   0.234   0.230   0.215   0.334    14.2    14.2    13.5    12.7    11.3
54932 20160608  2.422  -92.99   46.11    22.6     2.9    12.8    14.0     0.0    29.80 C    37.2    -0.6    17.0    94.7    30.3    61.6   0.213   0.226   0.226   0.211   0.333    14.1    14.0    13.4    12.6    11.4
54932 20160609  2.422  -92.99   46.11    27.1    10.2    18.7    18.2     0.0    19.61 C    41.3     6.9    20.9    86.9    51.9    65.6   0.210   0.223   0.224   0.207   0.333    15.3    15.0    13.9    12.8    11.5
54932 20160610  2.422  -92.99   46.11    28.9    10.8    19.8    20.7     0.5    20.05 C    38.6     9.9    21.6    95.9    50.0    76.6   0.211   0.224   0.223   0.205   0.334    16.4    16.0    14.7    13.2    11.6
54932 20160611  2.422  -92.99   46.11    28.6    14.2    21.4    21.6     0.0    26.63 C    43.5     8.4    23.1    96.1    34.7    60.5   0.209   0.223   0.222   0.203   0.335    17.3    16.9    15.5    13.8    11.9
54932 20160612  2.422  -92.99   46.11    23.0     8.4    15.7    16.8     7.0    15.23 C    36.6     8.1    18.4    92.1    40.6    60.2   0.208   0.221   0.219   0.201   0.333    16.5    16.4    15.6    14.2    12.2
54932 20160613  2.422  -92.99   46.11    17.9     9.1    13.5    14.1     0.0    10.04 C    25.2     9.7    16.6    94.7    76.7    87.8   0.238   0.238   0.222   0.201   0.333    15.8    15.8    15.1    14.1    12.4
54932 20160614  2.422  -92.99   46.11    18.4    10.9    14.7    13.2    10.0     8.04 C    30.4    12.0    15.4    95.0    73.4    88.1   0.237   0.239   0.225   0.202   0.333    15.5    15.5    14.9    14.0    12.5
54932 20160615  2.422  -92.99   46.11    19.7    10.2    15.0    15.9     2.2     7.38 C    25.9    11.0    17.0    96.4    81.8    91.7   0.259   0.257   0.233   0.207   0.335    15.4    15.3    14.7    13.8    12.6
54932 20160616  2.422  -92.99   46.11    25.7    11.2    18.5    17.1     0.0    25.73 C    37.5     9.5    20.3    95.9    43.2    75.8   0.249   0.252   0.233   0.211   0.335    16.8    16.4    15.2    13.9    12.6
54932 20160617  2.422  -92.99   46.11    25.6    10.4    18.0    18.6     3.3    16.59 C    36.0     8.3    19.4    96.4    48.7    80.0   0.239   0.245   0.230   0.210   0.336    16.9    16.8    15.8    14.4    12.7
54932 20160618  2.422  -92.99   46.11    27.7    14.5    21.1    21.5     0.0    21.25 C    40.9    13.5    23.0    96.2    59.1    80.3   0.238   0.245   0.230   0.209   0.336    17.9    17.5    16.2    14.7    13.0
54932 20160619  2.422  -92.99   46.11    31.5    18.5    25.0    24.7     4.1    25.79 C    40.3    15.5    26.0    96.0    47.7    71.3   0.230   0.239   0.228   0.208   0.337    19.1    18.6    17.1    15.2    13.2
54932 20160620  2.422  -92.99   46.11    22.8    12.3    17.5    19.0     0.0    30.54 C    34.7     7.4    20.0    95.7    30.4    54.3   0.231   0.239   0.227   0.207   0.337    18.7    18.5    17.4    15.8    13.5
54932 20160621  2.422  -92.99   46.11    25.3    12.8    19.0    18.9     0.0    29.81 C    36.9     8.6    20.7    88.8    30.1    54.9   0.218   0.230   0.224   0.205   0.337    18.1    17.9    17.1    15.8    13.7
54932 20160622  2.422  -92.99   46.11    27.1    10.5    18.8    18.1     0.0    25.54 C    39.8     8.3    21.2    94.0    38.6    61.7   0.210   0.224   0.221   0.202   0.336    18.3    18.1    17.1    15.8    13.9
54932 20160623  2.422  -92.99   46.11    25.5    10.8    18.2    17.7     0.0    25.68 C    38.3     9.4    20.8    89.0    34.5    63.5   0.203   0.218   0.218   0.199   0.333    18.4    18.2    17.2    15.9    14.1
54932 20160624  2.422  -92.99   46.11    26.3     9.6    17.9    19.9     0.0    28.81 C    38.9     7.0    22.1    96.0    45.5    71.1   0.197   0.212   0.214   0.196   0.332    18.5    18.3    17.3    16.0    14.2
54932 20160625  2.422  -92.99   46.11    31.3    18.5    24.9    24.2    49.4    19.08 C    40.2    14.6    24.9    95.1    57.5    77.0   0.225   0.239   0.234   0.216   0.332    19.7    19.4    18.1    16.4    14.3
54932 20160626  2.422  -92.99   46.11    26.6    14.0    20.3    21.3     0.0    28.14 C    35.2    10.6    21.8    89.9    38.7    59.4   0.254   0.267   0.255   0.252   0.336    19.4    19.3    18.4    16.9    14.6
54932 20160627  2.422  -92.99   46.11    20.5    13.5    17.0    16.5     0.0    16.24 C    33.9    11.2    18.8    77.9    56.6    69.0   0.237   0.251   0.242   0.236   0.336    18.7    18.8    18.1    16.9    14.9
54932 20160628  2.422  -92.99   46.11    22.3    10.9    16.6    16.3     0.0    23.60 C    36.4     7.2    18.7    96.1    42.9    69.2   0.227   0.241   0.235   0.224   0.336    18.4    18.4    17.7    16.7    15.0
54932 20160629  2.422  -92.99   46.11    24.7     9.6    17.1    17.8     0.0    24.40 C    36.9     6.6    19.3    95.9    42.5    70.7   0.218   0.233   0.230   0.215   0.336    18.1    18.1    17.5    16.6    15.0
54932 20160630  2.422  -92.99   46.11    23.2    11.5    17.3    16.7     0.7    18.45 C    33.8     8.9    17.6    95.4    44.2    72.1   0.213   0.227   0.226   0.210   0.336    18.1    18.1    17.5    16.5    15.1
54932 20160701  2.422  -92.99   46.11    21.7     7.7    14.7    15.1     0.0    30.22 C    34.3     3.4    18.0    93.2    38.1    63.3   0.206   0.222   0.222   0.206   0.336    17.9    17.9    17.3    16.4    15.1
54932 20160702  2.422  -92.99   46.11    24.2     9.2    16.7    17.0     0.0    28.51 C    36.5     7.0    19.4    95.2    34.4    68.2   0.199   0.216   0.218   0.202   0.336    18.1    18.0    17.3    16.4    15.0
54932 20160703  2.422  -92.99   46.11    25.9     9.9    17.9    18.7     0.0    28.34 C    37.5     7.9    20.3    94.9    40.8    67.1   0.192   0.209   0.214   0.198   0.333    18.4    18.3    17.4    16.4    15.1
54932 20160704  2.422  -92.99   46.11    24.9    11.3    18.1    19.6     0.0    21.10 C    35.7     8.5    20.7    90.4    54.0    70.7   0.187   0.204   0.210   0.195   0.332    18.4    18.4    17.6    16.5    15.1
54932 20160705  2.422  -92.99   46.11    29.0    16.4    22.7    21.8     0.5    15.15 C    38.0    13.4    22.1    95.1    56.5    77.9   0.185   0.202   0.208   0.193   0.330    19.1    19.0    18.0    16.7    15.2
54932 20160706  2.422  -92.99   46.11    27.6    15.3    21.5    21.1     0.0    26.83 C    36.5    12.6    22.3    95.1    42.7    72.3   0.181   0.199   0.205   0.190   0.329    19.6    19.3    18.3    16.9    15.4
54932 20160707  2.422  -92.99   46.11    26.3    14.9    20.6    19.8    10.7    15.22 C    37.0    12.4    21.0    95.1    48.7    81.8   0.186   0.203   0.202   0.188   0.329    19.4    19.3    18.4    17.1    15.5
54932 20160708  2.422  -92.99   46.11    22.6    12.8    17.7    17.1     0.0    11.22 C    28.3     9.8    16.9    96.4    64.3    85.5   0.225   0.221   0.208   0.188   0.329    18.7    18.8    18.2    17.2    15.6
54932 20160709  2.422  -92.99   46.11    26.4    11.8    19.1    19.0     0.0    26.46 C    34.3     9.7    21.1    96.5    48.1    76.2   0.206   0.213   0.209   0.189   0.327    19.0    18.9    18.1    17.0    15.6
54932 20160710  2.422  -92.99   46.11    24.5    16.5    20.5    19.5    13.6    11.13 C    30.0    14.2    19.8    95.2    67.3    85.5   0.244   0.241   0.216   0.189   0.327    19.1    19.1    18.4    17.2    15.7
54932 20160711  2.422  -92.99   46.11    21.0    17.6    19.3    18.9   182.7     0.65 C    20.6    17.3    18.6    94.7    86.4    92.4   0.321   0.312   0.282   0.240   0.332    18.7    18.8    18.4    17.4    15.8
54932 20160712  2.422  -92.99   46.11    26.8    17.6    22.2    22.1     0.0    28.42 C    32.5    16.2    22.7    95.6    41.7    67.9   0.311   0.318   0.298   0.258   0.336    19.4    19.3    18.4    17.5    16.0
54932 20160713  2.422  -92.99   46.11    24.9    17.1    21.0    21.2     0.0    23.13 C    32.7    15.6    21.6    86.6    52.3    64.9   0.259   0.271   0.260   0.250   0.336    19.7    19.7    18.8    17.7    16.0
54932 20160714  2.422  -92.99   46.11    17.4    15.1    16.3    16.6     1.6     6.40 C    19.7    13.5    17.1    93.5    75.0    86.6   0.248   0.259   0.247   0.242   0.337    18.9    19.1    18.7    17.8    16.2
54932 20160715  2.422  -92.99   46.11    23.5    12.6    18.1    17.7     0.0    25.90 C    30.6     9.0    18.7    96.2    34.9    73.2   0.239   0.252   0.241   0.231   0.337    18.9    19.0    18.4    17.6    16.2
54932 20160716  2.422  -92.99   46.11    25.1    10.5    17.8    19.1     0.0    26.11 C    33.4     7.8    20.0    96.5    45.9    70.1   0.227   0.241   0.234   0.221   0.337    18.9    18.9    18.3    17.6    16.2
54932 20160717  2.422  -92.99   46.11    24.7    16.1    20.4    20.3     0.8    19.55 C    30.9    12.0    20.3    92.1    52.1    75.4   0.221   0.234   0.229   0.214   0.336    19.4    19.4    18.6    17.6    16.2
54932 20160718  2.422  -92.99   46.11    26.8    14.7    20.8    20.9     0.0    24.27 C    33.9    11.9    21.5    95.6    49.9    73.9   0.214   0.228   0.225   0.209   0.336    19.6    19.5    18.7    17.7    16.3
54932 20160719  2.422  -92.99   46.11    30.0    14.3    22.1    22.9     0.0    26.33 C    36.4    11.5    23.4    96.3    50.2    75.2   0.206   0.221   0.220   0.204   0.336    20.2    20.0    19.0    17.9    16.3
54932 20160720  2.422  -92.99   46.11    31.9    19.0    25.5    25.5     0.0    24.13 C    36.7    16.0    26.6    94.0    59.7    79.1   0.197   0.214   0.216   0.201   0.336    21.3    21.0    19.7    18.2    16.4
54932 20160721  2.422  -92.99   46.11    30.7    18.2    24.5    24.4     7.7    23.49 C    36.6    14.7    24.5    95.9    42.6    75.7   0.229   0.227   0.216   0.198   0.333    22.1    21.8    20.5    18.7    16.7
54932 20160722  2.422  -92.99   46.11    31.5    15.4    23.4    24.1     0.0    26.55 C    36.5    12.1    24.1    96.4    43.1    75.0   0.207   0.216   0.215   0.197   0.332    21.7    21.6    20.6    19.0    16.9
54932 20160723  2.422  -92.99   46.11    25.8    16.9    21.3    21.5     4.2     9.66 C    27.7    14.2    20.9    96.1    64.1    84.5   0.203   0.215   0.213   0.195   0.332    21.0    21.1    20.5    19.1    17.1
54932 20160724  2.422  -92.99   46.11    26.1    17.8    21.9    22.0    32.5    26.20 C    32.2    14.7    22.8    95.8    51.4    74.2   0.261   0.271   0.254   0.239   0.336    21.2    21.1    20.3    19.1    17.3
54932 20160725  2.422  -92.99   46.11    27.6    15.6    21.6    22.0     0.0    27.07 C    34.1    12.1    22.1    95.4    47.5    72.5   0.234   0.249   0.238   0.230   0.338    21.2    21.2    20.4    19.1    17.4
54932 20160726  2.422  -92.99   46.11    28.8    17.4    23.1    22.3    17.8    17.69 C    35.2    14.7    22.8    95.2    59.7    79.7   0.238   0.251   0.239   0.222   0.338    21.2    21.2    20.4    19.2    17.5
54932 20160727  2.422  -92.99   46.11    20.6    14.4    17.5    17.4     6.1     4.10 C    22.4    13.1    17.6    96.1    89.8    92.9   0.265   0.275   0.250   0.237   0.338    20.3    20.6    20.2    19.3    17.6
54932 20160728  2.422  -92.99   46.11    23.3    11.8    17.5    17.3     0.0    23.30 C    30.5     8.3    17.9    96.4    49.2    76.5   0.249   0.262   0.246   0.237   0.338    19.9    20.1    19.7    18.9    17.7
54932 20160729  2.422  -92.99   46.11    24.5    10.9    17.7    17.4     0.0    27.85 C    31.0     7.8    17.9    96.6    37.3    71.9   0.233   0.248   0.238   0.227   0.338    19.4    19.7    19.3    18.7    17.6
54932 20160730  2.422  -92.99   46.11    26.1    10.7    18.4    18.2     0.0    20.56 C    33.8     8.0    18.4    96.6    52.1    80.2   0.222   0.238   0.232   0.217   0.339    19.2    19.4    19.0    18.5    17.5
54932 20160731  2.422  -92.99   46.11    27.3    14.3    20.8    21.0     0.0    21.21 C    32.8    11.8    21.1    96.0    56.1    78.7   0.216   0.230   0.227   0.211   0.338    19.7    19.7    19.1    18.4    17.4
54932 20160801  2.422  -92.99   46.11    28.3    18.1    23.2    23.0     0.0    20.85 C    34.1    15.9    23.6    89.8    58.2    75.2   0.209   0.224   0.223   0.207   0.337    20.5    20.4    19.6    18.5    17.3
54932 20160802  2.422  -92.99   46.11    29.2    15.7    22.5    23.1     0.0    16.39 C    35.1    11.4    23.1    95.8    60.1    81.1   0.204   0.219   0.220   0.203   0.336    21.1    21.0    20.0    18.8    17.3
54932 20160803  2.422  -92.99   46.11    29.4    13.0    21.2    22.8     0.0    22.71 C    35.3     9.6    22.7    96.2    43.6    74.4   0.198   0.214   0.216   0.200   0.334    20.6    20.6    20.0    19.0    17.5
54932 20160804  2.422  -92.99   46.11    28.0    16.8    22.4    21.9    33.5    19.96 C    32.9    13.2    22.1    94.9    38.9    76.6   0.254   0.263   0.249   0.226   0.337    21.0    20.9    20.2    19.1    17.6
54932 20160805  2.422  -92.99   46.11    23.8    13.1    18.4    18.7     0.0    20.32 C    31.4     9.4    18.8    95.9    50.0    72.4   0.238   0.251   0.240   0.229   0.340    20.5    20.6    20.1    19.1    17.7
54932 20160806  2.422  -92.99   46.11    25.8    12.8    19.3    18.8     0.0    24.94 C    33.9     9.0    19.0    96.0    45.0    74.5   0.226   0.240   0.233   0.220   0.340    19.8    20.0    19.6    18.9    17.8
54932 20160807  2.422  -92.99   46.11    25.5    11.0    18.3    18.1     0.0    25.91 C    33.0     7.3    18.4    96.5    43.5    74.9   0.215   0.231   0.228   0.213   0.340    19.4    19.6    19.3    18.7    17.7
54932 20160808  2.422  -92.99   46.11    26.3    11.7    19.0    20.1     0.0    24.92 C    33.3     9.3    20.6    96.1    46.6    73.6   0.207   0.223   0.224   0.207   0.339    19.5    19.6    19.1    18.5    17.7
54932 20160809  2.422  -92.99   46.11    29.5    17.6    23.6    22.8     0.0    18.54 C    35.2    14.5    23.0    95.9    51.7    79.7   0.201   0.217   0.220   0.203   0.338    20.4    20.3    19.5    18.6    17.6
54932 20160810  2.422  -92.99   46.11    27.5    17.0    22.3    20.4    36.7    11.93 C    32.4    14.3    20.5    96.1    66.5    86.4   0.239   0.242   0.232   0.207   0.335    20.2    20.3    19.8    18.8    17.6
54932 20160811  2.422  -92.99   46.11    26.7    16.3    21.5    20.4     2.6    16.97 C    32.6    16.2    21.4    95.7    62.5    86.7   0.264   0.273   0.255   0.241   0.339    20.5    20.5    19.8    18.9    17.7
54932 20160812  2.422  -92.99   46.11    23.6    16.9    20.2    19.7     2.4    11.92 C    29.1    15.4    20.6    96.0    70.5    87.6   0.247   0.258   0.244   0.235   0.340    20.6    20.6    20.0    19.0    17.8
54932 20160813  2.422  -92.99   46.11    25.3    15.8    20.6    19.9     0.0    21.64 C    31.3    13.2    21.0    96.2    48.5    77.7   0.240   0.251   0.239   0.228   0.340    20.6    20.7    20.0    19.0    17.9
54932 20160814  2.422  -92.99   46.11    26.1    14.1    20.1    19.8     0.0    22.76 C    32.5     9.9    19.8    96.2    45.3    73.1   0.228   0.241   0.233   0.219   0.340    20.3    20.4    19.9    19.0    17.9
54932 20160815  2.422  -92.99   46.11    25.1    13.1    19.1    19.4     0.0    12.81 C    29.4    10.2    19.2    96.3    58.3    83.2   0.221   0.234   0.229   0.213   0.339    19.7    19.9    19.6    18.9    17.9
54932 20160816  2.422  -92.99   46.11    27.9    14.8    21.3    20.1     6.4    17.62 C    33.2    12.4    20.9    96.1    56.5    83.2   0.235   0.243   0.228   0.209   0.339    20.2    20.3    19.6    18.9    17.9
54932 20160817  2.422  -92.99   46.11    28.0    12.7    20.3    19.9     0.8    21.13 C    34.6    10.2    19.7    96.6    52.0    83.2   0.229   0.237   0.228   0.208   0.339    20.1    20.1    19.7    18.9    17.9
54932 20160818  2.422  -92.99   46.11    26.6    13.8    20.2    20.4     2.2    14.30 C    30.5    11.2    19.8    96.5    65.0    86.7   0.225   0.235   0.226   0.206   0.338    19.9    20.0    19.6    18.9    17.9
54932 20160819  2.422  -92.99   46.11    24.4    16.9    20.6    19.7     8.9     9.46 C    29.1    15.4    19.8    96.4    50.8    82.9   0.255   0.255   0.234   0.208   0.339    20.0    20.1    19.6    18.9    17.9
54932 20160820  2.422  -92.99   46.11    20.0    13.4    16.7    16.0     3.7     5.98 C    24.3    11.6    15.9    91.5    64.1    84.0   0.248   0.253   0.233   0.211   0.339    19.2    19.5    19.3    18.8    17.9
54932 20160821  2.422  -92.99   46.11    21.2    10.2    15.7    15.6     0.0    21.49 C    28.6     7.0    15.7    95.7    40.2    72.8   0.243   0.249   0.233   0.212   0.339    18.5    18.9    18.7    18.4    17.8
54932 20160822  2.422  -92.99   46.11    27.2    11.5    19.3    20.1     0.0    22.76 C    31.6     9.1    20.1    93.0    48.5    69.3   0.230   0.239   0.230   0.209   0.339    18.7    18.9    18.5    18.2    17.7
54932 20160823  2.422  -92.99   46.11    28.4    16.7    22.6    22.2     0.0    20.27 C    33.6    15.4    22.6    88.9    57.6    73.6   0.220   0.232   0.226   0.207   0.338    19.7    19.7    19.0    18.2    17.6
54932 20160824  2.422  -92.99   46.11    26.1    14.1    20.1    20.6     0.3    16.77 C    31.9     9.7    20.9    95.6    36.4    73.7   0.214   0.227   0.223   0.204   0.337    20.2    20.2    19.5    18.5    17.6
54932 20160825  2.422  -92.99   46.11    20.5    12.6    16.6    16.1     0.0    18.00 C    29.5     8.5    16.5    94.8    54.2    77.1   0.209   0.223   0.221   0.202   0.335    19.1    19.4    19.2    18.6    17.7
54932 20160826  2.422  -92.99   46.11    22.8     9.3    16.1    16.4     0.0    17.67 C    29.3     5.7    16.3    96.7    46.0    74.8   0.206   0.220   0.219   0.199   0.333    18.3    18.6    18.6    18.3    17.6
54932 20160827  2.422  -92.99   46.11    19.7    11.4    15.6    15.3     3.1     6.47 C    23.5     8.7    15.6    95.4    72.1    90.8   0.207   0.219   0.218   0.198   0.332    17.9    18.2    18.2    18.0    17.5
54932 20160828  2.422  -92.99   46.11    25.6    14.5    20.1    19.5     0.2    11.59 C    30.4    14.9    20.0    96.1    67.5    86.2   0.211   0.222   0.218   0.198   0.331    18.6    18.7    18.2    17.8    17.4
54932 20160829  2.422  -92.99   46.11    29.5    17.1    23.3    21.2    17.0    14.11 C    33.6    15.9    21.6    95.4    58.0    83.8   0.259   0.255   0.233   0.201   0.332    19.5    19.5    18.8    18.0    17.3
54932 20160830  2.422  -92.99   46.11    24.9    11.5    18.2    19.0     0.0    22.21 C    30.8     7.6    19.2    95.4    34.0    72.9   0.244   0.248   0.233   0.207   0.333    19.7    19.7    19.1    18.2    17.3
54932 20160831  2.422  -92.99   46.11    24.5     8.5    16.5    16.5     0.0    22.00 C    31.2     5.6    16.5    96.6    38.2    72.8   0.229   0.238   0.229   0.206   0.334    18.3    18.7    18.6    18.2    17.4
54932 20160901  2.422  -92.99   46.11    23.5     9.7    16.6    15.8     0.0    20.77 C    32.4     6.2    15.6    96.6    47.5    78.9   0.221   0.231   0.226   0.204   0.334    17.9    18.2    18.1    17.9    17.4
54932 20160902  2.422  -92.99   46.11    22.9     9.2    16.1    16.1     0.0    19.84 C    30.4     6.2    16.0    96.6    50.3    76.0   0.215   0.226   0.223   0.201   0.335    17.4    17.8    17.7    17.6    17.3
54932 20160903  2.422  -92.99   46.11    23.5    11.8    17.7    17.3     0.0    18.44 C    30.9     9.1    17.6    90.8    51.0    73.0   0.210   0.223   0.221   0.200   0.333    17.6    17.9    17.6    17.4    17.2
54932 20160904  2.422  -92.99   46.11    24.4    14.0    19.2    19.2     0.7    13.82 C    30.9    12.3    19.3    90.2    58.0    74.1   0.207   0.220   0.219   0.199   0.333    17.9    18.1    17.7    17.4    17.1
54932 20160905  2.422  -92.99   46.11    27.2    16.9    22.1    21.4    23.9    15.77 C    34.3    16.7    22.3    95.5    59.3    82.9   0.259   0.260   0.242   0.215   0.336    18.8    18.8    18.1    17.5    17.0
54932 20160906  2.422  -92.99   46.11    25.0    16.6    20.8    20.3     5.0     7.47 C    28.5    14.6    20.3    96.1    68.6    89.5   0.258   0.262   0.240   0.220   0.338    19.3    19.4    18.7    17.8    17.1
54932 20160907  2.422  -92.99   46.11    21.0    16.0    18.5    18.4    19.2     4.67 C    23.2    13.3    18.5    96.2    78.7    89.1   0.248   0.254   0.240   0.221   0.338    18.8    19.0    18.6    18.0    17.2
54932 20160908  2.422  -92.99   46.11    22.9    11.8    17.4    17.2     3.8    20.38 C    29.7     8.7    17.6    95.4    43.5    76.8   0.266   0.273   0.265   0.259   0.339    18.6    18.8    18.5    17.9    17.2
54932 20160909  2.422  -92.99   46.11    23.6    12.3    17.9    17.4     0.0    13.90 C    32.1    10.0    17.7    95.5    56.5    78.3   0.248   0.258   0.246   0.247   0.339    18.1    18.4    18.2    17.8    17.2
54932 20160910  2.422  -92.99   46.11    20.4     9.1    14.8    14.9     0.0    17.63 C    29.4     4.7    15.1    96.3    39.7    72.4   0.239   0.250   0.240   0.233   0.339    17.8    18.1    18.0    17.7    17.2
54932 20160911  2.422  -92.99   46.11    25.1     8.3    16.7    17.5     0.0    19.22 C    31.1     4.6    17.4    96.4    37.9    67.5   0.231   0.243   0.235   0.224   0.338    17.1    17.4    17.4    17.4    17.1
54932 20160912  2.422  -92.99   46.11    23.0    13.5    18.3    17.2     0.0     9.05 C    31.8    11.6    17.5    90.8    56.8    77.4   0.227   0.238   0.231   0.218   0.338    17.3    17.6    17.4    17.2    17.0
54932 20160913  2.422  -92.99   46.11    17.2     7.1    12.2    12.2     0.0    16.92 C    28.2     2.7    13.1    87.3    48.9    72.5   0.223   0.235   0.229   0.213   0.338    16.9    17.3    17.2    17.0    16.9
54932 20160914  2.422  -92.99   46.11    18.4     3.7    11.1    10.5     0.0    19.94 C    26.6    -0.5    10.9    96.7    40.1    75.7   0.219   0.231   0.227   0.209   0.339    15.5    16.1    16.4    16.7    16.8
54932 20160915  2.422  -92.99   46.11    22.5     6.0    14.3    15.1     5.1     7.81 C    28.4     3.7    14.9    96.3    58.4    84.6   0.227   0.235   0.225   0.206   0.338    15.4    15.8    15.9    16.2    16.5
54932 20160916  2.422  -92.99   46.11    21.1    13.1    17.1    16.5    11.2     7.24 C    26.3    11.4    16.5    96.5    71.5    90.6   0.258   0.254   0.235   0.207   0.337    16.3    16.6    16.3    16.1    16.3
54932 20160917  2.422  -92.99   46.11    20.8     7.9    14.3    14.9     0.0    11.43 C    26.7     3.1    14.6    96.9    52.4    84.0   0.254   0.256   0.238   0.215   0.338    16.6    16.9    16.6    16.3    16.2
54932 20160918  2.422  -92.99   46.11    24.6     5.7    15.1    16.1     0.0    14.40 C    30.4     2.6    15.4    96.9    52.8    78.1   0.240   0.247   0.234   0.215   0.338    15.7    16.1    16.1    16.2    16.2
54932 20160919  2.422  -92.99   46.11    23.3     9.5    16.4    17.0     0.0    16.16 C    30.8     4.3    16.0    92.2    30.7    68.0   0.233   0.241   0.232   0.211   0.338    16.4    16.7    16.4    16.1    16.1
54932 20160920  2.422  -92.99   46.11    23.6     8.1    15.8    14.7     0.0     6.03 C    29.7     3.7    13.2    96.2    37.9    81.8   0.228   0.238   0.229   0.209   0.337    15.3    15.7    15.9    16.0    16.1
54932 20160921  2.422  -92.99   46.11    21.4    12.4    16.9    15.4     1.5     8.36 C    27.7     9.4    15.0    92.4    39.3    73.0   0.225   0.235   0.227   0.207   0.338    15.7    16.0    15.8    15.8    15.9
54932 20160922  2.422  -92.99   46.11    15.5    10.9    13.2    13.4     2.7     3.42 C    17.4     8.3    13.5    94.6    76.0    88.7   0.238   0.245   0.228   0.206   0.337    15.5    15.9    15.8    15.7    15.8
54932 20160923  2.422  -92.99   46.11    18.1    10.6    14.3    14.5     0.4     6.77 C    22.1     7.9    14.6    94.0    59.3    76.5   0.234   0.239   0.229   0.206   0.338    15.4    15.7    15.6    15.6    15.7
54932 20160924  2.422  -92.99   46.11    19.0    14.3    16.6    16.6     1.6     2.83 C    19.6    14.1    16.5    94.5    81.8    87.9   0.229   0.237   0.228   0.205   0.337    15.8    16.0    15.7    15.6    15.6
54932 20160925  2.422  -92.99   46.11    18.7    10.8    14.7    15.7     4.0     7.64 C    24.4     9.6    15.8    93.1    60.5    80.0   0.249   0.249   0.229   0.206   0.337    16.2    16.4    16.0    15.7    15.6
54932 20160926  2.422  -92.99   46.11    16.7     8.9    12.8    12.4     1.0    13.22 C    21.7     6.9    12.3    86.3    39.5    60.1   0.242   0.245   0.230   0.206   0.338    15.0    15.5    15.6    15.6    15.6
54932 20160927  2.422  -92.99   46.11    11.2     8.2     9.7     9.6     5.0     3.08 C    15.3     8.0    10.0    91.0    63.0    79.9   0.245   0.248   0.230   0.207   0.338    14.2    14.7    15.0    15.3    15.5
54932 20160928  2.422  -92.99   46.11    15.4     6.9    11.1    11.6     0.0     6.24 C    18.7     2.3    11.4    96.7    63.2    80.9   0.247   0.248   0.231   0.207   0.338    14.1    14.5    14.6    14.9    15.3
54932 20160929  2.422  -92.99   46.11    18.7     6.0    12.3    11.6     0.0    11.17 C    26.8     2.0    11.1    97.0    53.7    82.4   0.238   0.243   0.230   0.207   0.338    13.8    14.2    14.4    14.7    15.2
54932 20160930  2.422  -92.99   46.11    20.1     9.0    14.6    12.4     0.0    12.97 C    27.0     9.1    14.1    96.5    52.0    84.1   0.232   0.239   0.229   0.206   0.337    14.1    14.4    14.4    14.5    15.0
54932 20161001  2.422  -92.99   46.11    22.4     8.2    15.3    13.4     0.0    13.00 C    29.1     3.2    13.8    96.8    46.3    81.4   0.229   0.237   0.227   0.204   0.336    14.5    14.7    14.6    14.5    14.8
54932 20161002  2.422  -92.99   46.11    22.9     6.7    14.8    13.1     0.0    14.83 C    29.2     3.5    12.7   100.0    28.0    77.0   0.225   0.234   0.227   0.204   0.336    14.1    14.4    14.4    14.5    14.8
54932 20161003  2.422  -92.99   46.11    23.5     4.0    13.7    14.3     0.0    15.47 C    29.3     1.7    13.4    96.6    36.0    68.9   0.222   0.232   0.225   0.203   0.334    13.6    14.0    14.1    14.3    14.7
54932 20161004  2.422  -92.99   46.11    24.5    11.6    18.0    17.0     0.8     8.01 C    30.2     8.8    16.4    89.8    49.0    73.1   0.219   0.230   0.224   0.202   0.333    14.2    14.5    14.3    14.2    14.6
54932 20161005  2.422  -92.99   46.11    16.6     9.1    12.8    13.9     6.8    13.90 C    20.5     4.7    13.3    94.1    39.2    66.7   0.250   0.248   0.227   0.202   0.333    14.5    14.8    14.6    14.4    14.5
54932 20161006  2.422  -92.99   46.11    15.8     4.5    10.2     9.5     9.7    13.64 C    25.4    -0.2     9.9    91.2    32.7    59.0   0.245   0.245   0.229   0.203   0.333    13.2    13.7    14.0    14.2    14.5
54932 20161007  2.422  -92.99   46.11     6.6     2.8     4.7     4.6     4.1     5.67 C     9.3     3.2     5.1    92.7    55.2    71.5   0.269   0.268   0.244   0.216   0.335    11.9    12.6    13.2    13.8    14.4
54932 20161008  2.422  -92.99   46.11    11.6     0.2     5.9     5.6     0.0    10.13 C    18.6    -3.9     5.7    95.4    44.8    65.1   0.248   0.254   0.237   0.217   0.337    11.2    11.8    12.4    13.2    14.1
54932 20161009  2.422  -92.99   46.11    14.1    -2.6     5.7     6.5     0.0    14.45 C    19.9    -5.2     5.8    97.1    42.8    70.7   0.240   0.247   0.234   0.214   0.337    10.4    11.0    11.7    12.6    13.8
54932 20161010  2.422  -92.99   46.11    22.9     7.6    15.2    15.2     0.0    12.65 C    26.5     4.9    14.7    81.3    37.3    58.8   0.235   0.244   0.232   0.212   0.337    11.4    11.7    11.8    12.3    13.5
54932 20161011  2.422  -92.99   46.11    17.3     7.6    12.5    14.0     0.6     2.97 C    20.2     7.8    14.1    90.7    59.3    75.0   0.232   0.241   0.231   0.210   0.336    12.6    12.8    12.6    12.6    13.3
54932 20161012  2.422  -92.99   46.11     7.6     3.1     5.3     4.7     0.7     7.55 C    15.0     2.4     5.7    91.4    51.4    69.0   0.232   0.240   0.230   0.208   0.336    11.7    12.2    12.5    12.7    13.3
54932 20161013  2.422  -92.99   46.11    11.7    -0.4     5.6     5.9     0.0    13.55 C    17.2    -4.4     5.8    73.9    39.4    57.4   0.229   0.238   0.229   0.206   0.336    10.6    11.1    11.7    12.3    13.2
54932 20161014  2.422  -92.99   46.11    16.4     3.2     9.8    10.7     0.0     9.60 C    21.6     0.6    10.5    78.7    45.3    69.3   0.227   0.236   0.227   0.205   0.336    10.6    11.0    11.3    11.9    13.0
54932 20161015  2.422  -92.99   46.11    19.8     5.8    12.8    15.3     0.0     3.26 C    22.4     0.1    13.0    89.7    46.8    73.1   0.226   0.235   0.227   0.204   0.336    12.2    12.3    12.0    12.0    12.8
54932 20161016  2.422  -92.99   46.11    19.5     1.0    10.2    10.7     9.9     9.09 C    27.0    -2.3     9.4    97.0    34.8    69.2   0.228   0.237   0.226   0.203   0.333    11.0    11.5    11.8    12.1    12.8
54932 20161017  2.422  -92.99   46.11    12.8     8.8    10.8    10.8     0.9     2.59 C    15.4     8.8    11.3   100.0    80.8    95.2   0.261   0.257   0.235   0.206   0.334    11.7    12.0    11.9    12.1    12.7
54932 20161018  2.422  -92.99   46.11    18.0     6.3    12.1    12.1     0.8    12.81 C    22.4     0.8    10.2    96.9    27.7    67.1   0.253   0.254   0.234   0.209   0.335    11.6    11.9    11.9    12.1    12.6
54932 20161019  2.422  -92.99   46.11    11.2     4.3     7.7     6.9     0.0    11.72 C    19.1    -0.7     6.6    95.8    50.7    70.1   0.243   0.248   0.233   0.209   0.336    10.7    11.2    11.6    11.9    12.6
54932 20161020  2.422  -92.99   46.11     8.6    -1.6     3.5     3.8     0.0     6.97 C    14.2    -6.0     2.9    94.5    42.5    69.1   0.237   0.243   0.231   0.207   0.336     9.6    10.3    10.9    11.6    12.5
54932 20161021  2.422  -92.99   46.11    10.6     2.6     6.6     6.6     0.0     7.60 C    17.3     1.3     6.7    91.9    46.9    64.7   0.233   0.240   0.230   0.206   0.336     9.5     9.9    10.4    11.1    12.2
54932 20161022  2.422  -92.99   46.11    18.1    -0.8     8.7     7.8     0.0    12.05 C    23.2    -4.0     5.4    95.2    28.3    67.7   0.230   0.239   0.229   0.205   0.336     9.3     9.7    10.2    10.9    12.0
54932 20161023  2.422  -92.99   46.11    13.1     0.6     6.8     7.2     0.0     6.26 C    18.8    -5.8     6.2    94.8    51.3    71.5   0.228   0.237   0.228   0.204   0.334     9.2     9.6    10.0    10.6    11.8
54932 20161024  2.422  -92.99   46.11    12.3    -2.2     5.0     3.6     0.0    11.73 C    18.0    -7.3     1.1    97.0    29.9    70.3   0.226   0.236   0.227   0.202   0.333     8.2     8.8     9.5    10.4    11.6
54932 20161025  2.422  -92.99   46.11    10.3    -1.8     4.2     4.8     0.0     5.91 C    13.5    -6.3     3.9    89.3    42.8    65.0   0.224   0.234   0.226   0.201   0.332     7.7     8.2     8.9     9.9    11.4
54932 20161026  2.422  -92.99   46.11     5.9     3.9     4.9     4.5     9.3     1.46 C     6.3     4.0     4.6    94.3    64.0    88.3   0.254   0.254   0.230   0.202   0.330     8.1     8.5     9.0     9.7    11.1
54932 20161027  2.422  -92.99   46.11     9.4     3.9     6.7     6.0     0.0     4.36 C    12.8     1.9     6.3    94.2    73.1    86.9   0.252   0.252   0.233   0.205   0.331     8.4     8.8     9.0     9.6    10.9
54932 20161028  2.422  -92.99   46.11    16.7     5.7    11.2    10.3     0.0     3.61 C    18.2     4.4     9.3    96.5    69.6    86.7   0.243   0.247   0.232   0.206   0.333     9.0     9.2     9.3     9.7    10.8
54932 20161029  2.422  -92.99   46.11    11.8     5.8     8.8     9.2     0.0     2.31 C    14.1     3.0     8.9    88.3    66.1    76.4   0.238   0.244   0.231   0.205   0.333     9.5     9.7     9.7     9.9    10.7
54932 20161030  2.422  -92.99   46.11     7.1     4.0     5.6     5.1     0.0     4.14 C    11.5     4.0     6.3    83.3    62.1    73.6   0.235   0.241   0.230   0.205   0.333     9.1     9.5     9.7     9.9    10.7
54932 20161031  2.422  -92.99   46.11    12.8     3.0     7.9     8.2     0.7     0.58 C    11.9     1.7     7.9    93.8    80.7    89.4   0.233   0.240   0.229   0.204   0.333     8.9     9.2     9.4     9.8    10.6
54932 20161101  2.422  -92.99   46.11    14.1     1.8     7.9     9.3     0.0     9.40 C    18.1    -2.7     7.1    96.5    48.7    75.2   0.232   0.239   0.228   0.203   0.332     9.3     9.6     9.6     9.8    10.6
54932 20161102  2.422  -92.99   46.11    15.4    -1.3     7.1     6.9     0.0     5.48 C    18.8    -4.1     5.1    97.6    50.3    81.4   0.229   0.238   0.228   0.202   0.331     8.3     8.8     9.2     9.7    10.5
54932 20161103  2.422  -92.99   46.11    16.4     0.9     8.7     7.9     0.0     9.02 C    20.7    -3.4     6.2    96.6    44.9    80.8   0.228   0.237   0.227   0.201   0.330     8.6     8.9     9.1     9.5    10.4
54932 20161104  2.422  -92.99   46.11    20.1     0.1    10.1    10.1     0.0     9.06 C    23.1    -3.3     6.5    94.9    34.2    68.5   0.226   0.236   0.227   0.200   0.330     8.1     8.5     8.9     9.4    10.3
54932 20161105  2.422  -92.99   46.11    21.0     0.8    10.9    10.0     0.0     8.71 C    23.1    -2.5     6.7    96.1    30.0    69.3   0.225   0.234   0.226   0.200   0.329     8.0     8.4     8.7     9.2    10.2
54932 20161106  2.422  -92.99   46.11    20.7     3.3    12.0    12.5     0.0     8.48 C    23.3    -0.9     9.5    90.6    32.0    61.5   0.224   0.233   0.225   0.199   0.328     8.3     8.6     8.7     9.1    10.1
54932 20161107  2.422  -92.99   46.11    16.3     8.0    12.2    11.6     0.0     4.96 C    22.0     0.2    10.0    84.4    48.6    61.6   0.224   0.233   0.225   0.199   0.328     9.0     9.2     9.1     9.2    10.0
54932 20161108  2.422  -92.99   46.11    14.0    -0.6     6.7     7.2     0.0     8.68 C    18.3    -5.5     4.1    90.7    32.9    64.8   0.222   0.232   0.225   0.198   0.328     8.3     8.7     9.0     9.3    10.0
54932 20161109  2.422  -92.99   46.11    15.1    -1.1     7.0     6.8     0.0     8.18 C    18.1    -6.1     4.2    96.3    35.3    69.8   0.221   0.231   0.224   0.197   0.328     7.1     7.6     8.2     9.0     9.9
54932 20161110  2.422  -92.99   46.11    18.5     4.4    11.4    10.5     0.0     8.18 C    20.9     0.5     8.0    84.5    29.8    56.7   0.221   0.231   0.224   0.197   0.327     7.7     8.1     8.2     8.7     9.8
54932 20161111  2.422  -92.99   46.11     8.2    -3.4     2.4     3.1     0.0     8.47 C    12.4    -9.6     0.1    88.4    34.8    62.7   0.219   0.230   0.223   0.196   0.326     7.0     7.6     8.1     8.6     9.7
54932 20161112  2.422  -92.99   46.11    11.1    -1.1     5.0     4.5     0.0     8.33 C    13.3    -7.5     2.5    85.8    38.2    64.2   0.219   0.229   0.223   0.196   0.326     5.8     6.5     7.2     8.2     9.5
54932 20161113  2.422  -92.99   46.11    15.0     2.5     8.7     8.1     0.0     7.79 C    17.0    -2.7     5.0    89.4    39.1    61.4   0.218   0.229   0.222   0.195   0.326     6.3     6.8     7.1     7.9     9.3
54932 20161114  2.422  -92.99   46.11    10.0    -0.8     4.6     6.4     0.0     1.90 C    12.7    -5.7     4.6    96.3    67.2    80.6   0.218   0.228   0.222   0.195   0.327     6.7     7.0     7.3     7.8     9.1
54932 20161115  2.422  -92.99   46.11    11.5    -1.7     4.9     4.5     0.7     4.19 C    11.9    -6.1     1.6    97.5    66.5    90.2   0.218   0.228   0.222   0.195   0.326     6.3     6.8     7.2     7.8     9.0
54932 20161116  2.422  -92.99   46.11    13.7    -2.1     5.8     5.8     0.0     6.72 C    13.8    -6.5     3.0    97.7    30.8    71.0   0.218   0.228   0.221   0.194   0.325     5.8     6.2     6.8     7.6     8.9
54932 20161117  2.422  -92.99   46.11    10.1     2.6     6.3     6.2     1.7     4.22 C    12.8    -1.4     5.6    93.8    59.2    79.6   0.218   0.228   0.221   0.194   0.325     6.4     6.7     6.9     7.5     8.7
54932 20161118  2.422  -92.99   46.11     5.5    -2.5     1.5     0.8    24.8     0.58 C     5.3    -4.6     0.4    94.5    77.0    89.4   0.258   0.260   0.234   0.196   0.326     5.9     6.4     6.9     7.5     8.6
54932 20161119  2.422  -92.99   46.11    -1.6    -9.0    -5.3    -4.0     0.0     6.28 C    -2.1   -16.8    -7.2    91.4    49.4    66.5   0.260   0.262   0.239   0.206   0.326     5.1     5.7     6.2     7.2     8.5
54932 20161120  2.422  -92.99   46.11    -3.1    -9.1    -6.1    -5.7     0.0     3.40 C    -2.7   -15.8    -7.5    92.6    56.8    76.9   0.253   0.256   0.236   0.208   0.328     4.8     5.3     5.9     6.8     8.3
54932 20161121  2.422  -92.99   46.11     1.4    -9.9    -4.2    -3.5     0.0     7.23 C    -1.5   -17.3    -8.5    94.0    48.4    70.7   0.250   0.254   0.234   0.208   0.330     4.5     5.1     5.7     6.5     8.1
54932 20161122  2.422  -92.99   46.11     1.1    -2.6    -0.7    -1.0     5.4     1.59 C    -0.4    -5.9    -2.3    94.0    49.8    70.4   0.246   0.250   0.233   0.207   0.331     4.3     4.8     5.4     6.3     7.9
54932 20161123  2.422  -92.99   46.11     0.9    -1.0     0.0    -0.1     8.2     1.72 C    -0.1    -1.3    -0.6    95.5    87.7    92.8   0.247   0.249   0.233   0.206   0.331     4.3     4.8     5.3     6.1     7.7
54932 20161124  2.422  -92.99   46.11     0.9    -1.2    -0.2    -0.1     0.5     2.15 C     0.0    -4.9    -0.7    95.9    80.9    89.8   0.252   0.254   0.234   0.207   0.332     4.2     4.7     5.2     6.0     7.5
54932 20161125  2.422  -92.99   46.11     2.2    -0.5     0.8     0.5     0.0     2.10 C     0.0    -6.3    -0.4    96.0    71.2    88.7   0.254   0.257   0.235   0.209   0.333     4.2     4.6     5.1     5.9     7.4
54932 20161126  2.422  -92.99   46.11     4.3    -1.0     1.6     0.6     0.0     5.08 C     0.4    -1.8    -0.4    97.5    74.7    91.8   0.256   0.259   0.236   0.211   0.333     4.1     4.5     5.0     5.7     7.3
54932 20161127  2.422  -92.99   46.11     3.9    -1.1     1.4     0.9     7.9     2.77 C     1.1    -0.6     0.0   100.0    84.9    95.1   0.263   0.264   0.238   0.215   0.332     4.0     4.4     4.8     5.6     7.1
54932 20161128  2.422  -92.99   46.11     9.0     3.7     6.4     6.4    22.9     0.33 C     8.9     1.1     5.2    96.4    84.5    91.4   0.305   0.313   0.298   0.254   0.332     4.4     4.6     4.7     5.4     7.0
54932 20161129  2.422  -92.99   46.11     3.9     0.6     2.2     1.3     0.4     0.55 C     3.2    -1.4     1.1    95.5    82.2    90.8   0.282   0.295   0.297   0.257   0.333     4.5     4.8     5.1     5.5     6.8
54932 20161130  2.422  -92.99   46.11     2.5     0.6     1.5     1.3     1.4     1.37 C     4.6     0.3     1.8    95.6    88.3    93.2   0.265   0.273   0.264   0.255   0.332     4.3     4.7     5.0     5.5     6.8
54932 20161201  2.422  -92.99   46.11     1.2    -2.2    -0.5    -0.2     0.0     2.16 C     5.1    -2.4     0.2    93.4    67.5    80.0   0.262   0.269   0.257   0.254   0.332     4.1     4.5     4.9     5.4     6.7
54932 20161202  2.422  -92.99   46.11    -1.6    -2.7    -2.1    -2.1     0.0     1.01 C     0.5    -2.5    -1.7    82.0    68.1    76.4   0.255   0.262   0.251   0.254   0.333     3.4     4.0     4.5     5.3     6.6
54932 20161203  2.422  -92.99   46.11    -1.1    -2.9    -2.0    -2.2     0.0     1.59 C     1.1    -3.4    -1.7    86.7    63.8    75.3   0.250   0.258   0.247   0.249   0.332     3.1     3.6     4.1     5.0     6.4
54932 20161204  2.422  -92.99   46.11     1.1    -2.8    -0.8    -0.7     5.6     0.66 C    -0.1    -2.7    -1.2    95.9    79.3    90.7   0.247   0.255   0.245   0.244   0.332     3.0     3.4     3.9     4.8     6.3
54932 20161205  2.422  -92.99   46.11     2.2    -3.5    -0.7    -0.4     2.1     2.48 C     0.0   -11.4    -1.9    97.5    75.1    90.3   0.246   0.253   0.243   0.237   0.332     3.1     3.6     4.0     4.7     6.2
54932 20161206  2.422  -92.99   46.11     2.2    -7.7    -2.8    -4.8     0.0     1.72 C     0.0    -8.6    -5.3    85.8    66.1    74.0   0.250   0.258   0.242   0.234   0.332     2.5     3.1     3.8     4.6     6.0
54932 20161207  2.422  -92.99   46.11    -7.4    -9.9    -8.7    -8.8     1.2     3.03 C    -7.3   -10.8    -9.3    85.4    64.2    73.7   0.241   0.251   0.241   0.231   0.332     1.3     2.0     3.0     4.2     5.9
54932 20161208  2.422  -92.99   46.11    -4.7   -10.3    -7.5    -6.6     0.5     3.57 C    -4.7   -17.0    -9.2    85.7    63.0    74.2   0.238   0.247   0.238   0.227   0.333     1.1     1.7     2.5     3.8     5.7
54932 20161209  2.422  -92.99   46.11   -10.1   -12.6   -11.3   -11.1     0.0     1.98 C    -8.8   -19.4   -12.3    86.6    61.7    73.6   0.237   0.246   0.237   0.222   0.332     1.0     1.6     2.4     3.6     5.4
54932 20161210  2.422  -92.99   46.11   -12.5   -14.7   -13.6   -13.4     0.0     3.83 C   -10.8   -18.5   -14.1    78.0    59.4    68.1   0.234   0.245   0.235   0.219   0.333     0.9     1.4     2.2     3.3     5.2
54932 20161211  2.422  -92.99   46.11    -7.9   -13.0   -10.4   -10.4     4.5     2.55 C    -7.4   -19.3   -11.3    88.7    76.0    82.8   0.232   0.241   0.234   0.217   0.332     0.7     1.3     2.0     3.1     5.0
54932 20161212  2.422  -92.99   46.11   -12.9   -18.9   -15.9   -15.4     1.4     2.58 C   -12.2   -24.5   -18.6    86.5    66.3    81.8   0.233   0.242   0.234   0.215   0.332     0.8     1.3     1.9     3.0     4.8
54932 20161213  2.422  -92.99   46.11   -14.1   -23.3   -18.7   -18.5     0.0     5.60 C   -17.0   -34.3   -24.1    78.9    47.3    68.6   0.232   0.241   0.232   0.212   0.332     0.7     1.2     1.9     2.9     4.7
54932 20161214  2.422  -92.99   46.11   -14.0   -21.2   -17.6   -17.5     0.0     6.12 C   -16.0   -26.5   -21.7    77.5    47.6    59.6   0.227   0.238   0.231   0.210   0.331     0.6     1.0     1.7     2.8     4.5
54932 20161215  2.422  -92.99   46.11   -17.4   -24.1   -20.7   -20.2     0.0     6.05 C   -19.0   -32.5   -24.7    75.7    51.0    65.1 -99.000   0.235   0.230   0.207   0.332     0.4     0.8     1.5     2.6     4.4
54932 20161216  2.422  -92.99   46.11   -11.6   -18.6   -15.1   -14.4     4.7     2.77 C   -11.1   -20.5   -14.1    83.0    68.0    77.7 -99.000   0.233   0.229   0.205   0.331     0.3     0.8     1.4     2.4     4.2
54932 20161217  2.422  -92.99   46.11   -14.0   -24.8   -19.4   -18.3     2.0     4.60 C   -13.7   -33.3   -21.0    78.7    51.4    67.2 -99.000   0.232   0.228   0.204   0.331     0.3     0.8     1.4     2.3     4.1
54932 20161218  2.422  -92.99   46.11   -21.5   -31.7   -26.6   -25.4     0.0     5.98 C   -23.6   -40.9   -31.4    77.2    51.4    66.4 -99.000   0.231   0.228   0.202   0.331     0.3     0.8     1.3     2.2     4.0
54932 20161219  2.422  -92.99   46.11    -5.5   -24.9   -15.2   -11.8     0.0     5.62 C    -7.7   -30.5   -14.5    78.3    48.5    64.9 -99.000   0.229   0.227   0.201   0.330     0.2     0.7     1.2     2.2     3.8
54932 20161220  2.422  -92.99   46.11     2.8    -6.3    -1.7    -1.0     0.0     6.01 C    -1.9   -16.1    -6.5    83.1    43.5    63.2 -99.000   0.229   0.226   0.199   0.331     0.2     0.7     1.2     2.1     3.8
54932 20161221  2.422  -92.99   46.11     2.6    -6.7    -2.1    -1.9     0.4     3.16 C    -0.1   -13.2    -4.4    90.8    61.6    75.7 -99.000   0.230   0.225   0.199   0.330     0.3     0.7     1.2     2.0     3.7
54932 20161222  2.422  -92.99   46.11     2.5    -8.2    -2.9    -2.6     0.0     5.93 C    -2.8   -15.4    -8.6    89.1    45.9    69.0 -99.000   0.233   0.226   0.198   0.328     0.3     0.7     1.2     2.0     3.6
54932 20161223  2.422  -92.99   46.11     2.0    -4.3    -1.2    -1.1     0.8     1.54 C    -0.1   -11.0    -3.7    94.4    70.5    85.0   0.248   0.234   0.226   0.198   0.327     0.4     0.8     1.2     2.0     3.5
54932 20161224  2.422  -92.99   46.11     0.4    -2.6    -1.1    -1.1     0.0     2.61 C    -0.3    -3.9    -2.2    86.9    64.3    75.0   0.241   0.236   0.227   0.198   0.326     0.5     0.9     1.3     2.0     3.5
54932 20161225  2.422  -92.99   46.11     0.7    -3.7    -1.5    -1.7    25.7     0.28 C    -0.1    -3.8    -2.0    94.2    79.4    88.8   0.248   0.245   0.231   0.200   0.326     0.7     1.1     1.4     2.0     3.4
54932 20161226  2.422  -92.99   46.11     4.2   -11.2    -3.5    -5.1     1.1     0.91 C     0.1   -15.2    -6.5    91.1    62.7    74.7   0.279   0.278   0.260   0.235   0.330     0.8     1.1     1.4     2.0     3.4
54932 20161227  2.422  -92.99   46.11    -9.1   -15.6   -12.4   -11.9     0.0     5.78 C    -9.1   -22.1   -14.6    86.7    60.1    72.9   0.264   0.265   0.249   0.237   0.330     0.7     1.0     1.4     2.0     3.3
54932 20161228  2.422  -92.99   46.11    -0.2   -11.1    -5.7    -5.2     0.5     3.08 C    -2.2   -14.6    -7.5    86.5    66.4    79.8   0.262   0.258   0.245   0.233   0.330     0.5     0.8     1.3     2.0     3.3
54932 20161229  2.422  -92.99   46.11    -2.1    -8.7    -5.4    -4.2     0.0     1.71 C    -3.6   -15.1    -7.0    82.5    58.3    68.1   0.260   0.255   0.242   0.228   0.330     0.5     0.9     1.2     1.9     3.2
54932 20161230  2.422  -92.99   46.11    -6.3   -12.5    -9.4    -8.5     0.0     2.18 C    -6.6   -19.3   -11.0    87.1    65.3    75.2   0.257   0.252   0.240   0.224   0.330     0.4     0.8     1.2     1.8     3.2
54932 20161231  2.422  -92.99   46.11    -5.0   -11.5    -8.3    -7.7     0.0     6.03 C    -6.8   -15.8    -9.8    79.4    52.7    71.2   0.256   0.249   0.238   0.222   0.330     0.4     0.8     1.1     1.8     3.1
