63829 20160101  2.422  -84.45   31.19    14.0     9.0    11.5    11.8     2.3     2.51 C    16.1     9.5    13.4    96.0    64.8    81.8   0.183   0.184   0.186   0.234   0.396    17.6    18.4    19.0    19.8    20.1
63829 20160102  2.422  -84.45   31.19    11.5     6.4     9.0     8.3     0.0     6.73 C    19.3     6.8    10.2    86.9    42.7    63.0   0.161   0.165   0.171   0.224   0.395    14.8    15.6    16.5    18.0    19.7
63829 20160103  2.422  -84.45   31.19    11.6     5.1     8.3     7.9     0.0     7.10 C    16.9     5.7     9.7    89.4    38.9    66.6   0.153   0.156   0.165   0.222   0.394    13.9    14.6    15.4    16.8    19.1
63829 20160104  2.422  -84.45   31.19    13.6     3.6     8.6     8.0     0.0    14.29 C    20.4     2.5     8.6    83.9    31.0    54.8   0.147   0.149   0.160   0.219   0.393    12.8    13.5    14.3    15.8    18.5
63829 20160105  2.422  -84.45   31.19     9.1     1.2     5.1     4.9     0.0    14.37 C    17.5     0.3     5.8    64.0    31.9    47.0   0.140   0.143   0.154   0.218   0.391    10.5    11.5    12.5    14.6    17.9
63829 20160106  2.422  -84.45   31.19    12.1     1.5     6.8     6.3     0.0    11.97 C    20.8     1.1     7.6    56.5    36.5    48.2   0.136   0.139   0.149   0.217   0.374    10.4    11.1    11.8    13.6    17.2
63829 20160107  2.422  -84.45   31.19    16.4     5.8    11.1    10.8     4.5     9.92 C    25.0     4.4    12.0    95.9    49.0    70.9   0.134   0.136   0.144   0.215   0.373    12.2    12.4    12.7    13.5    16.6
63829 20160108  2.422  -84.45   31.19    14.3     9.0    11.7    12.8    15.8     2.46 C    16.0     8.0    13.1    98.4    89.9    94.5   0.189   0.184   0.184   0.236   0.378    13.5    13.6    13.8    14.1    16.3
63829 20160109  2.422  -84.45   31.19    17.9    12.5    15.2    14.4     3.0     2.65 C    18.7    13.0    14.8    97.2    84.8    93.6   0.171   0.172   0.176   0.224   0.385    14.6    14.6    14.7    14.7    16.3
63829 20160110  2.422  -84.45   31.19    18.0     3.2    10.6    10.0     0.0     7.08 C    18.1     2.0    10.5    94.0    55.8    72.0   0.164   0.166   0.171   0.223   0.386    13.8    14.3    14.7    15.1    16.4
63829 20160111  2.422  -84.45   31.19    10.3    -3.0     3.6     2.6     0.0    14.99 C    19.3    -3.3     4.5    95.4    25.3    66.0   0.154   0.156   0.164   0.220   0.385    10.4    11.3    12.2    13.9    16.3
63829 20160112  2.422  -84.45   31.19    14.0    -3.5     5.3     4.6     0.0    14.63 C    20.7    -3.1     5.1    96.8    20.9    65.1   0.148   0.150   0.159   0.219   0.383     9.6    10.4    11.1    12.7    15.9
63829 20160113  2.422  -84.45   31.19    14.8    -0.7     7.1     6.1     0.0    14.09 C    22.3    -1.1     6.1    95.4    30.6    65.5   0.143   0.145   0.155   0.218   0.378     9.8    10.4    10.9    12.2    15.4
63829 20160114  2.422  -84.45   31.19    13.5    -2.0     5.8     6.1     0.0     6.55 C    16.8    -2.3     6.2    97.8    41.6    74.1   0.140   0.142   0.151   0.216   0.373     9.3     9.9    10.5    11.8    15.0
63829 20160115  2.422  -84.45   31.19    18.3     7.9    13.1    13.1    26.3     9.37 C    22.6     5.6    12.5    97.8    58.8    83.5   0.189   0.181   0.183   0.239   0.379    12.2    12.2    12.2    12.2    14.6
63829 20160116  2.422  -84.45   31.19    17.9     6.4    12.2    10.4     0.3     9.07 C    25.2     5.0    11.1   100.0    52.9    91.7   0.169   0.171   0.174   0.223   0.384    12.4    12.6    12.7    13.0    14.6
63829 20160117  2.422  -84.45   31.19    13.4     2.4     7.9     9.3     5.6    14.60 C    19.7     0.8     9.6    95.1    38.8    67.0   0.175   0.176   0.179   0.233   0.385    12.1    12.5    12.8    13.2    14.7
63829 20160118  2.422  -84.45   31.19    11.4    -0.4     5.5     5.6     0.0    14.74 C    18.2    -1.0     5.6    87.8    40.0    59.5   0.159   0.162   0.169   0.222   0.385    10.0    10.7    11.3    12.5    14.7
63829 20160119  2.422  -84.45   31.19     9.5    -4.2     2.6     1.7     0.0    15.19 C    18.2    -4.2     3.2    95.8    24.2    62.1   0.151   0.154   0.163   0.220   0.385     8.6     9.4    10.2    11.6    14.5
63829 20160120  2.422  -84.45   31.19    16.3    -3.6     6.3     6.3     0.0    14.45 C    22.5    -3.6     7.1    95.9    28.5    60.7   0.146   0.148   0.158   0.218   0.382     9.0     9.4     9.8    11.0    14.0
63829 20160121  2.422  -84.45   31.19    14.3     5.0     9.7    10.5     1.5     3.32 C    16.7     3.3    10.1    95.0    67.8    85.7   0.147   0.147   0.157   0.217   0.378    10.7    10.9    11.0    11.5    13.8
63829 20160122  2.422  -84.45   31.19    18.2     2.8    10.5    11.6    17.5    10.57 C    23.7     3.7    12.1    95.0    49.9    76.0   0.183   0.178   0.180   0.233   0.378    12.5    12.6    12.5    12.3    13.8
63829 20160123  2.422  -84.45   31.19     5.6     0.1     2.9     2.7     0.0     9.38 C    13.5    -1.2     3.8    86.6    49.4    61.7   0.167   0.169   0.174   0.223   0.385     8.8     9.7    10.6    12.0    13.9
63829 20160124  2.422  -84.45   31.19    10.9    -4.7     3.1     1.9     0.0    15.84 C    19.6    -5.1     3.6    96.6    34.1    66.9   0.156   0.159   0.167   0.220   0.384     7.9     8.5     9.1    10.6    13.7
63829 20160125  2.422  -84.45   31.19    17.2    -2.7     7.2     6.2     0.0    15.27 C    25.2    -3.3     6.8    97.0    40.9    79.5   0.150   0.152   0.162   0.219   0.384     9.0     9.3     9.6    10.4    13.3
63829 20160126  2.422  -84.45   31.19    20.8     3.7    12.2    12.6     0.0     8.57 C    22.9     2.3    10.8    91.5    49.8    70.1   0.146   0.148   0.158   0.218   0.378    10.6    10.7    10.7    11.0    13.1
63829 20160127  2.422  -84.45   31.19    15.0    10.6    12.8    12.8     0.4     2.48 C    17.7     9.2    12.6    94.1    78.9    88.6   0.145   0.146   0.156   0.217   0.374    12.1    12.1    12.1    11.9    13.2
63829 20160128  2.422  -84.45   31.19    11.8     5.6     8.7    10.0     8.8     2.19 C    14.3     3.1    10.5    96.4    90.8    94.0   0.170   0.166   0.172   0.222   0.373    12.0    12.3    12.4    12.4    13.4
63829 20160129  2.422  -84.45   31.19    18.4     1.2     9.8     9.1     0.0    16.09 C    24.0     0.7     8.4    95.7    33.9    67.8   0.164   0.164   0.172   0.223   0.375    11.0    11.4    11.6    12.1    13.6
63829 20160130  2.422  -84.45   31.19    20.8     1.4    11.1    10.7     0.0    15.75 C    27.6     1.0    10.2    98.0    30.9    70.2   0.154   0.155   0.165   0.221   0.376    11.5    11.7    11.8    12.0    13.5
63829 20160131  2.422  -84.45   31.19    20.3     7.2    13.8    12.5     0.0     8.06 C    25.0     5.2    11.5    97.2    54.4    84.0   0.149   0.150   0.160   0.220   0.374    12.2    12.3    12.4    12.4    13.6
63829 20160201  2.422  -84.45   31.19    25.5     8.0    16.8    16.3     0.0    14.09 C    32.8     6.5    15.6    96.9    48.9    77.9   0.145   0.146   0.157   0.218   0.374    14.2    14.0    13.7    13.0    13.7
63829 20160202  2.422  -84.45   31.19    21.0    10.4    15.7    16.5     0.3     3.70 C    21.9     9.0    15.6   100.0    83.0    95.2   0.143   0.143   0.153   0.218   0.373    14.7    14.7    14.5    13.9    14.0
63829 20160203  2.422  -84.45   31.19    22.2    12.2    17.2    18.9    83.2     1.07 C    21.8    12.8    18.2    96.9    85.4    90.8   0.179   0.169   0.173   0.236   0.377    16.7    16.5    16.1    14.9    14.4
63829 20160204  2.422  -84.45   31.19    13.5     7.2    10.3    11.0     7.0     6.84 C    18.2     4.4    11.4    96.2    41.5    70.2   0.197   0.191   0.192   0.240   0.387    14.4    14.9    15.2    15.2    14.9
63829 20160205  2.422  -84.45   31.19    12.5    -1.3     5.6     5.6     0.0    17.82 C    19.8    -1.9     6.2    91.3    21.3    49.4   0.167   0.168   0.174   0.223   0.387    10.9    11.8    12.5    13.8    15.0
63829 20160206  2.422  -84.45   31.19    10.9    -1.1     4.9     4.7     0.0     7.59 C    19.9    -1.4     5.4    95.2    39.1    69.5   0.157   0.157   0.167   0.221   0.386     9.7    10.4    11.1    12.5    14.7
63829 20160207  2.422  -84.45   31.19    14.0    -0.1     7.0     6.5     0.0    17.47 C    21.7    -1.4     6.7    90.3    23.9    57.8   0.151   0.151   0.162   0.220   0.384    10.1    10.5    10.9    11.9    14.2
63829 20160208  2.422  -84.45   31.19    16.6     0.8     8.7     8.0     2.2    11.84 C    23.1    -1.2     6.5    88.8    37.1    59.3   0.149   0.149   0.159   0.218   0.383     9.7    10.2    10.7    11.6    13.8
63829 20160209  2.422  -84.45   31.19    10.1     0.4     5.3     5.5     0.0    17.69 C    17.8    -2.8     4.9    59.9    24.6    41.1   0.148   0.148   0.159   0.218   0.376     8.8     9.4    10.0    11.2    13.5
63829 20160210  2.422  -84.45   31.19     8.6    -2.4     3.1     2.6     0.0    18.28 C    16.8    -4.6     3.0    74.4    21.0    44.6   0.142   0.143   0.153   0.217   0.373     7.8     8.5     9.1    10.5    13.3
63829 20160211  2.422  -84.45   31.19    21.0    -2.3     9.3    10.0     0.0    17.05 C    25.7    -2.8     9.8    92.7    34.9    64.5   0.137   0.139   0.148   0.216   0.371     9.5     9.6     9.7    10.2    12.9
63829 20160212  2.422  -84.45   31.19    22.8    12.3    17.6    17.0     0.0    14.42 C    28.7     6.6    15.5    93.7    40.2    67.0   0.135   0.136   0.144   0.215   0.370    13.5    13.2    12.8    11.8    12.8
63829 20160213  2.422  -84.45   31.19    13.6     1.7     7.6     8.9     0.0    18.21 C    23.2    -0.1     8.7    64.7    16.6    37.8   0.130   0.132   0.138   0.215   0.364    11.6    12.1    12.4    12.5    13.2
63829 20160214  2.422  -84.45   31.19    15.7    -0.6     7.6     7.1     0.0    17.35 C    24.6    -1.7     7.8    78.6    21.3    46.9   0.126   0.128   0.133   0.214   0.363    10.5    11.0    11.3    11.9    13.3
63829 20160215  2.422  -84.45   31.19    21.2     6.1    13.7    13.2    28.2    12.09 C    27.5     5.8    13.6    96.3    52.3    78.2   0.138   0.134   0.137   0.216   0.362    12.5    12.4    12.3    12.1    13.3
63829 20160216  2.422  -84.45   31.19    18.2     7.7    13.0    13.0     0.3    18.63 C    26.9     5.4    13.7    96.3    38.2    69.6   0.187   0.183   0.184   0.235   0.371    14.1    14.1    13.9    13.2    13.4
63829 20160217  2.422  -84.45   31.19    18.0     5.6    11.8    11.6     0.0    18.57 C    26.2     3.5    11.6    98.4    39.3    69.5   0.163   0.165   0.168   0.222   0.381    13.5    13.7    13.7    13.5    13.7
63829 20160218  2.422  -84.45   31.19    19.2     2.2    10.7    10.1     0.0    18.89 C    26.9     0.9    10.5    90.7    26.4    61.0   0.153   0.155   0.161   0.220   0.381    12.8    13.0    13.2    13.3    13.9
63829 20160219  2.422  -84.45   31.19    21.3     5.3    13.3    12.8     0.0    18.52 C    29.0     2.8    12.1    90.0    38.4    63.8   0.147   0.148   0.155   0.220   0.380    13.4    13.4    13.4    13.3    14.0
63829 20160220  2.422  -84.45   31.19    23.1     5.1    14.1    14.2     0.0    18.04 C    30.6     4.0    14.4    97.7    41.6    72.9   0.141   0.143   0.150   0.219   0.373    14.6    14.4    14.3    13.7    14.0
63829 20160221  2.422  -84.45   31.19    22.7     9.8    16.3    16.5     0.0    10.06 C    28.7     7.7    16.2    97.4    54.0    78.3   0.137   0.140   0.145   0.218   0.372    15.6    15.5    15.3    14.5    14.3
63829 20160222  2.422  -84.45   31.19    21.7    14.3    18.0    17.7     0.0     7.16 C    24.1    12.3    17.1    97.4    56.3    79.6   0.136   0.136   0.141   0.217   0.372    16.3    16.2    16.0    15.1    14.6
63829 20160223  2.422  -84.45   31.19    26.0    12.4    19.2    19.1     0.3    14.15 C    33.0    10.5    19.3    97.1    48.1    78.4   0.133   0.134   0.138   0.216   0.370    17.4    17.1    16.7    15.7    14.9
63829 20160224  2.422  -84.45   31.19    21.8     8.6    15.2    16.4    14.1    12.81 C    25.4     6.7    16.0    93.6    44.8    63.9   0.173   0.164   0.166   0.222   0.367    17.1    17.3    17.3    16.5    15.4
63829 20160225  2.422  -84.45   31.19    15.8     5.6    10.7     9.9     0.0    20.20 C    23.6     3.9    10.4    78.7    29.9    53.8   0.158   0.156   0.161   0.221   0.370    13.9    14.4    14.9    15.4    15.6
63829 20160226  2.422  -84.45   31.19    13.6     2.6     8.1     7.8     0.0    20.67 C    24.1     0.3     8.8    85.5    30.5    52.9   0.147   0.148   0.155   0.220   0.370    13.0    13.5    13.9    14.5    15.5
63829 20160227  2.422  -84.45   31.19    16.9    -1.0     7.9     7.5     0.0    20.74 C    26.5    -1.6     8.8    97.0    23.3    60.6   0.141   0.142   0.149   0.218   0.368    12.7    13.0    13.3    13.9    15.2
63829 20160228  2.422  -84.45   31.19    20.8    -0.2    10.3    10.9     0.0    20.07 C    28.8    -0.5    11.1    97.7    21.9    58.7   0.135   0.136   0.142   0.217   0.367    13.3    13.4    13.6    13.8    14.9
63829 20160229  2.422  -84.45   31.19    22.3     4.4    13.4    13.2     0.0    15.80 C    31.1     3.4    13.1    97.0    46.9    76.1   0.130   0.132   0.137   0.216   0.366    14.3    14.3    14.3    14.1    14.8
63829 20160301  2.422  -84.45   31.19    24.1     7.9    16.0    16.5     0.0    14.79 C    30.2     5.9    16.0    98.0    42.2    73.8   0.126   0.128   0.132   0.215   0.364    15.5    15.3    15.1    14.6    14.9
63829 20160302  2.422  -84.45   31.19    18.5     5.2    11.8    13.7     0.3    21.13 C    27.8     3.2    14.5    86.3    27.5    58.6   0.122   0.125   0.129   0.215   0.363    16.2    16.3    16.1    15.4    15.1
63829 20160303  2.422  -84.45   31.19    22.7     2.2    12.5    12.3    28.0    18.78 C    28.6     1.2    13.2    94.2    22.6    60.3   0.130   0.130   0.131   0.217   0.362    14.7    14.9    15.1    15.1    15.3
63829 20160304  2.422  -84.45   31.19    16.1     6.4    11.2    10.8     0.0    13.73 C    26.3     4.8    12.4    97.2    54.1    81.4   0.183   0.181   0.176   0.231   0.365    14.7    14.9    15.1    15.1    15.4
63829 20160305  2.422  -84.45   31.19    19.6     3.2    11.4    10.8     0.0    21.34 C    28.5     2.5    12.5    98.4    36.1    74.5   0.161   0.163   0.165   0.222   0.370    14.7    14.8    14.9    14.8    15.4
63829 20160306  2.422  -84.45   31.19    20.7     5.4    13.1    12.4     0.0    22.06 C    28.8     3.7    12.4    95.9    24.0    59.5   0.150   0.152   0.157   0.220   0.371    14.8    15.0    15.1    14.9    15.4
63829 20160307  2.422  -84.45   31.19    23.5     4.1    13.8    13.8     0.0    21.32 C    31.1     2.6    13.8    97.2    33.4    66.3   0.141   0.144   0.150   0.219   0.370    15.3    15.3    15.3    15.0    15.4
63829 20160308  2.422  -84.45   31.19    25.1     8.4    16.8    16.8     0.0    20.82 C    32.3     6.7    16.1    95.1    38.2    66.8   0.134   0.138   0.143   0.218   0.370    16.5    16.4    16.2    15.5    15.4
63829 20160309  2.422  -84.45   31.19    26.5    11.8    19.1    18.8     0.0    20.18 C    33.4     9.1    17.9    90.4    38.0    67.1   0.126   0.131   0.135   0.218   0.368    17.6    17.4    17.1    16.2    15.7
63829 20160310  2.422  -84.45   31.19    27.3    14.0    20.6    20.3     0.0    12.60 C    31.4    11.0    18.5    90.4    42.6    70.4   0.120   0.126   0.129   0.217   0.366    18.0    17.9    17.7    16.8    15.9
63829 20160311  2.422  -84.45   31.19    28.1    14.3    21.2    20.8     0.0    18.32 C    34.7    12.9    20.6    96.1    44.0    73.6   0.114   0.120   0.124   0.216   0.366    19.4    19.0    18.6    17.3    16.3
63829 20160312  2.422  -84.45   31.19    27.8    14.5    21.1    20.9     0.0    13.61 C    34.2    12.2    20.0    97.5    39.0    72.4   0.107   0.116   0.119   0.215   0.365    19.4    19.2    19.0    17.9    16.6
63829 20160313  2.422  -84.45   31.19    28.8    17.7    23.2    22.7     1.2    17.25 C    34.7    13.1    22.1    97.1    39.0    70.4   0.104   0.113   0.116   0.214   0.363    20.9    20.5    20.0    18.5    17.0
63829 20160314  2.422  -84.45   31.19    28.8    14.5    21.6    21.2     0.0    20.04 C    33.4    11.5    21.1    97.6    32.4    71.9   0.098   0.108   0.112   0.213   0.363    20.7    20.5    20.2    19.0    17.4
63829 20160315  2.422  -84.45   31.19    29.6    17.9    23.7    22.3     0.0    18.73 C    35.0    15.3    22.4    91.0    29.2    66.0   0.089   0.104   0.109   0.213   0.361    21.5    21.2    20.8    19.4    17.8
63829 20160316  2.422  -84.45   31.19    28.7    17.5    23.1    22.9     0.0    14.79 C    37.6    14.1    22.6    95.5    47.4    71.8   0.082   0.099   0.105   0.212   0.361    21.8    21.4    21.1    19.8    18.1
63829 20160317  2.422  -84.45   31.19    23.2    16.8    20.0    20.6     0.9     4.90 C    25.6    17.0    20.2    93.4    71.5    83.9   0.078   0.096   0.102   0.211   0.361    20.8    20.8    20.8    19.9    18.4
63829 20160318  2.422  -84.45   31.19    20.1    12.9    16.5    16.7     4.4     6.47 C    23.4    12.4    17.9    96.5    77.2    89.8   0.096   0.097   0.100   0.210   0.359    19.5    19.7    19.8    19.5    18.6
63829 20160319  2.422  -84.45   31.19    24.5    15.7    20.1    19.3     0.3    12.56 C    34.7    15.3    20.6    97.3    51.5    79.6   0.098   0.098   0.101   0.208   0.358    20.6    20.4    20.2    19.3    18.6
63829 20160320  2.422  -84.45   31.19    18.4     8.7    13.5    14.5     0.0    21.77 C    29.5     6.5    16.3    71.7    28.3    45.4   0.091   0.097   0.101   0.207   0.358    19.5    19.8    19.9    19.5    18.7
63829 20160321  2.422  -84.45   31.19    15.8     4.0     9.9     9.1     0.0    24.02 C    28.4     2.2    11.6    82.0    27.8    46.2   0.082   0.093   0.098   0.206   0.357    17.1    17.6    18.0    18.5    18.6
63829 20160322  2.422  -84.45   31.19    20.7     0.8    10.7    11.4     0.0    24.03 C    34.6    -0.2    13.6    97.0    21.8    57.5   0.075   0.090   0.096   0.205   0.356    17.3    17.4    17.6    17.7    18.3
63829 20160323  2.422  -84.45   31.19    24.7     3.7    14.2    15.0     0.0    23.03 C    37.5     1.7    16.6    97.5    34.6    66.0   0.069   0.086   0.093   0.204   0.355    18.3    18.3    18.2    17.8    18.0
63829 20160324  2.422  -84.45   31.19    26.1     9.6    17.9    17.4    16.7    12.77 C    37.6     7.5    18.0    96.0    46.4    77.4   0.082   0.087   0.091   0.203   0.354    18.6    18.7    18.7    18.2    18.0
63829 20160325  2.422  -84.45   31.19    19.3    14.8    17.0    17.1    38.1     0.57 C    19.7    14.2    17.1    97.3    90.0    95.8   0.179   0.162   0.150   0.220   0.355    18.0    18.2    18.4    18.2    18.1
63829 20160326  2.422  -84.45   31.19    20.3    16.2    18.2    18.3     7.8     1.64 C    20.7    16.0    17.9    97.0    79.3    92.7   0.189   0.186   0.187   0.229   0.385    18.2    18.3    18.4    18.1    18.1
63829 20160327  2.422  -84.45   31.19    19.3    16.1    17.7    17.6    27.3     2.00 C    20.9    15.6    17.7    96.8    86.1    94.8   0.196   0.190   0.192   0.241   0.392    18.0    18.2    18.3    18.0    18.0
63829 20160328  2.422  -84.45   31.19    25.9    15.6    20.8    19.3     0.0    17.33 C    35.3    13.0    20.7    98.1    55.8    84.0   0.175   0.176   0.178   0.223   0.392    20.3    19.9    19.5    18.4    18.0
63829 20160329  2.422  -84.45   31.19    22.0     9.7    15.8    15.4     0.0    17.28 C    31.1     8.4    16.3    94.5    33.4    67.7   0.157   0.159   0.166   0.220   0.393    19.2    19.3    19.4    18.9    18.3
63829 20160330  2.422  -84.45   31.19    24.4     8.3    16.4    16.5     0.0    21.11 C    34.2     7.3    17.4    97.2    36.5    68.1   0.145   0.149   0.157   0.218   0.393    18.9    18.9    18.9    18.6    18.4
63829 20160331  2.422  -84.45   31.19    28.0    17.4    22.7    21.4    37.1    14.14 C    34.9    14.8    21.5    96.1    50.8    75.9   0.160   0.158   0.163   0.226   0.393    20.4    20.2    20.0    19.0    18.4
63829 20160401  2.422  -84.45   31.19    24.7    17.9    21.3    20.8    89.8     3.52 C    27.0    18.0    20.6    96.8    81.8    92.1   0.210   0.200   0.200   0.251   0.397    20.6    20.7    20.7    19.8    18.7
63829 20160402  2.422  -84.45   31.19    21.8    12.3    17.0    17.8     3.3    22.59 C    31.1     9.3    19.4    96.4    29.8    64.8   0.189   0.186   0.193   0.246   0.400    20.8    20.7    20.6    19.8    19.0
63829 20160403  2.422  -84.45   31.19    22.7     9.1    15.9    15.0     0.0    26.31 C    32.8     7.3    16.9    84.9    25.8    51.4   0.157   0.159   0.168   0.223   0.399    19.6    19.8    19.9    19.6    19.1
63829 20160404  2.422  -84.45   31.19    25.1     7.2    16.2    16.1     0.0    24.53 C    34.2     6.5    17.4    97.3    22.3    61.7   0.144   0.147   0.157   0.221   0.398    19.6    19.7    19.7    19.4    19.1
63829 20160405  2.422  -84.45   31.19    25.4     9.7    17.5    17.0     0.0    26.59 C    35.7     7.7    18.0    95.2    14.4    51.9   0.133   0.138   0.147   0.219   0.398    19.9    20.0    19.9    19.4    19.1
63829 20160406  2.422  -84.45   31.19    23.9     9.7    16.8    18.0     1.4    19.30 C    34.5     7.7    19.2    91.8    45.7    66.6   0.125   0.131   0.136   0.218   0.391    19.9    19.9    19.9    19.5    19.1
63829 20160407  2.422  -84.45   31.19    24.7    14.8    19.7    19.8     0.0    25.44 C    35.7    13.7    21.5    93.7    34.0    59.2   0.122   0.127   0.132   0.217   0.379    21.5    21.3    21.0    19.9    19.1
63829 20160408  2.422  -84.45   31.19    22.8    13.1    17.9    17.8     0.0    26.30 C    34.0     9.4    19.0    78.7    19.4    43.1   0.112   0.121   0.124   0.216   0.377    20.9    21.0    20.9    20.3    19.4
63829 20160409  2.422  -84.45   31.19    22.7     5.7    14.2    15.4     0.0    25.79 C    34.3     3.8    16.8    80.0    24.4    43.3   0.103   0.115   0.118   0.215   0.371    20.1    20.2    20.3    19.9    19.4
63829 20160410  2.422  -84.45   31.19    23.1     7.3    15.2    14.8     0.0    21.77 C    36.9     4.7    16.4    80.4    20.7    42.5   0.096   0.109   0.113   0.215   0.368    19.6    19.8    19.8    19.7    19.4
63829 20160411  2.422  -84.45   31.19    26.4    10.8    18.6    19.0     0.0    19.10 C    38.2     8.6    19.9    97.2    43.8    68.1   0.089   0.105   0.110   0.213   0.365    20.6    20.5    20.3    19.7    19.4
63829 20160412  2.422  -84.45   31.19    24.1    15.6    19.8    19.2     8.1    15.22 C    34.1    14.5    20.8    96.9    61.1    83.0   0.111   0.107   0.109   0.212   0.363    21.4    21.4    21.2    20.3    19.5
63829 20160413  2.422  -84.45   31.19    25.1    13.8    19.5    18.7    10.1    14.10 C    34.2    12.7    20.4    97.5    56.1    83.9   0.122   0.115   0.113   0.211   0.362    21.1    21.1    21.0    20.4    19.6
63829 20160414  2.422  -84.45   31.19    17.6    13.6    15.6    15.2     6.3     2.75 C    19.7    14.4    16.6    94.3    82.3    89.7   0.156   0.147   0.144   0.211   0.361    19.3    19.7    20.1    20.2    19.7
63829 20160415  2.422  -84.45   31.19    18.3    12.6    15.5    15.3     1.2     6.80 C    23.8    14.1    16.6    92.1    74.2    83.0   0.153   0.150   0.152   0.212   0.360    18.4    18.7    19.0    19.2    19.6
63829 20160416  2.422  -84.45   31.19    22.9    13.7    18.3    17.7    39.4    16.66 C    32.4    14.0    19.2    94.8    55.2    76.6   0.200   0.192   0.194   0.240   0.388    19.1    19.1    19.1    18.8    19.3
63829 20160417  2.422  -84.45   31.19    24.3    10.9    17.6    17.7     0.0    26.87 C    36.0     9.4    19.9    88.2    27.6    58.3   0.161   0.164   0.170   0.223   0.394    20.4    20.2    20.1    19.3    19.2
63829 20160418  2.422  -84.45   31.19    25.9     6.2    16.1    16.4     0.0    27.44 C    38.1     5.6    18.9    96.7    18.5    57.4   0.146   0.149   0.159   0.221   0.395    20.3    20.3    20.2    19.7    19.3
63829 20160419  2.422  -84.45   31.19    27.6     7.2    17.4    17.7     0.0    27.47 C    39.2     6.9    20.3    95.1    21.3    58.7   0.134   0.140   0.149   0.219   0.394    21.2    21.0    20.8    20.0    19.4
63829 20160420  2.422  -84.45   31.19    27.5    12.0    19.7    19.3     0.0    21.31 C    40.5    11.3    21.3    94.3    26.9    63.7   0.125   0.132   0.138   0.219   0.382    21.9    21.8    21.5    20.5    19.6
63829 20160421  2.422  -84.45   31.19    26.4    14.5    20.4    20.1     0.0    17.19 C    40.1    13.3    21.2    92.8    38.4    68.3   0.119   0.126   0.130   0.218   0.378    22.1    22.0    21.8    20.9    19.8
63829 20160422  2.422  -84.45   31.19    22.4    12.9    17.7    18.1     2.1    11.06 C    28.7    12.0    18.7    97.0    66.3    86.0   0.120   0.123   0.127   0.217   0.374    21.1    21.2    21.3    20.9    20.1
63829 20160423  2.422  -84.45   31.19    27.2    15.4    21.3    21.3     0.0    26.51 C    39.4    13.6    24.0    96.7    34.5    67.8   0.118   0.122   0.125   0.215   0.370    23.2    22.8    22.3    21.0    20.1
63829 20160424  2.422  -84.45   31.19    28.9    11.5    20.2    20.8     0.0    26.38 C    42.2    10.8    23.5    96.4    33.5    63.5   0.108   0.115   0.119   0.215   0.368    23.6    23.3    23.0    21.7    20.3
63829 20160425  2.422  -84.45   31.19    27.9    16.2    22.1    21.0     2.3    16.73 C    37.2    14.9    22.3    96.6    48.1    77.8   0.102   0.110   0.114   0.215   0.367    23.5    23.5    23.3    22.2    20.6
63829 20160426  2.422  -84.45   31.19    28.5    15.4    21.9    22.1     0.0    22.53 C    42.3    14.7    24.1    97.8    47.3    76.7   0.101   0.107   0.111   0.214   0.365    24.3    24.0    23.6    22.3    20.9
63829 20160427  2.422  -84.45   31.19    29.4    17.0    23.2    22.4     0.9    20.17 C    42.5    15.9    25.2   100.0    46.8    81.2   0.094   0.103   0.108   0.213   0.363    25.1    24.7    24.3    22.9    21.1
63829 20160428  2.422  -84.45   31.19    27.6    20.1    23.9    23.7     0.3    13.96 C    33.8    18.6    24.8    97.5    59.4    82.6   0.090   0.099   0.105   0.212   0.362    25.1    24.9    24.6    23.4    21.4
63829 20160429  2.422  -84.45   31.19    31.9    19.0    25.4    25.2     0.0    25.47 C    44.7    18.1    28.2    97.5    38.3    73.7   0.084   0.096   0.101   0.210   0.362    26.8    26.1    25.5    23.7    21.7
63829 20160430  2.422  -84.45   31.19    31.5    18.9    25.2    25.6     0.0    23.05 C    42.7    17.8    27.7    97.3    42.6    69.7   0.076   0.088   0.097   0.210   0.361    27.2    26.7    26.3    24.5    22.0
63829 20160501  2.422  -84.45   31.19    31.0    19.0    25.0    25.3     0.0    19.29 C    45.8    17.3    27.2    96.7    45.9    69.8   0.068   0.081   0.091   0.209   0.359    27.3    26.9    26.6    24.9    22.5
63829 20160502  2.422  -84.45   31.19    30.2    18.4    24.3    22.9     2.8    16.05 C    46.1    17.1    25.3    96.4    51.7    82.1   0.062   0.074   0.084   0.207   0.359    26.3    26.2    26.0    24.9    22.7
63829 20160503  2.422  -84.45   31.19    29.7    19.9    24.8    23.2     0.9    17.06 C    42.8    19.7    25.8    96.3    52.7    83.6   0.063   0.072   0.079   0.205   0.358    26.5    26.3    26.0    24.8    22.9
63829 20160504  2.422  -84.45   31.19    24.2    14.5    19.4    20.2     0.0    27.59 C    41.2    12.2    24.4    96.2    34.6    60.7   0.060   0.070   0.075   0.204   0.358    26.1    26.0    25.8    24.8    23.0
63829 20160505  2.422  -84.45   31.19    22.3    11.1    16.7    17.3     0.0    28.84 C    40.7     9.0    21.3    92.2    23.9    51.7   0.055   0.065   0.069   0.202   0.357    24.9    25.0    25.0    24.4    23.1
63829 20160506  2.422  -84.45   31.19    23.4     6.6    15.0    15.7     0.0    27.98 C    45.1     5.0    20.6    89.5    29.0    55.9   0.051   0.061   0.064   0.200   0.354    24.4    24.4    24.4    24.0    23.0
63829 20160507  2.422  -84.45   31.19    27.0     9.1    18.0    18.5     0.0    28.41 C    46.5     7.3    23.3    92.0    25.8    56.1   0.048   0.056   0.060   0.198   0.354    25.2    25.0    24.7    23.9    22.9
63829 20160508  2.422  -84.45   31.19    31.2    11.7    21.5    22.4     0.0    28.29 C    51.0    10.4    27.0    94.5    26.0    56.1   0.046   0.052   0.056   0.196   0.351    26.7    26.2    25.6    24.3    22.9
63829 20160509  2.422  -84.45   31.19    28.4    13.7    21.0    21.6     0.0    24.42 C    47.3    12.0    26.0    96.9    39.5    65.0   0.043   0.049   0.052   0.194   0.350    27.1    26.7    26.3    24.9    23.1
63829 20160510  2.422  -84.45   31.19    27.5    17.0    22.3    21.7     0.0    11.61 C    43.5    15.4    23.6    96.2    47.6    75.5   0.041   0.046   0.049   0.192   0.349    25.9    25.9    25.9    25.1    23.3
63829 20160511  2.422  -84.45   31.19    31.2    14.7    22.9    23.0     0.0    25.85 C    52.2    13.2    28.0    97.5    33.7    67.3   0.041   0.045   0.046   0.190   0.345    27.3    26.7    26.2    24.8    23.4
63829 20160512  2.422  -84.45   31.19    31.8    16.7    24.2    24.5     0.0    22.93 C    53.7    15.6    28.8    96.1    37.6    65.2   0.040   0.043   0.043   0.189   0.340    28.4    27.8    27.2    25.5    23.5
63829 20160513  2.422  -84.45   31.19    30.2    18.9    24.6    24.4     0.0    22.64 C    54.1    15.3    28.9    91.7    39.0    64.2   0.039   0.042   0.041   0.187   0.339    28.7    28.3    27.8    26.0    23.8
63829 20160514  2.422  -84.45   31.19    29.7    12.5    21.1    21.6     0.0    28.33 C    50.8    10.8    26.8    95.0    25.4    54.9   0.038   0.040   0.038   0.185   0.336    28.5    28.0    27.6    26.2    24.0
63829 20160515  2.422  -84.45   31.19    27.8    15.6    21.7    20.8     0.0    27.35 C    51.6    14.2    27.3    79.6    31.7    53.3   0.037   0.040   0.036   0.183   0.335    28.4    28.0    27.7    26.3    24.2
63829 20160516  2.422  -84.45   31.19    31.1    13.1    22.1    22.5     0.0    25.34 C    53.1    12.7    29.0    81.3    28.8    49.0   0.036   0.039   0.034   0.180   0.333    28.8    28.2    27.8    26.4    24.3
63829 20160517  2.422  -84.45   31.19    26.4    20.5    23.4    23.0    25.5     7.96 C    37.1    21.2    25.1    96.0    65.3    83.5   0.067   0.053   0.034   0.178   0.333    27.1    27.3    27.5    26.6    24.5
63829 20160518  2.422  -84.45   31.19    29.3    20.3    24.8    24.4     0.0    18.60 C    44.3    20.6    27.8    96.4    58.2    81.2   0.123   0.119   0.078   0.177   0.333    27.3    27.1    26.9    25.9    24.5
63829 20160519  2.422  -84.45   31.19    31.5    21.6    26.6    25.3     0.0    21.07 C    46.8    21.9    29.3    95.4    51.2    79.1   0.109   0.108   0.092   0.176   0.333    28.6    28.2    27.9    26.5    24.5
63829 20160520  2.422  -84.45   31.19    22.7    19.3    21.0    20.9    10.6     5.25 C    27.6    19.6    22.4    97.3    80.2    92.6   0.127   0.120   0.102   0.176   0.333    25.6    26.0    26.4    26.3    24.8
63829 20160521  2.422  -84.45   31.19    29.6    19.5    24.5    23.9     0.0    21.07 C    42.3    19.9    26.7    97.1    54.3    76.6   0.128   0.126   0.117   0.177   0.333    26.8    26.5    26.3    25.5    24.6
63829 20160522  2.422  -84.45   31.19    27.3    15.8    21.6    21.7     0.0    28.84 C    42.3    15.2    25.7    86.9    38.4    62.8   0.114   0.115   0.111   0.177   0.332    26.9    26.8    26.7    25.8    24.5
63829 20160523  2.422  -84.45   31.19    28.6    12.4    20.5    20.6     0.0    27.42 C    44.3    12.7    24.8    95.5    31.0    63.1   0.102   0.105   0.102   0.178   0.333    26.6    26.5    26.4    25.6    24.5
63829 20160524  2.422  -84.45   31.19    30.4    12.8    21.6    21.9     0.0    27.29 C    45.4    12.9    25.6    96.0    24.0    59.6   0.092   0.096   0.095   0.178   0.332    27.0    26.8    26.6    25.7    24.5
63829 20160525  2.422  -84.45   31.19    31.6    15.5    23.5    24.0     0.0    26.08 C    47.2    15.2    27.6    91.9    33.8    64.5   0.083   0.089   0.088   0.178   0.330    28.0    27.6    27.3    26.0    24.6
63829 20160526  2.422  -84.45   31.19    31.3    17.9    24.6    24.4     0.0    25.39 C    49.4    17.3    28.2    94.0    37.8    67.4   0.074   0.081   0.081   0.179   0.330    28.8    28.5    28.1    26.6    24.7
63829 20160527  2.422  -84.45   31.19    30.7    16.0    23.4    23.9     0.0    28.21 C    48.4    15.8    28.8    92.2    30.6    61.7   0.066   0.072   0.074   0.179   0.329    29.3    28.9    28.5    27.0    25.0
63829 20160528  2.422  -84.45   31.19    32.1    17.8    24.9    25.2     0.0    26.74 C    53.2    17.0    30.4    94.7    38.3    64.7   0.057   0.062   0.064   0.179   0.328    30.2    29.7    29.2    27.4    25.2
63829 20160529  2.422  -84.45   31.19    32.7    18.0    25.3    25.1     0.0    27.32 C    53.3    17.6    30.8    95.0    32.6    65.1   0.051   0.055   0.054   0.178   0.326    30.6    30.1    29.6    27.9    25.5
63829 20160530  2.422  -84.45   31.19    34.3    19.3    26.8    26.6     0.0    22.76 C    55.2    18.9    31.1    95.1    34.5    63.1   0.047   0.049   0.046   0.177   0.325    30.9    30.4    29.9    28.2    25.7
63829 20160531  2.422  -84.45   31.19    35.6    18.6    27.1    26.5     0.0    25.19 C    56.4    18.1    31.8    95.3    22.5    62.6   0.044   0.046   0.041   0.174   0.324    31.3    30.7    30.2    28.3    26.0
63829 20160601  2.422  -84.45   31.19    34.1    18.9    26.5    26.6     0.0    27.08 C    55.0    18.7    32.9    95.7    31.2    64.6   0.042   0.043   0.037   0.171   0.321    32.2    31.4    30.8    28.8    26.2
63829 20160602  2.422  -84.45   31.19    34.0    19.5    26.8    26.6     2.8    26.84 C    57.1    19.6    33.4    95.5    36.7    68.9   0.041   0.041   0.034   0.169   0.322    32.5    31.9    31.4    29.1    26.5
63829 20160603  2.422  -84.45   31.19    35.0    19.7    27.4    27.3     0.2    27.43 C    54.2    20.1    32.7    97.0    34.9    67.6   0.043   0.040   0.033   0.168   0.320    32.1    31.6    31.1    29.4    26.7
63829 20160604  2.422  -84.45   31.19    33.2    20.4    26.8    26.7     0.0    18.78 C    48.1    20.5    30.9    94.8    47.9    73.1   0.041   0.040   0.033   0.165   0.321    31.4    31.1    30.9    29.3    27.0
63829 20160605  2.422  -84.45   31.19    30.2    20.8    25.5    25.3     0.3    14.09 C    49.2    20.9    28.6    95.3    60.4    80.8   0.039   0.039   0.032   0.164   0.322    29.9    29.9    30.0    28.7    27.0
63829 20160606  2.422  -84.45   31.19    25.0    22.1    23.5    23.5    79.9     4.69 C    28.6    22.5    24.6    96.3    81.3    93.5   0.155   0.147   0.137   0.198   0.327    26.9    27.5    27.9    28.0    27.0
63829 20160607  2.422  -84.45   31.19    32.7    21.6    27.1    26.4     0.0    26.15 C    44.0    21.8    29.8    95.0    34.3    72.1   0.157   0.163   0.169   0.211   0.333    29.1    28.7    28.4    27.4    26.7
63829 20160608  2.422  -84.45   31.19    33.0    18.6    25.8    25.4     0.0    27.01 C    45.2    19.2    28.6    96.2    29.4    66.6   0.139   0.144   0.152   0.210   0.333    29.1    28.9    28.8    27.9    26.6
63829 20160609  2.422  -84.45   31.19    32.4    17.5    24.9    24.3     0.0    22.47 C    45.0    18.1    27.0    94.2    30.7    66.1   0.126   0.132   0.137   0.210   0.334    28.2    28.2    28.3    27.7    26.6
63829 20160610  2.422  -84.45   31.19    34.0    17.9    25.9    26.6     0.0    25.37 C    45.7    18.4    29.5    95.4    37.0    67.4   0.117   0.123   0.127   0.210   0.334    29.3    28.9    28.6    27.7    26.5
63829 20160611  2.422  -84.45   31.19    32.9    21.4    27.2    25.5     5.1    19.93 C    46.8    21.8    28.8    96.4    50.0    82.8   0.116   0.118   0.120   0.213 -99.000    29.7    29.5    29.4    28.3    26.8
63829 20160612  2.422  -84.45   31.19    32.9    21.4    27.2    26.6     3.4    19.94 C    43.1    22.1    28.7    97.0    53.4    79.8   0.125   0.122   0.123   0.222 -99.000    29.6    29.3    29.2    28.2    27.3
63829 20160613  2.422  -84.45   31.19    34.5    23.9    29.2    28.8     0.0    24.44 C    43.5    23.7    30.6    94.2    46.8    70.7   0.121   0.121   0.124   0.222 -99.000    30.7    30.3    29.9    28.5    27.4
63829 20160614  2.422  -84.45   31.19    33.3    22.2    27.7    27.4     0.0    27.29 C    45.1    22.6    30.8    95.0    48.8    72.2   0.107   0.113   0.115   0.223 -99.000    31.4    30.9    30.6    29.1    27.5
63829 20160615  2.422  -84.45   31.19    30.9    22.0    26.4    24.3    20.3    11.63 C    39.5    22.5    25.6    96.3    60.9    88.8   0.136   0.133   0.131   0.223 -99.000    28.8    29.1    29.4    29.1    27.7
63829 20160616  2.422  -84.45   31.19    32.8    22.8    27.8    25.4     9.3    13.18 C    39.9    23.3    26.7    96.0    61.9    87.5   0.166   0.164   0.167   0.233 -99.000    28.6    28.6    28.7    28.2    27.7
63829 20160617  2.422  -84.45   31.19    34.4    22.8    28.6    27.4     0.0    26.28 C    41.8    23.2    29.3    95.0    51.0    74.7   0.152   0.155   0.164   0.235 -99.000    30.1    29.7    29.5    28.3    27.6
63829 20160618  2.422  -84.45   31.19    28.1    21.7    24.9    24.2     2.2    14.99 C    38.1    22.3    26.2    94.6    68.9    82.8   0.142   0.143   0.153   0.232 -99.000    28.5    28.7    28.9    28.4    27.7
63829 20160619  2.422  -84.45   31.19    29.7    21.4    25.6    25.4     0.0    27.82 C    39.4    21.5    27.6    94.1    42.6    65.6   0.134   0.135   0.144   0.230 -99.000    29.0    28.8    28.7    28.0    27.6
63829 20160620  2.422  -84.45   31.19    29.6    18.3    23.9    24.3     0.0    29.23 C    41.3    18.1    27.2    91.5    37.6    64.0   0.120   0.124   0.129   0.230 -99.000    29.4    29.2    29.1    28.2    27.5
63829 20160621  2.422  -84.45   31.19    31.2    17.6    24.4    24.5     0.0    28.08 C    41.4    17.7    26.9    96.0    35.1    67.6   0.109   0.115   0.119   0.229 -99.000    29.6    29.4    29.2    28.3    27.5
63829 20160622  2.422  -84.45   31.19    32.1    19.2    25.7    25.7     0.0    26.05 C    41.6    19.3    27.4    95.9    37.1    68.4   0.099   0.107   0.112   0.228 -99.000    30.0    29.7    29.6    28.5    27.6
63829 20160623  2.422  -84.45   31.19    32.9    19.2    26.0    26.8     0.0    27.27 C    43.5    18.9    29.0    95.5    46.0    68.6   0.090   0.100   0.105   0.227 -99.000    30.9    30.5    30.1    28.8    27.7
63829 20160624  2.422  -84.45   31.19    33.5    21.5    27.5    27.5     0.0    27.55 C    44.2    21.2    30.1    95.6    42.5    70.8   0.080   0.093   0.098   0.227 -99.000    32.0    31.5    31.0    29.4    27.9
63829 20160625  2.422  -84.45   31.19    35.3    22.4    28.8    28.4     0.0    27.29 C    46.8    22.0    31.3    93.9    40.9    69.5   0.070   0.084   0.088   0.226 -99.000    32.9    32.3    31.8    30.0    28.2
63829 20160626  2.422  -84.45   31.19    34.4    21.5    27.9    25.5    18.4    14.13 C    47.6    22.0    27.4    97.1    48.8    84.7   0.092   0.091   0.082   0.223 -99.000    30.6    30.8    31.0    30.2    28.5
63829 20160627  2.422  -84.45   31.19    32.0    21.1    26.6    26.1     0.0    27.08 C    40.8    22.3    28.8   100.0    52.5    80.0   0.122   0.117   0.101   0.222 -99.000    30.6    30.4    30.2    29.3    28.5
63829 20160628  2.422  -84.45   31.19    33.5    22.0    27.8    27.8     0.0    27.79 C    42.2    22.2    30.0    96.8    48.4    74.0   0.105   0.106   0.100   0.222 -99.000    31.5    31.2    30.9    29.6    28.5
63829 20160629  2.422  -84.45   31.19    32.7    21.9    27.3    25.6     0.0    21.83 C    42.4    22.1    28.3    96.9    53.3    83.4   0.094   0.098   0.096   0.222 -99.000    31.2    31.1    31.0    29.9    28.6
63829 20160630  2.422  -84.45   31.19    28.8    22.0    25.4    25.6     0.5    13.93 C    34.5    22.1    26.9    96.9    68.2    85.3   0.087   0.093   0.091   0.222 -99.000    29.8    30.0    30.1    29.6    28.6
63829 20160701  2.422  -84.45   31.19    32.0    22.0    27.0    26.6     3.2    22.77 C    40.0    21.8    28.6    97.4    54.2    81.3   0.086   0.088   0.087   0.222 -99.000    30.5    30.3    30.1    29.2    28.6
63829 20160702  2.422  -84.45   31.19    34.7    22.4    28.5    28.5     0.0    27.24 C    44.6    22.3    30.8    97.2    37.2    71.3   0.082   0.084   0.083   0.220 -99.000    31.8    31.4    31.0    29.6    28.6
63829 20160703  2.422  -84.45   31.19    35.1    22.6    28.9    28.1     0.0    24.33 C    47.8    22.3    31.0    95.6    48.3    74.7   0.072   0.079   0.076   0.219 -99.000    32.4    32.0    31.7    30.2    28.7
63829 20160704  2.422  -84.45   31.19    34.0    23.4    28.7    28.3     0.0    23.59 C    47.6    23.1    31.1    96.7    53.2    76.2   0.065   0.075   0.072   0.217 -99.000    32.7    32.3    31.9    30.5    28.9
63829 20160705  2.422  -84.45   31.19    35.0    23.1    29.0    28.0     0.0    25.00 C    48.8    22.4    31.2    96.9    41.7    74.2   0.059   0.070   0.068   0.215 -99.000    32.9    32.6    32.2    30.7    29.1
63829 20160706  2.422  -84.45   31.19    34.8    22.5    28.7    27.4     0.0    20.64 C    49.6    22.4    30.3    96.1    46.3    78.4   0.054   0.065   0.065   0.213 -99.000    32.8    32.4    32.2    30.9    29.4
63829 20160707  2.422  -84.45   31.19    35.4    22.3    28.9    29.0     0.0    25.92 C    49.7    21.8    32.5    96.8    40.6    70.5   0.051   0.059   0.061   0.211 -99.000    33.3    32.8    32.4    30.9    29.5
63829 20160708  2.422  -84.45   31.19    35.6    22.4    29.0    29.7     0.0    27.45 C    50.8    22.0    33.4    96.7    38.8    65.5   0.049   0.054   0.055   0.209 -99.000    34.1    33.5    33.0    31.4    29.6
63829 20160709  2.422  -84.45   31.19    35.3    22.4    28.9    28.0     0.3    19.31 C    52.4    22.6    30.9    92.2    48.0    73.6   0.046   0.049   0.051   0.208 -99.000    33.4    33.2    33.0    31.7    29.8
63829 20160710  2.422  -84.45   31.19    34.7    21.2    27.9    25.6     1.1    20.86 C    50.8    21.0    29.3    97.1    40.2    80.4   0.045   0.047   0.048   0.205 -99.000    32.2    32.1    32.1    31.2    29.9
63829 20160711  2.422  -84.45   31.19    33.6    20.4    27.0    26.0     0.9    22.44 C    49.9    20.8    29.1    97.4    49.9    79.8   0.045   0.046   0.046   0.203 -99.000    31.4    31.3    31.4    30.7    29.9
63829 20160712  2.422  -84.45   31.19    35.3    20.8    28.1    26.8     0.0    26.38 C    53.5    20.4    31.3    97.3    42.4    74.0   0.045   0.045   0.044   0.202 -99.000    32.5    32.0    31.7    30.5    29.8
63829 20160713  2.422  -84.45   31.19    34.9    19.9    27.4    27.2     0.0    25.37 C    54.0    20.0    32.1    96.6    40.0    69.4   0.045   0.045   0.041   0.200 -99.000    33.4    32.9    32.5    31.0    29.8
63829 20160714  2.422  -84.45   31.19    35.3    20.1    27.7    27.3     4.3    23.68 C    51.7    20.4    31.8    95.9    38.7    70.6   0.044   0.043   0.039   0.198 -99.000    33.4    33.0    32.8    31.3    29.8
63829 20160715  2.422  -84.45   31.19    33.0    21.8    27.4    24.8     6.3    14.99 C    48.2    22.3    27.0    97.0    52.6    88.1   0.064   0.042   0.037   0.196 -99.000    30.5    31.0    31.4    31.1    30.0
63829 20160716  2.422  -84.45   31.19    32.7    20.8    26.7    25.5     0.0    20.97 C    47.4    21.5    28.0    97.3    53.9    84.8   0.088   0.046   0.039   0.195 -99.000    30.4    30.4    30.5    30.0    29.8
63829 20160717  2.422  -84.45   31.19    34.1    21.9    28.0    26.7     0.0    22.10 C    48.6    21.9    29.8    97.1    47.1    77.8   0.076   0.050   0.040   0.194 -99.000    31.5    31.2    31.0    30.1    29.6
63829 20160718  2.422  -84.45   31.19    32.9    21.4    27.2    26.7     0.0    21.39 C    48.4    21.6    30.3    96.1    53.1    78.5   0.065   0.051   0.041   0.194 -99.000    31.7    31.5    31.3    30.3    29.6
63829 20160719  2.422  -84.45   31.19    35.2    21.7    28.5    26.8     0.0    21.28 C    53.7    21.9    30.7    96.9    44.8    75.3   0.056   0.050   0.041   0.193 -99.000    32.6    32.2    31.9    30.6    29.7
63829 20160720  2.422  -84.45   31.19    35.5    21.0    28.2    28.1     0.0    21.08 C    49.4    21.1    31.7    96.7    46.8    72.7   0.049   0.047   0.040   0.192 -99.000    32.7    32.3    32.0    30.8    29.7
63829 20160721  2.422  -84.45   31.19    35.0    23.0    29.0    26.3    24.4    15.51 C    50.3    22.9    28.7    96.5    40.2    84.2   0.082   0.069   0.039   0.190 -99.000    30.9    31.2    31.5    30.9    29.8
63829 20160722  2.422  -84.45   31.19    33.3    22.3    27.8    26.3     9.8    23.31 C    44.9    22.9    29.4    97.0    49.8    81.3   0.131   0.122   0.090   0.188 -99.000    30.5    30.5    30.5    30.0    29.7
63829 20160723  2.422  -84.45   31.19    33.8    21.8    27.8    27.4     0.0    25.80 C    43.1    22.5    30.1    97.6    46.7    76.5   0.130   0.129   0.120   0.188 -99.000    30.9    30.9    30.8    30.0    29.6
63829 20160724  2.422  -84.45   31.19    34.6    23.1    28.9    28.4     0.0    25.34 C    45.0    23.5    31.3    96.8    43.4    73.0   0.113   0.115   0.111   0.189 -99.000    31.9    31.7    31.5    30.3    29.6
63829 20160725  2.422  -84.45   31.19    34.2    22.4    28.3    27.9     0.0    25.76 C    46.1    22.7    30.8    96.6    34.7    73.2   0.101   0.103   0.102   0.191 -99.000    32.2    32.1    31.9    30.7    29.7
63829 20160726  2.422  -84.45   31.19    31.7    22.5    27.1    25.8     1.3    17.90 C    41.8    22.8    27.6    96.1    60.1    85.3   0.090   0.094   0.093   0.191 -99.000    30.8    31.2    31.3    30.7    29.7
63829 20160727  2.422  -84.45   31.19    34.5    22.1    28.3    27.9     0.0    24.07 C    44.2    22.3    29.9    97.2    41.6    72.8   0.085   0.089   0.088   0.191 -99.000    31.4    31.3    31.1    30.2    29.8
63829 20160728  2.422  -84.45   31.19    35.3    21.3    28.3    28.3     0.0    26.37 C    46.0    21.3    30.9    97.0    38.3    71.0   0.076   0.082   0.081   0.192 -99.000    32.5    32.4    32.0    30.7    29.7
63829 20160729  2.422  -84.45   31.19    34.8    22.3    28.6    28.4     0.0    22.28 C    48.2    22.3    30.8    96.8    41.8    70.7   0.065   0.072   0.073   0.192 -99.000    32.6    32.6    32.4    31.2    29.8
63829 20160730  2.422  -84.45   31.19    36.1    22.3    29.2    28.3     0.0    22.85 C    49.9    22.1    31.4    96.6    41.0    73.4   0.057   0.063   0.064   0.192 -99.000    32.9    32.8    32.5    31.3    30.0
63829 20160731  2.422  -84.45   31.19    34.3    22.6    28.4    26.0     0.6    13.87 C    49.0    22.4    28.2    96.4    50.4    83.6   0.050   0.056   0.055   0.192 -99.000    31.5    31.9    32.1    31.3    30.1
63829 20160801  2.422  -84.45   31.19    31.7    22.5    27.1    24.4     6.1     7.94 C    42.5    22.5    25.8    97.6    62.2    92.5   0.058   0.053   0.052   0.191 -99.000    29.0    29.7    30.2    30.4    30.1
63829 20160802  2.422  -84.45   31.19    32.7    21.9    27.3    26.8     0.0    23.68 C    44.4    22.2    29.2    97.6    55.6    80.1   0.070   0.052   0.050   0.189 -99.000    30.5    30.3    30.2    29.6    29.8
63829 20160803  2.422  -84.45   31.19    34.7    21.9    28.3    27.9     0.0    25.41 C    48.2    22.2    31.5    96.0    47.6    73.0   0.061   0.053   0.048   0.189 -99.000    32.2    31.8    31.5    30.2    29.7
63829 20160804  2.422  -84.45   31.19    35.2    21.8    28.5    27.1     9.5    21.49 C    52.8    22.1    31.2    96.7    42.7    78.4   0.058   0.051   0.044   0.188 -99.000    32.3    32.1    32.1    30.8    29.7
63829 20160805  2.422  -84.45   31.19    31.8    22.7    27.2    25.7     0.5    15.63 C    41.1    23.4    28.1    97.0    61.6    87.1   0.078   0.049   0.042   0.186 -99.000    30.2    30.6    30.8    30.4    29.9
63829 20160806  2.422  -84.45   31.19    34.1    21.9    28.0    26.6     0.0    20.93 C    45.4    22.3    29.4    97.1    51.5    79.9   0.071   0.052   0.043   0.186 -99.000    31.0    30.9    30.8    30.0    29.8
63829 20160807  2.422  -84.45   31.19    34.8    22.5    28.7    26.4     7.8    21.27 C    48.5    22.7    30.1    96.9    50.3    83.6   0.069   0.052   0.042   0.186 -99.000    31.4    31.3    31.3    30.2    29.7
63829 20160808  2.422  -84.45   31.19    32.8    22.9    27.9    25.9     3.9    16.60 C    42.4    23.5    28.4   100.0    57.8    87.9   0.090   0.053   0.042   0.185 -99.000    30.3    30.5    30.6    30.1    29.7
63829 20160809  2.422  -84.45   31.19    29.7    24.2    26.9    25.5    19.0    12.19 C    38.1    24.7    27.1    96.4    73.1    91.7   0.118   0.074   0.047   0.185 -99.000    29.5    29.8    30.1    29.8    29.7
63829 20160810  2.422  -84.45   31.19    28.5    24.3    26.4    25.5     5.8    11.04 C    32.4    24.6    26.5    95.1    76.8    89.5   0.149   0.143   0.129   0.184 -99.000    28.7    29.0    29.2    29.3    29.6
63829 20160811  2.422  -84.45   31.19    32.0    23.2    27.6    26.1     0.0    18.39 C    40.8    23.6    28.2    96.9    60.1    86.4   0.133   0.135   0.133   0.185 -99.000    29.6    29.6    29.6    29.1    29.3
63829 20160812  2.422  -84.45   31.19    32.4    22.2    27.3    25.1    20.2    15.49 C    42.4    22.4    26.8    96.9    58.8    88.8   0.153   0.146   0.143   0.193 -99.000    29.0    29.2    29.4    29.2    29.2
63829 20160813  2.422  -84.45   31.19    32.6    22.1    27.3    26.0    24.1    20.90 C    39.9    22.4    27.7    97.4    56.2    84.6   0.178   0.167   0.169   0.221 -99.000    29.3    29.4    29.4    29.0    29.1
63829 20160814  2.422  -84.45   31.19    33.4    22.0    27.7    25.8     7.6    19.48 C    40.6    22.3    27.5    97.8    50.8    84.8   0.176   0.169   0.172   0.229 -99.000    29.5    29.6    29.6    29.1    29.1
63829 20160815  2.422  -84.45   31.19    33.2    21.1    27.1    26.7     0.0    22.57 C    40.0    21.6    28.7    96.9    52.8    79.4   0.160   0.157   0.165   0.230 -99.000    29.9    29.8    29.7    29.1    29.0
63829 20160816  2.422  -84.45   31.19    33.6    22.5    28.0    28.1     0.0    22.87 C    43.2    22.9    30.2    96.1    53.6    76.7   0.141   0.141   0.151   0.229 -99.000    30.6    30.5    30.4    29.4    29.0
63829 20160817  2.422  -84.45   31.19    34.2    23.1    28.7    27.5     0.0    22.54 C    47.2    23.4    30.5    96.7    47.9    78.4   0.127   0.130   0.137   0.227 -99.000    30.9    30.9    30.8    29.8    29.1
63829 20160818  2.422  -84.45   31.19    33.9    22.4    28.1    27.6     0.0    22.60 C    46.1    22.8    30.4    96.7    49.4    75.4   0.115   0.121   0.125   0.227 -99.000    30.8    30.9    30.8    29.9    29.2
63829 20160819  2.422  -84.45   31.19    33.6    22.9    28.3    28.1     0.0    23.64 C    45.0    23.1    30.7    96.7    49.1    74.9   0.103   0.113   0.117   0.227 -99.000    31.2    31.2    31.1    30.1    29.4
63829 20160820  2.422  -84.45   31.19    34.0    22.4    28.2    27.7     0.0    23.59 C    45.9    22.7    30.4    97.1    46.4    75.0   0.091   0.106   0.109   0.225 -99.000    31.4    31.6    31.4    30.3    29.5
63829 20160821  2.422  -84.45   31.19    34.2    23.3    28.8    27.6     0.0    21.73 C    47.0    23.0    30.1    95.6    49.2    77.3   0.081   0.100   0.103   0.225 -99.000    31.6    31.7    31.6    30.6    29.7
63829 20160822  2.422  -84.45   31.19    34.5    22.4    28.4    27.8     0.0    22.11 C    47.1    22.6    30.8    96.7    44.6    76.2   0.070   0.093   0.097   0.224 -99.000    31.8    31.8    31.7    30.7    29.7
63829 20160823  2.422  -84.45   31.19    35.1    22.1    28.6    27.5     0.0    18.84 C    50.6    22.5    30.4    96.7    42.3    75.6   0.061   0.085   0.090   0.223 -99.000    31.7    32.0    32.0    30.8    29.8
63829 20160824  2.422  -84.45   31.19    34.2    22.8    28.5    27.8     0.0    21.83 C    48.4    22.8    31.2    96.5    45.0    72.7   0.053   0.078   0.081   0.221 -99.000    32.3    32.4    32.2    31.1    29.9
63829 20160825  2.422  -84.45   31.19    33.3    20.5    26.9    26.5     0.0    22.12 C    48.4    20.4    29.4    96.0    39.9    68.6   0.049   0.071   0.073   0.218 -99.000    31.7    32.0    31.9    31.1    30.0
63829 20160826  2.422  -84.45   31.19    33.7    19.3    26.5    27.3     0.0    23.80 C    50.3    19.1    30.5    96.5    34.8    66.0   0.046   0.066   0.068   0.215 -99.000    31.8    31.8    31.7    30.9    30.1
63829 20160827  2.422  -84.45   31.19    33.6    19.6    26.6    26.9     0.0    22.96 C    49.5    18.9    30.4    97.0    43.2    71.1   0.044   0.061   0.065   0.213 -99.000    32.1    32.1    31.9    31.0    30.0
63829 20160828  2.422  -84.45   31.19    34.5    23.6    29.1    28.3     0.0    22.20 C    50.9    22.9    31.6    91.8    37.8    66.7   0.042   0.057   0.060   0.211 -99.000    32.4    32.4    32.2    31.1    30.1
63829 20160829  2.422  -84.45   31.19    34.8    22.1    28.4    27.2     2.6    22.75 C    51.0    21.3    31.3    96.7    40.4    74.7   0.041   0.053   0.055   0.208 -99.000    32.3    32.3    32.2    31.2    30.2
63829 20160830  2.422  -84.45   31.19    33.8    21.4    27.6    26.0     1.5    21.10 C    48.2    21.6    29.6    97.0    44.2    80.7   0.043   0.050   0.053   0.206 -99.000    30.8    31.2    31.4    30.9    30.2
63829 20160831  2.422  -84.45   31.19    32.7    21.8    27.3    26.1     0.0    20.09 C    47.0    22.0    29.6    96.3    52.2    80.9   0.044   0.050   0.051   0.204 -99.000    30.6    30.6    30.8    30.4    30.1
63829 20160901  2.422  -84.45   31.19    29.4    23.1    26.2    25.6     6.7     8.95 C    39.8    23.6    27.7    94.2    68.2    85.4   0.047   0.049   0.050   0.203 -99.000    29.7    30.1    30.4    30.3    30.0
63829 20160902  2.422  -84.45   31.19    32.2    23.1    27.7    26.6    14.5    17.58 C    41.5    23.1    28.3    93.7    52.3    77.4   0.122   0.111   0.079   0.201 -99.000    29.0    29.2    29.4    29.5    29.8
63829 20160903  2.422  -84.45   31.19    30.0    21.7    25.8    25.4     0.0    19.51 C    42.8    22.5    28.9    93.0    63.3    78.5   0.101   0.109   0.097   0.201 -99.000    29.4    29.6    29.6    29.4    29.6
63829 20160904  2.422  -84.45   31.19    30.1    23.1    26.6    25.5     0.0    11.30 C    42.8    23.4    27.7    96.4    62.5    85.0   0.091   0.101   0.094   0.201 -99.000    29.0    29.2    29.4    29.3    29.5
63829 20160905  2.422  -84.45   31.19    31.3    19.5    25.4    25.7     0.0    23.34 C    46.5    19.3    29.0    96.6    38.9    72.1   0.083   0.095   0.090   0.202 -99.000    29.9    29.9    29.8    29.1    29.3
63829 20160906  2.422  -84.45   31.19    31.1    16.7    23.9    23.6     0.0    22.09 C    45.3    16.5    26.4    97.2    41.6    73.2   0.072   0.088   0.084   0.202 -99.000    29.0    29.3    29.4    29.1    29.3
63829 20160907  2.422  -84.45   31.19    31.9    16.5    24.2    23.7     0.0    22.54 C    47.8    16.3    26.9    97.4    35.9    74.1   0.063   0.081   0.078   0.202 -99.000    29.0    29.3    29.3    28.9    29.2
63829 20160908  2.422  -84.45   31.19    33.6    17.3    25.5    24.7     0.0    23.17 C    49.4    16.5    28.1    97.3    29.0    68.9   0.055   0.074   0.071   0.202 -99.000    29.4    29.6    29.5    28.9    29.1
63829 20160909  2.422  -84.45   31.19    33.1    17.7    25.4    25.3     0.0    22.84 C    50.7    17.2    29.1    97.0    33.0    69.1   0.050   0.067   0.064   0.200 -99.000    29.8    30.0    29.9    29.1    29.0
63829 20160910  2.422  -84.45   31.19    33.8    18.4    26.1    25.7     0.0    19.80 C    53.7    18.0    29.1    96.5    40.7    71.0   0.045   0.061   0.058   0.199 -99.000    29.9    30.1    30.0    29.3    29.1
63829 20160911  2.422  -84.45   31.19    33.3    20.7    27.0    26.8     0.0    16.76 C    50.8    20.2    29.9    96.7    45.6    71.8   0.044   0.056   0.054   0.198 -99.000    30.3    30.4    30.2    29.4    29.1
63829 20160912  2.422  -84.45   31.19    33.4    21.2    27.3    25.7     0.8    13.66 C    54.0    21.4    29.0    94.7    48.2    77.9   0.042   0.053   0.050   0.196 -99.000    29.9    30.1    30.1    29.5    29.2
63829 20160913  2.422  -84.45   31.19    31.3    21.4    26.4    24.3     3.9    13.00 C    50.1    21.1    27.3    96.5    57.7    87.2   0.043   0.051   0.048   0.195 -99.000    28.7    29.2    29.5    29.3    29.2
63829 20160914  2.422  -84.45   31.19    31.5    21.7    26.6    25.5     0.0    15.10 C    45.0    21.9    28.3    96.3    52.4    79.7   0.051   0.050   0.048   0.195 -99.000    28.4    28.6    28.8    28.7    29.1
63829 20160915  2.422  -84.45   31.19    32.4    19.9    26.2    25.7     0.0    20.17 C    52.4    19.7    29.7    97.4    48.2    76.3   0.048   0.050   0.047   0.194 -99.000    29.2    29.3    29.2    28.6    28.8
63829 20160916  2.422  -84.45   31.19    32.6    20.0    26.3    26.6     0.0    20.40 C    54.2    19.0    30.8    97.2    47.0    71.8   0.044   0.049   0.045   0.193 -99.000    29.9    29.8    29.7    28.8    28.8
63829 20160917  2.422  -84.45   31.19    32.0    23.1    27.5    26.4     0.0    14.04 C    53.1    22.7    30.0    95.3    50.7    76.6   0.042   0.048   0.043   0.192 -99.000    30.1    30.1    30.0    29.1    28.9
63829 20160918  2.422  -84.45   31.19    33.1    22.1    27.6    25.1     4.4    11.44 C    50.2    22.1    28.1    97.2    51.7    87.8   0.044   0.047   0.042   0.191 -99.000    29.3    29.6    29.8    29.2    29.0
63829 20160919  2.422  -84.45   31.19    32.3    22.0    27.1    25.9     0.7    16.28 C    46.2    22.4    28.5   100.0    53.6    85.9   0.056   0.047   0.042   0.191 -99.000    29.2    29.3    29.4    28.9    29.0
63829 20160920  2.422  -84.45   31.19    33.8    21.4    27.6    26.6     0.0    19.41 C    51.2    21.1    29.9   100.0    42.2    75.7   0.050   0.048   0.043   0.190 -99.000    29.7    29.6    29.6    28.9    28.8
63829 20160921  2.422  -84.45   31.19    33.2    19.9    26.6    26.0     0.0    19.21 C    50.8    19.2    29.6    97.4    38.2    71.4   0.045   0.048   0.041   0.189 -99.000    29.5    29.6    29.6    28.9    28.9
63829 20160922  2.422  -84.45   31.19    33.4    20.4    26.9    25.9     0.0    21.50 C    51.0    19.5    30.2    93.8    37.9    68.3   0.042   0.046   0.039   0.187 -99.000    30.2    30.2    30.0    29.0    28.9
63829 20160923  2.422  -84.45   31.19    35.1    19.0    27.1    26.3     0.0    20.43 C    53.7    18.7    30.2    97.0    31.1    66.8   0.040   0.045   0.037   0.187 -99.000    30.3    30.3    30.2    29.2    28.9
63829 20160924  2.422  -84.45   31.19    34.5    19.2    26.8    26.4     0.0    16.51 C    53.0    19.3    29.5    96.0    37.5    69.2   0.038   0.043   0.035   0.185 -99.000    30.0    30.1    30.1    29.3    29.0
63829 20160925  2.422  -84.45   31.19    34.4    19.6    27.0    25.3     3.4    16.85 C    56.2    19.2    29.1    97.1    37.6    75.9   0.040   0.043   0.035   0.183 -99.000    29.6    29.9    29.9    29.2    29.0
63829 20160926  2.422  -84.45   31.19    33.1    20.1    26.6    24.8     0.0    17.46 C    49.2    20.0    27.9    96.8    39.3    76.5   0.046   0.043   0.035   0.183 -99.000    28.6    28.9    29.1    28.9    29.0
63829 20160927  2.422  -84.45   31.19    32.0    18.1    25.1    24.5     0.0    14.60 C    50.0    18.1    27.4    97.2    44.8    76.3   0.042   0.043   0.034   0.182 -99.000    28.2    28.5    28.7    28.5    28.9
63829 20160928  2.422  -84.45   31.19    33.1    20.0    26.5    25.5     2.3    17.15 C    50.2    19.4    28.6    97.3    41.1    78.8   0.039   0.043   0.034   0.181 -99.000    29.0    29.1    29.0    28.4    28.7
63829 20160929  2.422  -84.45   31.19    32.4    18.4    25.4    25.4     0.0    20.38 C    45.8    15.9    27.4    98.1    30.4    62.8   0.040   0.043   0.033   0.180 -99.000    28.5    28.8    28.9    28.4    28.6
63829 20160930  2.422  -84.45   31.19    28.2    10.3    19.2    19.3     0.0    21.74 C    45.5    10.0    22.7    92.0    29.8    59.1   0.038   0.042   0.033   0.178 -99.000    26.8    27.5    27.9    27.9    28.6
63829 20161001  2.422  -84.45   31.19    29.2     9.1    19.1    18.8     0.0    21.40 C    48.3     9.1    23.0    96.3    28.2    62.8   0.037   0.041   0.032   0.177 -99.000    26.3    26.9    27.2    27.4    28.4
63829 20161002  2.422  -84.45   31.19    31.3    10.1    20.7    20.3     0.0    19.66 C    50.0     9.9    24.3    95.1    22.2    59.0   0.036   0.041   0.031   0.175 -99.000    26.6    27.0    27.2    27.1    28.1
63829 20161003  2.422  -84.45   31.19    32.4    15.0    23.7    23.6     3.5    16.83 C    53.3    14.8    28.1    94.7    31.4    64.0   0.035   0.041   0.031   0.174 -99.000    27.7    27.7    27.7    27.2    28.0
63829 20161004  2.422  -84.45   31.19    31.3    19.2    25.2    24.6     0.0    19.32 C    47.5    19.0    27.3    97.0    38.8    68.2   0.045   0.041   0.032   0.174 -99.000    27.4    27.7    27.9    27.3    27.9
63829 20161005  2.422  -84.45   31.19    31.2    18.3    24.7    24.1     0.0    17.78 C    49.6    17.1    27.5    74.4    43.4    59.8   0.041   0.041   0.032   0.174 -99.000    27.2    27.3    27.5    27.1    27.8
63829 20161006  2.422  -84.45   31.19    29.5    21.1    25.3    24.8     0.0    18.06 C    49.1    21.9    29.6    76.1    50.4    63.8   0.039   0.042   0.032   0.173 -99.000    28.3    28.3    28.2    27.3    27.7
63829 20161007  2.422  -84.45   31.19    29.3    22.5    25.9    24.8     0.0    12.87 C    43.6    22.0    28.0    78.7    55.8    69.6   0.037   0.041   0.032   0.161 -99.000    28.0    28.2    28.2    27.5    27.8
63829 20161008  2.422  -84.45   31.19    33.9    22.3    28.1    26.8     0.0    19.49 C    49.8    19.9    29.3    84.6    29.6    56.0   0.036   0.041   0.031   0.118 -99.000    28.8    28.8    28.6    27.6    27.8
63829 20161009  2.422  -84.45   31.19    30.4    11.4    20.9    21.7     0.0    20.33 C    48.9     0.0    23.0    84.4    17.7    48.7   0.034   0.041   0.030   0.117 -99.000    27.5    28.0    28.2    27.7    27.9
63829 20161010  2.422  -84.45   31.19    26.8     9.7    18.2    17.4     0.0    20.15 C    45.9     8.7    21.3    85.6    23.3    53.2   0.033   0.040   0.030   0.116 -99.000    25.6    26.2    26.8    27.0    27.9
63829 20161011  2.422  -84.45   31.19    27.2     8.1    17.6    18.7     0.0    19.76 C    46.4     7.3    22.2    96.4    35.6    62.8   0.031   0.039   0.029   0.115 -99.000    25.3    25.7    26.1    26.5    27.6
63829 20161012  2.422  -84.45   31.19    29.4    11.6    20.5    19.8     0.0    18.05 C    49.2    11.2    23.8    91.5    37.9    66.6   0.032   0.039   0.029   0.113 -99.000    25.9    26.1    26.4    26.3    27.4
63829 20161013  2.422  -84.45   31.19    30.2    12.5    21.4    20.6     0.0    18.45 C    47.9    11.9    24.1    97.0    31.9    67.7   0.032   0.039   0.029   0.113 -99.000    26.0    26.3    26.5    26.5    27.2
63829 20161014  2.422  -84.45   31.19    30.2    11.7    20.9    20.7     0.0    18.74 C    47.5    11.3    24.1    95.9    27.6    65.2   0.031   0.039   0.028   0.112 -99.000    26.0    26.2    26.4    26.4    27.1
63829 20161015  2.422  -84.45   31.19    30.3    15.9    23.1    23.2     2.9    14.74 C    49.3    14.5    27.0    96.9    37.3    73.8   0.032   0.039   0.030   0.112 -99.000    26.7    26.7    26.7    26.5    27.1
63829 20161016  2.422  -84.45   31.19    28.8    18.5    23.7    22.2     2.2    12.40 C    43.0    18.3    24.5    95.5    47.5    78.6   0.054   0.039   0.029   0.112 -99.000    25.6    26.1    26.5    26.5    27.0
63829 20161017  2.422  -84.45   31.19    30.6    16.5    23.6    22.7     0.0    16.78 C    45.5    16.4    25.5    97.2    40.1    74.1   0.049   0.039   0.029   0.111 -99.000    25.5    25.7    26.0    26.0    27.0
63829 20161018  2.422  -84.45   31.19    31.3    14.8    23.0    22.7     0.0    18.18 C    46.6    14.0    25.1    97.5    31.4    70.2   0.044   0.039   0.030   0.111 -99.000    25.7    26.0    26.1    26.0    26.9
63829 20161019  2.422  -84.45   31.19    31.3    14.8    23.0    22.3     0.0    17.09 C    48.8    14.5    25.2    96.2    36.9    70.0   0.040   0.040   0.030   0.111 -99.000    25.9    26.1    26.2    26.1    26.8
63829 20161020  2.422  -84.45   31.19    30.9    13.9    22.4    21.9     0.0    14.08 C    48.6    13.5    24.2    96.7    34.2    68.1   0.037   0.040   0.030   0.111 -99.000    25.4    25.8    26.0    26.1    26.7
63829 20161021  2.422  -84.45   31.19    25.5    11.5    18.5    20.4     0.0    17.54 C    41.9     7.9    22.4    90.6    25.9    56.3   0.035   0.040   0.029   0.110 -99.000    25.1    25.6    25.9    26.0    26.6
63829 20161022  2.422  -84.45   31.19    22.9     6.6    14.7    13.8     0.0    18.74 C    39.1     4.3    16.0    83.4    18.1    50.4   0.033   0.039   0.029   0.110 -99.000    22.3    23.3    24.1    25.1    26.5
63829 20161023  2.422  -84.45   31.19    25.8     2.8    14.3    13.6     0.0    18.48 C    42.3     2.3    16.6    90.9    17.1    51.2   0.032   0.037   0.027   0.120 -99.000    21.6    22.3    23.1    24.0    26.2
63829 20161024  2.422  -84.45   31.19    29.5     5.0    17.2    16.1     0.0    17.72 C    44.4     4.4    18.6    94.3    16.9    52.1   0.032   0.037   0.026   0.163 -99.000    22.0    22.5    23.0    23.5    25.7
63829 20161025  2.422  -84.45   31.19    30.0     7.4    18.7    18.2     0.0    14.91 C    45.2     6.9    19.7    88.0    19.7    55.4   0.031   0.037   0.027   0.163 -99.000    22.3    22.8    23.2    23.5    25.4
63829 20161026  2.422  -84.45   31.19    28.5    15.5    22.0    21.1     0.0    13.99 C    46.0    11.4    23.6    95.6    41.0    72.7   0.032   0.037   0.026   0.163 -99.000    23.7    23.8    23.9    23.6    25.3
63829 20161027  2.422  -84.45   31.19    27.9    14.6    21.2    20.5     0.0    12.85 C    41.8    13.4    22.4    96.6    38.9    70.0   0.032   0.038   0.027   0.163 -99.000    23.9    24.2    24.3    23.9    25.3
63829 20161028  2.422  -84.45   31.19    29.9    12.4    21.2    20.3     0.0    16.27 C    46.5    11.6    22.9    96.6    32.6    67.4   0.031   0.037   0.027   0.163 -99.000    24.0    24.2    24.3    24.0    25.3
63829 20161029  2.422  -84.45   31.19    30.6    11.0    20.8    19.9     0.0    16.58 C    45.9    10.2    22.4    95.2    26.5    62.8   0.031   0.036   0.027   0.162 -99.000    23.9    24.1    24.3    24.0    25.3
63829 20161030  2.422  -84.45   31.19    30.4    10.3    20.4    19.7     0.0    15.75 C    46.2    10.1    22.2    95.1    29.6    65.7   0.030   0.033   0.027   0.161 -99.000    23.8    24.1    24.3    24.0    25.2
63829 20161031  2.422  -84.45   31.19    32.0    10.4    21.2    20.5     0.0    16.16 C    46.6     9.7    22.4    96.8    23.1    61.5   0.030   0.033   0.027   0.160 -99.000    23.8    24.1    24.2    24.0    25.2
63829 20161101  2.422  -84.45   31.19    30.0    12.4    21.2    21.2     0.0    16.01 C    45.4    11.0    23.0    92.1    29.7    61.8   0.030   0.033   0.027   0.160 -99.000    24.0    24.2    24.3    24.0    25.1
63829 20161102  2.422  -84.45   31.19    29.4    15.6    22.5    22.1     0.0    11.18 C    48.6    14.2    24.2    96.8    43.9    72.9   0.030   0.033   0.027   0.160 -99.000    24.4    24.5    24.6    24.0    25.1
63829 20161103  2.422  -84.45   31.19    31.0    15.3    23.1    21.9     0.0    13.91 C    47.2    14.0    23.9    96.1    31.7    66.6   0.030   0.034   0.027   0.160 -99.000    24.9    25.0    25.0    24.3    25.2
63829 20161104  2.422  -84.45   31.19    30.1    13.1    21.6    21.5     0.0    13.98 C    45.6    12.5    22.9    95.3    30.6    62.0   0.030   0.033   0.027   0.160 -99.000    24.2    24.5    24.6    24.3    25.3
63829 20161105  2.422  -84.45   31.19    24.2     9.2    16.7    17.1     0.0    16.42 C    40.2     6.0    18.6    94.8    24.0    53.4   0.029   0.031   0.026   0.159 -99.000    22.9    23.5    24.0    24.1    25.3
63829 20161106  2.422  -84.45   31.19    25.9     5.8    15.9    16.2     0.0    12.47 C    40.9     5.3    18.3    85.3    35.6    60.8   0.028   0.031   0.026   0.158 -99.000    21.5    22.1    22.7    23.3    25.0
63829 20161107  2.422  -84.45   31.19    26.0    14.4    20.2    19.2     0.0    15.59 C    41.8    11.6    21.3    82.6    17.1    50.3   0.028   0.030   0.026   0.158 -99.000    22.7    22.9    23.2    23.2    24.8
63829 20161108  2.422  -84.45   31.19    22.0    10.9    16.4    16.4     0.0     8.16 C    30.6     8.9    17.5    70.7    46.7    56.3   0.027   0.030   0.026   0.158 -99.000    21.2    21.8    22.4    22.9    24.7
63829 20161109  2.422  -84.45   31.19    24.7    11.9    18.3    16.9     0.0     9.26 C    36.8     8.4    18.2    74.6    24.1    50.3   0.027   0.031   0.026   0.158 -99.000    21.1    21.6    22.1    22.5    24.5
63829 20161110  2.422  -84.45   31.19    23.3     5.8    14.5    13.9     0.0    15.57 C    37.7     3.6    15.3    80.1    21.4    51.2   0.027   0.030   0.025   0.157 -99.000    20.1    20.9    21.5    22.1    24.2
63829 20161111  2.422  -84.45   31.19    25.5     1.4    13.5    14.0     0.0    12.84 C    37.4     0.1    14.7    95.8     9.8    47.3   0.026   0.029   0.024   0.156 -99.000    19.0    19.7    20.5    21.4    24.0
63829 20161112  2.422  -84.45   31.19    22.9     5.0    14.0    15.4     0.0    12.57 C    38.5     4.1    17.0    85.4    36.0    56.5   0.026   0.029   0.023   0.155 -99.000    19.8    20.2    20.7    21.2    23.6
63829 20161113  2.422  -84.45   31.19    19.9     7.8    13.9    14.9     0.0     9.93 C    35.3     6.0    16.8    74.8    38.5    55.1   0.027   0.030   0.024   0.155 -99.000    20.0    20.5    21.0    21.2    23.5
63829 20161114  2.422  -84.45   31.19    21.8     6.2    14.0    13.0     0.0    14.57 C    35.9     5.1    15.7    93.8    35.9    67.7   0.027   0.029   0.023   0.155 -99.000    19.4    20.0    20.5    21.0    23.3
63829 20161115  2.422  -84.45   31.19    24.2     3.9    14.1    14.3     0.0    14.41 C    37.1     2.9    16.2    97.1    24.1    58.7   0.027   0.029   0.024   0.154 -99.000    19.1    19.6    20.1    20.7    23.1
63829 20161116  2.422  -84.45   31.19    24.1     6.1    15.1    14.6     0.0    14.38 C    37.8     4.8    16.1    93.2    31.7    62.7   0.027   0.029   0.023   0.154 -99.000    19.6    20.0    20.4    20.7    22.9
63829 20161117  2.422  -84.45   31.19    27.3     3.8    15.5    14.5     0.0    14.75 C    40.0     3.1    15.7    96.9    18.3    57.8   0.027   0.029   0.023   0.153 -99.000    19.0    19.5    20.0    20.5    22.8
63829 20161118  2.422  -84.45   31.19    27.0     5.1    16.0    15.7     0.0    14.43 C    38.1     4.0    16.0    95.9    24.7    61.9   0.026   0.029   0.023   0.153 -99.000    19.0    19.5    19.9    20.3    22.6
63829 20161119  2.422  -84.45   31.19    22.2     7.1    14.7    14.1     0.0    10.23 C    31.7     0.7    14.3   100.0    18.7    60.6   0.026   0.028   0.023   0.153 -99.000    18.5    19.2    19.8    20.3    22.5
63829 20161120  2.422  -84.45   31.19    17.0     2.1     9.5     8.7     0.0    15.05 C    28.9    -1.8     8.9    59.4    12.7    33.9   0.026   0.029   0.022   0.153 -99.000    16.1    17.3    18.3    19.6    22.4
63829 20161121  2.422  -84.45   31.19    20.3    -1.6     9.3     9.1     0.0    14.75 C    31.4    -3.5     9.3    62.9     7.3    30.2   0.026   0.028   0.022   0.152 -99.000    15.4    16.3    17.3    18.7    22.0
63829 20161122  2.422  -84.45   31.19    22.2     0.5    11.3     9.9     0.0    14.45 C    34.9    -1.0    11.1    64.9    11.2    36.5   0.025   0.027   0.021   0.151 -99.000    15.7    16.3    17.1    18.2    21.6
63829 20161123  2.422  -84.45   31.19    24.1     4.5    14.3    13.6     0.0    11.08 C    35.9     2.8    14.1    92.7    40.5    65.0   0.025   0.028   0.021   0.151 -99.000    16.6    16.9    17.4    18.1    21.3
63829 20161124  2.422  -84.45   31.19    26.0     7.7    16.8    16.3     0.0    11.62 C    40.0     6.3    16.9    96.0    44.5    75.1   0.026   0.029   0.022   0.151 -99.000    18.0    18.2    18.3    18.4    21.1
63829 20161125  2.422  -84.45   31.19    26.0     9.7    17.9    17.8     0.2     9.10 C    40.1     8.2    18.7   100.0    47.8    77.5   0.026   0.028   0.023   0.151 -99.000    19.0    19.1    19.1    18.9    21.1
63829 20161126  2.422  -84.45   31.19    19.5     2.3    10.9    11.5     0.0    13.51 C    31.4     0.3    12.0    97.0    29.7    62.3   0.026   0.028   0.023   0.152 -99.000    17.6    18.4    18.9    19.2    21.2
63829 20161127  2.422  -84.45   31.19    21.7     0.5    11.1    10.3     0.0    13.96 C    33.8    -1.2    11.7    89.0    27.4    61.5   0.026   0.028   0.022   0.151 -99.000    16.0    16.7    17.5    18.5    21.2
63829 20161128  2.422  -84.45   31.19    25.2     8.7    16.9    17.7     0.0     8.76 C    32.9     5.7    18.0    90.1    39.1    64.4   0.025   0.029   0.022   0.151 -99.000    17.9    17.9    18.1    18.4    21.0
63829 20161129  2.422  -84.45   31.19    26.4    19.4    22.9    22.3     1.4     5.66 C    31.6    17.6    21.8    94.4    62.7    81.7   0.027   0.030   0.023   0.151 -99.000    20.3    20.1    19.9    19.1    20.9
63829 20161130  2.422  -84.45   31.19    27.3    16.2    21.7    21.9    14.4     7.77 C    33.2    16.3    22.2    96.1    59.7    82.5   0.048   0.030   0.024   0.152 -99.000    20.9    20.8    20.6    19.9    21.1
63829 20161201  2.422  -84.45   31.19    18.1     4.6    11.4    12.5     0.0    13.54 C    27.1     4.0    13.9    91.6    31.9    62.8   0.090   0.032   0.025   0.151 -99.000    17.7    18.5    19.3    19.9    21.4
63829 20161202  2.422  -84.45   31.19    19.1     2.8    10.9    10.2     0.0    13.28 C    28.1     2.4    11.4    92.7    20.3    57.9   0.080   0.030   0.023   0.150 -99.000    14.7    15.3    16.4    18.2    21.2
63829 20161203  2.422  -84.45   31.19    17.1     8.0    12.5    13.1     0.0     4.44 C    25.3     6.4    13.7    73.4    31.2    46.5   0.076   0.032   0.023   0.150 -99.000    14.9    15.3    16.1    17.4    20.7
63829 20161204  2.422  -84.45   31.19    23.4    12.7    18.1    17.6    10.5     4.75 C    28.6    10.2    17.9    97.0    53.9    75.7   0.079   0.034   0.025   0.150 -99.000    16.7    16.7    16.9    17.2    20.4
63829 20161205  2.422  -84.45   31.19    19.3    12.8    16.1    15.4   138.8     1.84 C    19.4    14.7    16.7    97.8    95.6    96.8   0.204   0.154   0.148   0.202 -99.000    17.4    17.7    17.9    17.9    20.1
63829 20161206  2.422  -84.45   31.19    24.7    15.7    20.2    20.1    48.0    10.63 C    29.2    14.3    19.9    97.4    44.8    77.7   0.203   0.178   0.198   0.246 -99.000    19.0    19.0    18.8    18.2    19.9
63829 20161207  2.422  -84.45   31.19    15.8     9.0    12.4    13.4     0.0     3.18 C    18.9     7.6    14.5    90.1    70.6    77.5   0.159   0.144   0.166   0.219 -99.000    16.9    17.5    17.9    18.4    20.1
63829 20161208  2.422  -84.45   31.19    16.6     6.6    11.6    10.7     0.0    10.06 C    26.3     6.5    12.0    97.0    37.6    63.1   0.145   0.133   0.158   0.219 -99.000    14.7    15.5    16.2    17.4    20.0
63829 20161209  2.422  -84.45   31.19    11.2     0.5     5.8     5.5     0.0    13.91 C    22.0    -0.3     7.8    82.4    21.1    44.0   0.137   0.125   0.151   0.218 -99.000    12.1    13.1    14.1    16.1    19.6
63829 20161210  2.422  -84.45   31.19    12.4    -2.5     4.9     4.0     0.0    13.56 C    22.9    -1.7     6.1    84.5    24.2    58.6   0.132   0.120   0.146   0.217 -99.000    10.5    11.4    12.3    14.5    18.9
63829 20161211  2.422  -84.45   31.19    19.9     1.6    10.8    11.2     0.0     8.66 C    29.2     1.9    12.6    87.8    54.4    70.5   0.131   0.117   0.142   0.217 -99.000    12.3    12.5    12.8    13.9    18.2
63829 20161212  2.422  -84.45   31.19    24.4    10.0    17.2    16.5     2.0     8.97 C    30.5     9.3    16.3    97.8    57.5    86.6   0.136   0.120   0.142   0.217 -99.000    15.2    15.2    15.1    14.8    17.9
63829 20161213  2.422  -84.45   31.19    24.6    15.8    20.2    18.3    16.4     5.31 C    31.1    15.2    18.6   100.0    66.2    92.7   0.152   0.132   0.151   0.222 -99.000    17.2    17.2    16.9    16.1    18.0
63829 20161214  2.422  -84.45   31.19    18.6    14.7    16.6    16.6     5.1     2.88 C    23.2    14.7    17.3    97.5    90.6    94.2   0.179   0.162   0.180   0.232 -99.000    17.4    17.5    17.5    17.0    18.3
63829 20161215  2.422  -84.45   31.19    14.8     4.6     9.7    10.3     0.0    12.81 C    23.4     4.3    11.7    96.4    33.0    64.5   0.160   0.146   0.168   0.227 -99.000    15.0    15.8    16.3    16.9    18.6
63829 20161216  2.422  -84.45   31.19    17.3     1.6     9.4     9.5     0.0    12.56 C    25.2     2.2    11.4    85.6    47.3    57.8   0.146   0.135   0.160   0.225 -99.000    13.0    13.6    14.2    15.5    18.5
63829 20161217  2.422  -84.45   31.19    25.3    10.7    18.0    17.8     0.0    10.12 C    30.8     9.5    18.0    95.4    59.4    83.2   0.144   0.130   0.155   0.224 -99.000    16.0    15.9    15.8    15.6    18.1
63829 20161218  2.422  -84.45   31.19    27.9    14.4    21.1    20.2    13.5     8.34 C    32.8    15.3    20.4    96.9    59.7    86.9   0.163   0.143   0.165   0.229 -99.000    18.7    18.5    18.1    17.0    18.2
63829 20161219  2.422  -84.45   31.19    14.4     6.1    10.2     9.2    13.0     1.39 C    15.4     9.6    11.7    95.8    89.2    93.9   0.185   0.168   0.186   0.245 -99.000    14.9    15.8    16.5    17.2    18.6
63829 20161220  2.422  -84.45   31.19    10.0     7.1     8.6     8.5     0.0     3.70 C    15.0     9.5    11.5    95.9    88.5    93.5   0.161   0.149   0.170   0.230 -99.000    13.7    14.3    14.8    15.8    18.5
63829 20161221  2.422  -84.45   31.19    17.2     6.0    11.6     9.6     0.0    11.91 C    25.1     7.1    12.6    97.1    42.4    82.1   0.155   0.139   0.163   0.229 -99.000    14.0    14.4    14.7    15.4    18.1
63829 20161222  2.422  -84.45   31.19    22.3     7.0    14.6    14.5     0.0    10.98 C    27.9     7.1    15.3    96.7    42.6    74.1   0.148   0.132   0.158   0.227 -99.000    15.0    15.1    15.2    15.3    17.9
63829 20161223  2.422  -84.45   31.19    19.8     7.5    13.6    13.1     0.0     6.50 C    29.1     7.2    13.6    95.5    45.2    73.6   0.143   0.127   0.153   0.226 -99.000    14.7    15.0    15.3    15.6    17.9
63829 20161224  2.422  -84.45   31.19    25.8     7.8    16.8    15.4     0.0    11.72 C    31.2     7.7    16.0    98.1    54.1    85.3   0.139   0.123   0.149   0.226 -99.000    15.6    15.7    15.7    15.7    17.8
63829 20161225  2.422  -84.45   31.19    26.8    10.5    18.6    18.4     0.0    11.09 C    33.0     9.8    18.1    98.0    50.5    75.7   0.136   0.119   0.146   0.225 -99.000    16.8    16.8    16.7    16.2    17.9
63829 20161226  2.422  -84.45   31.19    26.3    17.3    21.8    20.8     0.0     9.15 C    34.0    14.4    20.0    95.7    60.9    79.8   0.133   0.117   0.142   0.225 -99.000    18.3    18.2    18.0    17.1    18.0
63829 20161227  2.422  -84.45   31.19    22.4    13.8    18.1    18.0     0.0     3.73 C    24.6    13.0    17.9   100.0    74.3    94.5   0.132   0.115   0.138   0.225 -99.000    18.1    18.3    18.2    17.7    18.4
63829 20161228  2.422  -84.45   31.19    23.1    13.5    18.3    18.6     7.0     4.30 C    30.0    12.7    18.8   100.0    75.7    94.3   0.139   0.119   0.140   0.224 -99.000    18.2    18.3    18.2    17.7    18.6
63829 20161229  2.422  -84.45   31.19    25.0     8.9    16.9    17.8     3.3     6.24 C    29.7     6.4    16.8    96.2    28.7    65.6   0.161   0.141   0.160   0.229 -99.000    18.2    18.6    18.7    18.2    18.8
63829 20161230  2.422  -84.45   31.19    13.0     0.5     6.8     6.5     0.0    13.72 C    21.1     0.9     7.5    91.3    19.2    49.2   0.150   0.134   0.156   0.230 -99.000    12.9    14.0    15.0    16.8    18.9
63829 20161231  2.422  -84.45   31.19    12.2     0.2     6.2     7.1     2.1     3.24 C    15.7     0.9     8.5    95.2    34.6    74.6   0.145   0.130   0.152   0.227 -99.000    11.8    12.5    13.2    15.0    18.4
