63855 20160101  2.422  -85.13   36.01     2.3    -4.8    -1.3    -1.1     0.0     6.23 C     6.5    -7.0    -0.4    97.1    57.3    83.5   0.395   0.300   0.358   0.419   0.395     8.6     9.3    10.9    12.4    13.3
63855 20160102  2.422  -85.13   36.01     5.5    -6.9    -0.7    -1.0     0.0    12.27 C    11.5    -8.2    -1.8    97.8    38.3    72.5   0.390   0.295   0.341   0.419   0.395     5.9     6.9     9.0    11.5    12.9
63855 20160103  2.422  -85.13   36.01     7.3    -4.8     1.3     1.5     0.0    10.97 C    11.3    -7.5    -0.2    86.9    39.6    63.2   0.386   0.292   0.335   0.419   0.394     5.3     6.2     7.9    10.5    12.5
63855 20160104  2.422  -85.13   36.01     0.2    -5.2    -2.5    -2.3     0.0     4.97 C     6.2    -7.8    -2.3    86.6    47.4    65.9   0.383   0.288   0.330   0.417   0.394     5.0     5.7     7.5     9.9    12.0
63855 20160105  2.422  -85.13   36.01     4.7    -7.8    -1.5    -2.2     0.0    12.25 C    11.6   -10.0    -3.0    81.8    32.0    57.6   0.380   0.286   0.327   0.415   0.394     3.7     4.5     6.5     9.2    11.6
63855 20160106  2.422  -85.13   36.01     5.8    -7.7    -0.9    -0.5     0.0    10.89 C    12.3   -10.3    -2.3    85.6    25.3    53.6   0.377   0.284   0.325   0.386 -99.000     3.3     4.1     6.0     8.6    11.2
63855 20160107  2.422  -85.13   36.01    11.6    -4.3     3.6     4.9     0.0     6.97 C    17.3    -6.6     3.8    91.8    54.6    66.7 -99.000   0.281   0.324   0.377   0.392     4.3     4.9     6.0     8.3 -9999.0
63855 20160108  2.422  -85.13   36.01    10.0     6.1     8.1     8.2     4.7     2.78 C    11.3     2.0     7.3   100.0    76.6    94.6   0.393   0.301   0.324   0.379   0.390     6.8     7.0     7.3     8.3    10.5
63855 20160109  2.422  -85.13   36.01    10.1     5.6     7.9     8.0    18.1     2.85 C    10.9     1.5     7.1   100.0    85.1    96.4   0.408   0.331   0.337   0.384   0.390     7.4     7.7     8.0     8.7    10.4
63855 20160110  2.422  -85.13   36.01     7.4   -11.0    -1.8    -3.8     2.7     1.58 C     7.0   -12.5    -2.9   100.0    78.8    92.7   0.447   0.391   0.395   0.400   0.393     6.0     6.8     8.0     8.9    10.4
63855 20160111  2.422  -85.13   36.01     1.0   -13.6    -6.3    -5.8     0.0    12.49 C     7.4   -14.9    -5.6    93.7    30.1    65.9   0.401   0.307   0.366   0.406   0.393     2.9     3.9     6.1     8.5    10.4
63855 20160112  2.422  -85.13   36.01     4.1    -7.7    -1.8    -0.3     0.0     9.12 C    10.1   -10.3    -1.2    67.4    36.6    51.8   0.391   0.299   0.352   0.407   0.394     3.2     3.9     5.4     7.7    10.2
63855 20160113  2.422  -85.13   36.01     2.6   -10.6    -4.0    -3.5     0.0    12.36 C    10.0   -11.7    -3.6    90.6    24.2    55.4 -99.000 -99.000 -99.000   0.406 -99.000     2.1     3.0 -9999.0 -9999.0 -9999.0
63855 20160114  2.422  -85.13   36.01    12.8    -5.1     3.8     5.0     0.0    12.20 C    16.4    -7.5     2.4    92.5    35.1    56.4   0.380   0.283   0.331   0.406   0.394     3.0     3.6     4.7     7.0     9.5
63855 20160115  2.422  -85.13   36.01     8.2     4.8     6.5     6.5     3.9     2.57 C    10.6    -0.8     5.3   100.0    34.3    74.4   0.381   0.281   0.328   0.407   0.393     4.7     5.0     5.6     7.0     9.3
63855 20160116  2.422  -85.13   36.01     7.7    -1.4     3.1     0.6     0.2     1.37 C     6.9    -1.2     1.4   100.0    77.7    92.5   0.387   0.303   0.330   0.409   0.393     5.3     5.7     6.3     7.3     9.2
63855 20160117  2.422  -85.13   36.01    -1.4    -8.2    -4.8    -2.7     0.0     2.74 C     0.7    -7.7    -1.7    93.3    67.5    82.7   0.381   0.293   0.329   0.389   0.393     4.1     4.8     6.0     7.4     9.2
63855 20160118  2.422  -85.13   36.01    -7.6   -13.8   -10.7   -10.8     0.0    13.41 C     1.2   -13.6    -8.5    81.8    46.3    64.3   0.382   0.295   0.326   0.368   0.393     2.2     3.2     5.1     7.1     9.2
63855 20160119  2.422  -85.13   36.01    -4.0   -14.9    -9.5    -9.2     0.0    12.53 C     5.5   -14.4    -6.8    87.7    43.2    65.9   0.376   0.297   0.323   0.362   0.393     1.0     2.0     4.0     6.5     9.0
63855 20160120  2.422  -85.13   36.01    -0.1    -5.4    -2.7    -2.3     9.8     1.98 C    -0.1    -4.5    -1.6   100.0    51.4    86.9   0.373   0.298   0.321   0.359   0.392     1.0     1.8     3.6     6.0     8.7
63855 20160121  2.422  -85.13   36.01     1.5    -2.4    -0.4    -0.4     8.3     6.77 C     0.6    -2.3    -0.6   100.0    63.8    88.9   0.393   0.320   0.325   0.357   0.386     1.6     2.2     3.5     5.7     8.4
63855 20160122  2.422  -85.13   36.01     1.8    -6.3    -2.2    -1.6    36.9     1.24 C     0.6    -6.4    -1.9   100.0    87.3    96.3   0.489   0.437   0.390   0.384   0.392     1.6     2.1     2.3     5.4     8.1
63855 20160123  2.422  -85.13   36.01    -5.9   -14.2   -10.1    -7.4     1.1     5.63 C    -4.6   -21.1    -8.6    97.8    81.8    87.9   0.464 -99.000   0.393 -99.000   0.392     2.4     2.7     3.0     5.5 -9999.0
63855 20160124  2.422  -85.13   36.01     3.5   -15.2    -5.8    -5.6     0.0    14.24 C     0.7   -21.0    -8.6    98.4    50.3    79.1   0.443   0.372   0.396   0.397   0.393     2.8     3.2     3.6     5.6     7.9
63855 20160125  2.422  -85.13   36.01     8.4    -1.5     3.5     4.5     0.0    12.18 C     5.1    -6.9    -0.8    70.6    40.8    54.8   0.448   0.376   0.396   0.399   0.392     3.0     3.3     3.9     5.7     7.9
63855 20160126  2.422  -85.13   36.01     8.4    -1.0     3.7     4.3    13.0     0.95 C     8.5     0.0     4.2   100.0    69.8    93.9   0.486   0.426   0.399   0.401   0.392     4.0     4.2     4.4     5.8     7.8
63855 20160127  2.422  -85.13   36.01     2.8    -5.0    -1.1    -1.6     0.0    10.94 C    10.7    -7.6    -0.4   100.0    60.6    87.0 -99.000 -99.000 -99.000 -99.000 -99.000     3.6     3.9 -9999.0 -9999.0 -9999.0
63855 20160128  2.422  -85.13   36.01     8.4    -8.4     0.0     1.0     0.0    12.06 C    12.9   -10.3    -1.0    98.5    30.7    67.4   0.439 -99.000   0.401   0.402 -99.000     2.5     3.1     4.0     6.0     7.8
63855 20160129  2.422  -85.13   36.01     6.7    -3.7     1.5     1.5     0.0    14.48 C    12.8    -6.2     0.7    92.1    43.1    69.6 -99.000   0.348   0.390   0.403 -99.000     3.2     3.6     4.1 -9999.0 -9999.0
63855 20160130  2.422  -85.13   36.01    16.5    -3.8     6.3     8.0     0.0    14.26 C    18.8    -6.2     5.1    91.6    30.1    54.1   0.404   0.331   0.367   0.404   0.393     3.7     4.1     4.3     5.8     7.7
63855 20160131  2.422  -85.13   36.01    17.0     9.0    13.0    12.8     0.0     8.92 C    20.8     2.5    10.9    85.5    53.2    71.7   0.396   0.323   0.350   0.405   0.393     6.6     6.5     5.8     6.2     7.7
63855 20160201  2.422  -85.13   36.01    14.0     7.8    10.9    12.0    31.5     1.99 C    15.9     8.0    11.7   100.0    85.6    97.6   0.455   0.389   0.382   0.407   0.393     9.0     8.9     8.3     7.1     7.9
63855 20160202  2.422  -85.13   36.01    19.2     7.7    13.4    13.6    12.5     4.98 C    18.2     7.6    12.7   100.0    60.1    90.4   0.467   0.426   0.406   0.408   0.394     9.8     9.6     8.8     7.9     8.3
63855 20160203  2.422  -85.13   36.01    16.1     0.8     8.4    10.2    29.6    10.71 C    17.1    -2.1     9.3   100.0    41.3    72.2   0.482   0.439   0.414   0.410   0.394    10.7    10.8    10.6     8.9     8.6
63855 20160204  2.422  -85.13   36.01     3.6    -3.9    -0.1     0.1     0.0    13.46 C    12.5    -5.9     1.1    87.0    51.7    68.9   0.435   0.370   0.414   0.410   0.394     7.0     7.8     8.9     9.0     9.1
63855 20160205  2.422  -85.13   36.01     5.1    -7.7    -1.3    -1.5     0.0    15.35 C    14.3    -9.1    -1.0    93.4    25.7    60.9   0.408   0.334   0.377   0.411   0.395     4.6     5.5     7.0     8.3     9.2
63855 20160206  2.422  -85.13   36.01     6.4    -5.1     0.6     0.6     0.0    10.28 C    15.0    -7.8     0.3    93.9    34.3    64.7   0.399   0.326   0.356   0.411   0.394     4.0     4.7     5.8     7.6     9.0
63855 20160207  2.422  -85.13   36.01     9.3    -5.2     2.0     3.0     0.0    15.06 C    18.2    -7.5     1.6    94.3    32.1    56.8   0.393   0.322   0.344   0.411   0.394     4.1     4.7     5.5     7.2     8.9
63855 20160208  2.422  -85.13   36.01     5.2    -5.1     0.0     1.1     3.1     5.80 C    11.9    -6.4     0.4    97.3    44.8    68.3   0.391   0.318   0.338   0.411   0.394     4.3     4.9     5.7     7.1     8.6
63855 20160209  2.422  -85.13   36.01    -5.1    -9.6    -7.4    -7.0     1.9     7.45 C    -3.3   -12.1    -7.2    89.8    71.0    79.4   0.393   0.317   0.334   0.410   0.394     4.2     4.7     5.5     6.9     8.5
63855 20160210  2.422  -85.13   36.01    -5.4   -10.7    -8.1    -8.0     0.9    15.30 C    -5.2   -15.9    -8.9    91.3    47.4    69.8   0.406   0.331   0.335   0.411   0.394     4.1     4.6     5.3     6.7     8.4
63855 20160211  2.422  -85.13   36.01     2.5    -6.7    -2.1    -2.7     0.0    14.55 C     9.6    -7.2    -2.0    92.4    53.2    73.2   0.410   0.338   0.349   0.412   0.394     4.0     4.4     4.9     6.6     8.3
63855 20160212  2.422  -85.13   36.01     0.9    -4.1    -1.6    -1.4     2.0     3.00 C     3.6    -4.8    -1.1    98.9    61.8    81.6   0.408   0.338   0.339   0.411   0.394     3.3     3.9     4.7     6.4     8.1
63855 20160213  2.422  -85.13   36.01    -3.5    -8.9    -6.2    -6.5     0.0    16.68 C     6.8    -9.4    -4.4    77.1    40.2    56.7   0.409   0.334   0.334   0.387   0.394     2.0     2.8     4.2     6.1     8.0
63855 20160214  2.422  -85.13   36.01     2.6    -7.9    -2.7    -3.6     1.2     1.04 C     0.4    -8.5    -3.1    73.4    46.9    54.0   0.400   0.325   0.330   0.369   0.393     1.1     2.0     3.5     5.7     7.8
63855 20160215  2.422  -85.13   36.01     4.4     0.5     2.5     2.3    73.4     0.86 C     3.8    -0.3     1.6   100.0    50.4    92.6   0.463   0.412   0.381   0.378   0.393     1.4     2.0     2.3     5.2     7.6
63855 20160216  2.422  -85.13   36.01     4.9     0.3     2.6     2.1    11.8     3.57 C     9.3    -0.2     2.6   100.0    87.2    98.0   0.497   0.469   0.407   0.392   0.393     2.9     3.1     2.9     5.1     7.4
63855 20160217  2.422  -85.13   36.01     2.1    -0.1     1.0     1.1     0.0     3.38 C     5.4    -0.8     1.8   100.0    74.9    89.5   0.478   0.461   0.411   0.396   0.393     3.4     3.8     3.8     5.4     7.3
63855 20160218  2.422  -85.13   36.01    11.8    -2.9     4.5     4.5     0.0    16.84 C    19.5    -5.5     4.0   100.0    41.3    68.9   0.441   0.369   0.412   0.399   0.393     4.2     4.5     4.3     5.6     7.3
63855 20160219  2.422  -85.13   36.01    16.4     6.6    11.5    11.2     0.0    17.01 C    19.6     2.4     9.3    58.2    35.5    48.6   0.416   0.342   0.379   0.401   0.394     5.8     5.8     5.3     5.9     7.3
63855 20160220  2.422  -85.13   36.01    13.5    10.5    12.0    12.6     0.0     0.82 C    13.7     8.7    11.1    99.3    46.1    85.2   0.404   0.326   0.356   0.402   0.394     7.4     7.4     6.6     6.5     7.5
63855 20160221  2.422  -85.13   36.01    14.3    11.5    12.9    13.4    11.7     0.56 C    13.8     9.8    12.4   100.0    95.3    99.1   0.427   0.362   0.381   0.403   0.394     9.0     8.9     7.7     7.2     7.7
63855 20160222  2.422  -85.13   36.01    12.0     6.8     9.4     9.3     6.0     6.88 C    14.6     4.6     9.6   100.0    74.9    90.5   0.447   0.390   0.416   0.404   0.394     9.3     9.3     8.5     7.9     8.0
63855 20160223  2.422  -85.13   36.01    12.5     6.7     9.6    10.2    16.1     3.57 C    15.6     7.1    10.5   100.0    93.4    99.4   0.486   0.477   0.422   0.406   0.394     9.3     9.3     8.7     8.3     8.4
63855 20160224  2.422  -85.13   36.01    13.3    -0.3     6.5     6.4    11.5     4.21 C    13.5    -0.2     6.2   100.0    74.0    91.2   0.501   0.491   0.426   0.408   0.395     9.1     9.4     9.5     8.7     8.6
63855 20160225  2.422  -85.13   36.01     1.9    -0.9     0.5     0.3     2.1     4.84 C     2.7    -0.6     0.1    97.5    75.4    87.5   0.500   0.500   0.431   0.409   0.395     5.6     6.3     7.6     8.5     8.9
63855 20160226  2.422  -85.13   36.01     4.9    -2.9     1.0     0.5     0.6    15.62 C    13.4    -5.0     1.2    97.0    51.2    75.0   0.483 -99.000   0.434 -99.000 -99.000     5.1     5.7     6.4 -9999.0     8.9
63855 20160227  2.422  -85.13   36.01    10.4    -4.8     2.8     3.4     0.0    18.82 C    18.6    -7.1     3.0    98.5    42.6    68.5   0.443   0.371   0.433   0.408   0.394     4.9     5.5     5.9     7.5     8.7
63855 20160228  2.422  -85.13   36.01    17.1     2.5     9.8    10.1     0.0    19.38 C    22.4    -3.1     8.2    67.8    25.7    46.0   0.417   0.340   0.389   0.409   0.394     6.3     6.5     6.3     7.4     8.5
63855 20160229  2.422  -85.13   36.01    15.7     3.3     9.5    10.6     0.0    19.23 C    24.5    -0.9    10.5    85.2    28.1    54.9   0.402   0.327   0.356   0.410   0.394     8.2     8.3     7.5     7.6     8.4
63855 20160301  2.422  -85.13   36.01    17.0    -0.8     8.1     7.7    14.2     5.69 C    18.4    -1.4     6.4    99.0    58.6    85.0   0.422   0.353   0.365   0.411   0.394     7.6     8.0     7.8     8.1     8.5
63855 20160302  2.422  -85.13   36.01     1.9    -3.4    -0.8    -1.6     0.0    10.23 C    12.6    -4.0     0.4    98.6    59.8    80.5   0.433   0.355   0.398   0.412   0.394     6.0     6.8     7.5     8.1     8.6
63855 20160303  2.422  -85.13   36.01     2.2    -1.2     0.5     0.7     3.1     1.97 C     5.3    -1.6     1.1   100.0    63.7    87.5   0.419   0.358   0.387   0.412   0.394     4.7     5.4     6.3     7.7     8.4
63855 20160304  2.422  -85.13   36.01     6.7    -2.3     2.2     2.6     0.0     8.68 C    15.7    -4.6     3.4   100.0    67.2    90.5   0.416   0.378   0.380   0.413   0.394     5.6     6.0     6.2     7.4     8.2
63855 20160305  2.422  -85.13   36.01    12.3    -3.7     4.3     4.5     0.0    13.59 C    19.0    -5.2     4.1   100.0    49.7    79.5   0.407   0.367   0.357   0.413   0.394     5.5     5.9     6.1     7.3     8.2
63855 20160306  2.422  -85.13   36.01    15.8    -2.0     6.9     6.5     0.0    20.23 C    23.9    -5.2     5.9   100.0    29.9    64.3   0.399   0.360   0.343   0.413   0.394     6.3     6.6     6.5     7.3     8.2
63855 20160307  2.422  -85.13   36.01    16.7     6.6    11.7    12.2     0.0    13.22 C    22.3    -0.9     9.9    54.5    33.7    47.4   0.391   0.350   0.336   0.412   0.394     7.5     7.7     7.3     7.5     8.2
63855 20160308  2.422  -85.13   36.01    19.7     8.2    13.9    14.9     0.0    16.79 C    23.9     2.4    12.7    71.8    43.0    56.7   0.380   0.346   0.332   0.392   0.394     9.2     9.1     8.2     7.9     8.3
63855 20160309  2.422  -85.13   36.01    20.8    12.8    16.8    17.0     0.0    15.59 C    24.9     9.0    15.3    77.2    50.3    61.3   0.362   0.342   0.330   0.375   0.394    11.0    10.7     9.5     8.6     8.6
63855 20160310  2.422  -85.13   36.01    21.4    14.9    18.2    17.7     1.6    11.19 C    24.8    12.1    16.4   100.0    56.4    74.1   0.356   0.343   0.328   0.367   0.395    12.4    12.0    10.6     9.3     9.0
63855 20160311  2.422  -85.13   36.01    17.4    13.2    15.3    15.7     1.5     3.84 C    20.4    11.1    15.5   100.0    91.5    99.4   0.352   0.340   0.326   0.365   0.394    13.0    12.9    11.4    10.0     9.3
63855 20160312  2.422  -85.13   36.01    21.0    13.3    17.1    17.3     0.4     7.61 C    21.9    11.8    15.8   100.0    62.3    84.4   0.358   0.342   0.325   0.364   0.393    13.3    13.1    11.8    10.6     9.8
63855 20160313  2.422  -85.13   36.01    19.0    11.2    15.1    15.6     7.4     9.19 C    25.6     7.1    14.8   100.0    71.4    90.9   0.393   0.369   0.325   0.365   0.391    13.7    13.6    12.3    11.1    10.2
63855 20160314  2.422  -85.13   36.01    17.7     7.5    12.6    13.4    14.4     9.24 C    23.4     4.7    11.8   100.0    65.7    88.4   0.414   0.392   0.349   0.381   0.391    12.8    13.0    12.2    11.3    10.6
63855 20160315  2.422  -85.13   36.01    24.3     5.7    15.0    16.8     0.0    20.97 C    28.4     3.1    14.9   100.0    38.4    65.2   0.400   0.383   0.348   0.400   0.392    12.8    12.8    12.0    11.4    10.8
63855 20160316  2.422  -85.13   36.01    20.3     7.2    13.7    15.9     0.0    22.32 C    24.9     2.3    14.4    80.2    19.3    46.5   0.381   0.366   0.334   0.392   0.392    13.7    13.8    12.7    11.7    11.0
63855 20160317  2.422  -85.13   36.01    16.6     3.4    10.0    10.4     0.0    19.18 C    27.8     0.5     9.5    90.8    23.4    53.0   0.357   0.356   0.328   0.370   0.393    11.7    12.1    11.9    11.7    11.1
63855 20160318  2.422  -85.13   36.01    18.1     2.9    10.5    11.9     0.0    22.10 C    29.7    -1.1    11.8    80.3    22.5    41.0   0.334   0.348   0.326   0.364   0.391    11.5    11.8    11.5    11.5    11.2
63855 20160319  2.422  -85.13   36.01    12.4     3.7     8.0     8.7     0.0    15.51 C    25.2     2.3    10.1    80.9    37.6    59.2   0.308   0.340   0.323   0.362   0.386    11.4    11.8    11.6    11.5    11.2
63855 20160320  2.422  -85.13   36.01     5.0    -1.3     1.8     1.5     3.3     7.28 C    12.9    -3.3     2.3    99.2    64.7    89.4   0.299   0.332   0.321   0.360   0.367     8.8     9.7    10.6    11.2    11.2
63855 20160321  2.422  -85.13   36.01     8.3    -1.8     3.2     2.5     0.0    19.72 C    20.8    -4.1     3.7    98.0    42.5    73.7   0.318   0.333   0.319   0.358   0.355     8.0     8.6     9.4    10.5    11.1
63855 20160322  2.422  -85.13   36.01    17.7    -2.6     7.5     9.2     0.0    23.60 C    25.5    -5.5     8.3    93.2    20.5    47.4   0.302   0.331   0.317   0.357   0.352     8.4     8.8     9.1    10.0    10.8
63855 20160323  2.422  -85.13   36.01    18.3     7.6    12.9    13.2     0.0    22.00 C    25.5     3.7    12.9    72.2    41.0    56.3   0.277   0.323   0.316   0.356   0.348    10.5    10.5     9.9    10.1    10.6
63855 20160324  2.422  -85.13   36.01    17.5    11.2    14.3    14.2    15.4     5.18 C    21.3     9.3    13.1    99.9    63.9    83.3   0.320   0.343   0.324   0.355   0.342    11.6    11.6    10.9    10.5    10.6
63855 20160325  2.422  -85.13   36.01    11.2     1.7     6.5     6.0     0.0     9.74 C    17.5     0.0     7.3    97.6    68.6    83.2   0.371   0.371   0.323   0.355   0.342    10.8    11.1    11.1    10.8    10.7
63855 20160326  2.422  -85.13   36.01    20.5    -0.6     9.9    11.9     0.0    20.35 C    28.6    -1.8    12.0   100.0    37.5    76.1   0.356   0.358   0.320   0.356   0.341    11.1    11.0    10.6    10.7    10.9
63855 20160327  2.422  -85.13   36.01    16.5    13.7    15.1    15.1     1.3     2.72 C    16.7    10.8    14.2    99.2    87.8    94.3   0.346   0.351   0.320   0.356   0.339    12.5    12.4    11.6    11.1    10.9
63855 20160328  2.422  -85.13   36.01    15.5     2.4     9.0     7.6     0.8    18.99 C    23.5    -0.5     9.5    98.6    44.0    75.0   0.361   0.350   0.318   0.356   0.338    12.3    12.5    11.9    11.4    11.1
63855 20160329  2.422  -85.13   36.01    14.9     2.0     8.5     8.5     0.0    24.64 C    26.4    -0.6     9.0    93.0    28.3    57.0   0.340   0.340   0.316   0.355   0.335    11.1    11.5    11.4    11.4    11.2
63855 20160330  2.422  -85.13   36.01    20.0     4.4    12.2    14.5     0.0    20.21 C    27.7     0.0    12.8    75.2    33.5    46.2   0.311   0.332   0.315   0.354   0.335    11.3    11.5    11.2    11.4    11.2
63855 20160331  2.422  -85.13   36.01    19.1    14.3    16.7    16.0    35.3     8.01 C    23.5    13.1    15.4   100.0    55.9    84.7   0.367   0.368   0.333   0.361   0.342    13.0    12.9    12.0    11.6    11.3
63855 20160401  2.422  -85.13   36.01    16.2     9.6    12.9    14.1     0.0    13.85 C    25.1     6.9    14.3   100.0    46.6    71.3   0.387   0.385   0.358   0.395   0.382    14.3    14.1    13.1    12.1    11.5
63855 20160402  2.422  -85.13   36.01    12.6     4.7     8.7     9.0     0.0    22.87 C    21.0     2.5     9.9    81.8    35.2    52.4   0.365   0.366   0.332   0.382   0.385    12.3    12.8    12.7    12.4    11.7
63855 20160403  2.422  -85.13   36.01    15.9    -2.1     6.9     7.8     0.0    25.48 C    27.9    -3.8     9.5    74.4    30.3    44.2   0.338   0.353   0.325   0.365   0.377    11.7    12.0    11.9    12.1    11.8
63855 20160404  2.422  -85.13   36.01    21.5     5.0    13.3    13.6     0.0    24.10 C    28.0     0.3    12.5    74.6    33.3    47.7   0.300   0.340   0.321   0.362   0.362    12.3    12.4    11.9    12.0    11.7
63855 20160405  2.422  -85.13   36.01    12.8    -1.2     5.8     6.1     0.0    25.86 C    26.7    -2.3     8.2    90.8    28.4    54.8   0.271   0.324   0.318   0.360   0.349    11.6    12.0    11.8    12.1    11.7
63855 20160406  2.422  -85.13   36.01    14.0     2.0     8.0     9.5    17.1    11.25 C    18.5    -2.1     8.4   100.0    46.1    67.2   0.285   0.331   0.323   0.358   0.347    10.5    11.0    11.2    11.9    11.7
63855 20160407  2.422  -85.13   36.01    13.2     5.3     9.2     9.1     0.4    14.44 C    19.8     3.2     8.7    97.0    40.6    68.4   0.357   0.374   0.331   0.360   0.356    10.7    11.0    11.0    11.6    11.6
63855 20160408  2.422  -85.13   36.01    10.0     2.7     6.3     5.9     1.2    14.62 C    18.1    -1.2     6.4    99.1    46.7    71.6   0.351   0.361   0.324   0.359   0.349    10.2    10.5    10.7    11.4    11.6
63855 20160409  2.422  -85.13   36.01     7.3    -2.0     2.6     3.0     0.0    26.89 C    21.4    -3.9     5.3    88.7    30.9    51.0   0.340   0.353   0.320   0.357   0.344     9.5     9.9    10.3    11.2    11.5
63855 20160410  2.422  -85.13   36.01    11.9    -2.3     4.8     7.6     0.5    11.64 C    18.4    -3.5     6.6    87.1    32.2    49.3   0.317   0.345   0.318   0.357   0.340     8.8     9.3     9.8    10.9    11.3
63855 20160411  2.422  -85.13   36.01    17.3     9.2    13.2    12.4     1.0    11.82 C    25.0     5.8    11.4    89.3    46.2    67.5   0.299   0.335   0.316   0.355   0.339    10.3    10.2    10.0    10.7    11.2
63855 20160412  2.422  -85.13   36.01    15.8     3.7     9.7     9.9     0.0    22.42 C    27.6     0.4    11.7   100.0    32.3    69.1   0.287   0.327   0.316   0.355   0.337    12.1    11.9    11.1    11.0    11.1
63855 20160413  2.422  -85.13   36.01    19.1     1.3    10.2    11.7     0.0    18.84 C    26.7    -1.7    11.5    95.4    44.8    63.4   0.268   0.314   0.314   0.355   0.335    12.0    11.9    11.4    11.3    11.2
63855 20160414  2.422  -85.13   36.01    20.2    10.7    15.4    15.0     0.0    19.07 C    31.9     8.4    16.0    94.6    49.8    73.2   0.254   0.303   0.312   0.354   0.334    14.1    13.7    12.3    11.8    11.3
63855 20160415  2.422  -85.13   36.01    21.3    11.6    16.5    16.1     0.0    26.20 C    31.0     5.7    15.8    90.3    30.9    49.4   0.237   0.287   0.309   0.353   0.333    15.0    14.6    13.2    12.5    11.5
63855 20160416  2.422  -85.13   36.01    22.0     7.2    14.6    15.2     0.0    26.79 C    32.1     2.9    14.6    82.2    25.1    46.5   0.220   0.270   0.304   0.353   0.332    15.0    14.7    13.6    13.0    11.9
63855 20160417  2.422  -85.13   36.01    24.3     5.3    14.8    15.5     0.0    27.09 C    32.8     2.0    14.6    92.9    21.4    49.2   0.202   0.255   0.297   0.352   0.330    15.1    14.9    13.8    13.3    12.1
63855 20160418  2.422  -85.13   36.01    25.8     5.8    15.8    16.7     0.0    26.34 C    33.5     2.6    15.9    90.5    21.4    54.2   0.185   0.240   0.294   0.352   0.329    15.7    15.5    14.1    13.5    12.3
63855 20160419  2.422  -85.13   36.01    24.9     8.2    16.5    17.6     0.0    19.85 C    34.5     5.3    16.7    91.1    27.7    55.9   0.173   0.228   0.293   0.350   0.327    16.1    15.8    14.6    13.9    12.6
63855 20160420  2.422  -85.13   36.01    26.3    11.3    18.8    20.3     0.0    26.34 C    34.1     8.7    19.7    90.4    22.8    46.7   0.160   0.219   0.294   0.350   0.324    17.3    16.8    15.2    14.2    12.8
63855 20160421  2.422  -85.13   36.01    21.0    13.5    17.3    17.4     3.0    12.19 C    26.4    11.7    16.4    96.5    45.5    65.1 -99.000   0.211 -99.000 -99.000   0.321    16.4    16.3 -9999.0 -9999.0    13.1
63855 20160422  2.422  -85.13   36.01    20.8     9.3    15.0    15.4    25.8    17.99 C    28.9     6.6    15.7   100.0    50.0    81.8   0.308   0.326   0.319   0.348   0.318    16.4    16.2    15.2    14.7    13.3
63855 20160423  2.422  -85.13   36.01    19.6     8.7    14.1    13.9     0.0    24.60 C    30.5     5.3    14.9    99.5    48.2    76.1   0.280   0.312   0.305   0.348   0.316    16.4    16.2    15.3    14.7    13.4
63855 20160424  2.422  -85.13   36.01    24.3     5.4    14.8    16.2     0.0    27.76 C    32.5     3.3    16.3   100.0    38.6    65.7   0.250   0.289   0.301   0.348   0.315    16.7    16.4    15.3    14.8    13.6
63855 20160425  2.422  -85.13   36.01    24.6    11.7    18.1    18.7     0.0    19.53 C    33.2     8.1    17.0    96.4    38.1    61.4   0.227   0.269   0.297   0.348   0.314    17.2    17.0    15.8    15.1    13.7
63855 20160426  2.422  -85.13   36.01    25.9    10.3    18.1    19.0     0.0    22.53 C    32.9     8.0    18.5    98.0    49.3    70.2   0.212   0.254   0.293   0.348   0.312    17.7    17.3    16.1    15.3    13.9
63855 20160427  2.422  -85.13   36.01    25.3    14.8    20.1    19.1    10.8    15.20 C    31.1    13.1    19.0   100.0    50.3    81.3   0.223   0.257 -99.000 -99.000   0.310    18.3    18.0 -9999.0 -9999.0    14.0
63855 20160428  2.422  -85.13   36.01    24.4    14.1    19.2    19.5     0.0    22.60 C    30.3    11.9    19.2   100.0    49.9    74.0   0.273   0.289   0.293   0.347   0.308    18.9    18.5    17.0    15.9    14.3
63855 20160429  2.422  -85.13   36.01    24.9     9.9    17.4    18.6     0.0    21.62 C    33.8     7.9    18.9    97.9    28.5    59.5   0.242   0.269   0.292   0.346   0.306    18.7    18.4    17.2    16.3    14.5
63855 20160430  2.422  -85.13   36.01    21.6    13.7    17.7    17.5     6.2     7.93 C    24.6    11.2    17.3   100.0    62.3    82.6   0.257   0.282   0.291   0.346   0.304    18.0    18.0    17.0    16.4    14.7
63855 20160501  2.422  -85.13   36.01    24.5    16.2    20.4    19.9     0.0    19.62 C    35.0    14.0    20.6   100.0    59.1    83.5   0.259   0.282   0.292   0.346   0.303    19.1    18.7    17.2    16.4    14.8
63855 20160502  2.422  -85.13   36.01    20.6    13.8    17.2    16.5    15.9     8.74 C    25.1    12.7    17.5   100.0    81.6    94.2   0.292   0.314   0.306   0.346   0.301    18.5    18.4    17.4    16.7    14.9
63855 20160503  2.422  -85.13   36.01    15.7     9.4    12.5    13.0     0.3    16.68 C    28.3     7.4    15.5   100.0    61.6    83.7   0.318   0.343   0.306   0.346   0.300    18.0    17.9    17.2    16.6    15.1
63855 20160504  2.422  -85.13   36.01    16.6     4.5    10.5    10.0     6.4    20.16 C    29.0     2.7    11.8   100.0    46.4    84.3   0.318   0.339   0.305   0.346   0.301    16.4    16.6    16.4    16.4    15.2
63855 20160505  2.422  -85.13   36.01     9.2     4.5     6.8     6.9     2.7    12.96 C    20.0     3.4     8.7   100.0    72.1    87.9   0.338   0.357   0.306   0.346   0.300    14.6    15.0    15.4    15.9    15.1
63855 20160506  2.422  -85.13   36.01    17.6     5.0    11.3    11.3     0.0    23.15 C    26.7     3.0    12.1    98.9    43.5    73.1   0.315   0.341   0.307   0.346   0.300    14.8    14.9    14.8    15.2    14.9
63855 20160507  2.422  -85.13   36.01    24.6     4.0    14.3    16.5     0.0    28.07 C    30.8     2.6    16.4   100.0    33.6    62.1   0.290   0.322   0.305   0.346   0.301    15.9    15.8    15.0    15.0    14.7
63855 20160508  2.422  -85.13   36.01    24.9    13.5    19.2    18.8     0.0    27.37 C    32.2    10.5    18.9    93.6    36.5    63.9   0.261   0.303   0.301   0.346   0.301    18.0    17.6    16.2    15.4    14.6
63855 20160509  2.422  -85.13   36.01    22.6    13.6    18.1    18.1     0.0    15.24 C    29.3    12.8    18.0    93.8    45.7    67.5   0.241   0.284   0.299   0.347   0.302    18.0    17.9    16.8    15.9    14.8
63855 20160510  2.422  -85.13   36.01    23.4    15.9    19.6    19.0     4.8    16.73 C    29.9    13.8    18.9    99.4    66.3    81.0   0.233   0.275   0.297   0.347   0.301    18.1    17.9    16.8    16.1    14.9
63855 20160511  2.422  -85.13   36.01    26.2    15.0    20.6    20.1    11.6    15.40 C    32.8    14.6    20.3   100.0    58.2    87.2   0.298   0.330   0.299   0.347   0.301    19.1    18.8    17.3 -9999.0    15.1
63855 20160512  2.422  -85.13   36.01    25.3    14.1    19.7    19.4     1.4    17.99 C    34.1    12.1    20.5   100.0    59.7    88.1   0.302   0.331   0.300   0.348   0.301    19.8    19.5    18.0    16.8    15.3
63855 20160513  2.422  -85.13   36.01    19.6     7.8    13.7    15.1     0.3    28.77 C    31.7     6.5    18.0   100.0    47.8    75.5   0.289   0.323   0.299   0.348   0.301    19.9    19.7    18.4    17.2    15.5
63855 20160514  2.422  -85.13   36.01    15.7     2.9     9.3     9.6     0.0    13.79 C    24.0     1.2    10.6   100.0    53.5    79.5   0.270   0.311   0.298   0.348   0.301    16.8    17.3    17.5    17.2    15.7
63855 20160515  2.422  -85.13   36.01    14.9    -0.6     7.2     8.0     0.0    30.12 C    28.8    -0.7    11.6   100.0    39.6    69.9   0.253   0.297   0.296   0.348   0.301    16.0    16.2    16.1    16.4    15.7
63855 20160516  2.422  -85.13   36.01    18.0     3.5    10.8    12.2     0.0    19.01 C    28.1     2.1    14.2    99.2    39.3    61.4   0.239   0.282   0.294   0.347   0.300    16.0    16.2    15.9    16.1    15.6
63855 20160517  2.422  -85.13   36.01    22.7    12.5    17.6    17.0     3.7    19.95 C    34.1    12.0    19.2    99.1    50.1    78.8   0.234   0.273   0.293   0.346   0.299    18.3    17.9    16.6    16.1    15.5
63855 20160518  2.422  -85.13   36.01    17.3    10.0    13.7    14.0     0.9     8.21 C    25.3     9.8    16.0   100.0    89.8    97.1   0.233   0.271   0.293   0.347   0.300    18.2    18.2    17.4    16.6    15.5
63855 20160519  2.422  -85.13   36.01    20.8     9.6    15.2    14.9     0.0    27.46 C    33.9     9.8    17.8    99.6    53.8    75.6   0.230   0.267   0.292   0.347   0.298    18.5    18.3    17.3    16.6    15.6
63855 20160520  2.422  -85.13   36.01    17.1    10.9    14.0    15.3    14.8     4.61 C    20.5     9.6    15.9   100.0    87.7    97.2   0.274   0.303   0.293   0.347   0.298    17.6    17.7    17.3    16.8    15.7
63855 20160521  2.422  -85.13   36.01    18.6    10.8    14.7    15.3     0.0    16.43 C    28.8     8.5    17.1   100.0    66.6    88.3   0.309   0.338   0.294   0.347   0.297    18.3    18.1    17.3    16.7    15.8
63855 20160522  2.422  -85.13   36.01    20.8    10.5    15.6    15.2     0.0    27.41 C    30.6     8.5    17.0   100.0    43.9    74.1   0.288   0.319   0.293   0.347   0.296    18.6    18.5    17.6    16.8    15.8
63855 20160523  2.422  -85.13   36.01    23.0     8.9    16.0    16.3     0.0    29.52 C    35.2     6.9    18.4    98.6    34.6    65.0   0.265   0.300   0.292   0.347   0.295    19.1    19.0    17.9    17.0    15.8
63855 20160524  2.422  -85.13   36.01    25.1     6.9    16.0    17.3     0.0    28.82 C    37.3     5.3    19.3    99.1    39.4    69.7   0.245   0.283   0.291   0.346   0.295    19.6    19.3    18.2    17.3    16.0
63855 20160525  2.422  -85.13   36.01    25.1    11.9    18.5    19.2     0.0    16.16 C    35.3    10.6    19.5   100.0    55.8    78.0   0.230   0.272   0.289   0.347   0.294    19.7    19.5    18.5    17.5    16.2
63855 20160526  2.422  -85.13   36.01    26.7    15.3    21.0    20.5     0.7    22.91 C    37.2    13.6    22.0   100.0    56.7    81.7 -99.000   0.259 -99.000 -99.000 -99.000    21.1    20.7 -9999.0 -9999.0    16.3
63855 20160527  2.422  -85.13   36.01    27.0    13.9    20.4    21.1     0.0    23.88 C    35.8    11.9    21.9   100.0    57.2    81.4   0.207   0.251 -99.000   0.344   0.292    21.3    20.9 -9999.0    18.1    16.5
63855 20160528  2.422  -85.13   36.01    26.2    15.6    20.9    21.0     0.0    25.30 C    38.7    13.2    22.2   100.0    53.1    75.6   0.194   0.240   0.283   0.342   0.291    21.9    21.5    20.0    18.5    16.7
63855 20160529  2.422  -85.13   36.01    26.8    15.1    20.9    20.8     0.0    22.37 C    38.6    13.9    22.5   100.0    52.9    80.6 -99.000   0.228   0.279   0.341   0.289    22.1    21.7    20.3 -9999.0    17.0
63855 20160530  2.422  -85.13   36.01    26.9    14.5    20.7    21.1     0.0    29.04 C    38.0    13.1    22.9   100.0    46.9    74.7   0.166   0.220   0.273   0.339   0.286    22.5    22.2    20.7    19.1    17.2
63855 20160531  2.422  -85.13   36.01    26.9    14.0    20.4    21.1     0.0    23.72 C    38.2    11.9    22.3   100.0    49.2    79.6   0.153   0.211 -99.000   0.335   0.284    22.4    22.1 -9999.0    19.3    17.4
63855 20160601  2.422  -85.13   36.01    28.7    15.7    22.2    21.6    10.9    23.13 C    39.9    13.8    23.5   100.0    46.4    83.3   0.178   0.215 -99.000   0.335   0.281    22.8    22.3 -9999.0    19.5    17.6
63855 20160602  2.422  -85.13   36.01    25.6    17.1    21.3    20.4    10.6    16.41 C    36.8    16.1    22.5   100.0    70.0    92.3   0.223   0.246   0.276   0.335   0.280    23.0    22.7    21.2    19.8    17.8
63855 20160603  2.422  -85.13   36.01    26.6    15.0    20.8    20.7     0.2    19.66 C    36.9    14.2    22.8   100.0    58.3    89.8 -99.000   0.264 -99.000   0.333 -99.000    23.1    22.8 -9999.0 -9999.0    17.9
63855 20160604  2.422  -85.13   36.01    25.4    17.3    21.4    21.4    13.4    16.22 C    33.2    16.2    22.6   100.0    74.9    92.5 -99.000   0.262 -99.000 -99.000 -99.000    23.1    22.8 -9999.0 -9999.0    18.1
63855 20160605  2.422  -85.13   36.01    23.7    17.6    20.6    19.9    16.8    13.00 C    31.7    15.5    21.2   100.0    76.4    96.5 -99.000   0.347 -99.000 -99.000 -99.000    22.4    22.3 -9999.0 -9999.0    18.2
63855 20160606  2.422  -85.13   36.01    25.0    13.8    19.4    19.8     0.0    27.33 C    35.2    12.6    22.3   100.0    51.0    83.0 -99.000   0.323 -99.000 -99.000 -99.000    23.5    23.1 -9999.0 -9999.0 -9999.0
63855 20160607  2.422  -85.13   36.01    24.8    11.7    18.2    19.1     0.0    28.68 C    32.5     9.9    19.8   100.0    39.8    69.8 -99.000   0.302   0.290 -99.000 -99.000    22.5    22.4    21.6 -9999.0    18.5
63855 20160608  2.422  -85.13   36.01    22.8     8.5    15.6    16.7     0.0    31.07 C    33.1     7.2    18.5   100.0    42.3    69.1 -99.000   0.284 -99.000   0.337   0.277    21.8    21.8 -9999.0    20.2    18.6
63855 20160609  2.422  -85.13   36.01    25.5     8.9    17.2    17.9     0.0    30.82 C    34.0     7.4    19.9   100.0    36.0    70.8   0.230   0.266   0.280   0.336   0.277    21.9    21.8    20.9    20.1    18.6
63855 20160610  2.422  -85.13   36.01    28.8    11.5    20.2    21.0     0.0    30.05 C    35.9    10.6    22.2   100.0    36.7    70.7   0.213   0.252   0.276   0.335   0.277    22.8    22.5    21.2    20.2    18.6
63855 20160611  2.422  -85.13   36.01    29.7    14.2    21.9    23.0     0.0    29.71 C    35.9    12.7    23.4   100.0    41.4    72.3   0.189   0.236   0.272   0.336   0.277    23.6    23.1    21.7    20.4    18.6
63855 20160612  2.422  -85.13   36.01    29.0    16.5    22.8    23.4     0.0    26.73 C    36.8    15.5    24.2   100.0    52.7    78.9   0.170   0.224   0.268   0.335   0.276    24.1    23.7    22.3    20.8    18.8
63855 20160613  2.422  -85.13   36.01    30.3    18.2    24.2    23.9     3.3    25.50 C    40.9    16.8    25.8   100.0    58.4    83.3   0.161   0.214   0.265   0.334   0.275    24.6    24.2    22.6    21.0    18.9
63855 20160614  2.422  -85.13   36.01    29.9    18.0    23.9    22.9     8.4    22.07 C    41.1    17.4    24.9   100.0    57.8    87.9   0.174   0.223   0.264   0.334 -99.000    24.8    24.4    22.9    21.3    19.2
63855 20160615  2.422  -85.13   36.01    27.8    17.1    22.5    22.1     2.3    19.73 C    39.0    16.4    24.2   100.0    71.9    91.0 -99.000   0.231 -99.000   0.333 -99.000    24.6    24.3 -9999.0    21.5    19.3
63855 20160616  2.422  -85.13   36.01    29.8    16.2    23.0    23.4     0.5    29.16 C    38.0    15.5    25.5   100.0    54.3    81.0   0.179   0.225   0.264   0.333 -99.000    25.1    24.6    23.0    21.6    19.5
63855 20160617  2.422  -85.13   36.01    24.7    18.1    21.4    21.3     0.0    23.23 C    37.2    17.4    23.5   100.0    66.6    83.2   0.171   0.219   0.262   0.331   0.270    24.8    24.6    23.3    21.8    19.7
63855 20160618  2.422  -85.13   36.01    27.6    16.0    21.8    22.3     0.0    23.54 C    38.7    14.9    23.8   100.0    53.7    76.9   0.164   0.212 -99.000   0.331   0.268    24.3    24.1 -9999.0    21.7    19.8
63855 20160619  2.422  -85.13   36.01    26.5    14.3    20.4    21.1     0.0    27.83 C    39.0    12.8    22.8   100.0    47.6    72.7   0.154   0.204 -99.000   0.328   0.266    24.2    24.0 -9999.0    21.7    19.9
63855 20160620  2.422  -85.13   36.01    27.4    13.7    20.5    21.2     0.0    28.42 C    38.8    12.0    22.9   100.0    47.2    74.3   0.142   0.195   0.245   0.327   0.262    24.2    23.9    22.7    21.7    20.0
63855 20160621  2.422  -85.13   36.01    27.4    15.9    21.7    21.5     3.5    17.85 C    35.8    14.6    22.6   100.0    71.3    89.7   0.138   0.193   0.239   0.324 -99.000    23.7    23.6    22.6    21.7    20.0
63855 20160622  2.422  -85.13   36.01    29.9    18.8    24.3    24.6     0.0    25.01 C    39.8    17.7    25.6   100.0    61.6    84.0   0.141   0.192 -99.000   0.323 -99.000    24.8    24.4 -9999.0    21.7    20.0
63855 20160623  2.422  -85.13   36.01    30.2    18.0    24.1    25.6    10.0    26.27 C    39.4    18.4    26.4    98.0    61.2    75.7   0.133   0.188 -99.000   0.321   0.254    25.4    25.0 -9999.0    21.9    20.1
63855 20160624  2.422  -85.13   36.01    27.2    17.7    22.4    21.8    10.0    19.16 C    36.1    16.2    23.1   100.0    67.1    89.0   0.203   0.264   0.239   0.319 -99.000    24.3    24.3    23.3    22.1    20.2
63855 20160625  2.422  -85.13   36.01    29.9    16.2    23.1    23.6     0.0    28.86 C    38.3    14.6    25.6   100.0    39.4    77.5   0.199   0.238   0.235   0.319 -99.000    25.3    24.9    23.3    22.0    20.2
63855 20160626  2.422  -85.13   36.01    30.1    17.9    24.0    23.4     0.0    19.17 C    39.4    17.0    24.7   100.0    56.3    84.4   0.188   0.223   0.233 -99.000   0.247    25.4    25.1    23.8    22.4    20.4
63855 20160627  2.422  -85.13   36.01    29.1    18.7    23.9    23.0     0.0    21.07 C    38.5    19.0    25.3   100.0    63.0    88.3   0.181   0.213   0.230   0.317   0.245    25.7    25.2    23.8    22.5    20.5
63855 20160628  2.422  -85.13   36.01    28.5    17.4    22.9    23.0     0.0    27.54 C    37.2    16.2    25.0   100.0    45.4    76.2   0.166   0.203   0.226   0.315   0.243    25.8    25.3    24.0    22.6    20.6
63855 20160629  2.422  -85.13   36.01    25.6    14.1    19.8    20.6     0.0    30.33 C    36.6    11.1    22.8    96.9    47.3    70.9   0.145   0.190 -99.000   0.312   0.239    25.1    25.0 -9999.0    22.6    20.7
63855 20160630  2.422  -85.13   36.01    27.1    12.0    19.6    19.8     0.0    30.70 C    36.8     9.7    21.6    98.7    36.9    68.7   0.130   0.179 -99.000   0.309 -99.000    24.3    24.1 -9999.0 -9999.0    20.8
63855 20160701  2.422  -85.13   36.01    27.6    11.6    19.6    21.0     0.0    25.43 C    37.7     9.9    22.4   100.0    51.2    77.7   0.119   0.169   0.200   0.305 -99.000    23.8    23.7    22.9    22.2    20.7
63855 20160702  2.422  -85.13   36.01    28.3    17.3    22.8    22.4     0.0    24.67 C    38.6    14.8    24.2   100.0    43.0    77.5   0.111   0.163 -99.000   0.301 -99.000    24.5    24.3 -9999.0    22.1    20.6
63855 20160703  2.422  -85.13   36.01    30.0    18.1    24.0    23.1     2.0    20.41 C    38.2    16.9    24.6   100.0    53.4    83.3   0.106   0.158   0.187   0.297 -99.000    25.0    24.7    23.6    22.3    20.7
63855 20160704  2.422  -85.13   36.01    30.8    20.5    25.7    25.1     5.4    21.06 C    36.0    20.2    25.5   100.0    51.7    79.0 -99.000   0.155   0.184   0.295 -99.000    25.1    24.7    23.6 -9999.0    20.7
63855 20160705  2.422  -85.13   36.01    26.1    20.5    23.3    22.4    17.0    10.70 C    34.3    19.6    23.4   100.0    84.6    97.7   0.209   0.213   0.188   0.295 -99.000    24.6    24.4    23.6    22.5    20.8
63855 20160706  2.422  -85.13   36.01    29.1    18.7    23.9    22.1    18.8    15.02 C    37.8    18.2    23.2   100.0    67.4    93.0   0.252   0.250   0.204   0.295 -99.000    24.2    24.2    23.3    22.5    20.9
63855 20160707  2.422  -85.13   36.01    28.4    18.9    23.7    21.3     9.0    11.80 C    32.7    18.2    22.1   100.0    74.5    94.5 -99.000   0.308   0.222 -99.000   0.216    23.5    23.4    22.9 -9999.0    20.9
63855 20160708  2.422  -85.13   36.01    29.4    19.3    24.4    23.5    15.0    17.77 C    35.8    18.6    23.9   100.0    67.4    89.6 -99.000   0.309 -99.000   0.296 -99.000    23.9    23.8 -9999.0 -9999.0    20.9
63855 20160709  2.422  -85.13   36.01    27.4    18.2    22.8    22.5     0.0    24.91 C    37.5    18.2    24.6   100.0    54.9    84.3   0.288   0.309   0.243   0.296   0.215    24.6    24.3    23.1    22.1    20.8
63855 20160710  2.422  -85.13   36.01    27.8    18.3    23.0    22.4     0.0    25.50 C    38.2    17.9    25.2   100.0    51.7    80.0   0.257   0.287   0.237   0.296 -99.000    25.4    25.1    23.7    22.5    20.9
63855 20160711  2.422  -85.13   36.01    27.3    17.9    22.6    22.2     0.0    21.08 C    37.3    17.8    24.2   100.0    57.6    86.5   0.236   0.270   0.233   0.296 -99.000    25.3    25.0    24.0    22.7    20.9
63855 20160712  2.422  -85.13   36.01    28.5    17.9    23.2    23.1    11.1    21.84 C    36.0    16.9    24.1   100.0    66.6    85.5 -99.000   0.286 -99.000 -99.000 -99.000    25.1    24.9 -9999.0    22.9    21.1
63855 20160713  2.422  -85.13   36.01    29.3    17.9    23.6    23.9     0.0    26.90 C    37.6    16.9    25.3   100.0    57.8    83.3   0.260   0.287   0.235 -99.000 -99.000    25.7    25.3    24.1    22.8    21.2
63855 20160714  2.422  -85.13   36.01    29.9    19.7    24.8    22.6     2.7    18.57 C    37.5    18.9    24.2   100.0    58.3    90.6 -99.000   0.270   0.231   0.297 -99.000    25.6    25.3    24.3    23.1    21.2
63855 20160715  2.422  -85.13   36.01    27.6    18.4    23.0    22.7     0.2    22.35 C    38.3    17.6    25.1   100.0    62.2    87.1   0.236   0.261   0.229   0.297 -99.000    25.7    25.4    24.2    23.1    21.4
63855 20160716  2.422  -85.13   36.01    25.6    17.6    21.6    21.4     5.2    17.19 C    34.5    16.5    22.6   100.0    63.2    88.1   0.235   0.257   0.226   0.297 -99.000    25.0    24.9    24.1    23.2    21.4
63855 20160717  2.422  -85.13   36.01    29.6    16.3    22.9    23.2     0.0    26.26 C    38.3    15.4    24.9   100.0    52.3    85.2 -99.000   0.256   0.224   0.297 -99.000    25.5    25.1    24.0    23.1    21.5
63855 20160718  2.422  -85.13   36.01    30.0    18.5    24.2    24.6     0.0    26.28 C    38.4    17.8    26.3   100.0    55.9    84.4   0.219   0.245 -99.000   0.297 -99.000    26.2    25.8 -9999.0    23.3    21.5
63855 20160719  2.422  -85.13   36.01    30.4    19.3    24.9    24.5     0.0    22.80 C    39.1    18.6    25.9   100.0    54.1    84.3   0.205   0.232   0.219   0.297 -99.000    26.4    26.1    24.9    23.5    21.5
63855 20160720  2.422  -85.13   36.01    30.6    19.1    24.9    24.9     0.0    21.81 C    39.6    17.8    26.1   100.0    48.7    82.2   0.190   0.220 -99.000   0.297 -99.000    26.4    26.0 -9999.0    23.7    21.6
63855 20160721  2.422  -85.13   36.01    30.5    20.1    25.3    25.1     0.0    25.39 C    38.8    18.8    26.6   100.0    55.7    80.5   0.172   0.208   0.214   0.296 -99.000    26.7    26.3    25.0    23.8    21.7
63855 20160722  2.422  -85.13   36.01    30.4    18.9    24.7    24.9     0.0    22.15 C    37.0    17.8    26.4   100.0    47.9    83.9   0.153   0.197   0.210   0.296 -99.000    26.5    26.1    25.0    23.9    21.8
63855 20160723  2.422  -85.13   36.01    31.6    19.9    25.8    24.5    23.0    21.42 C    39.2    19.2    26.1   100.0    45.1    87.0 -99.000   0.212   0.225 -99.000 -99.000    26.7    26.4    25.2 -9999.0    22.0
63855 20160724  2.422  -85.13   36.01    30.4    18.7    24.6    24.3     0.3    23.46 C    37.9    18.0    25.7   100.0    59.7    87.7   0.214   0.234   0.229 -99.000 -99.000    26.4    26.0    25.0 -9999.0    22.0
63855 20160725  2.422  -85.13   36.01    30.6    20.1    25.4    25.5     0.0    24.41 C    37.5    19.4    26.6   100.0    52.9    82.7   0.195   0.218   0.222   0.304 -99.000    26.7    26.3    25.1    24.1    22.1
63855 20160726  2.422  -85.13   36.01    30.6    21.1    25.8    25.6     0.0    18.86 C    39.0    20.0    26.5   100.0    52.7    82.6   0.177   0.207   0.216   0.302 -99.000    26.8    26.5    25.3    24.2    22.1
63855 20160727  2.422  -85.13   36.01    29.5    20.7    25.1    25.0     0.6    17.92 C    37.8    19.5    25.8   100.0    66.4    85.7   0.162   0.199   0.212   0.301 -99.000    26.3    26.1    25.1    24.3    22.2
63855 20160728  2.422  -85.13   36.01    25.7    20.6    23.1    22.4    16.1    10.44 C    30.0    19.9    23.2   100.0    74.8    95.5   0.185   0.230   0.221   0.301 -99.000    25.4    25.4    24.8    24.2    22.3
63855 20160729  2.422  -85.13   36.01    27.1    20.7    23.9    23.0     2.0    22.05 C    34.8    19.8    24.9   100.0    68.5    90.3   0.220   0.253 -99.000 -99.000 -99.000    25.6    25.4 -9999.0 -9999.0    22.3
63855 20160730  2.422  -85.13   36.01    27.8    19.6    23.7    23.5     0.0    23.94 C    36.5    18.2    25.1   100.0    64.9    87.4 -99.000   0.236   0.221 -99.000   0.215    26.0    25.8    24.7    23.8    22.3
63855 20160731  2.422  -85.13   36.01    28.4    19.3    23.9    23.6     0.0    22.93 C    37.1    18.0    25.3   100.0    57.1    86.9   0.198   0.223   0.215   0.299   0.215    26.1    25.9    24.8    24.0    22.3
63855 20160801  2.422  -85.13   36.01    28.6    17.9    23.3    23.7     0.0    23.48 C    35.6    16.9    24.7   100.0    60.4    84.9   0.185   0.211   0.213   0.298   0.215    25.6    25.5    24.6    24.0    22.3
63855 20160802  2.422  -85.13   36.01    28.0    19.3    23.7    23.7     1.9    24.75 C    35.4    17.5    25.0   100.0    64.3    85.7   0.175   0.201   0.209   0.297   0.215    25.9    25.8    24.7    24.0    22.4
63855 20160803  2.422  -85.13   36.01    29.5    17.4    23.4    23.5     0.0    21.18 C    37.5    15.9    24.2   100.0    51.2    83.9   0.163   0.191   0.205   0.297   0.215    25.3    25.3    24.4    24.0    22.4
63855 20160804  2.422  -85.13   36.01    29.3    18.5    23.9    24.0     0.0    19.90 C    37.2    17.1    24.4   100.0    58.4    84.7   0.150   0.184   0.201   0.296   0.214    25.1    25.1    24.3    23.8    22.4
63855 20160805  2.422  -85.13   36.01    29.9    18.9    24.4    24.2     0.0    24.85 C    36.0    17.5    25.2   100.0    54.9    84.5   0.137   0.176   0.196   0.295   0.213    25.6    25.4    24.4    23.7    22.3
63855 20160806  2.422  -85.13   36.01    30.5    20.4    25.4    24.7    24.7    20.49 C    37.3    18.5    25.7   100.0    55.3    81.1   0.147   0.180   0.208   0.294 -99.000    25.7    25.5    24.5    23.8    22.3
63855 20160807  2.422  -85.13   36.01    28.0    19.4    23.7    23.1     6.9    13.48 C    36.5    18.8    23.9   100.0    70.1    90.7   0.247   0.255   0.249   0.297 -99.000    25.1    25.1    24.4    23.8    22.3
63855 20160808  2.422  -85.13   36.01    28.6    19.8    24.2    23.3     0.0    13.56 C    36.9    18.4    24.0   100.0    71.5    93.2   0.235   0.250   0.233   0.297 -99.000    25.2    25.1    24.3    23.7    22.3
63855 20160809  2.422  -85.13   36.01    29.3    20.3    24.8    24.6     0.0    18.41 C    33.7    19.1    24.2   100.0    63.4    84.1   0.218   0.237   0.226   0.296 -99.000    25.1    25.0    24.3    23.7    22.2
63855 20160810  2.422  -85.13   36.01    29.3    20.2    24.8    24.8     0.0    18.44 C    37.5    18.5    24.9    99.1    62.1    80.1   0.205   0.225   0.221   0.296 -99.000    25.0    25.0    24.2    23.6    22.3
63855 20160811  2.422  -85.13   36.01    29.0    21.8    25.4    24.6     0.0    16.25 C    38.8    19.3    24.8    98.2    58.4    81.7   0.196   0.217   0.218   0.296 -99.000    24.8    24.8    24.1    23.6    22.3
63855 20160812  2.422  -85.13   36.01    31.3    19.7    25.5    25.5     0.0    22.33 C    38.4    18.0    25.5   100.0    52.5    77.5   0.185   0.208   0.213   0.295 -99.000    24.9    24.8    24.0    23.5    22.2
63855 20160813  2.422  -85.13   36.01    29.1    19.2    24.1    24.0     0.0    16.36 C    38.7    17.2    23.9   100.0    57.2    81.1   0.171   0.199   0.207   0.294 -99.000    24.5    24.6    24.0    23.5    22.2
63855 20160814  2.422  -85.13   36.01    31.1    17.8    24.4    24.1     7.0    19.96 C    39.6    16.0    24.4   100.0    45.3    78.6   0.163   0.196   0.214   0.294 -99.000    24.3    24.3    23.7    23.4    22.1
63855 20160815  2.422  -85.13   36.01    29.4    17.7    23.5    24.1     0.4    21.81 C    37.6    16.5    24.4   100.0    56.3    78.6   0.178   0.202   0.226   0.294 -99.000    24.6    24.5    23.7    23.4    22.0
63855 20160816  2.422  -85.13   36.01    30.8    19.2    25.0    24.1     0.3    21.00 C    38.5    17.3    24.8   100.0    52.6    82.5   0.166   0.194   0.215   0.294 -99.000    25.0    24.8    23.9    23.4    22.0
63855 20160817  2.422  -85.13   36.01    29.9    18.4    24.1    23.5     1.7    21.02 C    39.3    16.7    24.6   100.0    57.1    86.1   0.153   0.185   0.208   0.293 -99.000    24.9    24.8    24.0    23.4    22.1
63855 20160818  2.422  -85.13   36.01    26.8    19.7    23.2    21.8    15.3    12.67 C    35.9    18.8    23.2   100.0    68.8    95.5   0.219   0.212   0.235   0.292 -99.000    24.6    24.6    23.9    23.5    22.1
63855 20160819  2.422  -85.13   36.01    23.0    19.5    21.2    21.2     3.0     8.09 C    29.5    18.5    22.4   100.0    83.2    95.6   0.248   0.233   0.227   0.292 -99.000    24.2    24.4    23.7    23.4    22.1
63855 20160820  2.422  -85.13   36.01    27.4    19.4    23.4    22.3    11.6    13.27 C    34.5    18.7    23.4   100.0    68.0    92.7   0.261   0.257   0.230   0.292 -99.000    24.4    24.3    23.6    23.3    22.1
63855 20160821  2.422  -85.13   36.01    24.3    15.6    19.9    20.9    11.0    10.96 C    31.9    12.8    21.5   100.0    71.6    92.8 -99.000 -99.000 -99.000 -99.000 -99.000 -9999.0 -9999.0 -9999.0 -9999.0    22.1
63855 20160822  2.422  -85.13   36.01    24.8    12.5    18.6    18.6     0.0    24.26 C    35.6    10.4    19.8   100.0    51.6    80.5   0.273   0.292 -99.000 -99.000 -99.000    23.0    23.2 -9999.0 -9999.0    22.1
63855 20160823  2.422  -85.13   36.01    26.2    12.0    19.1    20.1     0.0    22.93 C    35.2    10.1    21.0   100.0    54.6    82.7   0.248   0.270   0.233   0.292 -99.000    22.9    23.0    22.6    22.7    22.0
63855 20160824  2.422  -85.13   36.01    28.9    17.2    23.1    23.2     0.0    20.54 C    36.9    16.0    23.9   100.0    59.4    84.9   0.231   0.253   0.228   0.292 -99.000    24.0    24.0    23.1    22.8    21.8
63855 20160825  2.422  -85.13   36.01    30.3    18.9    24.6    24.3     0.0    22.99 C    37.4    17.3    25.1   100.0    57.9    85.6   0.216   0.240 -99.000   0.292 -99.000    24.9    24.7 -9999.0    23.0    21.8
63855 20160826  2.422  -85.13   36.01    31.2    18.5    24.9    24.7     0.0    19.48 C    37.9    17.1    24.9   100.0    49.3    82.4   0.201   0.227   0.223   0.293 -99.000    25.0    24.9    24.0    23.4    21.9
63855 20160827  2.422  -85.13   36.01    31.1    19.3    25.2    25.0     0.0    22.09 C    37.5    17.5    25.1   100.0    46.7    78.7   0.187   0.215   0.219 -99.000 -99.000    25.3    25.2    24.2    23.5    22.1
63855 20160828  2.422  -85.13   36.01    30.1    18.5    24.3    23.0    16.4    14.32 C    37.5    16.9    23.5   100.0    57.3    87.4   0.198   0.216   0.229   0.297 -99.000    24.7    24.8    24.1    23.6    22.1
63855 20160829  2.422  -85.13   36.01    29.6    18.4    24.0    23.9     0.0    21.06 C    36.1    17.2    24.4   100.0    57.0    83.5   0.226   0.236   0.233   0.301 -99.000    25.0    24.9    24.0    23.5    22.1
63855 20160830  2.422  -85.13   36.01    29.2    18.3    23.7    23.3     0.0    18.73 C    36.6    16.5    23.4   100.0    55.2    83.8   0.209   0.228   0.227   0.299 -99.000    24.8    24.9    24.1    23.6    22.2
63855 20160831  2.422  -85.13   36.01    30.1    17.7    23.9    23.1     8.0    21.07 C    36.0    16.3    23.4   100.0    56.5    85.3   0.214   0.224   0.224   0.298 -99.000    24.7    24.8    24.0    23.6    22.2
63855 20160901  2.422  -85.13   36.01    27.2    17.9    22.5    21.9     0.0    17.14 C    34.2    16.3    22.6   100.0    63.3    86.5   0.228   0.228   0.224   0.297 -99.000    24.5    24.5    23.9    23.6    22.2
63855 20160902  2.422  -85.13   36.01    25.4    15.8    20.6    20.1     0.0    23.19 C    31.8    12.7    20.6    98.8    57.2    76.8   0.209   0.219   0.222   0.297 -99.000    24.0    23.9    23.7    23.4    22.2
63855 20160903  2.422  -85.13   36.01    26.2    12.5    19.4    19.5     0.0    19.16 C    34.1    10.4    19.3   100.0    49.2    75.2   0.194   0.209   0.218   0.296 -99.000    22.8    23.1    23.0    23.1    22.1
63855 20160904  2.422  -85.13   36.01    28.3    14.3    21.3    21.1     0.0    23.18 C    33.6    12.3    20.6    99.7    41.3    74.7   0.180   0.199 -99.000   0.295 -99.000    22.8    23.1 -9999.0    22.8    22.0
63855 20160905  2.422  -85.13   36.01    28.7    14.7    21.7    21.4     0.0    18.27 C    35.2    12.3    20.6   100.0    47.9    81.1   0.165   0.189   0.213   0.294 -99.000    22.8    23.1    22.6    22.7    21.9
63855 20160906  2.422  -85.13   36.01    30.1    14.4    22.2    21.9     0.0    23.19 C    35.1    12.2    21.2   100.0    38.1    75.4   0.151   0.180 -99.000   0.295 -99.000    22.8    23.1 -9999.0    22.6    21.9
63855 20160907  2.422  -85.13   36.01    30.2    14.9    22.6    22.5     0.0    20.30 C    36.5    12.6    21.6   100.0    40.0    75.1 -99.000   0.171 -99.000 -99.000 -99.000    22.8    23.1 -9999.0 -9999.0    21.7
63855 20160908  2.422  -85.13   36.01    30.0    15.5    22.8    22.8     0.0    21.69 C    34.2    13.2    21.6   100.0    40.4    73.5   0.126   0.160 -99.000   0.292 -99.000    23.0    23.2 -9999.0 -9999.0    21.7
63855 20160909  2.422  -85.13   36.01    30.3    15.6    22.9    22.5     0.0    20.67 C    35.7    13.2    21.5   100.0    41.0    75.1   0.117   0.155 -99.000   0.291 -99.000    22.8    23.1 -9999.0 -9999.0    21.7
63855 20160910  2.422  -85.13   36.01    30.7    15.0    22.8    22.0     3.9    17.10 C    34.8    12.6    21.5   100.0    42.3    78.7   0.110   0.150 -99.000   0.290 -99.000    22.5    22.8 -9999.0 -9999.0    21.7
63855 20160911  2.422  -85.13   36.01    24.9    13.4    19.2    19.1     0.0    20.56 C    31.3     8.7    19.3   100.0    41.2    75.9 -99.000   0.148   0.188   0.289 -99.000    22.5    22.9    22.5    22.5    21.7
63855 20160912  2.422  -85.13   36.01    29.5     9.7    19.6    19.9     0.0    23.33 C    35.4     6.3    20.0   100.0    36.6    73.1 -99.000   0.146 -99.000 -99.000 -99.000 -9999.0    21.8 -9999.0 -9999.0    21.6
63855 20160913  2.422  -85.13   36.01    28.9    15.9    22.4    20.9     6.4    12.27 C    37.3    14.0    20.6   100.0    53.6    89.0 -99.000   0.141 -99.000 -99.000 -99.000    22.0    22.3 -9999.0    22.0    21.5
63855 20160914  2.422  -85.13   36.01    29.0    15.9    22.5    22.1     0.0    19.10 C    34.7    14.2    21.7   100.0    48.3    82.0   0.115   0.144 -99.000   0.288 -99.000    22.5    22.6 -9999.0    21.9    21.4
63855 20160915  2.422  -85.13   36.01    30.4    16.2    23.3    23.1     0.0    20.79 C    34.8    13.4    21.7    97.6    33.6    65.5   0.112   0.143   0.183   0.286 -99.000    22.7    22.8    22.2    22.0    21.3
63855 20160916  2.422  -85.13   36.01    30.5    16.3    23.4    23.2     0.0    15.47 C    36.3    13.7    21.6    98.5    48.0    72.9   0.105   0.140   0.181   0.286 -99.000    22.5    22.7    22.3    22.0    21.3
63855 20160917  2.422  -85.13   36.01    27.0    19.7    23.3    22.6     0.0    14.21 C    32.9    17.2    22.2    99.9    57.8    78.4   0.103   0.137   0.180   0.284 -99.000    22.7    22.7    22.2    22.0    21.3
63855 20160918  2.422  -85.13   36.01    22.6    18.0    20.3    20.1    14.7     6.79 C    28.6    17.3    20.4   100.0    87.0    95.7   0.143   0.149   0.181   0.283 -99.000    22.5    22.6    22.3    21.9    21.3
63855 20160919  2.422  -85.13   36.01    27.2    15.6    21.4    21.0     0.0    20.28 C    32.8    12.2    20.7   100.0    51.3    81.5   0.165   0.163   0.183   0.282 -99.000    22.4    22.5    22.1    21.9    21.3
63855 20160920  2.422  -85.13   36.01    27.5    14.7    21.1    21.1     0.0    21.47 C    32.8    11.6    19.9   100.0    44.2    73.9   0.152   0.160   0.183   0.282 -99.000    21.9    22.1    21.9    21.8    21.3
63855 20160921  2.422  -85.13   36.01    29.0    13.3    21.1    21.2     0.0    20.89 C    33.9    10.6    19.9   100.0    41.6    70.5   0.137   0.155   0.182   0.281 -99.000    21.6    22.0    21.6    21.7    21.2
63855 20160922  2.422  -85.13   36.01    29.0    13.7    21.4    21.3     0.0    19.04 C    35.0    10.8    20.2   100.0    45.9    75.3   0.126   0.150   0.180   0.280 -99.000    21.5    21.9    21.6    21.7    21.2
63855 20160923  2.422  -85.13   36.01    29.0    14.0    21.5    21.2     0.0    19.90 C    36.0    11.6    20.4   100.0    46.5    78.3   0.117   0.145   0.178   0.279 -99.000    21.5    21.8    21.5    21.6    21.1
63855 20160924  2.422  -85.13   36.01    30.0    14.4    22.2    21.9     0.0    16.98 C    42.7    11.5    22.1   100.0    46.2    75.7   0.109   0.141 -99.000   0.277 -99.000    21.3    21.7 -9999.0    21.6    21.1
63855 20160925  2.422  -85.13   36.01    30.6    15.2    22.9    22.3     0.0    16.76 C    41.3    12.2    22.3   100.0    39.2    76.5   0.105   0.138   0.176 -99.000 -99.000    21.4    21.8    21.4    21.5    21.0
63855 20160926  2.422  -85.13   36.01    26.4    15.6    21.0    20.4     0.0    13.07 C    34.8    13.1    21.2   100.0    59.7    84.8   0.101   0.136 -99.000   0.275 -99.000    21.3    21.6 -9999.0    21.5    20.9
63855 20160927  2.422  -85.13   36.01    24.2     6.7    15.5    16.0     0.0    20.85 C    37.7     2.4    17.6   100.0    20.9    66.8   0.096   0.134 -99.000   0.273 -99.000    20.3    21.0 -9999.0    21.4    20.9
63855 20160928  2.422  -85.13   36.01    25.7     5.2    15.4    15.6     0.0    20.56 C    36.2     2.0    16.6   100.0    28.8    66.2   0.093   0.131 -99.000   0.271 -99.000    18.5    19.3 -9999.0    21.0    20.8
63855 20160929  2.422  -85.13   36.01    16.9     5.6    11.2    11.8     0.0    15.67 C    32.5     2.0    13.1   100.0    53.2    83.0   0.089   0.129 -99.000 -99.000 -99.000    18.1    19.0 -9999.0    20.6    20.7
63855 20160930  2.422  -85.13   36.01    17.6     7.6    12.6    12.1     0.0    14.03 C    34.5     4.6    14.5   100.0    55.3    85.4   0.089   0.127 -99.000   0.268 -99.000    17.6    18.4 -9999.0    20.2    20.4
63855 20161001  2.422  -85.13   36.01    20.4     6.5    13.5    14.3     0.0    10.46 C    32.2     3.4    14.9   100.0    55.1    81.7   0.086   0.126   0.168   0.266 -99.000    17.4    18.1    18.7    19.8    20.2
63855 20161002  2.422  -85.13   36.01    21.2    11.9    16.5    16.6     0.0    11.38 C    34.5     7.7    17.7   100.0    51.9    79.0   0.086   0.126 -99.000   0.265 -99.000    18.4    18.8 -9999.0    19.7    20.0
63855 20161003  2.422  -85.13   36.01    23.9     9.6    16.7    16.5     0.0    12.39 C    42.3     6.0    16.7   100.0    45.8    76.7   0.083   0.125   0.167 -99.000 -99.000    18.3    18.8    19.1    19.7    19.9
63855 20161004  2.422  -85.13   36.01    26.5    11.2    18.8    18.8     0.0    14.29 C    37.2     7.6    17.8   100.0    39.8    70.0   0.083   0.124   0.167   0.262 -99.000    18.5    18.8    19.1    19.6    19.8
63855 20161005  2.422  -85.13   36.01    27.0    11.6    19.3    18.6     0.0    17.25 C    40.8     7.1    18.1    98.5    38.4    70.6   0.081   0.123 -99.000   0.261 -99.000    18.7    19.0 -9999.0 -9999.0    19.7
63855 20161006  2.422  -85.13   36.01    27.6     9.4    18.5    18.1     0.0    18.72 C    39.3     5.3    17.9   100.0    35.2    69.8   0.080   0.120 -99.000   0.260 -99.000    18.4    18.9 -9999.0    19.6    19.7
63855 20161007  2.422  -85.13   36.01    27.2     8.3    17.7    17.7     0.0    19.12 C    40.9     4.2    17.7   100.0    30.9    65.7   0.077   0.120 -99.000 -99.000 -99.000    18.1    18.6 -9999.0    19.5    19.6
63855 20161008  2.422  -85.13   36.01    21.0     9.9    15.4    15.1     0.0    10.09 C    31.5     5.2    14.3   100.0    33.2    70.3   0.075   0.118 -99.000 -99.000 -99.000    17.4    18.1 -9999.0    19.5    19.5
63855 20161009  2.422  -85.13   36.01    20.2     6.7    13.4    13.2     0.0    19.05 C    32.8     0.8    12.9    88.3    34.2    55.0   0.073   0.115   0.161   0.255 -99.000    16.1    17.0    17.9    19.1    19.4
63855 20161010  2.422  -85.13   36.01    22.6     5.5    14.0    13.8     0.0    18.70 C    37.6     0.0    13.7    94.0    31.2    60.5   0.072   0.114 -99.000   0.254 -99.000    15.9    16.7 -9999.0    18.8    19.2
63855 20161011  2.422  -85.13   36.01    24.1     5.0    14.6    14.1     0.0    19.05 C    38.7     0.4    13.7    97.0    24.9    57.1   0.071   0.113   0.158 -99.000 -99.000    16.1    16.9    17.6    18.6    19.0
63855 20161012  2.422  -85.13   36.01    24.1     6.4    15.3    15.0     0.0    18.51 C    37.9     0.5    14.9    85.6    26.9    54.8   0.070   0.113 -99.000   0.251 -99.000    16.1    16.7 -9999.0    18.4    18.9
63855 20161013  2.422  -85.13   36.01    23.3     9.4    16.3    16.9     0.0    15.38 C    38.4     5.5    19.2   100.0    41.8    67.1   0.070   0.112   0.158   0.249 -99.000    17.4    17.6    17.8    18.4    18.8
63855 20161014  2.422  -85.13   36.01    24.5    13.3    18.9    17.8     0.0     9.41 C    34.5    10.7    18.2   100.0    42.4    77.1   0.070   0.112 -99.000 -99.000 -99.000    18.3    18.4 -9999.0    18.8    18.8
63855 20161015  2.422  -85.13   36.01    24.9    15.2    20.0    18.7     0.0    15.09 C    37.5     9.1    18.8    92.7    43.5    71.3   0.068   0.111 -99.000 -99.000 -99.000    18.5    18.6 -9999.0    18.7    18.8
63855 20161016  2.422  -85.13   36.01    24.8    12.9    18.8    18.6     0.0    12.67 C    41.4     8.4    18.7    96.6    49.4    77.2   0.068   0.110 -99.000 -99.000 -99.000    18.7    18.8 -9999.0    18.9    18.8
63855 20161017  2.422  -85.13   36.01    26.6    11.0    18.8    19.3     0.0    13.24 C    37.5     7.2    18.7   100.0    43.6    72.2   0.067   0.109 -99.000 -99.000 -99.000    18.4    18.6 -9999.0    18.9    18.8
63855 20161018  2.422  -85.13   36.01    28.5    13.6    21.0    20.8     0.0    17.08 C    40.0     8.8    19.8    94.1    39.4    67.3   0.067   0.109   0.156 -99.000 -99.000    19.0    19.0    18.9    18.9    18.8
63855 20161019  2.422  -85.13   36.01    29.2    13.3    21.3    20.6     0.0    14.55 C    44.1     9.4    21.5    98.3    36.8    69.3   0.065   0.109 -99.000   0.243 -99.000    19.2    19.2 -9999.0    19.1    18.9
63855 20161020  2.422  -85.13   36.01    26.3    12.3    19.3    20.5    17.3     8.45 C    34.7    12.7    20.5   100.0    51.9    76.3   0.065   0.106 -99.000   0.246 -99.000    19.7    19.6 -9999.0    19.2    19.0
63855 20161021  2.422  -85.13   36.01    12.7     6.2     9.4     9.9     1.0     7.77 C    21.5     3.2    10.4    99.1    59.0    82.0   0.077   0.137   0.206   0.261 -99.000    16.3    17.5    18.4    19.1    18.9
63855 20161022  2.422  -85.13   36.01    13.6     0.5     7.0     6.9     0.0    16.69 C    25.4    -2.2     7.6    98.8    35.0    73.3   0.089   0.144   0.187   0.258 -99.000    13.7    15.2    16.6    18.4    18.9
63855 20161023  2.422  -85.13   36.01    20.2    -0.6     9.8    10.9     0.0    16.47 C    31.0    -3.1    10.5    98.5    37.1    65.0   0.098   0.144   0.177   0.255 -99.000    13.1    14.2    15.4    17.6    18.6
63855 20161024  2.422  -85.13   36.01    22.3     9.1    15.7    15.3     0.0    16.14 C    33.8     2.9    14.1    75.1    29.8    55.4   0.104   0.144   0.173   0.254   0.163    14.6    15.3    15.8    17.2    18.3
63855 20161025  2.422  -85.13   36.01    22.9     4.2    13.5    12.7     0.0    14.98 C    34.5     0.1    11.4    95.7    21.4    59.3   0.105   0.142   0.170   0.252 -99.000    14.1    15.0    15.8    17.1    18.0
63855 20161026  2.422  -85.13   36.01    24.6     5.6    15.1    16.6     0.0    14.66 C    34.9     1.7    15.6    90.4    32.8    59.6   0.105   0.141   0.167   0.250 -99.000    14.7    15.2    15.8    17.0    17.8
63855 20161027  2.422  -85.13   36.01    23.1     9.6    16.4    17.3     0.0    10.62 C    31.4     6.1    16.1   100.0    44.8    73.2   0.105   0.140   0.167 -99.000 -99.000    16.2    16.5    16.6    17.1    17.7
63855 20161028  2.422  -85.13   36.01    24.6     7.6    16.1    13.9     0.0    13.60 C    35.5     4.2    14.8   100.0    28.7    78.5   0.105   0.138   0.166   0.248 -99.000    15.7    16.3    16.7    17.3    17.7
63855 20161029  2.422  -85.13   36.01    25.8     7.3    16.6    16.2     0.0    15.07 C    36.0     4.0    15.1    98.5    37.3    69.9   0.102   0.136   0.165 -99.000 -99.000    15.5    16.1    16.6    17.3    17.7
63855 20161030  2.422  -85.13   36.01    24.5     8.1    16.3    15.8     0.0    13.95 C    34.6     4.7    14.8   100.0    39.7    73.6   0.101   0.133   0.164 -99.000 -99.000    15.5    16.2    16.6    17.3    17.7
63855 20161031  2.422  -85.13   36.01    25.7     8.9    17.3    17.0     0.0    11.14 C    34.7     6.3    16.2    97.9    49.3    78.1   0.099   0.131   0.163 -99.000 -99.000    16.1    16.4    16.7    17.3    17.6
63855 20161101  2.422  -85.13   36.01    27.1    10.1    18.6    19.4     0.0    12.47 C    35.7     6.9    17.2    99.9    34.9    62.8   0.096   0.128 -99.000   0.244 -99.000    16.5    16.8 -9999.0    17.4    17.6
63855 20161102  2.422  -85.13   36.01    25.9    12.7    19.3    19.0     0.0    12.32 C    38.1     8.7    17.7    90.1    38.3    66.1   0.093   0.126   0.162 -99.000 -99.000    17.0    17.2    17.3    17.5    17.6
63855 20161103  2.422  -85.13   36.01    23.6    13.2    18.4    18.6     0.0    10.31 C    35.4     9.0    18.4    96.9    50.5    73.6   0.091   0.124   0.162   0.242 -99.000    17.2    17.3    17.3    17.6    17.7
63855 20161104  2.422  -85.13   36.01    19.8     7.3    13.5    13.8     0.0    14.96 C    31.9     0.9    13.7    98.0    29.9    64.8   0.088   0.122 -99.000 -99.000 -99.000    16.2    16.8 -9999.0    17.8    17.7
63855 20161105  2.422  -85.13   36.01    20.0     2.2    11.1    11.2     0.0    14.63 C    34.2    -1.8    11.0    99.8    34.7    63.7   0.085   0.118 -99.000   0.241 -99.000    14.3    15.3 -9999.0    17.4    17.7
63855 20161106  2.422  -85.13   36.01    20.5     2.4    11.4    10.6     0.0    11.84 C    34.2    -1.3     9.5    94.3    27.7    63.4   0.082   0.116   0.156 -99.000 -99.000    13.5    14.7    15.6    16.9    17.6
63855 20161107  2.422  -85.13   36.01    20.6     1.3    10.9    10.9     0.0    13.73 C    32.4    -2.4     9.4    94.5    28.0    59.5   0.080   0.114   0.155   0.239 -99.000    12.9    14.1    15.1    16.6    17.4
63855 20161108  2.422  -85.13   36.01    18.5     4.4    11.5    11.7     0.0     7.68 C    28.5    -0.4    11.4    88.8    32.9    61.6   0.078   0.113   0.155   0.238   0.160    13.2    14.0    14.9    16.2    17.2
63855 20161109  2.422  -85.13   36.01    12.5     0.7     6.6     8.5     0.4    12.85 C    27.1    -3.9     9.3   100.0    50.9    79.6   0.077   0.112   0.155   0.237   0.160    13.4    14.4    15.1    16.2    17.1
63855 20161110  2.422  -85.13   36.01    17.1    -0.9     8.1     6.6     0.0    14.32 C    30.7    -5.9     5.9    99.9    20.9    67.5   0.075   0.111 -99.000   0.236   0.159    11.2    12.7 -9999.0    15.9    16.9
63855 20161111  2.422  -85.13   36.01    15.8    -2.3     6.7     7.5     0.0     9.95 C    25.5    -6.6     6.3    97.0    46.5    69.3   0.073   0.109 -99.000   0.234   0.159    10.7    11.9 -9999.0    15.4    16.7
63855 20161112  2.422  -85.13   36.01    14.0     0.5     7.3     7.2     0.0    13.04 C    27.3    -4.0     7.2    87.8    40.4    61.3   0.072   0.108   0.152 -99.000   0.158    11.3    12.3    13.4    15.1    16.4
63855 20161113  2.422  -85.13   36.01    16.0    -1.2     7.4     6.3     0.0    12.38 C    28.8    -4.9     6.0    92.4    34.8    65.8   0.071   0.107 -99.000   0.232   0.158    10.3    11.7 -9999.0    14.8    16.2
63855 20161114  2.422  -85.13   36.01    15.6    -0.5     7.5     6.7     0.0    11.97 C    29.5    -4.4     6.0    96.1    39.3    70.1   0.070   0.106 -99.000 -99.000   0.158    10.3    11.6 -9999.0    14.6    16.0
63855 20161115  2.422  -85.13   36.01    14.6    -1.7     6.4     6.2     0.0     6.89 C    25.1    -5.4     4.8    98.7    41.6    77.8   0.068   0.106   0.149 -99.000   0.158     9.9    11.2    12.5    14.3    15.8
63855 20161116  2.422  -85.13   36.01    18.6    -1.0     8.8     8.1     0.0    12.97 C    30.9    -4.0     7.4   100.0    26.0    70.7   0.068   0.105   0.149 -99.000   0.157    10.3    11.3    12.5    14.1    15.6
63855 20161117  2.422  -85.13   36.01    23.8     1.9    12.8    12.5     0.0    12.80 C    34.8    -1.7    10.7    93.5    29.8    61.5   0.068   0.105   0.149 -99.000   0.156    11.1    11.9    12.7    14.1    15.5
63855 20161118  2.422  -85.13   36.01    23.9     3.9    13.9    15.6     0.0    12.85 C    33.8    -0.9    12.6    88.4    25.8    52.2   0.067   0.104 -99.000 -99.000   0.156    12.0    12.6 -9999.0    14.2    15.4
63855 20161119  2.422  -85.13   36.01    15.3     0.0     7.7     5.3     5.4    10.21 C    14.4    -3.3     5.1    98.5    35.7    64.8   0.065   0.105   0.152   0.224   0.155    10.6    12.1    13.3    14.4    15.3
63855 20161120  2.422  -85.13   36.01     5.7    -5.5     0.1    -0.1     0.0    13.15 C    17.3    -9.8     0.0    82.4    30.4    55.6   0.065   0.103 -99.000   0.224   0.155     7.6     9.7 -9999.0    13.9    15.3
63855 20161121  2.422  -85.13   36.01     9.1    -7.2     1.0     0.6     0.0    13.00 C    21.1   -11.0     0.2    89.4    19.3    54.2   0.065   0.103 -99.000   0.224   0.156     6.3     8.3 -9999.0    13.1    15.0
63855 20161122  2.422  -85.13   36.01    14.1    -3.5     5.3     5.3     0.0    10.11 C    27.8    -7.2     4.6    77.7    22.6    44.5   0.066   0.104   0.147   0.223   0.155     7.4     8.7    10.2    12.6    14.7
63855 20161123  2.422  -85.13   36.01    16.4     6.6    11.5    12.5     0.0    11.86 C    23.9     4.9    12.4    85.6    26.7    40.9   0.067   0.105 -99.000 -99.000   0.155    10.0    10.3 -9999.0    12.6    14.4
63855 20161124  2.422  -85.13   36.01    17.9     5.4    11.6    12.2     0.0     6.56 C    29.2     0.9    12.1   100.0    53.4    81.9   0.068   0.107 -99.000   0.223   0.154    11.9    12.1 -9999.0    13.1    14.3
63855 20161125  2.422  -85.13   36.01    10.8     2.7     6.7     7.2     0.0     7.05 C    22.5     3.5     9.1   100.0    63.2    85.5   0.068   0.107   0.149   0.223   0.155    11.3    12.0    12.6    13.5    14.4
63855 20161126  2.422  -85.13   36.01     7.9    -4.9     1.5     2.2     0.0    11.59 C    20.7   -10.2     3.3    97.9    49.4    74.9   0.067   0.106   0.149   0.223   0.155     9.2    10.7    12.0    13.4    14.4
63855 20161127  2.422  -85.13   36.01    12.1    -6.8     2.7     4.1     0.0     9.73 C    21.0   -11.3     2.8    99.2    36.0    64.1   0.066   0.103 -99.000 -99.000   0.155     7.5     9.0 -9999.0    12.9    14.4
63855 20161128  2.422  -85.13   36.01    15.4     8.9    12.2    12.0    25.5     4.38 C    17.9     6.9    11.6   100.0    40.9    65.7   0.067   0.109   0.148   0.221   0.154    10.4    10.6    11.2    12.7    14.2
63855 20161129  2.422  -85.13   36.01    19.2     8.3    13.7    14.0    38.2    11.51 C    23.1     5.6    13.7   100.0    38.4    78.4   0.111   0.180   0.169   0.232   0.157    12.3    12.3    12.3    12.9    14.1
63855 20161130  2.422  -85.13   36.01    17.2     3.8    10.5    12.4    44.8     2.89 C    17.5     0.3    11.4   100.0    54.5    85.9 -99.000   0.293 -99.000 -99.000 -99.000 -9999.0    14.0 -9999.0 -9999.0 -9999.0
63855 20161201  2.422  -85.13   36.01     7.0    -2.7     2.2     2.6     0.0    12.15 C    15.3    -5.7     2.3    96.8    48.8    74.6   0.250   0.263   0.257   0.338   0.295    10.0    11.6    12.6    13.7    14.1
63855 20161202  2.422  -85.13   36.01    10.6    -5.1     2.7     3.0     0.0    12.02 C    18.5    -7.2     1.9    96.8    39.9    68.9   0.237   0.255   0.250   0.333   0.282     7.9     9.6    11.0    13.1    14.1
63855 20161203  2.422  -85.13   36.01     4.2    -1.3     1.5     2.3     3.5     3.63 C     8.9    -4.3     3.1    99.7    67.2    79.3   0.231   0.250   0.247   0.330   0.277     8.0     9.2    10.4    12.5    13.8
63855 20161204  2.422  -85.13   36.01     7.4     2.0     4.7     5.0    30.1     0.60 C     7.2     2.9     5.4   100.0    97.7    99.7 -99.000   0.306 -99.000 -99.000 -99.000 -9999.0     9.0 -9999.0 -9999.0 -9999.0
63855 20161205  2.422  -85.13   36.01     9.5     5.5     7.5     7.2     0.2     1.85 C    10.0     6.0     7.9   100.0    96.2    99.4 -99.000   0.286 -99.000 -99.000 -99.000     9.4     9.8 -9999.0 -9999.0 -9999.0
63855 20161206  2.422  -85.13   36.01    12.3     4.0     8.1     9.3    42.4     1.75 C    14.9     4.4     9.5   100.0    89.1    97.5   0.302   0.336   0.379   0.365   0.362    10.5    10.7    10.8    11.8    13.0
63855 20161207  2.422  -85.13   36.01     5.2     1.4     3.3     3.2     0.0     6.14 C    14.4     0.0     4.7    93.2    71.4    84.7   0.273   0.296   0.288 -99.000   0.375     9.1    10.0    10.7 -9999.0    13.0
63855 20161208  2.422  -85.13   36.01     2.5    -6.1    -1.8    -1.0     0.0     9.75 C    11.0    -7.9    -0.1    75.7    38.8    61.5   0.259   0.285   0.272   0.366   0.376     7.1     8.7    10.0    11.8    13.0
63855 20161209  2.422  -85.13   36.01    -1.4    -8.8    -5.1    -5.2     0.0    10.67 C    11.6   -11.6    -3.0    92.3    53.8    71.6   0.250   0.278   0.264   0.352   0.374     4.9     6.9     8.7    11.3    12.7
63855 20161210  2.422  -85.13   36.01     2.7   -10.7    -4.0    -4.0     0.0    11.36 C    14.5   -12.6    -3.5    93.2    30.6    65.8   0.245   0.273   0.259   0.349   0.345     3.8     5.7     7.6    10.6    12.4
63855 20161211  2.422  -85.13   36.01     8.8    -5.9     1.5     3.9     0.2    10.26 C    14.6    -8.5     3.2    86.6    34.6    60.2   0.242   0.270   0.257   0.346   0.340     4.9     6.0     7.3    10.0    12.0
63855 20161212  2.422  -85.13   36.01    10.7     0.7     5.7     7.0    29.7     4.50 C    18.2    -1.6     6.7   100.0    76.5    94.5 -99.000   0.357 -99.000 -99.000 -99.000     7.6     8.0 -9999.0 -9999.0 -9999.0
63855 20161213  2.422  -85.13   36.01     7.5     1.7     4.6     4.7     2.1     0.71 C     8.6     2.2     5.1   100.0    88.4    98.0   0.304   0.316 -99.000   0.380   0.379     7.5     8.1 -9999.0    10.1    11.5
63855 20161214  2.422  -85.13   36.01     5.6    -2.2     1.7     1.4     0.0     6.12 C    13.5    -3.2     3.1    99.9    68.4    89.9   0.293   0.307   0.340   0.386   0.380     7.0     7.9     8.7    10.2    11.4
63855 20161215  2.422  -85.13   36.01    -2.2    -9.3    -5.7    -6.6     0.0    10.60 C     6.8    -9.5    -4.3    87.6    32.7    53.0   0.283   0.299   0.307   0.390   0.382     4.3     6.3     7.9    10.0    11.3
63855 20161216  2.422  -85.13   36.01     5.3    -9.3    -2.0    -1.1     0.0     4.47 C     6.6    -9.9    -0.1    63.2    31.0    47.0   0.276   0.293   0.295   0.391   0.383     3.7     5.2     6.8     9.5    11.2
63855 20161217  2.422  -85.13   36.01    17.3     4.8    11.1    10.0     1.8     0.65 C    15.3     3.6     9.4   100.0    64.4    95.5   0.279   0.296   0.296   0.393   0.384     6.9     7.0     7.4     9.1    10.9
63855 20161218  2.422  -85.13   36.01    18.5    -6.1     6.2    -0.9    19.5     0.96 C    16.2    -4.4     0.6    99.9    84.3    93.3 -99.000   0.416   0.404   0.397   0.384     6.5     7.6     8.4     9.5    10.7
63855 20161219  2.422  -85.13   36.01    -1.3    -7.5    -4.4    -4.9     0.0     6.26 C     9.2   -10.3    -3.2    96.2    79.8    90.2   0.356   0.347   0.429   0.398   0.386     3.7     5.2     6.8     9.3    10.6
63855 20161220  2.422  -85.13   36.01     4.2   -10.0    -2.9    -2.5     0.0     6.47 C    11.3   -12.7    -2.7   100.0    72.8    94.6   0.326   0.321   0.395   0.399   0.386     3.3     4.7     6.1     8.7    10.4
63855 20161221  2.422  -85.13   36.01    12.2    -5.9     3.2     3.7     0.0    10.21 C    17.6    -7.6     3.3    99.7    25.0    62.4   0.315   0.315   0.358   0.400   0.387     4.1     5.0     6.0     8.4    10.1
63855 20161222  2.422  -85.13   36.01     9.1    -1.4     3.8     4.9     0.0    11.16 C    17.3    -5.0     3.9    87.0    31.3    59.3   0.304   0.309   0.330   0.401   0.388     5.5     6.3     6.8     8.5     9.9
63855 20161223  2.422  -85.13   36.01    12.9    -1.1     5.9     7.2     0.0     8.60 C    18.2    -3.8     6.8    86.6    26.7    54.8   0.294   0.302   0.311   0.403   0.388     5.8     6.4     7.0     8.6     9.8
63855 20161224  2.422  -85.13   36.01    13.1     8.0    10.5    10.9    20.6     1.01 C    13.0     7.1    10.4   100.0    55.4    94.5 -99.000 -99.000 -99.000 -99.000 -99.000     8.0     8.0 -9999.0 -9999.0 -9999.0
63855 20161225  2.422  -85.13   36.01    19.2    12.1    15.6    15.1     0.9     5.86 C    24.0     9.6    14.0   100.0    71.3    88.5 -99.000 -99.000 -99.000 -99.000 -99.000    10.2    10.2 -9999.0 -9999.0 -9999.0
63855 20161226  2.422  -85.13   36.01    16.3    14.2    15.2    15.1     0.0     1.86 C    16.9    11.7    13.8    97.8    76.9    88.7 -99.000 -99.000 -99.000 -99.000 -99.000 -9999.0 -9999.0 -9999.0 -9999.0 -9999.0
63855 20161227  2.422  -85.13   36.01    16.2    -0.6     7.8     9.0    21.4     6.63 C    16.5    -3.5     8.5    99.2    51.6    82.4 -99.000 -99.000 -99.000 -99.000 -99.000    11.5 -9999.0 -9999.0 -9999.0 -9999.0
63855 20161228  2.422  -85.13   36.01    13.6    -3.1     5.3     6.0     9.1    10.65 C    19.5    -5.4     5.7   100.0    32.3    71.2 -99.000 -99.000 -99.000 -99.000 -99.000 -9999.0     9.3 -9999.0 -9999.0 -9999.0
63855 20161229  2.422  -85.13   36.01    12.2     1.1     6.7     5.1     0.5    11.53 C    12.3    -1.8     4.6   100.0    36.5    62.5 -99.000 -99.000 -99.000 -99.000 -99.000     7.9     8.8 -9999.0    10.5 -9999.0
63855 20161230  2.422  -85.13   36.01     4.4    -4.0     0.2     0.4     0.0    11.81 C    12.4    -7.7    -0.5    76.9    34.4    50.9   0.381   0.367   0.449   0.407   0.394     5.3     6.8     8.2    10.1    11.0
63855 20161231  2.422  -85.13   36.01     4.7    -4.0     0.3     2.3     6.3     2.00 C     5.9    -7.6     1.0   100.0    41.0    68.1   0.366   0.356   0.418   0.407   0.394     4.7     5.9     7.2     9.5    10.7
