53139 20100101  1.302 -117.14   36.60    12.2     5.7     9.0     9.2     0.0     4.81 R    19.2     5.3     9.4 -9999.0 -9999.0 -9999.0 -99.000 -99.000 -99.000 -99.000 -99.000 -9999.0 -9999.0 -9999.0 -9999.0 -9999.0
53139 20100102  1.302 -117.14   36.60    15.1     0.8     8.0     8.8     0.0    11.01 R    23.5     1.9     9.9 -9999.0 -9999.0 -9999.0 -99.000 -99.000 -99.000 -99.000 -99.000 -9999.0 -9999.0 -9999.0 -9999.0 -9999.0
53139 20100103  1.302 -117.14   36.60    15.0    -0.2     7.4     8.8     0.0    11.05 R    23.6     1.3     9.8 -9999.0 -9999.0 -9999.0 -99.000 -99.000 -99.000 -99.000 -99.000 -9999.0 -9999.0 -9999.0 -9999.0 -9999.0
53139 20100104  1.302 -117.14   36.60    15.7     1.4     8.6     8.8     0.0    11.19 R    24.0     2.0    10.0 -9999.0 -9999.0 -9999.0 -99.000 -99.000 -99.000 -99.000 -99.000 -9999.0 -9999.0 -9999.0 -9999.0 -9999.0
53139 20100105  1.302 -117.14   36.60    15.5     1.5     8.5     9.5     0.0    11.14 R    24.2     2.0    10.4 -9999.0 -9999.0 -9999.0 -99.000 -99.000 -99.000 -99.000 -99.000 -9999.0 -9999.0 -9999.0 -9999.0 -9999.0
53139 20100106  1.302 -117.14   36.60    16.4     3.9    10.2    10.4     0.0    11.00 R    24.7     3.6    11.5 -9999.0 -9999.0 -9999.0 -99.000 -99.000 -99.000 -99.000 -99.000 -9999.0 -9999.0 -9999.0 -9999.0 -9999.0
53139 20100107  1.302 -117.14   36.60    19.1     5.7    12.4    12.5     0.0    11.00 R    27.0     5.5    13.8 -9999.0 -9999.0 -9999.0 -99.000 -99.000 -99.000 -99.000 -99.000 -9999.0 -9999.0 -9999.0 -9999.0 -9999.0
53139 20100108  1.302 -117.14   36.60    19.6     7.9    13.8    14.4     0.0     7.73 R    24.9     8.1    14.0 -9999.0 -9999.0 -9999.0 -99.000 -99.000 -99.000 -99.000 -99.000 -9999.0 -9999.0 -9999.0 -9999.0 -9999.0
53139 20100109  1.302 -117.14   36.60    17.2     6.0    11.6    12.0     0.0     9.37 R    26.5     5.7    13.0 -9999.0 -9999.0 -9999.0 -99.000 -99.000 -99.000 -99.000 -99.000 -9999.0 -9999.0 -9999.0 -9999.0 -9999.0
53139 20100110  1.302 -117.14   36.60    18.9     3.6    11.3    12.9     0.0    11.50 R    27.5     5.3    14.2 -9999.0 -9999.0 -9999.0 -99.000 -99.000 -99.000 -99.000 -99.000 -9999.0 -9999.0 -9999.0 -9999.0 -9999.0
53139 20100111  1.302 -117.14   36.60    18.8     5.1    11.9    12.7     0.0    10.56 R    27.5     6.1    13.9 -9999.0 -9999.0 -9999.0 -99.000 -99.000 -99.000 -99.000 -99.000 -9999.0 -9999.0 -9999.0 -9999.0 -9999.0
53139 20100112  1.302 -117.14   36.60    20.4     6.0    13.2    13.7     0.0    11.57 R    28.3     6.4    14.8 -9999.0 -9999.0 -9999.0 -99.000 -99.000 -99.000 -99.000 -99.000 -9999.0 -9999.0 -9999.0 -9999.0 -9999.0
53139 20100113  1.302 -117.14   36.60    19.0     7.7    13.3    14.7     0.0     7.73 R    25.7     8.7    14.3 -9999.0 -9999.0 -9999.0 -99.000 -99.000 -99.000 -99.000 -99.000 -9999.0 -9999.0 -9999.0 -9999.0 -9999.0
53139 20100114  1.302 -117.14   36.60    23.1    14.0    18.5    18.3     0.0    12.32 R    29.4    11.1    17.3 -9999.0 -9999.0 -9999.0 -99.000 -99.000 -99.000 -99.000 -99.000 -9999.0 -9999.0 -9999.0 -9999.0 -9999.0
53139 20100115  1.302 -117.14   36.60    18.8     8.5    13.6    14.5     0.0     8.99 R    25.5     7.5    14.5 -9999.0 -9999.0 -9999.0 -99.000 -99.000 -99.000 -99.000 -99.000 -9999.0 -9999.0 -9999.0 -9999.0 -9999.0
53139 20100116  1.302 -117.14   36.60    17.4     7.2    12.3    12.1     0.0     8.71 R    25.2     7.1    12.7 -9999.0 -9999.0 -9999.0 -99.000 -99.000 -99.000 -99.000 -99.000 -9999.0 -9999.0 -9999.0 -9999.0 -9999.0
53139 20100117  1.302 -117.14   36.60    14.9     2.2     8.5    10.9     0.0     7.38 R    22.2     3.9    11.6 -9999.0 -9999.0 -9999.0 -99.000 -99.000 -99.000 -99.000 -99.000 -9999.0 -9999.0 -9999.0 -9999.0 -9999.0
53139 20100118  1.302 -117.14   36.60    13.7     9.8    11.8    11.8     6.1     3.13 R    16.7     8.5    11.6 -9999.0 -9999.0 -9999.0 -99.000 -99.000 -99.000 -99.000 -99.000 -9999.0 -9999.0 -9999.0 -9999.0 -9999.0
53139 20100119  1.302 -117.14   36.60    13.2     5.4     9.3    10.4     0.0     4.08 R    13.9     5.7     9.5 -9999.0 -9999.0 -9999.0 -99.000 -99.000 -99.000 -99.000 -99.000 -9999.0 -9999.0 -9999.0 -9999.0 -9999.0
53139 20100120  1.302 -117.14   36.60     9.5     4.9     7.2     7.9     1.1     3.14 R    11.3     5.0     7.9 -9999.0 -9999.0 -9999.0 -99.000 -99.000 -99.000 -99.000 -99.000 -9999.0 -9999.0 -9999.0 -9999.0 -9999.0
53139 20100121  1.302 -117.14   36.60     9.6     4.6     7.1     7.4    13.1     1.58 R    12.1     5.1     7.0 -9999.0 -9999.0 -9999.0 -99.000 -99.000 -99.000 -99.000 -99.000 -9999.0 -9999.0 -9999.0 -9999.0 -9999.0
53139 20100122  1.302 -117.14   36.60 -9999.0 -9999.0 -9999.0 -9999.0     0.3     8.36 R    17.4     4.3     9.2 -9999.0 -9999.0 -9999.0 -99.000 -99.000 -99.000 -99.000 -99.000 -9999.0 -9999.0 -9999.0 -9999.0 -9999.0
53139 20100123  1.302 -117.14   36.60    13.9     5.7     9.8     9.7     0.0    12.96 R    19.7     4.9    10.4 -9999.0 -9999.0 -9999.0 -99.000 -99.000 -99.000 -99.000 -99.000 -9999.0 -9999.0 -9999.0 -9999.0 -9999.0
53139 20100124  1.302 -117.14   36.60    14.1     4.5     9.3     9.8     0.0    12.53 R    20.9     4.0    10.7 -9999.0 -9999.0 -9999.0 -99.000 -99.000 -99.000 -99.000 -99.000 -9999.0 -9999.0 -9999.0 -9999.0 -9999.0
53139 20100125  1.302 -117.14   36.60    14.5     4.8     9.7    10.4     0.0    11.10 R    21.2     4.9    11.2 -9999.0 -9999.0 -9999.0 -99.000 -99.000 -99.000 -99.000 -99.000 -9999.0 -9999.0 -9999.0 -9999.0 -9999.0
53139 20100126  1.302 -117.14   36.60    15.5     4.9    10.2    11.2     0.0     9.70 R    20.6     5.1    11.9 -9999.0 -9999.0 -9999.0 -99.000 -99.000 -99.000 -99.000 -99.000 -9999.0 -9999.0 -9999.0 -9999.0 -9999.0
53139 20100127  1.302 -117.14   36.60    19.7    10.0    14.8    14.9     0.0    12.46 R    25.6     9.5    15.4 -9999.0 -9999.0 -9999.0 -99.000 -99.000 -99.000 -99.000 -99.000 -9999.0 -9999.0 -9999.0 -9999.0 -9999.0
53139 20100128  1.302 -117.14   36.60    20.3    11.3    15.8    16.2     0.0    13.50 R    27.1     9.1    15.9 -9999.0 -9999.0 -9999.0 -99.000 -99.000 -99.000 -99.000 -99.000 -9999.0 -9999.0 -9999.0 -9999.0 -9999.0
53139 20100129  1.302 -117.14   36.60    15.5     8.4    11.9    12.6     0.0     7.09 R    20.1     8.3    12.6 -9999.0 -9999.0 -9999.0 -99.000 -99.000 -99.000 -99.000 -99.000 -9999.0 -9999.0 -9999.0 -9999.0 -9999.0
53139 20100130  1.302 -117.14   36.60    17.5     5.2    11.4    11.7     0.0    13.17 R    25.2     5.2    13.0 -9999.0 -9999.0 -9999.0 -99.000 -99.000 -99.000 -99.000 -99.000 -9999.0 -9999.0 -9999.0 -9999.0 -9999.0
53139 20100131  1.302 -117.14   36.60    18.0     7.0    12.5    12.6     0.0    12.59 R    25.2     6.6    13.5 -9999.0 -9999.0 -9999.0 -99.000 -99.000 -99.000 -99.000 -99.000 -9999.0 -9999.0 -9999.0 -9999.0 -9999.0
53139 20100201  1.302 -117.14   36.60    17.8     6.8    12.3    12.9     0.0    12.85 R    26.7     6.5    14.4 -9999.0 -9999.0 -9999.0 -99.000 -99.000 -99.000 -99.000 -99.000 -9999.0 -9999.0 -9999.0 -9999.0 -9999.0
53139 20100202  1.302 -117.14   36.60    18.8     7.1    12.9    13.8     0.0    10.50 R    25.7     8.3    14.8 -9999.0 -9999.0 -9999.0 -99.000 -99.000 -99.000 -99.000 -99.000 -9999.0 -9999.0 -9999.0 -9999.0 -9999.0
53139 20100203  1.302 -117.14   36.60    21.1     8.2    14.6    14.6     0.0    14.31 R    29.6     8.0    15.9 -9999.0 -9999.0 -9999.0 -99.000 -99.000 -99.000 -99.000 -99.000 -9999.0 -9999.0 -9999.0 -9999.0 -9999.0
53139 20100204  2.403 -117.14   36.60 -9999.0 -9999.0 -9999.0 -9999.0 -9999.0 -9999.00 U -9999.0 -9999.0 -9999.0 -9999.0 -9999.0 -9999.0 -99.000 -99.000 -99.000 -99.000 -99.000 -9999.0 -9999.0 -9999.0 -9999.0 -9999.0
53139 20100205  2.403 -117.14   36.60    17.7     9.7    13.7    13.6     0.8     5.64 R    24.9    10.2    14.3    83.0    34.7    57.5 -99.000 -99.000 -99.000 -99.000 -99.000 -9999.0 -9999.0 -9999.0 -9999.0 -9999.0
53139 20100206  2.403 -117.14   36.60    13.8     8.8    11.3    11.9     6.1     3.36 R    17.0     8.6    12.2    94.9    71.0    84.5 -99.000 -99.000 -99.000 -99.000 -99.000 -9999.0 -9999.0 -9999.0 -9999.0 -9999.0
53139 20100207  2.403 -117.14   36.60    14.7     9.2    12.0    11.5     8.4     8.25 R    19.4     9.9    12.4    96.2    49.8    80.6 -99.000 -99.000 -99.000 -99.000 -99.000 -9999.0 -9999.0 -9999.0 -9999.0 -9999.0
53139 20100208  2.403 -117.14   36.60    17.6     6.9    12.2    12.9     0.0    14.42 R    24.1     7.0    14.1    96.8    43.7    73.5 -99.000 -99.000 -99.000 -99.000 -99.000 -9999.0 -9999.0 -9999.0 -9999.0 -9999.0
53139 20100209  2.403 -117.14   36.60    16.0     9.6    12.8    12.9    10.9     5.64 R    20.4    10.1    13.1    95.0    52.2    72.6 -99.000 -99.000 -99.000 -99.000 -99.000 -9999.0 -9999.0 -9999.0 -9999.0 -9999.0
53139 20100210  2.403 -117.14   36.60    17.9     7.5    12.7    12.8     0.2    14.42 R    23.5     7.1    13.3    96.4    46.6    70.6 -99.000 -99.000 -99.000 -99.000 -99.000 -9999.0 -9999.0 -9999.0 -9999.0 -9999.0
53139 20100211  2.403 -117.14   36.60    17.1     8.8    12.9    13.2     0.0    12.39 R    23.2     8.2    13.6    89.4    45.8    66.7 -99.000 -99.000 -99.000 -99.000 -99.000 -9999.0 -9999.0 -9999.0 -9999.0 -9999.0
53139 20100212  2.403 -117.14   36.60    18.6     7.9    13.2    13.7     0.0    14.26 R    25.5     7.6    14.5    90.1    40.9    65.6 -99.000 -99.000 -99.000 -99.000 -99.000 -9999.0 -9999.0 -9999.0 -9999.0 -9999.0
53139 20100213  2.403 -117.14   36.60    20.2     8.8    14.5    14.5     0.0    14.93 R    27.4     8.1    15.6    88.9    35.6    62.8 -99.000 -99.000 -99.000 -99.000 -99.000 -9999.0 -9999.0 -9999.0 -9999.0 -9999.0
53139 20100214  2.403 -117.14   36.60    21.8     8.8    15.3    15.6     0.0    15.38 R    29.7     8.4    16.9    92.1    27.3    58.8 -99.000 -99.000 -99.000 -99.000 -99.000 -9999.0 -9999.0 -9999.0 -9999.0 -9999.0
53139 20100215  2.403 -117.14   36.60    22.6    10.8    16.7    16.7     0.0    15.55 R    31.5     9.9    18.0    82.0    30.1    54.0 -99.000 -99.000 -99.000 -99.000 -99.000 -9999.0 -9999.0 -9999.0 -9999.0 -9999.0
53139 20100216  2.403 -117.14   36.60    23.3    10.1    16.7    17.2     0.0    15.00 R    32.2     9.8    18.5    79.0    25.5    49.8 -99.000 -99.000 -99.000 -99.000 -99.000 -9999.0 -9999.0 -9999.0 -9999.0 -9999.0
53139 20100217  2.403 -117.14   36.60    24.5    11.4    17.9    18.2     0.0    15.67 R    33.9    10.9    19.8    77.8    25.0    46.3 -99.000 -99.000 -99.000 -99.000 -99.000 -9999.0 -9999.0 -9999.0 -9999.0 -9999.0
53139 20100218  2.403 -117.14   36.60    24.1    12.4    18.2    18.3     0.0    15.30 R    33.9    11.7    20.0    68.8    29.1    45.9 -99.000 -99.000 -99.000 -99.000 -99.000 -9999.0 -9999.0 -9999.0 -9999.0 -9999.0
53139 20100219  2.403 -117.14   36.60    23.9    14.1    19.0    18.5     0.0    13.98 R    33.6    13.7    20.2    60.9    19.9    39.4 -99.000 -99.000 -99.000 -99.000 -99.000 -9999.0 -9999.0 -9999.0 -9999.0 -9999.0
53139 20100220  2.403 -117.14   36.60    19.9    13.6    16.8    16.5     0.4    13.20 R    29.2    12.9    17.9    78.3    35.5    49.2 -99.000 -99.000 -99.000 -99.000 -99.000 -9999.0 -9999.0 -9999.0 -9999.0 -9999.0
53139 20100221  2.403 -117.14   36.60    20.3    11.0    15.6    16.1     0.0    16.24 R    31.7    10.6    18.5    64.8    24.3    40.8 -99.000 -99.000 -99.000 -99.000 -99.000 -9999.0 -9999.0 -9999.0 -9999.0 -9999.0
53139 20100222  2.403 -117.14   36.60    18.5    10.4    14.5    14.5     0.8    16.92 R    26.6     9.4    15.7    62.1    11.8    26.9 -99.000 -99.000 -99.000 -99.000 -99.000 -9999.0 -9999.0 -9999.0 -9999.0 -9999.0
53139 20100223  2.403 -117.14   36.60    19.0     7.2    13.1    14.2     0.0    15.18 R    31.3     7.0    16.0    52.5    10.3    24.4 -99.000 -99.000 -99.000 -99.000 -99.000 -9999.0 -9999.0 -9999.0 -9999.0 -9999.0
53139 20100224  2.403 -117.14   36.60    20.0     8.2    14.1    15.1     0.0    12.96 R    30.9     9.0    16.8    56.7    15.6    27.9 -99.000 -99.000 -99.000 -99.000 -99.000 -9999.0 -9999.0 -9999.0 -9999.0 -9999.0
53139 20100225  2.403 -117.14   36.60    23.8     9.7    16.7    17.9     0.0    17.58 R    35.6     9.7    20.0    55.8    14.7    29.4 -99.000 -99.000 -99.000 -99.000 -99.000 -9999.0 -9999.0 -9999.0 -9999.0 -9999.0
53139 20100226  2.403 -117.14   36.60    21.4    11.7    16.6    17.9     0.0    12.32 R    31.8    12.4    19.3    49.6    18.0    26.4 -99.000 -99.000 -99.000 -99.000 -99.000 -9999.0 -9999.0 -9999.0 -9999.0 -9999.0
53139 20100227  2.403 -117.14   36.60    19.7    11.8    15.7    13.9    10.5     3.15 R    18.2    11.1    14.1    89.5    20.8    67.6 -99.000 -99.000 -99.000 -99.000 -99.000 -9999.0 -9999.0 -9999.0 -9999.0 -9999.0
53139 20100228  2.403 -117.14   36.60    24.1     8.8    16.5    15.9     0.0    17.75 R    29.9     8.4    17.0    93.0    20.8    61.4 -99.000 -99.000 -99.000 -99.000 -99.000 -9999.0 -9999.0 -9999.0 -9999.0 -9999.0
53139 20100301  2.403 -117.14   36.60    22.5    11.6    17.0    17.7     0.0    14.37 R    29.8    10.9    18.0    69.7    22.1    41.7 -99.000 -99.000 -99.000 -99.000 -99.000 -9999.0 -9999.0 -9999.0 -9999.0 -9999.0
53139 20100302  2.403 -117.14   36.60    24.5    10.9    17.7    17.6     0.0    17.14 R    32.9    10.7    19.5    81.2    20.8    46.9 -99.000 -99.000 -99.000 -99.000 -99.000 -9999.0 -9999.0 -9999.0 -9999.0 -9999.0
53139 20100303  2.403 -117.14   36.60    22.3    11.5    16.9    17.7     0.0    16.76 R    31.6    10.6    19.2    66.7    17.9    39.2 -99.000 -99.000 -99.000 -99.000 -99.000 -9999.0 -9999.0 -9999.0 -9999.0 -9999.0
53139 20100304  2.403 -117.14   36.60    20.2    13.1    16.7    16.8     0.0    19.03 R    29.1    12.2    18.9    44.6    16.3    26.2 -99.000 -99.000 -99.000 -99.000 -99.000 -9999.0 -9999.0 -9999.0 -9999.0 -9999.0
53139 20100305  2.403 -117.14   36.60    20.4    10.0    15.2    15.6     0.0    17.26 R    32.1     9.0    18.3    53.4    21.1    34.5 -99.000 -99.000 -99.000 -99.000 -99.000 -9999.0 -9999.0 -9999.0 -9999.0 -9999.0
53139 20100306  2.403 -117.14   36.60    21.7    11.9    16.8    17.1     0.0    10.83 R    33.9    12.5    18.5    56.9    18.6    34.7 -99.000 -99.000 -99.000 -99.000 -99.000 -9999.0 -9999.0 -9999.0 -9999.0 -9999.0
53139 20100307  2.403 -117.14   36.60    21.1    12.8    16.9    16.9     0.0    18.07 R    38.2    13.6    20.7    62.0    31.4    44.5 -99.000 -99.000 -99.000 -99.000 -99.000 -9999.0 -9999.0 -9999.0 -9999.0 -9999.0
53139 20100308  2.403 -117.14   36.60    22.1    12.1    17.1    17.1     0.0    18.57 R    35.5    11.4    20.4    68.9    18.0    44.9 -99.000 -99.000 -99.000 -99.000 -99.000 -9999.0 -9999.0 -9999.0 -9999.0 -9999.0
53139 20100309  2.403 -117.14   36.60    20.6     8.4    14.5    15.6     0.0    15.73 R    31.7     9.3    17.8    73.9    12.2    28.6 -99.000 -99.000 -99.000 -99.000 -99.000 -9999.0 -9999.0 -9999.0 -9999.0 -9999.0
53139 20100310  2.403 -117.14   36.60    19.8     8.5    14.2    14.4     0.0    19.48 R    35.4     8.2    17.6    50.1    11.0    25.9 -99.000 -99.000 -99.000 -99.000 -99.000 -9999.0 -9999.0 -9999.0 -9999.0 -9999.0
53139 20100311  2.403 -117.14   36.60    20.6    11.6    16.1    15.7     0.0    20.22 R    34.8     9.2    18.8    28.8    11.4    18.0 -99.000 -99.000 -99.000 -99.000 -99.000 -9999.0 -9999.0 -9999.0 -9999.0 -9999.0
53139 20100312  2.403 -117.14   36.60    21.9     9.4    15.6    16.1     0.0    20.38 R    36.3     8.6    20.1    41.0    13.9    24.7 -99.000 -99.000 -99.000 -99.000 -99.000 -9999.0 -9999.0 -9999.0 -9999.0 -9999.0
53139 20100313  2.403 -117.14   36.60    23.7    10.8    17.3    17.2     0.0    20.01 R    35.2    11.3    19.3    43.3     6.6    20.4 -99.000 -99.000 -99.000 -99.000 -99.000 -9999.0 -9999.0 -9999.0 -9999.0 -9999.0
53139 20100314  2.403 -117.14   36.60    24.3    10.1    17.2    18.3     0.0    21.31 R    36.5     9.0    20.4    20.4     6.8    11.3 -99.000 -99.000 -99.000 -99.000 -99.000 -9999.0 -9999.0 -9999.0 -9999.0 -9999.0
53139 20100315  2.403 -117.14   36.60    26.3    11.8    19.0    20.4     0.0    19.58 R    39.8    11.8    23.0    29.2    11.8    17.4 -99.000 -99.000 -99.000 -99.000 -99.000 -9999.0 -9999.0 -9999.0 -9999.0 -9999.0
53139 20100316  2.403 -117.14   36.60    29.0    12.7    20.9    21.3     0.0    20.48 R    41.7    12.4    24.1    43.5    12.7    24.2 -99.000 -99.000 -99.000 -99.000 -99.000 -9999.0 -9999.0 -9999.0 -9999.0 -9999.0
53139 20100317  2.403 -117.14   36.60    30.1    14.4    22.2    22.9     0.0    20.47 R    44.1    13.8    25.6    41.1     6.5    19.9 -99.000 -99.000 -99.000 -99.000 -99.000 -9999.0 -9999.0 -9999.0 -9999.0 -9999.0
53139 20100318  2.403 -117.14   36.60    30.7    13.5    22.1    23.2     0.0    18.57 R    44.1    14.4    25.7    34.8     8.6    16.4 -99.000 -99.000 -99.000 -99.000 -99.000 -9999.0 -9999.0 -9999.0 -9999.0 -9999.0
53139 20100319  2.403 -117.14   36.60    29.3    18.7    24.0    23.5     0.0    21.99 R    44.6    16.1    26.4    15.8     3.9     7.3 -99.000 -99.000 -99.000 -99.000 -99.000 -9999.0 -9999.0 -9999.0 -9999.0 -9999.0
53139 20100320  2.403 -117.14   36.60    27.2    15.2    21.2    22.0     0.0    17.62 R    38.4    14.4    23.2    23.9     6.7    11.7 -99.000 -99.000 -99.000 -99.000 -99.000 -9999.0 -9999.0 -9999.0 -9999.0 -9999.0
53139 20100321  2.403 -117.14   36.60    26.7    14.6    20.6    21.0     0.0    17.79 R    41.5    13.7    24.1    34.1    10.0    16.8 -99.000 -99.000 -99.000 -99.000 -99.000 -9999.0 -9999.0 -9999.0 -9999.0 -9999.0
53139 20100322  2.403 -117.14   36.60    29.5    13.3    21.4    22.7     0.0    22.00 R    41.0    13.8    25.1    35.4     9.3    17.2 -99.000 -99.000 -99.000 -99.000 -99.000 -9999.0 -9999.0 -9999.0 -9999.0 -9999.0
53139 20100323  2.403 -117.14   36.60    26.9    17.0    21.9    22.0     0.0    22.29 R    42.1    16.2    25.3    19.0     5.3    11.7 -99.000 -99.000 -99.000 -99.000 -99.000 -9999.0 -9999.0 -9999.0 -9999.0 -9999.0
53139 20100324  2.403 -117.14   36.60    26.4    13.5    20.0    20.3     0.0    17.95 R    39.6    12.6    22.7    22.6     8.3    13.7 -99.000 -99.000 -99.000 -99.000 -99.000 -9999.0 -9999.0 -9999.0 -9999.0 -9999.0
53139 20100325  2.403 -117.14   36.60    27.5    12.1    19.8    20.9     0.0    19.93 R    41.5    12.1    23.9    30.4    10.3    17.8 -99.000 -99.000 -99.000 -99.000 -99.000 -9999.0 -9999.0 -9999.0 -9999.0 -9999.0
53139 20100326  2.403 -117.14   36.60    26.5    16.7    21.6    21.1     0.0    22.65 R    42.3    14.9    24.6    24.2     7.5    14.2 -99.000 -99.000 -99.000 -99.000 -99.000 -9999.0 -9999.0 -9999.0 -9999.0 -9999.0
53139 20100327  2.403 -117.14   36.60    25.0    14.3    19.6    20.2     0.0    22.88 R    41.7    13.7    24.3    21.9     7.1    12.6 -99.000 -99.000 -99.000 -99.000 -99.000 -9999.0 -9999.0 -9999.0 -9999.0 -9999.0
53139 20100328  2.403 -117.14   36.60    27.2    11.9    19.6    20.3     0.0    21.28 R    40.9    11.3    24.1    22.9     6.6    12.6 -99.000 -99.000 -99.000 -99.000 -99.000 -9999.0 -9999.0 -9999.0 -9999.0 -9999.0
53139 20100329  2.403 -117.14   36.60    26.4    14.3    20.3    21.1     0.0    15.68 R    40.2    14.9    23.7    23.2     7.9    13.2 -99.000 -99.000 -99.000 -99.000 -99.000 -9999.0 -9999.0 -9999.0 -9999.0 -9999.0
53139 20100330  2.403 -117.14   36.60    33.8    13.0    23.4    23.9     0.0    17.96 R    47.4    13.7    26.0    30.5     2.7    14.2 -99.000 -99.000 -99.000 -99.000 -99.000 -9999.0 -9999.0 -9999.0 -9999.0 -9999.0
53139 20100331  2.403 -117.14   36.60    24.4    12.0    18.2    19.6     0.0    18.36 R    33.5    11.7    21.1    39.0     6.5    20.9 -99.000 -99.000 -99.000 -99.000 -99.000 -9999.0 -9999.0 -9999.0 -9999.0 -9999.0
53139 20100401  2.403 -117.14   36.60    22.5     8.6    15.5    16.5     0.0    23.47 R    39.5     8.6    20.8    46.8    11.6    23.6 -99.000 -99.000 -99.000 -99.000 -99.000 -9999.0 -9999.0 -9999.0 -9999.0 -9999.0
53139 20100402  2.403 -117.14   36.60    23.5    13.6    18.5    18.6     0.0    20.94 R    36.8    12.2    21.9    27.2    13.3    19.4 -99.000 -99.000 -99.000 -99.000 -99.000 -9999.0 -9999.0 -9999.0 -9999.0 -9999.0
53139 20100403  2.403 -117.14   36.60    25.1    12.5    18.8    19.8     0.0    20.12 R    37.5    11.4    22.7    33.8     8.9    21.7 -99.000 -99.000 -99.000 -99.000 -99.000 -9999.0 -9999.0 -9999.0 -9999.0 -9999.0
53139 20100404  2.403 -117.14   36.60    27.0    14.0    20.5    20.2     0.0    22.58 R    42.8    12.8    24.1    30.7     6.4    15.2 -99.000 -99.000 -99.000 -99.000 -99.000 -9999.0 -9999.0 -9999.0 -9999.0 -9999.0
53139 20100405  2.403 -117.14   36.60    24.0    14.4    19.2    19.8     0.0    21.29 R    35.3    12.3    21.6    36.5     5.9    17.9   0.025   0.019 -99.000 -99.000 -99.000    23.7    24.0 -9999.0 -9999.0 -9999.0
53139 20100406  2.403 -117.14   36.60    23.9    11.9    17.9    18.2     0.0    24.86 R    42.2    10.7    23.3    20.4     8.1    13.3   0.025   0.019 -99.000 -99.000 -99.000    23.9    24.1 -9999.0 -9999.0 -9999.0
53139 20100407  2.403 -117.14   36.60    27.4    16.0    21.7    21.9     0.0    24.76 R    44.5    14.1    26.1    21.3     9.2    13.5   0.024   0.019 -99.000 -99.000 -99.000    25.8    25.9 -9999.0 -9999.0 -9999.0
53139 20100408  2.403 -117.14   36.60    29.6    13.5    21.6    22.4     0.0    24.81 R    46.4    13.9    26.6    26.9     8.2    14.9   0.023   0.019 -99.000 -99.000 -99.000    26.8    26.9 -9999.0 -9999.0 -9999.0
53139 20100409  2.403 -117.14   36.60    31.0    16.1    23.5    24.6     0.0    24.54 R    48.6    15.2    28.6    27.3     9.3    14.9   0.022   0.018 -99.000 -99.000 -99.000    28.1    28.2 -9999.0 -9999.0 -9999.0
53139 20100410  2.403 -117.14   36.60    32.3    17.8    25.0    25.2     0.0    24.56 R    49.4    16.9    29.2    19.3     3.6     9.6   0.021   0.018 -99.000 -99.000 -99.000    28.8    28.9 -9999.0 -9999.0 -9999.0
53139 20100411  2.403 -117.14   36.60    28.5    18.1    23.3    22.5     0.0    19.65 R    40.7    17.0    25.9    33.3     7.3    18.7   0.020   0.017 -99.000 -99.000 -99.000    27.7    27.8 -9999.0 -9999.0 -9999.0
53139 20100412  2.403 -117.14   36.60    23.0    12.9    17.9    18.2     1.7    20.01 R    44.3    12.4    21.9    50.9    17.4    34.3   0.019   0.015 -99.000 -99.000 -99.000    24.8    25.1 -9999.0 -9999.0 -9999.0
53139 20100413  2.403 -117.14   36.60    25.3    10.7    18.0    18.7     0.0    25.26 R    41.9    10.2    23.7    62.7    14.1    30.7   0.024   0.017 -99.000 -99.000 -99.000    24.4    24.5 -9999.0 -9999.0 -9999.0
53139 20100414  2.403 -117.14   36.60    29.2    13.0    21.1    22.2     0.0    24.19 R    41.6    12.6    25.6    36.4    10.3    18.4   0.026   0.019 -99.000 -99.000 -99.000    26.0    26.2 -9999.0 -9999.0 -9999.0
53139 20100415  2.403 -117.14   36.60    30.6    16.5    23.6    23.9     0.0    22.00 R    46.2    15.3    27.9    31.2    10.7    18.2   0.024   0.019 -99.000 -99.000 -99.000    27.6    27.7 -9999.0 -9999.0 -9999.0
53139 20100416  2.403 -117.14   36.60    33.9    18.7    26.3    26.8     0.0    25.06 R    50.6    17.7    31.1    29.4     5.3    13.9   0.023   0.018 -99.000 -99.000 -99.000    30.1    30.2 -9999.0 -9999.0 -9999.0
53139 20100417  2.403 -117.14   36.60    34.2    18.5    26.3    26.6     0.0    25.01 R    50.8    18.0    31.3    28.2     8.4    15.6   0.021   0.018 -99.000 -99.000 -99.000    30.8    30.9 -9999.0 -9999.0 -9999.0
53139 20100418  2.403 -117.14   36.60    34.0    17.8    25.9    27.4     0.0    21.99 R    51.6    17.5    31.4    23.3     5.0    11.8   0.020   0.017 -99.000 -99.000 -99.000    31.1    31.2 -9999.0 -9999.0 -9999.0
53139 20100419  2.403 -117.14   36.60    35.1    19.4    27.3    28.2     0.0    25.39 R    51.3    18.9    32.8    28.7     6.4    13.5   0.019   0.016 -99.000 -99.000 -99.000    32.2    32.2 -9999.0 -9999.0 -9999.0
53139 20100420  2.403 -117.14   36.60    32.8    17.2    25.0    24.3     0.5    22.80 R    47.0    16.2    27.0    58.1    11.2    24.3   0.018   0.015 -99.000 -99.000 -99.000    29.9    30.1 -9999.0 -9999.0 -9999.0
53139 20100421  2.403 -117.14   36.60    17.7    10.3    14.0    14.4     4.3    14.39 R    29.8    10.8    17.5    76.0    23.7    48.6   0.030   0.025 -99.000 -99.000 -99.000    22.8    23.0 -9999.0 -9999.0 -9999.0
53139 20100422  2.403 -117.14   36.60    19.9     9.4    14.6    14.7     5.2    20.80 R    32.5    10.8    18.6    90.5    31.3    58.3   0.055   0.044 -99.000 -99.000 -99.000    21.4    21.6 -9999.0 -9999.0 -9999.0
53139 20100423  2.403 -117.14   36.60    30.0    11.7    20.8    21.5     0.0    26.39 R    42.1    12.3    26.2    83.2    10.2    35.9   0.057   0.050 -99.000 -99.000 -99.000    25.6    25.6 -9999.0 -9999.0 -9999.0
53139 20100424  2.403 -117.14   36.60    33.3    17.4    25.3    26.7     0.0    26.90 R    48.6    16.7    30.6    31.1     7.4    14.1   0.054   0.047 -99.000 -99.000 -99.000    29.6    29.6 -9999.0 -9999.0 -9999.0
53139 20100425  2.403 -117.14   36.60    34.0    22.0    28.0    29.0     0.0    26.57 R    50.2    21.0    33.1    23.4     8.0    13.2   0.050   0.044 -99.000 -99.000 -99.000    31.9    31.9 -9999.0 -9999.0 -9999.0
53139 20100426  2.403 -117.14   36.60    36.1    22.4    29.3    29.8     0.0    26.61 R    52.5    21.7    34.2    22.2     7.9    12.8   0.048   0.041 -99.000 -99.000 -99.000    33.3    33.4 -9999.0 -9999.0 -9999.0
53139 20100427  2.403 -117.14   36.60    37.0    21.4    29.2    29.2     0.0    20.09 R    48.5    22.0    31.7    29.0     6.9    16.0   0.044   0.038 -99.000 -99.000 -99.000    32.5    32.5 -9999.0 -9999.0 -9999.0
53139 20100428  2.403 -117.14   36.60    32.7    18.6    25.6    24.8     0.0    26.70 R    47.7    18.9    29.0    31.7     4.0    17.6   0.041   0.036 -99.000 -99.000 -99.000    31.4    31.6 -9999.0 -9999.0 -9999.0
53139 20100429  2.403 -117.14   36.60    24.3    15.4    19.9    19.8     0.0    26.82 R    40.1    14.6    24.5    20.2     6.9    12.6   0.038   0.033 -99.000 -99.000 -99.000    28.0    28.2 -9999.0 -9999.0 -9999.0
53139 20100430  2.403 -117.14   36.60    28.2    15.4    21.8    21.7     0.0    27.48 R    44.3    14.3    26.7    21.7     8.6    13.9   0.036   0.032 -99.000 -99.000 -99.000    28.0    28.2 -9999.0 -9999.0 -9999.0
53139 20100501  2.403 -117.14   36.60    30.1    18.6    24.3    24.4     0.0    27.51 R    48.7    17.1    29.6    19.8     7.0    12.4   0.034   0.031 -99.000 -99.000 -99.000    30.0    30.1 -9999.0 -9999.0 -9999.0
53139 20100502  2.403 -117.14   36.60    31.9    21.3    26.6    26.6     0.0    28.24 R    44.1    19.1    29.8    15.7     3.1     7.1   0.032   0.029 -99.000 -99.000 -99.000    30.3    30.5 -9999.0 -9999.0 -9999.0
53139 20100503  2.403 -117.14   36.60    33.5    19.8    26.6    27.5     0.0    28.03 R    48.2    18.5    31.7    11.8     5.2     7.7   0.030   0.027 -99.000 -99.000 -99.000    31.6    31.7 -9999.0 -9999.0 -9999.0
53139 20100504  2.403 -117.14   36.60    36.7    18.5    27.6    29.3     0.0    27.67 R    54.0    19.2    34.4    20.9     7.9    12.3   0.028   0.025 -99.000 -99.000 -99.000    33.6    33.6 -9999.0 -9999.0 -9999.0
53139 20100505  2.403 -117.14   36.60    36.3    21.6    29.0    30.0     0.0    27.47 R    49.9    21.4    34.7    27.2     7.2    15.0   0.026   0.024 -99.000 -99.000 -99.000    34.7    34.7 -9999.0 -9999.0 -9999.0
53139 20100506  2.403 -117.14   36.60    29.4    20.8    25.1    25.5     0.0    27.39 R    49.1    20.3    31.5     8.8     4.7     6.8   0.024   0.022 -99.000 -99.000 -99.000    33.5    33.6 -9999.0 -9999.0 -9999.0
53139 20100507  2.403 -117.14   36.60    31.7    20.1    25.9    25.6     0.0    28.45 R    51.1    18.5    31.9    11.7     4.2     6.1   0.023   0.020 -99.000 -99.000 -99.000    33.1    33.2 -9999.0 -9999.0 -9999.0
53139 20100508  2.403 -117.14   36.60    35.3    18.8    27.0    27.7     0.0    26.84 R    51.6    18.1    32.7    14.5     5.4     9.1   0.022   0.020 -99.000 -99.000 -99.000    33.6    33.7 -9999.0 -9999.0 -9999.0
53139 20100509  2.403 -117.14   36.60    34.1    20.0    27.1    25.7     0.0    26.10 R    49.4    19.3    29.8    25.4     2.8    14.3   0.020   0.017 -99.000 -99.000 -99.000    32.5    32.6 -9999.0 -9999.0 -9999.0
53139 20100510  2.403 -117.14   36.60    32.5    16.5    24.5    23.6     0.0    27.57 R    49.4    16.1    29.5    40.9     6.9    18.9   0.019   0.017 -99.000 -99.000 -99.000    31.4    31.5 -9999.0 -9999.0 -9999.0
53139 20100511  2.403 -117.14   36.60    28.6    16.0    22.3    22.3     0.0    27.53 R    46.5    14.8    28.3    18.0     8.1    12.0   0.018   0.015 -99.000 -99.000 -99.000    30.8    30.9 -9999.0 -9999.0 -9999.0
53139 20100512  2.403 -117.14   36.60    32.1    20.7    26.4    26.9     0.0    28.40 R    50.7    18.8    32.3    22.7     6.7    12.8   0.019   0.016 -99.000 -99.000 -99.000    32.5    32.5 -9999.0 -9999.0 -9999.0
53139 20100513  2.403 -117.14   36.60    31.6    21.9    26.7    27.3     0.0    24.68 R    50.4    20.5    32.9    19.8     8.3    12.6   0.018   0.016 -99.000 -99.000 -99.000    33.5    33.5 -9999.0 -9999.0 -9999.0
53139 20100514  2.403 -117.14   36.60    34.8    23.7    29.3    29.3     0.0    28.39 R    54.8    21.8    35.3    15.7     6.8    11.2   0.018   0.016 -99.000 -99.000 -99.000    35.2    35.2 -9999.0 -9999.0 -9999.0
53139 20100515  2.403 -117.14   36.60    37.2    22.3    29.8    31.0     0.0    28.52 R    52.8    21.6    35.7    17.1     5.5     9.8   0.018   0.015 -99.000 -99.000 -99.000    35.9    35.9 -9999.0 -9999.0 -9999.0
53139 20100516  2.403 -117.14   36.60    38.8    22.1    30.4    32.1     0.0    25.56 R    55.3    22.3    36.4    18.5     5.7    10.2   0.017   0.016 -99.000 -99.000 -99.000    36.3    36.3 -9999.0 -9999.0 -9999.0
53139 20100517  2.403 -117.14   36.60    33.4    22.1    27.8    28.9     0.0     8.95 R    39.8    21.6    29.9    32.1     8.5    16.2   0.016   0.014 -99.000 -99.000 -99.000    33.3    33.5 -9999.0 -9999.0 -9999.0
53139 20100518  2.403 -117.14   36.60    31.9    17.5    24.7    25.7     0.0    28.19 R    50.7    17.8    32.1    42.0    15.3    24.9   0.016   0.015 -99.000 -99.000 -99.000    33.3    33.3 -9999.0 -9999.0 -9999.0
53139 20100519  2.403 -117.14   36.60    36.2    21.1    28.6    29.7     0.0    28.35 R    53.9    21.0    35.4    29.6    10.1    16.4   0.017   0.016 -99.000 -99.000 -99.000    35.5    35.5 -9999.0 -9999.0 -9999.0
53139 20100520  2.403 -117.14   36.60    37.9    23.0    30.4    31.3     0.0    26.43 R    54.4    22.7    36.6    28.3    10.6    17.0   0.017   0.016 -99.000 -99.000 -99.000    36.8    36.8 -9999.0 -9999.0 -9999.0
53139 20100521  2.403 -117.14   36.60    38.3    23.4    30.8    30.3     0.0    28.53 R    51.4    22.8    35.2    25.5     4.5    12.9   0.017   0.016 -99.000 -99.000 -99.000    36.6    36.6 -9999.0 -9999.0 -9999.0
53139 20100522  2.403 -117.14   36.60    30.0    20.5    25.2    25.2     0.0    29.57 R    47.1    19.7    30.6    14.6     4.2     7.5   0.015   0.015 -99.000 -99.000 -99.000    34.3    34.4 -9999.0 -9999.0 -9999.0
53139 20100523  2.403 -117.14   36.60    24.6    15.1    19.9    20.2     0.0    23.57 R    43.7    17.5    25.3    42.8    10.8    20.7   0.013   0.014 -99.000 -99.000 -99.000    30.2    30.4 -9999.0 -9999.0 -9999.0
53139 20100524  2.403 -117.14   36.60    28.6    15.0    21.8    22.6     0.0    27.66 R    45.9    14.7    28.6    31.9     8.1    17.2   0.014   0.014 -99.000 -99.000 -99.000    30.7    30.8 -9999.0 -9999.0 -9999.0
53139 20100525  2.403 -117.14   36.60    32.5    16.7    24.6    26.2     0.0    26.00 R    49.1    16.9    31.4    23.0     6.3    13.8   0.015   0.014 -99.000 -99.000 -99.000    32.2    32.2 -9999.0 -9999.0 -9999.0
53139 20100526  2.403 -117.14   36.60    33.1    22.6    27.9    27.9     0.0    25.26 R    50.5    21.9    32.4    26.0     6.2    15.6   0.015   0.015 -99.000 -99.000 -99.000    33.7    33.8 -9999.0 -9999.0 -9999.0
53139 20100527  2.403 -117.14   36.60    31.8    20.7    26.3    26.3     0.0    29.75 R    49.2    19.9    31.4    31.0     9.6    19.0   0.014   0.014 -99.000 -99.000 -99.000    33.5    33.5 -9999.0 -9999.0 -9999.0
53139 20100528  2.403 -117.14   36.60    30.3    17.6    24.0    24.6     0.0    29.43 R    49.9    17.3    31.8    31.2     8.4    17.1   0.014   0.014 -99.000 -99.000 -99.000    33.6    33.7 -9999.0 -9999.0 -9999.0
53139 20100529  2.403 -117.14   36.60    34.0    21.4    27.7    27.7     0.0    29.78 R    53.0    20.0    34.5    20.4     6.8    12.7   0.014   0.015 -99.000 -99.000 -99.000    35.0    35.0 -9999.0 -9999.0 -9999.0
53139 20100530  2.403 -117.14   36.60    36.9    24.5    30.7    31.6     0.0    28.24 R    56.3    23.0    37.2    14.9     6.4    10.3   0.015   0.015 -99.000 -99.000 -99.000    37.0    37.0 -9999.0 -9999.0 -9999.0
53139 20100531  2.403 -117.14   36.60    40.0    23.2    31.6    33.1     0.0    27.86 R    57.7    23.3    38.7    16.1     4.9     9.3   0.015   0.015 -99.000 -99.000 -99.000    38.3    38.2 -9999.0 -9999.0 -9999.0
53139 20100601  2.403 -117.14   36.60    39.0    26.6    32.8    33.5     0.0    25.47 R    53.7    26.5    37.9    24.4     8.8    13.3   0.015   0.015 -99.000 -99.000 -99.000    38.7    38.7 -9999.0 -9999.0 -9999.0
53139 20100602  2.403 -117.14   36.60    40.4    27.2    33.8    34.0     0.0    26.72 R    53.9    26.2    39.1    30.5    12.1    19.8   0.015   0.015 -99.000 -99.000 -99.000    39.3    39.3 -9999.0 -9999.0 -9999.0
53139 20100603  2.403 -117.14   36.60    41.9    28.7    35.3    35.4     0.0    26.98 R    56.3    28.0    40.5    24.8     8.1    16.4   0.016   0.016 -99.000 -99.000 -99.000    40.5    40.5 -9999.0 -9999.0 -9999.0
53139 20100604  2.403 -117.14   36.60    43.6    30.4    37.0    37.0     0.0    28.11 R    58.8    29.5    43.0    28.7    13.2    19.6   0.017   0.016 -99.000 -99.000 -99.000    42.2    42.2 -9999.0 -9999.0 -9999.0
53139 20100605  2.403 -117.14   36.60    45.9    32.2    39.0    39.4     0.0    28.36 R    62.0    31.4    45.2    28.3    11.0    17.3   0.017   0.016 -99.000 -99.000 -99.000    44.1    44.1 -9999.0 -9999.0 -9999.0
53139 20100606  2.403 -117.14   36.60    47.3    32.8    40.0    40.4     0.0    28.51 R    61.4    32.0    45.7    25.0     8.5    15.7   0.017   0.016 -99.000 -99.000 -99.000    45.1    45.0 -9999.0 -9999.0 -9999.0
53139 20100607  2.403 -117.14   36.60    46.0    32.6    39.3    39.5     0.0    28.13 R    60.2    31.7    44.6    24.8     9.4    16.0   0.016   0.016 -99.000 -99.000 -99.000    44.9    44.9 -9999.0 -9999.0 -9999.0
53139 20100608  2.403 -117.14   36.60    44.6    31.9    38.3    39.3     0.0    28.23 R    59.2    31.9    44.1    21.4     8.6    13.5   0.016   0.016 -99.000 -99.000 -99.000    44.9    44.8 -9999.0 -9999.0 -9999.0
53139 20100609  2.403 -117.14   36.60    42.5    29.9    36.2    36.5     0.0    28.54 R    55.2    29.4    41.7    20.4     9.0    13.7   0.015   0.016 -99.000 -99.000 -99.000    43.4    43.5 -9999.0 -9999.0 -9999.0
53139 20100610  2.403 -117.14   36.60    40.4    29.1    34.8    34.5     0.0    29.62 R    55.3    28.2    39.8    22.1     4.2    12.3   0.014   0.015 -99.000 -99.000 -99.000    42.1    42.1 -9999.0 -9999.0 -9999.0
53139 20100611  2.403 -117.14   36.60    34.5    26.0    30.2    29.9     0.0    29.83 R    48.1    25.0    34.1    19.7     7.1    11.6   0.014   0.014 -99.000 -99.000 -99.000    38.3    38.5 -9999.0 -9999.0 -9999.0
53139 20100612  2.403 -117.14   36.60    34.0    26.3    30.1    30.0     0.0    17.95 R    50.5    25.7    33.5    20.6    11.5    16.4   0.014   0.014 -99.000 -99.000 -99.000    36.5    36.6 -9999.0 -9999.0 -9999.0
53139 20100613  2.403 -117.14   36.60    38.5    24.6    31.5    32.3     0.0    28.99 R    56.9    24.2    38.8    26.3     8.5    15.2   0.015   0.014 -99.000 -99.000 -99.000    39.1    39.1 -9999.0 -9999.0 -9999.0
53139 20100614  2.403 -117.14   36.60    42.1    26.2    34.1    35.2     0.0    29.93 R    59.7    25.8    41.0    13.6     4.0     7.3   0.015   0.014 -99.000 -99.000 -99.000    41.3    41.2 -9999.0 -9999.0 -9999.0
53139 20100615  2.403 -117.14   36.60    44.5    26.5    35.5    36.1     0.0    29.04 R    62.2    26.4    41.4    14.8     3.7     7.9   0.015   0.014 -99.000 -99.000 -99.000    41.9    41.8 -9999.0 -9999.0 -9999.0
53139 20100616  2.403 -117.14   36.60    40.8    27.7    34.2    34.2     0.0    29.97 R    55.4    26.2    39.7    13.0     1.5     6.6   0.015   0.013 -99.000 -99.000 -99.000    41.6    41.7 -9999.0 -9999.0 -9999.0
53139 20100617  2.403 -117.14   36.60    39.3    24.7    32.0    32.8     0.0    30.43 R    58.0    24.2    39.3     6.3     2.6     3.9   0.015   0.013 -99.000 -99.000 -99.000    40.9    40.9 -9999.0 -9999.0 -9999.0
53139 20100618  2.403 -117.14   36.60    43.4    25.3    34.3    34.5     0.0    30.04 R    58.5    25.0    39.7    11.6     2.4     6.0   0.016   0.013 -99.000 -99.000 -99.000    41.0    41.0 -9999.0 -9999.0 -9999.0
53139 20100619  2.403 -117.14   36.60    40.8    24.9    32.9    33.5     0.0    29.72 R    55.6    24.6    39.0    14.4     3.3     7.7   0.016   0.013 -99.000 -99.000 -99.000    40.8    40.8 -9999.0 -9999.0 -9999.0
53139 20100620  2.403 -117.14   36.60    39.3    23.9    31.6    32.9     0.0    29.58 R    55.1    24.6    38.6    14.9     5.2     9.0   0.016   0.013 -99.000 -99.000 -99.000    40.5    40.6 -9999.0 -9999.0 -9999.0
53139 20100621  2.403 -117.14   36.60    39.8    25.0    32.4    33.3     0.0    29.46 R    57.6    24.7    39.3    16.0     6.1    10.0   0.016   0.013 -99.000 -99.000 -99.000    40.8    40.8 -9999.0 -9999.0 -9999.0
53139 20100622  2.403 -117.14   36.60    42.2    26.1    34.1    34.7     0.0    28.89 R    60.2    25.8    40.9    18.1     5.3    10.5   0.016   0.013 -99.000 -99.000 -99.000    41.8    41.8 -9999.0 -9999.0 -9999.0
53139 20100623  2.403 -117.14   36.60    44.1    27.3    35.7    37.3     0.0    30.41 R    60.8    27.3    42.5    13.8     3.4     7.1   0.016   0.013 -99.000 -99.000 -99.000    42.9    42.8 -9999.0 -9999.0 -9999.0
53139 20100624  2.403 -117.14   36.60    45.7    28.7    37.2    38.1     0.0    29.07 R    60.6    28.8    43.1    15.3     3.5     7.8   0.016   0.014 -99.000 -99.000 -99.000    43.7    43.6 -9999.0 -9999.0 -9999.0
53139 20100625  2.403 -117.14   36.60    43.7    31.0    37.3    37.6     0.0    26.98 R    58.2    30.9    42.1    16.2     7.5    10.7   0.016   0.014 -99.000 -99.000 -99.000    43.5    43.4 -9999.0 -9999.0 -9999.0
53139 20100626  2.403 -117.14   36.60    45.4    29.4    37.4    37.3     0.0    28.15 R    61.2    28.6    43.5    22.5     7.2    13.8   0.016   0.013 -99.000 -99.000 -99.000    44.0    44.0 -9999.0 -9999.0 -9999.0
53139 20100627  2.403 -117.14   36.60    47.4    30.6    39.0    40.0     0.0    29.05 R    65.4    30.1    46.3    17.8     3.8     9.1   0.017   0.014 -99.000 -99.000 -99.000    45.9    45.8 -9999.0 -9999.0 -9999.0
53139 20100628  2.403 -117.14   36.60    49.2    32.9    41.0    41.6     0.0    28.93 R    66.2    31.6    46.8    11.2     4.4     7.0   0.016   0.014 -99.000 -99.000 -99.000    46.7    46.7 -9999.0 -9999.0 -9999.0
53139 20100629  2.403 -117.14   36.60    48.0    31.5    39.8    41.5     0.0    28.91 R    61.8    32.2    45.6    14.2     3.0     7.4   0.016   0.015 -99.000 -99.000 -99.000    46.3    46.3 -9999.0 -9999.0 -9999.0
53139 20100630  2.403 -117.14   36.60    47.6    32.1    39.9    39.4     0.0    28.80 R    61.9    31.1    44.5    18.5     3.5    10.1   0.016   0.014 -99.000 -99.000 -99.000    45.9    45.8 -9999.0 -9999.0 -9999.0
53139 20100701  2.403 -117.14   36.60    45.0    28.4    36.7    37.7     0.0    29.67 R    59.7    28.3    42.7    11.4     2.9     6.6   0.017   0.013 -99.000 -99.000 -99.000    44.5    44.5 -9999.0 -9999.0 -9999.0
53139 20100702  2.403 -117.14   36.60    43.2    28.2    35.7    36.8     0.0    29.66 R    58.8    27.3    42.1    10.8     3.8     6.5   0.017   0.013 -99.000 -99.000 -99.000    44.0    44.1 -9999.0 -9999.0 -9999.0
53139 20100703  2.403 -117.14   36.60    43.4    28.4    35.9    36.7     0.0    28.81 R    61.7    28.3    42.7    15.6     5.4     9.0   0.017   0.013 -99.000 -99.000 -99.000    44.1    44.1 -9999.0 -9999.0 -9999.0
53139 20100704  2.403 -117.14   36.60    43.2    28.2    35.7    37.1     0.0    29.40 R    62.1    28.2    43.6    19.5     3.7     8.1   0.017   0.013 -99.000 -99.000 -99.000    44.7    44.6 -9999.0 -9999.0 -9999.0
53139 20100705  2.403 -117.14   36.60    45.3    28.8    37.1    38.9     0.0    29.25 R    59.6    28.8    43.3     8.3     4.0     5.6   0.017   0.013 -99.000 -99.000 -99.000    44.5    44.5 -9999.0 -9999.0 -9999.0
53139 20100706  2.403 -117.14   36.60    44.6    31.2    37.9    38.5     0.0    28.30 R    60.8    30.4    43.7    17.1     5.9    10.5   0.018   0.013 -99.000 -99.000 -99.000    44.8    44.9 -9999.0 -9999.0 -9999.0
53139 20100707  2.403 -117.14   36.60    44.9    31.7    38.3    38.2     0.0    28.81 R    60.8    30.5    43.5    17.7     2.8     8.4   0.017   0.013 -99.000 -99.000 -99.000    44.9    45.0 -9999.0 -9999.0 -9999.0
53139 20100708  2.403 -117.14   36.60    46.4    27.5    36.9    38.9     0.0    28.28 R    61.7    27.8    43.7     9.2     4.6     6.4   0.017   0.013 -99.000 -99.000 -99.000    44.5    44.6 -9999.0 -9999.0 -9999.0
53139 20100709  2.403 -117.14   36.60    46.8    30.7    38.8    40.4     0.0    25.35 R    62.1    30.0    44.3    13.4     4.3     7.6   0.017   0.013 -99.000 -99.000 -99.000    44.9    44.9 -9999.0 -9999.0 -9999.0
53139 20100710  2.403 -117.14   36.60    47.9    34.5    41.2    41.4     0.0    22.40 R    65.1    34.6    45.8    17.7     6.9    10.9   0.017   0.013 -99.000 -99.000 -99.000    46.2    46.2 -9999.0 -9999.0 -9999.0
53139 20100711  2.403 -117.14   36.60    46.2    34.3    40.2    41.3     0.0    24.52 R    64.6    33.3    46.6    36.3    11.2    16.0   0.017   0.014 -99.000 -99.000 -99.000    46.8    46.8 -9999.0 -9999.0 -9999.0
53139 20100712  2.403 -117.14   36.60    47.5    34.0    40.8    41.4     0.0    27.09 R    62.1    33.9    46.8    24.5    10.8    15.9   0.018   0.014 -99.000 -99.000 -99.000    47.3    47.3 -9999.0 -9999.0 -9999.0
53139 20100713  2.403 -117.14   36.60    46.2    32.6    39.4    40.3     0.0    27.78 R    62.7    33.2    46.0    23.0     9.5    14.1   0.018   0.014 -99.000 -99.000 -99.000    47.2    47.3 -9999.0 -9999.0 -9999.0
53139 20100714  2.403 -117.14   36.60    47.1    31.1    39.1    40.0     0.0    28.19 R    62.7    32.1    45.7    16.2     5.4     9.5   0.018   0.013 -99.000 -99.000 -99.000    46.8    46.9 -9999.0 -9999.0 -9999.0
53139 20100715  2.403 -117.14   36.60    49.7    34.5    42.1    42.9     0.0    27.83 R    65.7    33.6    48.3    17.1     6.1     9.9   0.017   0.014 -99.000 -99.000 -99.000    48.1    48.1 -9999.0 -9999.0 -9999.0
53139 20100716  2.403 -117.14   36.60    49.3    36.8    43.1    42.5     1.4    20.50 R    63.9    33.5    46.3    29.0     8.0    16.2   0.018   0.014 -99.000 -99.000 -99.000    47.6    47.7 -9999.0 -9999.0 -9999.0
53139 20100717  2.403 -117.14   36.60    48.4    34.0    41.2    42.6     0.0    26.73 R    65.4    33.0    47.6    30.0    10.5    15.9   0.021   0.017 -99.000 -99.000 -99.000    46.4    46.4 -9999.0 -9999.0 -9999.0
53139 20100718  2.403 -117.14   36.60    50.4    36.1    43.3    44.3     0.0    26.35 R    65.2    35.9    49.1    23.0     7.6    13.3   0.018   0.016 -99.000 -99.000 -99.000    48.9    48.8 -9999.0 -9999.0 -9999.0
53139 20100719  2.403 -117.14   36.60    49.9    34.5    42.2    43.4     0.0    25.44 R    63.5    35.0    47.9    18.5     6.4    10.7   0.017   0.015 -99.000 -99.000 -99.000    48.6    48.6 -9999.0 -9999.0 -9999.0
53139 20100720  2.403 -117.14   36.60    48.9    34.4    41.7    42.3     0.0    27.79 R    63.3    33.3    46.8    11.1     3.0     6.6   0.017   0.015 -99.000 -99.000 -99.000    47.9    47.9 -9999.0 -9999.0 -9999.0
53139 20100721  2.403 -117.14   36.60    47.9    32.5    40.2    40.5     0.0    28.64 R    64.8    32.1    45.8    15.3     1.5     7.5   0.018   0.013 -99.000 -99.000 -99.000    47.3    47.2 -9999.0 -9999.0 -9999.0
53139 20100722  2.403 -117.14   36.60    45.4    31.1    38.3    39.0     0.0    28.38 R    61.8    29.9    44.5    14.8     3.3     7.6   0.017   0.013 -99.000 -99.000 -99.000    46.3    46.3 -9999.0 -9999.0 -9999.0
53139 20100723  2.403 -117.14   36.60    47.3    31.4    39.4    40.5     0.0    27.25 R    65.0    31.0    46.0    13.4     6.5     8.8   0.017   0.013 -99.000 -99.000 -99.000    46.8    46.8 -9999.0 -9999.0 -9999.0
53139 20100724  2.403 -117.14   36.60    49.2    33.2    41.2    42.4     0.0    26.85 R    64.9    33.1    47.5    16.8     6.6    10.2   0.017   0.013 -99.000 -99.000 -99.000    47.9    47.9 -9999.0 -9999.0 -9999.0
53139 20100725  2.403 -117.14   36.60    48.9    35.4    42.1    42.7     0.0    20.68 R    65.5    34.8    46.9    17.1     7.8    11.2   0.018   0.013 -99.000 -99.000 -99.000    47.8    47.8 -9999.0 -9999.0 -9999.0
53139 20100726  2.403 -117.14   36.60    46.6    34.3    40.5    41.0     0.0    26.31 R    63.9    33.4    46.5    38.1     3.9    14.5   0.017   0.013 -99.000 -99.000 -99.000    47.9    48.0 -9999.0 -9999.0 -9999.0
53139 20100727  2.403 -117.14   36.60    47.4    31.8    39.6    40.4     0.0    27.04 R    63.1    32.4    45.4    12.9     4.4     7.8   0.017   0.013 -99.000 -99.000 -99.000    46.9    46.9 -9999.0 -9999.0 -9999.0
53139 20100728  2.403 -117.14   36.60    47.0    33.9    40.5    40.9     0.0    25.03 R    61.9    33.3    45.4    13.6     8.3    10.1   0.017   0.012 -99.000 -99.000 -99.000    46.7    46.7 -9999.0 -9999.0 -9999.0
53139 20100729  2.403 -117.14   36.60    46.8    33.1    40.0    40.7     0.0    26.80 R    63.5    32.4    46.0    12.2     5.4     9.0   0.017   0.012 -99.000 -99.000 -99.000    47.0    47.0 -9999.0 -9999.0 -9999.0
53139 20100730  2.403 -117.14   36.60    47.3    34.0    40.7    41.3     0.0    24.91 R    59.9    33.4    45.1    16.7     8.5    11.8   0.017   0.012 -99.000 -99.000 -99.000    46.5    46.6 -9999.0 -9999.0 -9999.0
53139 20100731  2.403 -117.14   36.60    47.2    32.9    40.0    40.7     0.0    26.57 R    61.4    32.3    45.6    16.6     6.9    10.7   0.017   0.012 -99.000 -99.000 -99.000    46.7    46.7 -9999.0 -9999.0 -9999.0
53139 20100801  2.403 -117.14   36.60    43.7    32.6    38.1    38.5     0.0    24.14 R    59.9    31.3    42.6    13.0     5.6     9.0   0.016   0.011 -99.000 -99.000 -99.000    45.1    45.3 -9999.0 -9999.0 -9999.0
53139 20100802  2.403 -117.14   36.60    44.8    30.1    37.4    38.3     0.0    24.54 R    62.2    29.2    42.5    13.3     3.4     7.9   0.016   0.011 -99.000 -99.000 -99.000    44.3    44.3 -9999.0 -9999.0 -9999.0
53139 20100803  2.403 -117.14   36.60    46.1    29.0    37.5    39.1     0.0    27.48 R    62.9    28.8    43.8    12.9     3.2     7.0   0.016   0.011 -99.000 -99.000 -99.000    44.8    44.8 -9999.0 -9999.0 -9999.0
53139 20100804  2.403 -117.14   36.60    47.3    30.0    38.6    39.4     0.0    27.31 R    63.2    29.7    44.0    11.4     1.1     5.6   0.016   0.011 -99.000 -99.000 -99.000    45.2    45.3 -9999.0 -9999.0 -9999.0
53139 20100805  2.403 -117.14   36.60    46.8    29.8    38.3    39.4     0.0    27.05 R    63.2    29.7    44.3    12.5     3.8     6.5   0.016   0.011 -99.000 -99.000 -99.000    45.3    45.3 -9999.0 -9999.0 -9999.0
53139 20100806  2.403 -117.14   36.60    46.4    31.3    38.8    39.0     0.0    27.14 R    63.6    30.6    43.6    12.8     0.6     6.2   0.016   0.011 -99.000 -99.000 -99.000    45.3    45.3 -9999.0 -9999.0 -9999.0
53139 20100807  2.403 -117.14   36.60    43.8    29.2    36.5    36.9     0.0    26.98 R    60.6    28.8    41.9    13.7     2.5     7.5   0.015   0.011 -99.000 -99.000 -99.000    44.1    44.1 -9999.0 -9999.0 -9999.0
53139 20100808  2.403 -117.14   36.60    41.7    29.1    35.4    35.8     0.0    25.94 R    58.8    28.2    40.7    16.0     3.2     9.7   0.015   0.011 -99.000 -99.000 -99.000    43.1    43.2 -9999.0 -9999.0 -9999.0
53139 20100809  2.403 -117.14   36.60    42.2    28.6    35.4    36.0     0.0    26.16 R    56.9    27.7    40.3    18.9     2.9     9.6   0.015   0.011 -99.000 -99.000 -99.000    42.5    42.7 -9999.0 -9999.0 -9999.0
53139 20100810  2.403 -117.14   36.60    43.5    26.0    34.7    36.1     0.0    26.86 R    60.5    26.0    40.2    10.1     0.9     5.2   0.015   0.011 -99.000 -99.000 -99.000    42.1    42.2 -9999.0 -9999.0 -9999.0
53139 20100811  2.403 -117.14   36.60    42.3    26.1    34.2    35.0     0.0    26.28 R    58.1    25.9    40.2    13.7     3.8     8.0   0.014   0.011 -99.000 -99.000 -99.000    42.1    42.1 -9999.0 -9999.0 -9999.0
53139 20100812  2.403 -117.14   36.60    42.3    27.0    34.7    35.4     0.0    25.92 R    58.8    27.0    40.7    19.6     5.9    10.9   0.015   0.011 -99.000 -99.000 -99.000    42.4    42.5 -9999.0 -9999.0 -9999.0
53139 20100813  2.403 -117.14   36.60    44.4    27.4    35.9    37.0     0.0    25.91 R    59.8    27.8    41.6    14.7     2.8     8.4   0.015   0.011 -99.000 -99.000 -99.000    42.9    42.9 -9999.0 -9999.0 -9999.0
53139 20100814  2.403 -117.14   36.60    43.9    29.8    36.9    37.1     0.0    26.09 R    60.9    28.7    42.1    19.1     4.0    10.2   0.015   0.011 -99.000 -99.000 -99.000    43.3    43.3 -9999.0 -9999.0 -9999.0
53139 20100815  2.403 -117.14   36.60    46.5    26.9    36.7    38.0     0.0    26.25 R    61.8    27.0    42.7    12.9     1.3     6.7   0.015   0.011 -99.000 -99.000 -99.000    43.6    43.6 -9999.0 -9999.0 -9999.0
53139 20100816  2.403 -117.14   36.60    45.8    27.9    36.9    38.5     0.0    25.89 R    62.6    28.2    43.1    12.8     2.8     6.3   0.015   0.011 -99.000 -99.000 -99.000    44.1    44.2 -9999.0 -9999.0 -9999.0
53139 20100817  2.403 -117.14   36.60    48.6    31.3    40.0    40.9     0.0    24.87 R    64.6    30.2    45.6    23.8     5.4     9.3   0.015   0.012 -99.000 -99.000 -99.000    45.3    45.3 -9999.0 -9999.0 -9999.0
53139 20100818  2.403 -117.14   36.60    46.7    32.4    39.6    40.4     0.0    21.87 R    62.6    33.2    45.1    29.0     9.2    16.9   0.016   0.011 -99.000 -99.000 -99.000    45.9    46.0 -9999.0 -9999.0 -9999.0
53139 20100819  2.403 -117.14   36.60    44.8    32.4    38.6    39.0     0.0    24.30 R    62.0    32.3    44.4    21.4     7.3    14.3   0.017   0.011 -99.000 -99.000 -99.000    45.7    45.8 -9999.0 -9999.0 -9999.0
53139 20100820  2.403 -117.14   36.60    45.5    29.3    37.4    38.1     0.0    25.33 R    59.5    29.5    42.7    12.7     4.9     7.9   0.016   0.011 -99.000 -99.000 -99.000    44.5    44.6 -9999.0 -9999.0 -9999.0
53139 20100821  2.403 -117.14   36.60    47.6    30.3    38.9    39.6     0.0    24.38 R    63.2    30.6    44.1    15.6     7.3    10.2   0.016   0.011 -99.000 -99.000 -99.000    44.8    44.8 -9999.0 -9999.0 -9999.0
53139 20100822  2.403 -117.14   36.60    47.0    33.6    40.3    39.6     0.0    24.87 R    61.4    32.1    43.6    18.2     2.2     9.7   0.016   0.011 -99.000 -99.000 -99.000    45.1    45.1 -9999.0 -9999.0 -9999.0
53139 20100823  2.403 -117.14   36.60    43.9    33.0    38.5    38.5     0.0    25.28 R    62.0    30.2    43.0     6.6     3.0     4.6   0.015   0.011 -99.000 -99.000 -99.000    44.3    44.4 -9999.0 -9999.0 -9999.0
53139 20100824  2.403 -117.14   36.60    46.3    29.9    38.1    39.4     0.0    24.68 R    63.7    29.6    44.1     9.4     3.3     5.7   0.015   0.012 -99.000 -99.000 -99.000    44.8    44.8 -9999.0 -9999.0 -9999.0
53139 20100825  2.403 -117.14   36.60    48.3    30.6    39.4    41.2     0.0    23.87 R    64.3    30.9    45.1    19.5     5.3     9.1   0.015   0.012 -99.000 -99.000 -99.000    45.3    45.4 -9999.0 -9999.0 -9999.0
53139 20100826  2.403 -117.14   36.60    46.9    28.9    37.9    38.4     4.7    18.26 R    63.5    27.2    40.4    62.2    12.2    22.9   0.026   0.023 -99.000 -99.000 -99.000    42.2    42.3 -9999.0 -9999.0 -9999.0
53139 20100827  2.403 -117.14   36.60    45.4    27.7    36.6    36.6     0.0    23.50 R    56.8    27.5    40.5    64.1     3.8    25.4   0.042   0.037 -99.000 -99.000 -99.000    40.6    40.4 -9999.0 -9999.0 -9999.0
53139 20100828  2.403 -117.14   36.60    41.2    27.5    34.4    34.4     0.0    24.63 R    55.4    26.8    38.0    15.5     2.1     8.0   0.037   0.033 -99.000 -99.000 -99.000    40.3    40.4 -9999.0 -9999.0 -9999.0
53139 20100829  2.403 -117.14   36.60    35.1    23.3    29.2    29.7     0.0    23.49 R    51.5    23.5    34.5    23.1    10.5    15.3   0.033   0.030 -99.000 -99.000 -99.000    37.8    38.0 -9999.0 -9999.0 -9999.0
53139 20100830  2.403 -117.14   36.60    35.0    22.4    28.7    29.1     0.0    23.57 R    52.3    22.4    34.5    27.8    12.4    19.0   0.028   0.027 -99.000 -99.000 -99.000    37.1    37.2 -9999.0 -9999.0 -9999.0
53139 20100831  2.403 -117.14   36.60    38.4    23.9    31.1    31.9     0.0    23.57 R    55.4    23.4    36.8    24.0     8.8    14.2   0.024   0.025 -99.000 -99.000 -99.000    37.9    38.0 -9999.0 -9999.0 -9999.0
53139 20100901  2.403 -117.14   36.60    41.4    25.2    33.3    34.5     0.0    23.72 R    58.1    25.0    39.0    19.2     5.7    10.5   0.021   0.023 -99.000 -99.000 -99.000    39.6    39.5 -9999.0 -9999.0 -9999.0
53139 20100902  2.403 -117.14   36.60    44.6    26.0    35.3    36.1     0.0    23.68 R    60.9    26.4    40.6    15.8     3.9     8.1   0.018   0.019 -99.000 -99.000 -99.000    40.8    40.8 -9999.0 -9999.0 -9999.0
53139 20100903  2.403 -117.14   36.60    46.1    26.0    36.0    37.4     0.0    23.80 R    60.7    26.5    41.1    12.3     3.3     6.4   0.017   0.018 -99.000 -99.000 -99.000    41.5    41.5 -9999.0 -9999.0 -9999.0
53139 20100904  2.403 -117.14   36.60    46.3    28.8    37.5    38.0     0.0    23.67 R    58.2    27.8    41.1     9.4     3.1     5.7   0.015   0.017 -99.000 -99.000 -99.000    41.6    41.7 -9999.0 -9999.0 -9999.0
53139 20100905  2.403 -117.14   36.60    43.4    28.1    35.7    36.5     0.0    23.67 R    59.0    26.7    40.0    10.0     3.0     6.0   0.015   0.016 -99.000 -99.000 -99.000    41.2    41.3 -9999.0 -9999.0 -9999.0
53139 20100906  2.403 -117.14   36.60    41.9    29.0    35.5    36.2     0.0    23.15 R    58.8    28.4    39.9    10.1     4.0     6.6   0.016   0.015 -99.000 -99.000 -99.000    41.0    41.0 -9999.0 -9999.0 -9999.0
53139 20100907  2.403 -117.14   36.60    44.5    27.2    35.8    36.6     0.0    21.58 R    57.0    27.0    39.8    11.8     4.5     8.4   0.016   0.014 -99.000 -99.000 -99.000    40.7    40.7 -9999.0 -9999.0 -9999.0
53139 20100908  2.403 -117.14   36.60    40.2    27.7    34.0    33.4     0.0    22.57 R    56.5    26.8    37.4    18.7     6.9    12.5   0.016   0.013 -99.000 -99.000 -99.000    39.9    40.0 -9999.0 -9999.0 -9999.0
53139 20100909  2.403 -117.14   36.60    33.7    23.8    28.8    28.8     0.0    22.37 R    51.5    23.0    33.5    30.3    11.2    18.7   0.016   0.011 -99.000 -99.000 -99.000    37.1    37.3 -9999.0 -9999.0 -9999.0
53139 20100910  2.403 -117.14   36.60    36.6    22.6    29.6    30.6     0.0    22.40 R    53.7    22.5    35.2    20.6     7.7    12.2   0.016   0.011 -99.000 -99.000 -99.000    37.1    37.3 -9999.0 -9999.0 -9999.0
53139 20100911  2.403 -117.14   36.60    39.5    22.4    31.0    32.0     0.0    22.40 R    54.7    23.0    35.4    18.6     5.4    10.1   0.016   0.011 -99.000 -99.000 -99.000    37.2    37.4 -9999.0 -9999.0 -9999.0
53139 20100912  2.403 -117.14   36.60    41.2    24.0    32.6    34.1     0.0    22.02 R    55.8    23.5    37.5    14.0     4.4     8.4   0.016   0.011 -99.000 -99.000 -99.000    38.0    38.1 -9999.0 -9999.0 -9999.0
53139 20100913  2.403 -117.14   36.60    42.8    25.1    33.9    35.5     0.0    21.95 R    56.2    25.0    38.5    14.4     4.1     9.1   0.016   0.011 -99.000 -99.000 -99.000    39.1    39.2 -9999.0 -9999.0 -9999.0
53139 20100914  2.403 -117.14   36.60    39.6    29.0    34.3    33.9     0.0    21.88 R    54.9    26.6    37.8    16.9     6.0    10.9   0.016   0.011 -99.000 -99.000 -99.000    39.1    39.3 -9999.0 -9999.0 -9999.0
53139 20100915  2.403 -117.14   36.60    38.3    24.5    31.4    32.0     0.0    19.80 R    53.7    23.3    35.9    14.6     6.2     9.2   0.015   0.011 -99.000 -99.000 -99.000    37.7    37.8 -9999.0 -9999.0 -9999.0
53139 20100916  2.403 -117.14   36.60    40.5    22.8    31.6    32.3     0.0    21.66 R    55.1    23.0    36.2    11.5     3.9     6.8   0.015   0.012 -99.000 -99.000 -99.000    37.5    37.7 -9999.0 -9999.0 -9999.0
53139 20100917  2.403 -117.14   36.60    40.2    21.9    31.1    32.5     0.0    21.55 R    55.6    22.8    36.4    10.6     4.1     6.0   0.015   0.011 -99.000 -99.000 -99.000    37.5    37.7 -9999.0 -9999.0 -9999.0
53139 20100918  2.403 -117.14   36.60    39.3    22.9    31.1    32.3     0.0    21.23 R    54.9    23.5    36.5    12.1     6.2     8.4   0.014   0.011 -99.000 -99.000 -99.000    37.5    37.7 -9999.0 -9999.0 -9999.0
53139 20100919  2.403 -117.14   36.60    42.8    23.7    33.2    33.7     0.0    21.42 R    56.1    23.3    37.3    14.3     2.3     8.2   0.014   0.011 -99.000 -99.000 -99.000    37.8    38.0 -9999.0 -9999.0 -9999.0
53139 20100920  2.403 -117.14   36.60    39.1    27.0    33.0    33.4     0.0    20.82 R    55.3    25.9    36.9    17.3     6.9    10.9   0.014   0.011 -99.000 -99.000 -99.000    38.1    38.3 -9999.0 -9999.0 -9999.0
53139 20100921  2.403 -117.14   36.60    40.1    22.8    31.4    32.3     0.0    21.16 R    54.7    23.0    36.0    17.9     1.8     8.9   0.014   0.011 -99.000 -99.000 -99.000    37.2    37.5 -9999.0 -9999.0 -9999.0
53139 20100922  2.403 -117.14   36.60    34.9    23.0    28.9    29.4     0.0    19.64 R    49.6    23.1    33.3    29.9    12.4    18.6   0.014   0.011 -99.000 -99.000 -99.000    35.8    36.1 -9999.0 -9999.0 -9999.0
53139 20100923  2.403 -117.14   36.60    38.3    20.9    29.6    30.1     0.0    20.24 R    52.6    21.4    33.9    26.3     6.8    14.3   0.014   0.011 -99.000 -99.000 -99.000    35.4    35.6 -9999.0 -9999.0 -9999.0
53139 20100924  2.403 -117.14   36.60    39.6    21.4    30.5    31.7     0.0    20.16 R    54.5    22.5    35.5    17.3     4.9     9.1   0.014   0.011 -99.000 -99.000 -99.000    36.1    36.3 -9999.0 -9999.0 -9999.0
53139 20100925  2.403 -117.14   36.60    42.2    23.8    33.0    33.8     0.0    20.42 R    57.0    23.6    36.9    12.7     3.3     6.3   0.014   0.011 -99.000 -99.000 -99.000    36.9    37.1 -9999.0 -9999.0 -9999.0
53139 20100926  2.403 -117.14   36.60    42.4    24.9    33.7    33.9     0.0    20.05 R    56.2    24.0    37.1     9.0     3.2     5.4   0.014   0.011 -99.000 -99.000 -99.000    37.2    37.5 -9999.0 -9999.0 -9999.0
53139 20100927  2.403 -117.14   36.60    44.7    25.9    35.3    35.4     0.0    19.52 R    57.9    25.4    38.5    10.7     3.5     6.8   0.014   0.011 -99.000 -99.000 -99.000    38.0    38.2 -9999.0 -9999.0 -9999.0
53139 20100928  2.403 -117.14   36.60    42.8    27.6    35.2    35.4     0.0    16.32 R    55.2    26.6    37.1    11.9     4.3     7.6   0.014   0.011 -99.000 -99.000 -99.000    37.7    38.0 -9999.0 -9999.0 -9999.0
53139 20100929  2.403 -117.14   36.60    43.0    24.3    33.6    34.9     0.0    18.57 R    56.8    25.2    37.6    13.4     5.3     8.5   0.014   0.011 -99.000 -99.000 -99.000    37.6    37.9 -9999.0 -9999.0 -9999.0
53139 20100930  2.403 -117.14   36.60    39.5    27.5    33.5    34.3     0.0    10.27 R    49.2    28.0    35.1    18.2     8.7    11.5   0.014   0.011 -99.000 -99.000 -99.000    36.6    36.7 -9999.0 -9999.0 -9999.0
53139 20101001  2.403 -117.14   36.60    38.6    28.5    33.5    33.7     0.0     9.80 R    47.9    27.5    34.7    23.0    15.3    18.2   0.014   0.012 -99.000 -99.000 -99.000    35.9    36.0 -9999.0 -9999.0 -9999.0
53139 20101002  2.403 -117.14   36.60    38.7    27.3    33.0    32.7     0.0    12.66 R    50.2    27.8    34.4    32.4    15.3    23.0   0.014   0.012 -99.000 -99.000 -99.000    35.6    35.9 -9999.0 -9999.0 -9999.0
53139 20101003  2.403 -117.14   36.60    38.1    24.2    31.1    31.7     0.0    16.19 R    51.8    24.5    34.5    40.6    13.4    26.2   0.014   0.012 -99.000 -99.000 -99.000    35.1    35.4 -9999.0 -9999.0 -9999.0
53139 20101004  2.403 -117.14   36.60    35.7    22.4    29.0    29.4     1.2    14.37 R    48.5    21.9    31.6    38.5     9.7    24.5   0.015   0.011 -99.000 -99.000 -99.000    34.0    34.3 -9999.0 -9999.0 -9999.0
53139 20101005  2.403 -117.14   36.60    28.9    19.1    24.0    23.8     0.0    16.60 R    42.5    19.3    27.6    44.7    12.2    30.8   0.015   0.013 -99.000 -99.000 -99.000    30.4    30.8 -9999.0 -9999.0 -9999.0
53139 20101006  2.403 -117.14   36.60    29.0    18.3    23.7    23.6     0.0    13.22 R    41.0    18.7    26.2    39.1    14.2    26.1   0.014   0.011 -99.000 -99.000 -99.000    29.2    29.5 -9999.0 -9999.0 -9999.0
53139 20101007  2.403 -117.14   36.60    28.3    15.8    22.1    22.8     0.0    16.38 R    42.8    16.5    26.5    47.5    20.2    30.8   0.014   0.011 -99.000 -99.000 -99.000    28.7    29.1 -9999.0 -9999.0 -9999.0
53139 20101008  2.403 -117.14   36.60    31.4    16.9    24.1    25.2     0.0    17.21 R    46.4    17.4    28.8    39.2    15.3    24.4   0.014   0.011 -99.000 -99.000 -99.000    29.5    29.9 -9999.0 -9999.0 -9999.0
53139 20101009  2.403 -117.14   36.60    35.4    18.7    27.1    28.3     0.0    16.95 R    48.7    19.1    31.1    34.1    10.3    19.0   0.015   0.010 -99.000 -99.000 -99.000    30.9    31.2 -9999.0 -9999.0 -9999.0
53139 20101010  2.403 -117.14   36.60    36.9    24.7    30.8    31.2     0.0    16.87 R    50.0    24.2    33.6    22.8    11.4    16.1   0.015   0.010 -99.000 -99.000 -99.000    32.9    33.1 -9999.0 -9999.0 -9999.0
53139 20101011  2.403 -117.14   36.60    37.0    23.0    30.0    30.7     0.0    16.51 R    50.2    22.2    33.8    28.2    13.1    19.6   0.015   0.010 -99.000 -99.000 -99.000    33.3    33.5 -9999.0 -9999.0 -9999.0
53139 20101012  2.403 -117.14   36.60    37.6    28.4    33.0    33.1     0.0    16.57 R    49.8    26.8    35.2    28.8     6.3    17.1   0.015   0.010 -99.000 -99.000 -99.000    34.9    35.1 -9999.0 -9999.0 -9999.0
53139 20101013  2.403 -117.14   36.60    36.9    24.0    30.5    31.0     0.0    17.04 R    49.5    23.5    33.1    16.1     5.1     9.0   0.015   0.010 -99.000 -99.000 -99.000    33.6    33.9 -9999.0 -9999.0 -9999.0
53139 20101014  2.403 -117.14   36.60    37.9    21.5    29.7    30.5     0.0    16.57 R    50.1    20.7    32.4    14.0     6.4     9.6   0.014   0.011 -99.000 -99.000 -99.000    32.6    32.9 -9999.0 -9999.0 -9999.0
53139 20101015  2.403 -117.14   36.60    38.2    22.9    30.6    31.1     0.0    15.58 R    50.3    22.8    33.3    19.0     8.1    12.6   0.014   0.012 -99.000 -99.000 -99.000    33.4    33.7 -9999.0 -9999.0 -9999.0
53139 20101016  2.403 -117.14   36.60    36.0    23.7    29.9    30.6     0.0    13.69 R    49.8    23.9    33.0    21.8    10.9    15.1   0.014   0.011 -99.000 -99.000 -99.000    33.1    33.4 -9999.0 -9999.0 -9999.0
53139 20101017  2.403 -117.14   36.60    34.7    26.9    30.8    30.9     0.0     9.93 R    44.5    26.9    32.1    31.2    14.1    19.3   0.015   0.011 -99.000 -99.000 -99.000    33.0    33.2 -9999.0 -9999.0 -9999.0
53139 20101018  2.403 -117.14   36.60    28.7    23.7    26.2    26.8     0.0     8.73 R    39.8    23.3    28.3    39.1    30.5    33.0   0.014   0.012 -99.000 -99.000 -99.000    31.0    31.2 -9999.0 -9999.0 -9999.0
53139 20101019  2.403 -117.14   36.60    33.5    21.9    27.7    28.3     0.0    12.54 R    42.9    21.3    29.7    40.4    16.4    25.4   0.014   0.011 -99.000 -99.000 -99.000    30.4    30.7 -9999.0 -9999.0 -9999.0
53139 20101020  2.403 -117.14   36.60    29.5    19.7    24.6    23.2     0.0     9.54 R    36.9    19.3    24.8    72.7    20.0    49.7   0.013   0.010 -99.000 -99.000 -99.000    28.1    28.5 -9999.0 -9999.0 -9999.0
53139 20101021  2.403 -117.14   36.60    24.0    18.1    21.1    21.3     0.0     5.44 R    30.4    18.7    22.9    70.4    45.5    58.3   0.013   0.011 -99.000 -99.000 -99.000    26.0    26.3 -9999.0 -9999.0 -9999.0
53139 20101022  2.403 -117.14   36.60    27.9    17.9    22.9    23.2     0.0    13.63 R    39.0    18.3    26.1    66.7    37.5    50.4   0.013   0.011 -99.000 -99.000 -99.000    27.1    27.4 -9999.0 -9999.0 -9999.0
53139 20101023  2.403 -117.14   36.60    26.1    18.8    22.5    22.5     0.0    11.37 R    37.8    18.5    25.1    49.4    30.4    38.8   0.013   0.009 -99.000 -99.000 -99.000    27.2    27.4 -9999.0 -9999.0 -9999.0
53139 20101024  2.403 -117.14   36.60    25.2    17.7    21.5    21.9     0.0     7.68 R    32.2    18.4    23.1    48.8    32.2    39.3   0.014   0.009 -99.000 -99.000 -99.000    25.8    26.1 -9999.0 -9999.0 -9999.0
53139 20101025  2.403 -117.14   36.60    28.2    17.2    22.7    23.5     0.0    13.13 R    39.6    17.9    25.1    50.8    10.6    23.7   0.014   0.010 -99.000 -99.000 -99.000    26.1    26.4 -9999.0 -9999.0 -9999.0
53139 20101026  2.403 -117.14   36.60    25.8    14.5    20.2    21.3     0.0    14.49 R    38.9    16.0    23.7    24.7     8.7    15.3   0.014   0.009 -99.000 -99.000 -99.000    25.4    25.8 -9999.0 -9999.0 -9999.0
53139 20101027  2.403 -117.14   36.60    23.1    13.8    18.5    18.6     0.0    14.15 R    36.2    12.7    20.8    17.9     6.9    11.2   0.012   0.010 -99.000 -99.000 -99.000    23.4    23.8 -9999.0 -9999.0 -9999.0
53139 20101028  2.403 -117.14   36.60    24.1    10.0    17.1    17.9     0.0    10.95 R    33.9    10.7    19.0    16.3     7.5    10.9   0.012   0.010 -99.000 -99.000 -99.000    21.6    22.0 -9999.0 -9999.0 -9999.0
53139 20101029  2.403 -117.14   36.60    25.6    10.9    18.2    19.1     0.0    13.14 R    37.1    11.2    21.0    19.7     8.9    13.9   0.012   0.010 -99.000 -99.000 -99.000    22.1    22.5 -9999.0 -9999.0 -9999.0
53139 20101030  2.403 -117.14   36.60    26.3    15.1    20.7    21.3     0.0    13.64 R    35.8    15.1    22.9    33.8    17.3    23.0   0.012   0.010 -99.000 -99.000 -99.000    23.7    24.0 -9999.0 -9999.0 -9999.0
53139 20101031  2.403 -117.14   36.60    25.3    13.5    19.4    19.8     0.0    13.17 R    37.5    13.6    22.2    42.4    21.6    30.6   0.012   0.010 -99.000 -99.000 -99.000    23.2    23.6 -9999.0 -9999.0 -9999.0
53139 20101101  2.403 -117.14   36.60    29.0    12.2    20.6    21.5     0.0    13.70 R    39.5    12.9    23.6    41.3    14.5    24.8   0.012   0.010 -99.000 -99.000 -99.000    23.7    24.0 -9999.0 -9999.0 -9999.0
53139 20101102  2.403 -117.14   36.60    32.4    15.3    23.8    24.3     0.0    13.61 R    39.7    15.3    25.1    28.3     9.0    16.4   0.012   0.010 -99.000 -99.000 -99.000    24.7    25.1 -9999.0 -9999.0 -9999.0
53139 20101103  2.403 -117.14   36.60    33.7    14.8    24.3    25.6     0.0    13.34 R    42.7    16.0    26.6    26.7    10.6    16.7   0.013   0.010 -99.000 -99.000 -99.000    25.8    26.1 -9999.0 -9999.0 -9999.0
53139 20101104  2.403 -117.14   36.60    31.9    16.0    23.9    25.4     0.0    13.04 R    42.2    17.6    27.1    29.6    13.0    19.2   0.013   0.010 -99.000 -99.000 -99.000    26.3    26.7 -9999.0 -9999.0 -9999.0
53139 20101105  2.403 -117.14   36.60    30.9    17.0    24.0    24.6     0.0    12.24 R    41.5    17.9    26.3    31.1    14.2    20.8   0.013   0.010 -99.000 -99.000 -99.000    26.3    26.7 -9999.0 -9999.0 -9999.0
53139 20101106  2.403 -117.14   36.60    30.2    16.0    23.1    22.3     0.5    10.64 R    38.6    15.5    23.3    80.0    12.9    33.8   0.012   0.010 -99.000 -99.000 -99.000    24.7    25.1 -9999.0 -9999.0 -9999.0
53139 20101107  2.403 -117.14   36.60    22.2    12.9    17.5    18.6     0.0     8.48 R    30.7    13.8    19.8    91.0    43.9    63.5   0.014   0.012 -99.000 -99.000 -99.000    21.4    21.8 -9999.0 -9999.0 -9999.0
53139 20101108  2.403 -117.14   36.60    23.2    15.2    19.2    19.1     0.0    10.36 R    33.6    14.0    19.9    69.1    13.2    34.4   0.015   0.013 -99.000 -99.000 -99.000    21.3    21.6 -9999.0 -9999.0 -9999.0
53139 20101109  2.403 -117.14   36.60    20.3    10.7    15.5    16.2     0.0    12.88 R    32.6    10.3    17.8    31.3    12.8    19.9   0.015   0.012 -99.000 -99.000 -99.000    19.7    20.1 -9999.0 -9999.0 -9999.0
53139 20101110  2.403 -117.14   36.60    21.2     7.1    14.1    15.8     0.0    12.03 R    32.9     7.9    17.6    40.2    14.1    23.1   0.014   0.012 -99.000 -99.000 -99.000    18.7    19.1 -9999.0 -9999.0 -9999.0
53139 20101111  2.403 -117.14   36.60    22.5    14.1    18.3    18.2     0.0    12.66 R    31.6    11.8    18.9    27.1    11.5    18.3   0.013   0.010 -99.000 -99.000 -99.000    19.8    20.1 -9999.0 -9999.0 -9999.0
53139 20101112  2.403 -117.14   36.60    22.7     8.8    15.7    16.6     0.0    12.44 R    33.5     8.5    17.9    31.8    11.3    18.5   0.012   0.010 -99.000 -99.000 -99.000    18.9    19.4 -9999.0 -9999.0 -9999.0
53139 20101113  2.403 -117.14   36.60    25.5     9.4    17.5    19.2     0.0    11.91 R    34.8     9.8    19.6    27.5    12.3    17.5   0.012   0.010 -99.000 -99.000 -99.000    19.4    19.7 -9999.0 -9999.0 -9999.0
53139 20101114  2.403 -117.14   36.60    28.0    16.5    22.3    23.0     0.0    11.59 R    37.3    14.4    23.2    27.6    14.5    19.2   0.013   0.010 -99.000 -99.000 -99.000    21.6    21.9 -9999.0 -9999.0 -9999.0
53139 20101115  2.403 -117.14   36.60    30.7    20.1    25.4    25.5     0.0    11.71 R    39.2    18.4    25.6    33.3    14.0    21.8   0.013   0.008 -99.000 -99.000 -99.000    24.1    24.4 -9999.0 -9999.0 -9999.0
53139 20101116  2.403 -117.14   36.60    26.6    14.3    20.5    21.5     0.0    11.79 R    37.1    15.0    22.7    38.3    18.9    26.1   0.013   0.009 -99.000 -99.000 -99.000    23.1    23.4 -9999.0 -9999.0 -9999.0
53139 20101117  2.403 -117.14   36.60    25.9    12.5    19.2    20.3     0.0    11.77 R    36.2    13.6    21.2    41.1    11.3    17.3   0.013   0.010 -99.000 -99.000 -99.000    21.8    22.2 -9999.0 -9999.0 -9999.0
53139 20101118  2.403 -117.14   36.60    22.9     9.8    16.3    17.6     0.0    10.31 R    32.5    10.7    18.8    29.6    13.7    19.7   0.013   0.010 -99.000 -99.000 -99.000    20.3    20.6 -9999.0 -9999.0 -9999.0
53139 20101119  2.403 -117.14   36.60    24.8    11.4    18.1    18.9     0.0    11.15 R    36.3    11.7    20.5    33.7    16.0    24.0   0.012   0.009 -99.000 -99.000 -99.000    20.8    21.1 -9999.0 -9999.0 -9999.0
53139 20101120  2.403 -117.14   36.60    24.7    14.3    19.5    19.6     0.0     7.49 R    31.3    12.7    19.5    40.6    10.7    28.6   0.013   0.011 -99.000 -99.000 -99.000    21.0    21.3 -9999.0 -9999.0 -9999.0
53139 20101121  2.403 -117.14   36.60    20.2     9.5    14.9    15.5     0.0    11.23 R    27.2     8.5    15.7    38.2     9.3    22.4   0.013   0.010 -99.000 -99.000 -99.000    18.4    18.8 -9999.0 -9999.0 -9999.0
53139 20101122  2.403 -117.14   36.60    16.7     5.5    11.1    11.8     0.0    11.28 R    27.3     5.4    13.3    39.9    20.1    27.4   0.011   0.008 -99.000 -99.000 -99.000    15.8    16.2 -9999.0 -9999.0 -9999.0
53139 20101123  2.403 -117.14   36.60    15.1     3.9     9.5    10.6     0.0    10.98 R    26.1     4.2    12.7    47.6    28.1    34.9   0.010   0.008 -99.000 -99.000 -99.000    14.7    15.1 -9999.0 -9999.0 -9999.0
53139 20101124  2.403 -117.14   36.60    15.6     8.4    12.0    11.6     0.0    10.85 R    25.1     6.2    12.7    29.9     6.7    16.9   0.011   0.008 -99.000 -99.000 -99.000    14.6    15.0 -9999.0 -9999.0 -9999.0
53139 20101125  2.403 -117.14   36.60    14.7     2.7     8.7     9.8     0.0    11.36 R    25.6     3.6    10.8    13.2     4.8     8.2   0.010   0.007 -99.000 -99.000 -99.000    12.7    13.2 -9999.0 -9999.0 -9999.0
53139 20101126  2.403 -117.14   36.60    14.7     2.2     8.4     8.6     0.0    11.21 R    25.8     1.8    10.0    16.0     7.1    10.8   0.009   0.006 -99.000 -99.000 -99.000    11.6    12.2 -9999.0 -9999.0 -9999.0
53139 20101127  2.403 -117.14   36.60    12.5     0.0     6.3     7.7     0.0     9.66 R    23.0     0.9     9.0    19.1     8.3    12.1   0.008   0.006 -99.000 -99.000 -99.000    10.9    11.3 -9999.0 -9999.0 -9999.0
53139 20101128  2.403 -117.14   36.60    17.7     2.3    10.0    11.0     0.0    10.90 R    23.9     2.4    10.8    25.0     7.8    15.4   0.009   0.006 -99.000 -99.000 -99.000    11.9    12.3 -9999.0 -9999.0 -9999.0
53139 20101129  2.403 -117.14   36.60    16.8     8.2    12.5    12.0     0.0    10.91 R    25.8     6.2    11.9    21.3     8.8    14.8   0.009   0.006 -99.000 -99.000 -99.000    12.7    13.1 -9999.0 -9999.0 -9999.0
53139 20101130  2.403 -117.14   36.60    14.0     1.0     7.5     9.5     0.0     9.05 R    24.2     1.7    10.6    27.7    11.4    16.1   0.009   0.006 -99.000 -99.000 -99.000    11.6    12.1 -9999.0 -9999.0 -9999.0
53139 20101201  2.403 -117.14   36.60    15.8     3.4     9.6    10.1     0.0    10.56 R    26.4     3.0    11.6    22.8     9.1    14.4   0.009   0.006 -99.000 -99.000 -99.000    12.2    12.6 -9999.0 -9999.0 -9999.0
53139 20101202  2.403 -117.14   36.60    16.5     3.1     9.8    10.1     0.0    10.59 R    27.0     3.6    11.8    19.2     8.4    13.2   0.009   0.006 -99.000 -99.000 -99.000    12.1    12.5 -9999.0 -9999.0 -9999.0
53139 20101203  2.403 -117.14   36.60    17.6     3.2    10.4    11.9     0.0     9.02 R    26.3     4.3    13.3    19.2     6.7    11.1   0.009   0.006 -99.000 -99.000 -99.000    13.0    13.4 -9999.0 -9999.0 -9999.0
53139 20101204  2.403 -117.14   36.60    16.3     8.2    12.3    12.3     0.0     4.72 R    21.9     8.4    12.3    15.8     9.0    11.7   0.009   0.006 -99.000 -99.000 -99.000    13.7    14.0 -9999.0 -9999.0 -9999.0
53139 20101205  2.403 -117.14   36.60    16.4     5.0    10.7    11.4     1.6     7.13 R    23.6     5.0    12.2    76.6     9.8    18.8   0.009   0.006 -99.000 -99.000 -99.000    13.0    13.3 -9999.0 -9999.0 -9999.0
53139 20101206  2.403 -117.14   36.60    18.4     5.7    12.1    12.1     0.2     8.68 R    25.2     5.9    12.7    85.1    40.8    62.5   0.015   0.008 -99.000 -99.000 -99.000    13.0    13.3 -9999.0 -9999.0 -9999.0
53139 20101207  2.403 -117.14   36.60    18.4     5.5    12.0    12.5     0.0    10.01 R    26.3     5.9    13.4    92.4    37.4    62.7   0.019   0.012 -99.000 -99.000 -99.000    12.9    13.3 -9999.0 -9999.0 -9999.0
53139 20101208  2.403 -117.14   36.60    18.7     6.0    12.3    12.5     0.0    10.49 R    29.6     6.4    14.2    81.9    35.6    56.7   0.019   0.015 -99.000 -99.000 -99.000    13.8    14.1 -9999.0 -9999.0 -9999.0
53139 20101209  2.403 -117.14   36.60    18.3     7.2    12.7    12.8     0.0     8.62 R    27.6     7.6    14.2    73.0    32.8    51.4   0.019   0.015 -99.000 -99.000 -99.000    14.0    14.3 -9999.0 -9999.0 -9999.0
53139 20101210  2.403 -117.14   36.60    18.9     6.5    12.7    13.1     0.0     8.58 R    27.2     6.7    14.1    69.2    30.5    47.5   0.020   0.014 -99.000 -99.000 -99.000    14.0    14.3 -9999.0 -9999.0 -9999.0
53139 20101211  2.403 -117.14   36.60    19.8     6.4    13.1    13.8     0.0     9.10 R    28.5     7.4    14.9    65.2    29.5    44.9   0.020   0.012 -99.000 -99.000 -99.000    14.3    14.7 -9999.0 -9999.0 -9999.0
53139 20101212  2.403 -117.14   36.60    21.4     7.6    14.5    14.7     0.0     9.70 R    29.6     7.4    15.8    64.0    28.2    44.1   0.020   0.012 -99.000 -99.000 -99.000    14.8    15.2 -9999.0 -9999.0 -9999.0
53139 20101213  2.403 -117.14   36.60    20.4     8.4    14.4    14.5     0.0     9.46 R    29.6     7.5    15.7    65.0    31.3    46.2   0.020   0.012 -99.000 -99.000 -99.000    15.1    15.4 -9999.0 -9999.0 -9999.0
53139 20101214  2.403 -117.14   36.60    19.7     7.2    13.5    13.9     0.0     7.85 R    28.6     7.4    14.6    66.9    32.5    47.5   0.020   0.012 -99.000 -99.000 -99.000    14.9    15.2 -9999.0 -9999.0 -9999.0
53139 20101215  2.403 -117.14   36.60    20.8     8.4    14.6    15.0     0.0     4.84 R    24.5     8.6    14.8    61.5    22.9    40.9   0.019   0.012 -99.000 -99.000 -99.000    15.0    15.2 -9999.0 -9999.0 -9999.0
53139 20101216  2.403 -117.14   36.60    19.8    10.2    15.0    14.9     0.0     8.28 R    28.2    10.5    15.8    51.0    21.8    35.6   0.019   0.013 -99.000 -99.000 -99.000    15.9    16.2 -9999.0 -9999.0 -9999.0
53139 20101217  2.403 -117.14   36.60    13.5     9.4    11.4    11.8     0.3     1.47 R    14.5    10.3    11.9    77.6    37.0    60.8   0.018   0.013 -99.000 -99.000 -99.000    13.7    14.0 -9999.0 -9999.0 -9999.0
53139 20101218  2.403 -117.14   36.60    18.7     9.2    13.9    14.3     0.0     5.42 R    25.4     8.6    14.9    86.7    50.2    66.1   0.018   0.012 -99.000 -99.000 -99.000    14.7    14.9 -9999.0 -9999.0 -9999.0
53139 20101219  2.403 -117.14   36.60    21.5    14.3    17.9    17.2     4.3     3.81 R    19.5    14.0    15.9    88.6    32.7    62.0   0.028   0.023 -99.000 -99.000 -99.000    15.9    16.1 -9999.0 -9999.0 -9999.0
53139 20101220  2.403 -117.14   36.60    18.0    11.7    14.8    14.4     0.2     1.86 R    17.0    11.8    13.9    96.0    38.4    70.9   0.037   0.029 -99.000 -99.000 -99.000    14.5    14.7 -9999.0 -9999.0 -9999.0
53139 20101221  2.403 -117.14   36.60    15.8    11.1    13.4    13.2     0.0     4.51 R    19.8    11.0    13.6    96.4    60.7    81.3   0.037   0.026 -99.000 -99.000 -99.000    14.2    14.4 -9999.0 -9999.0 -9999.0
53139 20101222  2.403 -117.14   36.60    13.3    11.1    12.2    12.2     5.3     2.27 R    15.2    11.2    12.5    97.2    82.5    91.8   0.055   0.042 -99.000 -99.000 -99.000    13.6    13.7 -9999.0 -9999.0 -9999.0
53139 20101223  2.403 -117.14   36.60 -9999.0 -9999.0 -9999.0 -9999.0     0.3     8.08 R    23.3    10.0    13.8    95.1    56.1    82.3   0.062   0.058 -99.000 -99.000 -99.000    14.0    14.3 -9999.0 -9999.0 -9999.0
53139 20101224  2.403 -117.14   36.60 -9999.0 -9999.0 -9999.0 -9999.0     0.4     8.73 R    23.9     7.5    13.4    93.7    55.6    79.0   0.060   0.054 -99.000 -99.000 -99.000    13.4    13.6 -9999.0 -9999.0 -9999.0
53139 20101225  2.403 -117.14   36.60    14.0     7.5    10.8    11.3     0.0     5.49 R    17.9     7.8    11.6    92.3    67.6    81.3   0.056   0.050 -99.000 -99.000 -99.000    12.3    12.5 -9999.0 -9999.0 -9999.0
53139 20101226  2.403 -117.14   36.60    17.4     8.5    12.9    12.9     0.0     8.78 R    24.8     8.3    13.4    91.1    45.8    71.6   0.054   0.047 -99.000 -99.000 -99.000    13.1    13.3 -9999.0 -9999.0 -9999.0
53139 20101227  2.403 -117.14   36.60    16.0     6.9    11.4    11.2     0.0     9.68 R    24.1     6.6    12.3    91.6    46.8    71.7   0.051   0.044 -99.000 -99.000 -99.000    12.1    12.4 -9999.0 -9999.0 -9999.0
53139 20101228  2.403 -117.14   36.60    14.8     4.8     9.8    10.6     0.0     8.83 R    22.6     5.6    11.8    92.0    49.4    70.4   0.048   0.041 -99.000 -99.000 -99.000    11.6    11.9 -9999.0 -9999.0 -9999.0
53139 20101229  2.403 -117.14   36.60    17.6     7.3    12.4    12.4     0.8     8.70 R    24.2     8.0    13.1    81.9    19.4    49.1   0.046   0.039 -99.000 -99.000 -99.000    12.4    12.7 -9999.0 -9999.0 -9999.0
53139 20101230  2.403 -117.14   36.60    13.2     6.2     9.7     9.5     0.0     9.96 R    19.8     4.3     9.3    26.8    12.3    19.2   0.043   0.036 -99.000 -99.000 -99.000    10.2    10.5 -9999.0 -9999.0 -9999.0
53139 20101231  2.403 -117.14   36.60    10.4     4.0     7.2     7.2     0.0     9.91 R    19.6     2.4     7.7    39.0    14.6    24.6   0.042   0.034 -99.000 -99.000 -99.000     8.5     8.9 -9999.0 -9999.0 -9999.0
