04222 20100101  1.302 -122.61   40.65     8.5     5.7     7.1     7.6    16.5     1.68 R    10.5     4.9     7.7 -9999.0 -9999.0 -9999.0 -99.000 -99.000 -99.000 -99.000 -99.000 -9999.0 -9999.0 -9999.0 -9999.0 -9999.0
04222 20100102  1.302 -122.61   40.65    12.5     3.0     7.8     6.8     0.0     6.39 R    14.6     2.5     6.6 -9999.0 -9999.0 -9999.0 -99.000 -99.000 -99.000 -99.000 -99.000 -9999.0 -9999.0 -9999.0 -9999.0 -9999.0
04222 20100103  1.302 -122.61   40.65    13.7     4.5     9.1     7.7     0.0     8.83 R    17.4     3.2     7.2 -9999.0 -9999.0 -9999.0 -99.000 -99.000 -99.000 -99.000 -99.000 -9999.0 -9999.0 -9999.0 -9999.0 -9999.0
04222 20100104  1.302 -122.61   40.65    13.1     2.8     7.9     6.9     0.0     6.11 R    15.0     1.9     6.8 -9999.0 -9999.0 -9999.0 -99.000 -99.000 -99.000 -99.000 -99.000 -9999.0 -9999.0 -9999.0 -9999.0 -9999.0
04222 20100105  1.302 -122.61   40.65    15.4     5.3    10.3     8.4     0.0     6.38 R    18.4     4.2     7.8 -9999.0 -9999.0 -9999.0 -99.000 -99.000 -99.000 -99.000 -99.000 -9999.0 -9999.0 -9999.0 -9999.0 -9999.0
04222 20100106  1.302 -122.61   40.65    13.4     7.0    10.2    11.0     0.4     3.72 R    16.0     6.0    10.1 -9999.0 -9999.0 -9999.0 -99.000 -99.000 -99.000 -99.000 -99.000 -9999.0 -9999.0 -9999.0 -9999.0 -9999.0
04222 20100107  1.302 -122.61   40.65    15.9     7.0    11.5    10.9     0.0     5.12 R    18.5     6.7     9.9 -9999.0 -9999.0 -9999.0 -99.000 -99.000 -99.000 -99.000 -99.000 -9999.0 -9999.0 -9999.0 -9999.0 -9999.0
04222 20100108  1.302 -122.61   40.65     8.5     5.0     6.8     6.9     2.7     1.52 R    10.0     5.8     7.7 -9999.0 -9999.0 -9999.0 -99.000 -99.000 -99.000 -99.000 -99.000 -9999.0 -9999.0 -9999.0 -9999.0 -9999.0
04222 20100109  1.302 -122.61   40.65    12.3     5.6     9.0     8.5     1.6     3.19 R    14.2     4.8     8.4 -9999.0 -9999.0 -9999.0 -99.000 -99.000 -99.000 -99.000 -99.000 -9999.0 -9999.0 -9999.0 -9999.0 -9999.0
04222 20100110  1.302 -122.61   40.65    14.2     5.4     9.8     9.2     0.0     5.48 R    17.3     5.0     9.4 -9999.0 -9999.0 -9999.0 -99.000 -99.000 -99.000 -99.000 -99.000 -9999.0 -9999.0 -9999.0 -9999.0 -9999.0
04222 20100111  1.302 -122.61   40.65    10.6     4.6     7.6     6.8     7.3     4.17 R    14.2     4.7     7.7 -9999.0 -9999.0 -9999.0 -99.000 -99.000 -99.000 -99.000 -99.000 -9999.0 -9999.0 -9999.0 -9999.0 -9999.0
04222 20100112  1.302 -122.61   40.65    10.6     5.8     8.2     8.4    70.2     1.45 R    11.5     6.5     8.8 -9999.0 -9999.0 -9999.0 -99.000 -99.000 -99.000 -99.000 -99.000 -9999.0 -9999.0 -9999.0 -9999.0 -9999.0
04222 20100113  1.302 -122.61   40.65    11.8     4.2     8.0     8.1     3.1     6.63 R    16.9     3.7     8.8 -9999.0 -9999.0 -9999.0 -99.000 -99.000 -99.000 -99.000 -99.000 -9999.0 -9999.0 -9999.0 -9999.0 -9999.0
04222 20100114  1.302 -122.61   40.65    14.9     3.0     9.0     7.2     0.0     8.46 R    15.8     2.6     7.0 -9999.0 -9999.0 -9999.0 -99.000 -99.000 -99.000 -99.000 -99.000 -9999.0 -9999.0 -9999.0 -9999.0 -9999.0
04222 20100115  1.302 -122.61   40.65     9.5     2.4     6.0     5.8     0.0     3.13 R    11.5     2.9     6.3 -9999.0 -9999.0 -9999.0 -99.000 -99.000 -99.000 -99.000 -99.000 -9999.0 -9999.0 -9999.0 -9999.0 -9999.0
04222 20100116  1.302 -122.61   40.65    13.1     4.5     8.8     7.7     2.0     7.52 R    18.3     4.7     8.8 -9999.0 -9999.0 -9999.0 -99.000 -99.000 -99.000 -99.000 -99.000 -9999.0 -9999.0 -9999.0 -9999.0 -9999.0
04222 20100117  1.302 -122.61   40.65     7.7     6.1     6.9     7.0    38.9     0.56 R     8.4     6.7     7.5 -9999.0 -9999.0 -9999.0 -99.000 -99.000 -99.000 -99.000 -99.000 -9999.0 -9999.0 -9999.0 -9999.0 -9999.0
04222 20100118  1.302 -122.61   40.65     8.6     6.1     7.3     7.6   102.1     1.06 R    10.5     6.5     7.8 -9999.0 -9999.0 -9999.0 -99.000 -99.000 -99.000 -99.000 -99.000 -9999.0 -9999.0 -9999.0 -9999.0 -9999.0
04222 20100119  1.302 -122.61   40.65     7.1     4.6     5.9     6.0   125.2     1.01 R     7.0     5.2     6.2 -9999.0 -9999.0 -9999.0 -99.000 -99.000 -99.000 -99.000 -99.000 -9999.0 -9999.0 -9999.0 -9999.0 -9999.0
04222 20100120  1.302 -122.61   40.65     5.9     3.7     4.8     4.9    83.9     0.93 R     6.9     4.1     5.2 -9999.0 -9999.0 -9999.0 -99.000 -99.000 -99.000 -99.000 -99.000 -9999.0 -9999.0 -9999.0 -9999.0 -9999.0
04222 20100121  1.302 -122.61   40.65     5.1     3.7     4.4     4.4    22.7     1.45 R     6.6     4.3     5.0 -9999.0 -9999.0 -9999.0 -99.000 -99.000 -99.000 -99.000 -99.000 -9999.0 -9999.0 -9999.0 -9999.0 -9999.0
04222 20100122  1.302 -122.61   40.65     6.4     3.5     4.9     4.4     5.1     7.61 R    14.0     3.8     6.4 -9999.0 -9999.0 -9999.0 -99.000 -99.000 -99.000 -99.000 -99.000 -9999.0 -9999.0 -9999.0 -9999.0 -9999.0
04222 20100123  1.302 -122.61   40.65     5.0     0.1     2.5     3.2    15.7     2.97 R     9.5     0.7     4.9 -9999.0 -9999.0 -9999.0 -99.000 -99.000 -99.000 -99.000 -99.000 -9999.0 -9999.0 -9999.0 -9999.0 -9999.0
04222 20100124  1.302 -122.61   40.65     5.0     3.6     4.3     4.2    33.5     0.67 R     5.5     4.2     4.9 -9999.0 -9999.0 -9999.0 -99.000 -99.000 -99.000 -99.000 -99.000 -9999.0 -9999.0 -9999.0 -9999.0 -9999.0
04222 20100125  1.302 -122.61   40.65 -9999.0 -9999.0 -9999.0 -9999.0 -9999.0 -9999.00 U -9999.0 -9999.0 -9999.0 -9999.0 -9999.0 -9999.0 -99.000 -99.000 -99.000 -99.000 -99.000 -9999.0 -9999.0 -9999.0 -9999.0 -9999.0
04222 20100126  1.302 -122.61   40.65 -9999.0 -9999.0 -9999.0 -9999.0 -9999.0 -9999.00 U -9999.0 -9999.0 -9999.0 -9999.0 -9999.0 -9999.0 -99.000 -99.000 -99.000 -99.000 -99.000 -9999.0 -9999.0 -9999.0 -9999.0 -9999.0
04222 20100127  1.302 -122.61   40.65    12.7     2.9     7.8     6.6     0.0    10.36 R    15.1     1.5     6.0 -9999.0 -9999.0 -9999.0 -99.000 -99.000 -99.000 -99.000 -99.000 -9999.0 -9999.0 -9999.0 -9999.0 -9999.0
04222 20100128  1.302 -122.61   40.65    14.5     2.8     8.6     7.3     0.0     9.07 R    18.6     2.0     7.5 -9999.0 -9999.0 -9999.0 -99.000 -99.000 -99.000 -99.000 -99.000 -9999.0 -9999.0 -9999.0 -9999.0 -9999.0
04222 20100129  1.302 -122.61   40.65    10.6     3.8     7.2     7.2     1.8     4.07 R    13.4     4.0     7.6 -9999.0 -9999.0 -9999.0 -99.000 -99.000 -99.000 -99.000 -99.000 -9999.0 -9999.0 -9999.0 -9999.0 -9999.0
04222 20100130  1.302 -122.61   40.65    10.6     5.3     7.9     7.1     2.5     7.67 R    17.2     5.5     8.8 -9999.0 -9999.0 -9999.0 -99.000 -99.000 -99.000 -99.000 -99.000 -9999.0 -9999.0 -9999.0 -9999.0 -9999.0
04222 20100131  1.302 -122.61   40.65    11.8     3.7     7.8     7.0     0.0     9.09 R    18.6     4.1     8.5 -9999.0 -9999.0 -9999.0 -99.000 -99.000 -99.000 -99.000 -99.000 -9999.0 -9999.0 -9999.0 -9999.0 -9999.0
04222 20100201  1.302 -122.61   40.65     6.1     3.1     4.6     4.6     9.3     1.31 R     8.1     3.5     5.6 -9999.0 -9999.0 -9999.0 -99.000 -99.000 -99.000 -99.000 -99.000 -9999.0 -9999.0 -9999.0 -9999.0 -9999.0
04222 20100202  1.302 -122.61   40.65    12.0     1.9     6.9     6.5     1.4     7.80 R    18.4     1.7     7.7 -9999.0 -9999.0 -9999.0 -99.000 -99.000 -99.000 -99.000 -99.000 -9999.0 -9999.0 -9999.0 -9999.0 -9999.0
04222 20100203  1.302 -122.61   40.65    11.1     5.7     8.4     7.4     0.5     7.53 R    18.0     6.2     9.2 -9999.0 -9999.0 -9999.0 -99.000 -99.000 -99.000 -99.000 -99.000 -9999.0 -9999.0 -9999.0 -9999.0 -9999.0
04222 20100204  1.302 -122.61   40.65     8.4     5.8     7.1     7.2    97.9     0.24 R     8.0     6.8     7.5 -9999.0 -9999.0 -9999.0 -99.000 -99.000 -99.000 -99.000 -99.000 -9999.0 -9999.0 -9999.0 -9999.0 -9999.0
04222 20100205  1.302 -122.61   40.65     9.4     6.3     7.9     8.1     2.3     3.37 R    13.7     6.8     8.8 -9999.0 -9999.0 -9999.0 -99.000 -99.000 -99.000 -99.000 -99.000 -9999.0 -9999.0 -9999.0 -9999.0 -9999.0
04222 20100206  1.302 -122.61   40.65     9.2     5.1     7.2     6.8    26.1     3.07 R    11.1     5.2     8.0 -9999.0 -9999.0 -9999.0 -99.000 -99.000 -99.000 -99.000 -99.000 -9999.0 -9999.0 -9999.0 -9999.0 -9999.0
04222 20100207  1.302 -122.61   40.65    14.2     3.8     9.0     8.2     0.0    13.80 R    19.4     3.3     8.6 -9999.0 -9999.0 -9999.0 -99.000 -99.000 -99.000 -99.000 -99.000 -9999.0 -9999.0 -9999.0 -9999.0 -9999.0
04222 20100208  1.302 -122.61   40.65    11.0     2.3     6.7     6.5     3.4     7.89 R    16.3     1.9     7.4 -9999.0 -9999.0 -9999.0 -99.000 -99.000 -99.000 -99.000 -99.000 -9999.0 -9999.0 -9999.0 -9999.0 -9999.0
04222 20100209  1.302 -122.61   40.65    12.2     3.2     7.7     6.3     3.9    11.21 R    19.8     3.0     8.4 -9999.0 -9999.0 -9999.0 -99.000 -99.000 -99.000 -99.000 -99.000 -9999.0 -9999.0 -9999.0 -9999.0 -9999.0
04222 20100210  1.302 -122.61   40.65    10.2     2.3     6.2     5.9     1.5     4.92 R    12.8     1.6     6.2 -9999.0 -9999.0 -9999.0 -99.000 -99.000 -99.000 -99.000 -99.000 -9999.0 -9999.0 -9999.0 -9999.0 -9999.0
04222 20100211  1.302 -122.61   40.65     7.8     5.4     6.6     6.7    15.6     1.56 R     8.7     6.4     7.4 -9999.0 -9999.0 -9999.0 -99.000 -99.000 -99.000 -99.000 -99.000 -9999.0 -9999.0 -9999.0 -9999.0 -9999.0
04222 20100212  1.302 -122.61   40.65    10.3     6.3     8.3     8.0     0.3     5.04 R    14.6     6.6     9.1 -9999.0 -9999.0 -9999.0 -99.000 -99.000 -99.000 -99.000 -99.000 -9999.0 -9999.0 -9999.0 -9999.0 -9999.0
04222 20100213  1.302 -122.61   40.65    14.5     5.5    10.0     9.0     0.0     8.67 R    19.2     5.2    10.1 -9999.0 -9999.0 -9999.0 -99.000 -99.000 -99.000 -99.000 -99.000 -9999.0 -9999.0 -9999.0 -9999.0 -9999.0
04222 20100214  1.302 -122.61   40.65    11.7     4.3     8.0     7.8     0.4     4.18 R    12.8     3.7     7.7 -9999.0 -9999.0 -9999.0 -99.000 -99.000 -99.000 -99.000 -99.000 -9999.0 -9999.0 -9999.0 -9999.0 -9999.0
04222 20100215  1.302 -122.61   40.65    18.1     5.0    11.5    11.3     0.0    12.64 R    22.8     4.3    11.2 -9999.0 -9999.0 -9999.0 -99.000 -99.000 -99.000 -99.000 -99.000 -9999.0 -9999.0 -9999.0 -9999.0 -9999.0
04222 20100216  1.302 -122.61   40.65    21.3     9.2    15.3    13.7     0.0    14.81 R    24.8     7.4    13.1 -9999.0 -9999.0 -9999.0 -99.000 -99.000 -99.000 -99.000 -99.000 -9999.0 -9999.0 -9999.0 -9999.0 -9999.0
04222 20100217  1.302 -122.61   40.65    20.7     6.8    13.8    12.0     0.0    15.29 R    25.6     5.1    12.2 -9999.0 -9999.0 -9999.0 -99.000 -99.000 -99.000 -99.000 -99.000 -9999.0 -9999.0 -9999.0 -9999.0 -9999.0
04222 20100218  1.302 -122.61   40.65    18.8     4.6    11.7    10.3     0.0    15.50 R    24.6     3.6    11.2 -9999.0 -9999.0 -9999.0 -99.000 -99.000 -99.000 -99.000 -99.000 -9999.0 -9999.0 -9999.0 -9999.0 -9999.0
04222 20100219  1.302 -122.61   40.65    17.2     4.6    10.9    10.0     0.0    15.41 R    23.8     4.1    11.6 -9999.0 -9999.0 -9999.0 -99.000 -99.000 -99.000 -99.000 -99.000 -9999.0 -9999.0 -9999.0 -9999.0 -9999.0
04222 20100220  1.302 -122.61   40.65    15.5     6.7    11.1    10.1     0.0    14.53 R    23.4     7.5    12.1 -9999.0 -9999.0 -9999.0 -99.000 -99.000 -99.000 -99.000 -99.000 -9999.0 -9999.0 -9999.0 -9999.0 -9999.0
04222 20100221  1.302 -122.61   40.65    11.9     1.7     6.8     6.9     0.0    15.53 R    21.4     2.1     9.4 -9999.0 -9999.0 -9999.0 -99.000 -99.000 -99.000 -99.000 -99.000 -9999.0 -9999.0 -9999.0 -9999.0 -9999.0
04222 20100222  1.302 -122.61   40.65    15.0    -0.3     7.3     6.0     0.0    14.75 R    22.2    -0.4     7.9 -9999.0 -9999.0 -9999.0 -99.000 -99.000 -99.000 -99.000 -99.000 -9999.0 -9999.0 -9999.0 -9999.0 -9999.0
04222 20100223  1.302 -122.61   40.65     5.6     1.8     3.7     3.5    34.9     1.59 R     7.5     2.4     4.5 -9999.0 -9999.0 -9999.0 -99.000 -99.000 -99.000 -99.000 -99.000 -9999.0 -9999.0 -9999.0 -9999.0 -9999.0
04222 20100224  1.302 -122.61   40.65    11.6     2.0     6.8     5.9     2.3    10.77 R    23.4     3.3     8.8 -9999.0 -9999.0 -9999.0 -99.000 -99.000 -99.000 -99.000 -99.000 -9999.0 -9999.0 -9999.0 -9999.0 -9999.0
04222 20100225  1.302 -122.61   40.65    12.2     2.3     7.2     7.2     2.4     7.30 R    17.3     2.8     9.1 -9999.0 -9999.0 -9999.0 -99.000 -99.000 -99.000 -99.000 -99.000 -9999.0 -9999.0 -9999.0 -9999.0 -9999.0
04222 20100226  1.302 -122.61   40.65    10.5     6.2     8.3     8.1    97.8     1.45 R    12.4     6.5     8.5 -9999.0 -9999.0 -9999.0 -99.000 -99.000 -99.000 -99.000 -99.000 -9999.0 -9999.0 -9999.0 -9999.0 -9999.0
04222 20100227  1.302 -122.61   40.65    17.5     5.1    11.3     9.5     2.2    17.38 R    23.9     4.8    11.3 -9999.0 -9999.0 -9999.0 -99.000 -99.000 -99.000 -99.000 -99.000 -9999.0 -9999.0 -9999.0 -9999.0 -9999.0
04222 20100228  1.302 -122.61   40.65    18.9     5.2    12.1    10.9     0.0    16.11 R    25.3     3.9    11.6 -9999.0 -9999.0 -9999.0 -99.000 -99.000 -99.000 -99.000 -99.000 -9999.0 -9999.0 -9999.0 -9999.0 -9999.0
04222 20100301  1.302 -122.61   40.65    12.8     3.3     8.1     8.3     0.0     4.27 R    15.3     4.0     9.1 -9999.0 -9999.0 -9999.0 -99.000 -99.000 -99.000 -99.000 -99.000 -9999.0 -9999.0 -9999.0 -9999.0 -9999.0
04222 20100302  1.302 -122.61   40.65    10.2     3.3     6.7     7.6    60.3     3.18 R    13.1     1.9     8.6 -9999.0 -9999.0 -9999.0 -99.000 -99.000 -99.000 -99.000 -99.000 -9999.0 -9999.0 -9999.0 -9999.0 -9999.0
04222 20100303  1.302 -122.61   40.65     9.1     1.0     5.1     5.2    15.5    16.26 R    20.4     2.0     8.9 -9999.0 -9999.0 -9999.0 -99.000 -99.000 -99.000 -99.000 -99.000 -9999.0 -9999.0 -9999.0 -9999.0 -9999.0
04222 20100304  1.302 -122.61   40.65     9.1     0.9     5.0     5.4     0.0    15.66 R    20.1     0.9     8.6 -9999.0 -9999.0 -9999.0 -99.000 -99.000 -99.000 -99.000 -99.000 -9999.0 -9999.0 -9999.0 -9999.0 -9999.0
04222 20100305  1.302 -122.61   40.65    11.2     4.5     7.9     6.5     1.4     6.94 R    17.7     4.6     8.5 -9999.0 -9999.0 -9999.0 -99.000 -99.000 -99.000 -99.000 -99.000 -9999.0 -9999.0 -9999.0 -9999.0 -9999.0
04222 20100306  1.302 -122.61   40.65    19.2     4.6    11.9    11.2     0.0    15.55 R    26.5     4.7    12.1 -9999.0 -9999.0 -9999.0 -99.000 -99.000 -99.000 -99.000 -99.000 -9999.0 -9999.0 -9999.0 -9999.0 -9999.0
04222 20100307  1.302 -122.61   40.65    20.9     5.0    13.0    12.3     0.0    18.54 R    26.6     4.5    12.6 -9999.0 -9999.0 -9999.0 -99.000 -99.000 -99.000 -99.000 -99.000 -9999.0 -9999.0 -9999.0 -9999.0 -9999.0
04222 20100308  1.302 -122.61   40.65    11.3     4.0     7.7     7.8     0.2    19.27 R    22.7     2.7     9.8 -9999.0 -9999.0 -9999.0 -99.000 -99.000 -99.000 -99.000 -99.000 -9999.0 -9999.0 -9999.0 -9999.0 -9999.0
04222 20100309  1.302 -122.61   40.65    10.5    -2.1     4.2     4.3     5.3    12.69 R    18.5    -1.3     6.8 -9999.0 -9999.0 -9999.0 -99.000 -99.000 -99.000 -99.000 -99.000 -9999.0 -9999.0 -9999.0 -9999.0 -9999.0
04222 20100310  1.302 -122.61   40.65    12.4    -0.4     6.0     5.2     0.0    19.73 R    22.3    -0.3     8.4 -9999.0 -9999.0 -9999.0 -99.000 -99.000 -99.000 -99.000 -99.000 -9999.0 -9999.0 -9999.0 -9999.0 -9999.0
04222 20100311  1.302 -122.61   40.65    12.7     0.8     6.7     6.7     0.0    14.27 R    23.0     1.8     9.0 -9999.0 -9999.0 -9999.0 -99.000 -99.000 -99.000 -99.000 -99.000 -9999.0 -9999.0 -9999.0 -9999.0 -9999.0
04222 20100312  1.302 -122.61   40.65     9.2     3.2     6.2     6.0    19.3     6.23 R    14.1     1.8     6.7 -9999.0 -9999.0 -9999.0 -99.000 -99.000 -99.000 -99.000 -99.000 -9999.0 -9999.0 -9999.0 -9999.0 -9999.0
04222 20100313  1.302 -122.61   40.65    11.9    -1.3     5.3     5.2     0.0    19.89 R    22.5    -1.0     8.2 -9999.0 -9999.0 -9999.0 -99.000 -99.000 -99.000 -99.000 -99.000 -9999.0 -9999.0 -9999.0 -9999.0 -9999.0
04222 20100314  1.302 -122.61   40.65    18.4    -0.3     9.1     8.7     0.0    18.70 R    25.4    -0.1    10.2 -9999.0 -9999.0 -9999.0 -99.000 -99.000 -99.000 -99.000 -99.000 -9999.0 -9999.0 -9999.0 -9999.0 -9999.0
04222 20100315  1.302 -122.61   40.65    17.3     4.3    10.8    10.3     0.0    19.64 R    25.4     3.1    12.0 -9999.0 -9999.0 -9999.0 -99.000 -99.000 -99.000 -99.000 -99.000 -9999.0 -9999.0 -9999.0 -9999.0 -9999.0
04222 20100316  1.302 -122.61   40.65    19.1     3.4    11.2    11.1     0.0    14.30 R    26.2     3.3    12.5 -9999.0 -9999.0 -9999.0 -99.000 -99.000 -99.000 -99.000 -99.000 -9999.0 -9999.0 -9999.0 -9999.0 -9999.0
04222 20100317  1.302 -122.61   40.65    24.0     7.7    15.8    14.0     0.0    21.14 R    28.7     5.8    14.1 -9999.0 -9999.0 -9999.0 -99.000 -99.000 -99.000 -99.000 -99.000 -9999.0 -9999.0 -9999.0 -9999.0 -9999.0
04222 20100318  1.302 -122.61   40.65    23.6     4.8    14.2    13.2     0.0    21.46 R    30.7     3.8    14.0 -9999.0 -9999.0 -9999.0 -99.000 -99.000 -99.000 -99.000 -99.000 -9999.0 -9999.0 -9999.0 -9999.0 -9999.0
04222 20100319  1.302 -122.61   40.65    26.9     4.2    15.5    13.8     0.0    21.69 R    32.5     2.8    14.6 -9999.0 -9999.0 -9999.0 -99.000 -99.000 -99.000 -99.000 -99.000 -9999.0 -9999.0 -9999.0 -9999.0 -9999.0
04222 20100320  1.302 -122.61   40.65    19.8     4.6    12.2    11.8     0.0    18.18 R    28.7     4.6    13.7 -9999.0 -9999.0 -9999.0 -99.000 -99.000 -99.000 -99.000 -99.000 -9999.0 -9999.0 -9999.0 -9999.0 -9999.0
04222 20100321  1.302 -122.61   40.65    14.1     6.5    10.3     9.9     2.3     8.23 R    23.0     6.7    11.4 -9999.0 -9999.0 -9999.0 -99.000 -99.000 -99.000 -99.000 -99.000 -9999.0 -9999.0 -9999.0 -9999.0 -9999.0
04222 20100322  1.302 -122.61   40.65    20.3     5.6    12.9    11.8     0.0    22.00 R    29.5     4.5    13.6 -9999.0 -9999.0 -9999.0 -99.000 -99.000 -99.000 -99.000 -99.000 -9999.0 -9999.0 -9999.0 -9999.0 -9999.0
04222 20100323  1.302 -122.61   40.65    23.4     2.0    12.7    12.1     0.0    21.52 R    32.2     2.1    14.2 -9999.0 -9999.0 -9999.0 -99.000 -99.000 -99.000 -99.000 -99.000 -9999.0 -9999.0 -9999.0 -9999.0 -9999.0
04222 20100324  1.302 -122.61   40.65    18.3     4.3    11.3    11.2     0.0    20.52 R    30.8     4.7    14.6 -9999.0 -9999.0 -9999.0 -99.000 -99.000 -99.000 -99.000 -99.000 -9999.0 -9999.0 -9999.0 -9999.0 -9999.0
04222 20100325  1.302 -122.61   40.65    11.2     5.3     8.2     7.4     2.6    11.18 R    24.2     4.1     9.9 -9999.0 -9999.0 -9999.0 -99.000 -99.000 -99.000 -99.000 -99.000 -9999.0 -9999.0 -9999.0 -9999.0 -9999.0
04222 20100326  1.302 -122.61   40.65    15.8     1.1     8.5     8.1     0.0    22.22 R    29.6     1.2    11.9 -9999.0 -9999.0 -9999.0 -99.000 -99.000 -99.000 -99.000 -99.000 -9999.0 -9999.0 -9999.0 -9999.0 -9999.0
04222 20100327  1.302 -122.61   40.65    19.6     3.0    11.3    11.6     0.0    22.12 R    32.4     2.8    14.7 -9999.0 -9999.0 -9999.0 -99.000 -99.000 -99.000 -99.000 -99.000 -9999.0 -9999.0 -9999.0 -9999.0 -9999.0
04222 20100328  1.302 -122.61   40.65    15.2     6.6    10.9    10.6     0.0     5.92 R    19.8     6.7    11.6 -9999.0 -9999.0 -9999.0 -99.000 -99.000 -99.000 -99.000 -99.000 -9999.0 -9999.0 -9999.0 -9999.0 -9999.0
04222 20100329  1.302 -122.61   40.65    14.8     6.9    10.8    10.6     0.3     4.30 R    17.2     7.0    11.1 -9999.0 -9999.0 -9999.0 -99.000 -99.000 -99.000 -99.000 -99.000 -9999.0 -9999.0 -9999.0 -9999.0 -9999.0
04222 20100330  1.302 -122.61   40.65    11.5     3.0     7.3     6.9     4.3    20.44 R    24.7     3.6    10.7 -9999.0 -9999.0 -9999.0 -99.000 -99.000 -99.000 -99.000 -99.000 -9999.0 -9999.0 -9999.0 -9999.0 -9999.0
04222 20100331  1.302 -122.61   40.65     8.9     1.2     5.1     4.8     0.0    11.08 R    21.7     2.2     8.4 -9999.0 -9999.0 -9999.0 -99.000 -99.000 -99.000 -99.000 -99.000 -9999.0 -9999.0 -9999.0 -9999.0 -9999.0
04222 20100401  1.302 -122.61   40.65    13.6     3.3     8.5     7.6     0.0    20.71 R    27.1     2.5    11.4 -9999.0 -9999.0 -9999.0 -99.000 -99.000 -99.000 -99.000 -99.000 -9999.0 -9999.0 -9999.0 -9999.0 -9999.0
04222 20100402  1.302 -122.61   40.65     7.9     1.2     4.6     3.8    18.9     4.53 R    12.6     1.7     5.2 -9999.0 -9999.0 -9999.0 -99.000 -99.000 -99.000 -99.000 -99.000 -9999.0 -9999.0 -9999.0 -9999.0 -9999.0
04222 20100403  1.302 -122.61   40.65    10.8    -0.2     5.3     4.5     0.5    12.29 R    22.2     0.6     7.4 -9999.0 -9999.0 -9999.0 -99.000 -99.000 -99.000 -99.000 -99.000 -9999.0 -9999.0 -9999.0 -9999.0 -9999.0
04222 20100404  1.302 -122.61   40.65     5.5    -0.2     2.6     3.6    37.0     2.83 R     7.5     0.7     4.8 -9999.0 -9999.0 -9999.0 -99.000 -99.000 -99.000 -99.000 -99.000 -9999.0 -9999.0 -9999.0 -9999.0 -9999.0
04222 20100405  1.302 -122.61   40.65    10.4    -0.6     4.9     4.3     1.0    15.09 R    20.8    -0.1     7.4 -9999.0 -9999.0 -9999.0 -99.000 -99.000 -99.000 -99.000 -99.000 -9999.0 -9999.0 -9999.0 -9999.0 -9999.0
04222 20100406  1.302 -122.61   40.65    15.4    -0.1     7.7     7.6     0.0    24.90 R    28.3     0.9    11.9 -9999.0 -9999.0 -9999.0 -99.000 -99.000 -99.000 -99.000 -99.000 -9999.0 -9999.0 -9999.0 -9999.0 -9999.0
04222 20100407  1.302 -122.61   40.65    23.6     3.6    13.6    13.1     0.0    24.72 R    32.6     3.5    15.4 -9999.0 -9999.0 -9999.0 -99.000 -99.000 -99.000 -99.000 -99.000 -9999.0 -9999.0 -9999.0 -9999.0 -9999.0
04222 20100408  1.302 -122.61   40.65    17.6     6.7    12.1    12.0     0.0    24.73 R    29.7     5.6    14.5 -9999.0 -9999.0 -9999.0 -99.000 -99.000 -99.000 -99.000 -99.000 -9999.0 -9999.0 -9999.0 -9999.0 -9999.0
04222 20100409  1.302 -122.61   40.65    21.1     1.5    11.3    11.4     0.0    24.84 R    31.1     2.3    14.3 -9999.0 -9999.0 -9999.0 -99.000 -99.000 -99.000 -99.000 -99.000 -9999.0 -9999.0 -9999.0 -9999.0 -9999.0
04222 20100410  1.302 -122.61   40.65    14.1     5.7     9.9     9.6     0.0     5.93 R    20.1     6.2    10.4 -9999.0 -9999.0 -9999.0 -99.000 -99.000 -99.000 -99.000 -99.000 -9999.0 -9999.0 -9999.0 -9999.0 -9999.0
04222 20100411  1.302 -122.61   40.65     8.4     4.5     6.5     6.5    52.2     1.38 R     8.6     6.0     7.4 -9999.0 -9999.0 -9999.0 -99.000 -99.000 -99.000 -99.000 -99.000 -9999.0 -9999.0 -9999.0 -9999.0 -9999.0
04222 20100412  1.302 -122.61   40.65    10.2     5.0     7.6     6.8    74.3     8.39 R    20.1     6.0     9.1 -9999.0 -9999.0 -9999.0 -99.000 -99.000 -99.000 -99.000 -99.000 -9999.0 -9999.0 -9999.0 -9999.0 -9999.0
04222 20100413  1.302 -122.61   40.65    13.0     6.2     9.6     8.5     0.8    14.90 R    25.2     7.5    12.3 -9999.0 -9999.0 -9999.0 -99.000 -99.000 -99.000 -99.000 -99.000 -9999.0 -9999.0 -9999.0 -9999.0 -9999.0
04222 20100414  1.302 -122.61   40.65    10.2     4.1     7.2     7.0     5.5     7.33 R    18.1     5.5     9.6 -9999.0 -9999.0 -9999.0 -99.000 -99.000 -99.000 -99.000 -99.000 -9999.0 -9999.0 -9999.0 -9999.0 -9999.0
04222 20100415  1.302 -122.61   40.65    17.8     3.5    10.6    10.3     0.0    26.28 R    29.1     4.1    14.5 -9999.0 -9999.0 -9999.0 -99.000 -99.000 -99.000 -99.000 -99.000 -9999.0 -9999.0 -9999.0 -9999.0 -9999.0
04222 20100416  1.302 -122.61   40.65    19.5     4.5    12.0    11.7     0.0    23.00 R    31.5     5.5    15.3 -9999.0 -9999.0 -9999.0 -99.000 -99.000 -99.000 -99.000 -99.000 -9999.0 -9999.0 -9999.0 -9999.0 -9999.0
04222 20100417  1.302 -122.61   40.65    20.7     6.0    13.3    13.0     0.0    24.86 R    31.4     7.2    16.8 -9999.0 -9999.0 -9999.0 -99.000 -99.000 -99.000 -99.000 -99.000 -9999.0 -9999.0 -9999.0 -9999.0 -9999.0
04222 20100418  1.302 -122.61   40.65    25.4     7.1    16.2    15.4     0.0    26.51 R    34.9     7.0    18.2 -9999.0 -9999.0 -9999.0 -99.000 -99.000 -99.000 -99.000 -99.000 -9999.0 -9999.0 -9999.0 -9999.0 -9999.0
04222 20100419  1.302 -122.61   40.65    20.2     7.2    13.7    13.4     0.5    13.95 R    32.2     8.2    15.2 -9999.0 -9999.0 -9999.0 -99.000 -99.000 -99.000 -99.000 -99.000 -9999.0 -9999.0 -9999.0 -9999.0 -9999.0
04222 20100420  1.302 -122.61   40.65    11.4     5.1     8.3     7.3    20.3    11.80 R    24.7     7.5    11.1 -9999.0 -9999.0 -9999.0 -99.000 -99.000 -99.000 -99.000 -99.000 -9999.0 -9999.0 -9999.0 -9999.0 -9999.0
04222 20100421  1.302 -122.61   40.65    14.9     5.2    10.1     9.6     0.0    13.73 R    25.7     6.7    11.3 -9999.0 -9999.0 -9999.0 -99.000 -99.000 -99.000 -99.000 -99.000 -9999.0 -9999.0 -9999.0 -9999.0 -9999.0
04222 20100422  1.302 -122.61   40.65    23.9     8.6    16.2    15.1     0.0    25.31 R    32.1     6.2    16.3 -9999.0 -9999.0 -9999.0 -99.000 -99.000 -99.000 -99.000 -99.000 -9999.0 -9999.0 -9999.0 -9999.0 -9999.0
04222 20100423  1.302 -122.61   40.65    24.8     6.3    15.6    16.5     0.0    27.22 R    34.8     6.4    18.7 -9999.0 -9999.0 -9999.0 -99.000 -99.000 -99.000 -99.000 -99.000 -9999.0 -9999.0 -9999.0 -9999.0 -9999.0
04222 20100424  1.302 -122.61   40.65    24.0     9.9    17.0    16.3     0.0    27.56 R    35.9     8.7    19.2 -9999.0 -9999.0 -9999.0 -99.000 -99.000 -99.000 -99.000 -99.000 -9999.0 -9999.0 -9999.0 -9999.0 -9999.0
04222 20100425  1.302 -122.61   40.65    25.7     7.8    16.8    16.3     0.0    27.82 R    38.8     7.4    19.8 -9999.0 -9999.0 -9999.0 -99.000 -99.000 -99.000 -99.000 -99.000 -9999.0 -9999.0 -9999.0 -9999.0 -9999.0
04222 20100426  1.302 -122.61   40.65    19.2     8.7    13.9    14.2     2.0    12.72 R    26.3     8.3    16.0 -9999.0 -9999.0 -9999.0 -99.000 -99.000 -99.000 -99.000 -99.000 -9999.0 -9999.0 -9999.0 -9999.0 -9999.0
04222 20100427  1.302 -122.61   40.65    14.6     4.4     9.5     9.4    14.1    23.70 R    25.9     6.4    14.0 -9999.0 -9999.0 -9999.0 -99.000 -99.000 -99.000 -99.000 -99.000 -9999.0 -9999.0 -9999.0 -9999.0 -9999.0
04222 20100428  1.302 -122.61   40.65    13.4     3.2     8.3     6.9     0.8    19.83 R    26.7     5.5    11.6 -9999.0 -9999.0 -9999.0 -99.000 -99.000 -99.000 -99.000 -99.000 -9999.0 -9999.0 -9999.0 -9999.0 -9999.0
04222 20100429  1.302 -122.61   40.65    15.1     0.7     7.9     8.6     0.0    23.21 R    30.7     2.4    12.7 -9999.0 -9999.0 -9999.0 -99.000 -99.000 -99.000 -99.000 -99.000 -9999.0 -9999.0 -9999.0 -9999.0 -9999.0
04222 20100430  1.302 -122.61   40.65    20.5     4.6    12.6    12.7     0.0    28.74 R    33.5     4.2    16.6 -9999.0 -9999.0 -9999.0 -99.000 -99.000 -99.000 -99.000 -99.000 -9999.0 -9999.0 -9999.0 -9999.0 -9999.0
04222 20100501  1.302 -122.61   40.65    24.7     8.8    16.8    16.9     0.0    27.59 R    38.1     8.8    20.2 -9999.0 -9999.0 -9999.0 -99.000 -99.000 -99.000 -99.000 -99.000 -9999.0 -9999.0 -9999.0 -9999.0 -9999.0
04222 20100502  1.302 -122.61   40.65    23.7     5.5    14.6    15.4     0.0    28.91 R    39.6     6.4    20.6 -9999.0 -9999.0 -9999.0 -99.000 -99.000 -99.000 -99.000 -99.000 -9999.0 -9999.0 -9999.0 -9999.0 -9999.0
04222 20100503  1.302 -122.61   40.65    25.3    10.3    17.8    16.8     0.0    23.65 R    43.6    10.1    20.3 -9999.0 -9999.0 -9999.0 -99.000 -99.000 -99.000 -99.000 -99.000 -9999.0 -9999.0 -9999.0 -9999.0 -9999.0
04222 20100504  1.302 -122.61   40.65    22.8     8.2    15.5    14.9     0.0    28.99 R    41.7     7.5    20.7 -9999.0 -9999.0 -9999.0 -99.000 -99.000 -99.000 -99.000 -99.000 -9999.0 -9999.0 -9999.0 -9999.0 -9999.0
04222 20100505  1.302 -122.61   40.65    18.7     5.6    12.1    11.4     0.0    29.36 R    40.9     7.3    19.3 -9999.0 -9999.0 -9999.0 -99.000 -99.000 -99.000 -99.000 -99.000 -9999.0 -9999.0 -9999.0 -9999.0 -9999.0
04222 20100506  1.302 -122.61   40.65    20.6     1.0    10.8    11.1     0.0    30.11 R    42.5     3.3    19.4 -9999.0 -9999.0 -9999.0 -99.000 -99.000 -99.000 -99.000 -99.000 -9999.0 -9999.0 -9999.0 -9999.0 -9999.0
04222 20100507  1.302 -122.61   40.65    23.0     5.6    14.3    15.1     0.0    25.84 R    44.9     6.5    21.8 -9999.0 -9999.0 -9999.0 -99.000 -99.000 -99.000 -99.000 -99.000 -9999.0 -9999.0 -9999.0 -9999.0 -9999.0
04222 20100508  1.302 -122.61   40.65    20.5     8.0    14.3    14.5     0.0    21.59 R    43.1     9.9    21.3 -9999.0 -9999.0 -9999.0 -99.000 -99.000 -99.000 -99.000 -99.000 -9999.0 -9999.0 -9999.0 -9999.0 -9999.0
04222 20100509  1.302 -122.61   40.65    15.1     8.4    11.8    10.9    11.6     9.74 R    26.5    11.1    14.9 -9999.0 -9999.0 -9999.0 -99.000 -99.000 -99.000 -99.000 -99.000 -9999.0 -9999.0 -9999.0 -9999.0 -9999.0
04222 20100510  1.302 -122.61   40.65    12.3     6.0     9.2     8.3     6.5    16.30 R    24.6     6.6    12.3 -9999.0 -9999.0 -9999.0 -99.000 -99.000 -99.000 -99.000 -99.000 -9999.0 -9999.0 -9999.0 -9999.0 -9999.0
04222 20100511  1.302 -122.61   40.65    21.7     5.5    13.6    13.4     0.0    29.53 R    35.2     5.3    18.1 -9999.0 -9999.0 -9999.0 -99.000 -99.000 -99.000 -99.000 -99.000 -9999.0 -9999.0 -9999.0 -9999.0 -9999.0
04222 20100512  1.302 -122.61   40.65    24.9     7.9    16.4    17.0     0.0    29.23 R    40.6     8.5    21.9 -9999.0 -9999.0 -9999.0 -99.000 -99.000 -99.000 -99.000 -99.000 -9999.0 -9999.0 -9999.0 -9999.0 -9999.0
04222 20100513  1.302 -122.61   40.65    26.4    10.8    18.6    18.2     0.0    29.82 R    44.8    10.6    24.2 -9999.0 -9999.0 -9999.0 -99.000 -99.000 -99.000 -99.000 -99.000 -9999.0 -9999.0 -9999.0 -9999.0 -9999.0
04222 20100514  1.302 -122.61   40.65    27.3    10.3    18.8    18.6     0.0    29.44 R    47.6    10.8    25.0 -9999.0 -9999.0 -9999.0 -99.000 -99.000 -99.000 -99.000 -99.000 -9999.0 -9999.0 -9999.0 -9999.0 -9999.0
04222 20100515  1.302 -122.61   40.65    26.3    10.5    18.4    18.4     0.0    26.29 R    45.9    11.6    25.1 -9999.0 -9999.0 -9999.0 -99.000 -99.000 -99.000 -99.000 -99.000 -9999.0 -9999.0 -9999.0 -9999.0 -9999.0
04222 20100516  1.302 -122.61   40.65    24.5    10.6    17.5    18.2     0.0    23.60 R    42.7    12.3    24.8 -9999.0 -9999.0 -9999.0 -99.000 -99.000 -99.000 -99.000 -99.000 -9999.0 -9999.0 -9999.0 -9999.0 -9999.0
04222 20100517  1.302 -122.61   40.65    17.4     9.7    13.6    12.9    23.8    14.70 R    40.2    12.2    18.5 -9999.0 -9999.0 -9999.0 -99.000 -99.000 -99.000 -99.000 -99.000 -9999.0 -9999.0 -9999.0 -9999.0 -9999.0
04222 20100518  1.302 -122.61   40.65    17.9     8.1    13.0    12.8     0.0    19.08 R    32.6    11.4    18.0 -9999.0 -9999.0 -9999.0 -99.000 -99.000 -99.000 -99.000 -99.000 -9999.0 -9999.0 -9999.0 -9999.0 -9999.0
04222 20100519  1.302 -122.61   40.65    14.7     8.6    11.6    11.7     1.6    11.28 R    23.9     8.6    14.9 -9999.0 -9999.0 -9999.0 -99.000 -99.000 -99.000 -99.000 -99.000 -9999.0 -9999.0 -9999.0 -9999.0 -9999.0
04222 20100520  1.302 -122.61   40.65    19.9     6.7    13.3    13.0     0.0    30.90 R    36.4     6.4    18.8 -9999.0 -9999.0 -9999.0 -99.000 -99.000 -99.000 -99.000 -99.000 -9999.0 -9999.0 -9999.0 -9999.0 -9999.0
04222 20100521  1.302 -122.61   40.65    13.8     5.4     9.6     9.0     0.3    20.41 R    30.6     5.6    13.5 -9999.0 -9999.0 -9999.0 -99.000 -99.000 -99.000 -99.000 -99.000 -9999.0 -9999.0 -9999.0 -9999.0 -9999.0
04222 20100522  1.302 -122.61   40.65    13.1     0.3     6.7     6.8     0.0    16.19 R    33.1     2.4    11.5 -9999.0 -9999.0 -9999.0 -99.000 -99.000 -99.000 -99.000 -99.000 -9999.0 -9999.0 -9999.0 -9999.0 -9999.0
04222 20100523  1.302 -122.61   40.65    19.7     4.7    12.2    11.7     0.0    29.79 R    41.7     4.3    19.0 -9999.0 -9999.0 -9999.0 -99.000 -99.000 -99.000 -99.000 -99.000 -9999.0 -9999.0 -9999.0 -9999.0 -9999.0
04222 20100524  1.302 -122.61   40.65    14.7     7.2    11.0    11.3     0.2    15.49 R    34.4     9.2    16.6 -9999.0 -9999.0 -9999.0 -99.000 -99.000 -99.000 -99.000 -99.000 -9999.0 -9999.0 -9999.0 -9999.0 -9999.0
04222 20100525  1.302 -122.61   40.65    11.8     8.7    10.3     9.7    12.7     5.51 R    17.1    10.8    12.5 -9999.0 -9999.0 -9999.0 -99.000 -99.000 -99.000 -99.000 -99.000 -9999.0 -9999.0 -9999.0 -9999.0 -9999.0
04222 20100526  1.302 -122.61   40.65    16.6     6.7    11.6     9.6     8.4    15.52 R    31.6     8.7    14.3 -9999.0 -9999.0 -9999.0 -99.000 -99.000 -99.000 -99.000 -99.000 -9999.0 -9999.0 -9999.0 -9999.0 -9999.0
04222 20100527  1.302 -122.61   40.65     9.6     6.3     7.9     7.7    13.6     6.82 R    15.4     8.6    10.9 -9999.0 -9999.0 -9999.0 -99.000 -99.000 -99.000 -99.000 -99.000 -9999.0 -9999.0 -9999.0 -9999.0 -9999.0
04222 20100528  1.302 -122.61   40.65    18.5     5.4    12.0    11.4     0.0    27.12 R    32.8     7.1    17.1 -9999.0 -9999.0 -9999.0 -99.000 -99.000 -99.000 -99.000 -99.000 -9999.0 -9999.0 -9999.0 -9999.0 -9999.0
04222 20100529  1.302 -122.61   40.65    25.7     6.2    16.0    16.1     0.0    31.12 R    37.5     7.8    20.7 -9999.0 -9999.0 -9999.0 -99.000 -99.000 -99.000 -99.000 -99.000 -9999.0 -9999.0 -9999.0 -9999.0 -9999.0
04222 20100530  1.302 -122.61   40.65    28.5    11.9    20.2    20.5     0.0    27.97 R    41.0    11.6    23.7 -9999.0 -9999.0 -9999.0 -99.000 -99.000 -99.000 -99.000 -99.000 -9999.0 -9999.0 -9999.0 -9999.0 -9999.0
04222 20100531  1.302 -122.61   40.65    22.1    15.4    18.8    18.3     0.0    12.92 R    34.0    15.8    20.8 -9999.0 -9999.0 -9999.0 -99.000 -99.000 -99.000 -99.000 -99.000 -9999.0 -9999.0 -9999.0 -9999.0 -9999.0
04222 20100601  1.302 -122.61   40.65    23.2    15.4    19.3    18.7     0.0    21.23 R    41.7    16.1    23.5 -9999.0 -9999.0 -9999.0 -99.000 -99.000 -99.000 -99.000 -99.000 -9999.0 -9999.0 -9999.0 -9999.0 -9999.0
04222 20100602  1.302 -122.61   40.65    20.2    13.5    16.9    16.7     2.3     8.19 R    29.6    15.1    19.2 -9999.0 -9999.0 -9999.0 -99.000 -99.000 -99.000 -99.000 -99.000 -9999.0 -9999.0 -9999.0 -9999.0 -9999.0
04222 20100603  1.302 -122.61   40.65    19.9    11.2    15.5    15.5     4.5    10.59 R    28.8    12.2    18.4 -9999.0 -9999.0 -9999.0 -99.000 -99.000 -99.000 -99.000 -99.000 -9999.0 -9999.0 -9999.0 -9999.0 -9999.0
04222 20100604  1.302 -122.61   40.65    20.3    13.5    16.9    16.6     2.2    15.07 R    29.1    14.7    19.9 -9999.0 -9999.0 -9999.0 -99.000 -99.000 -99.000 -99.000 -99.000 -9999.0 -9999.0 -9999.0 -9999.0 -9999.0
04222 20100605  1.302 -122.61   40.65    23.9    12.5    18.2    18.2     0.0    14.42 R    34.4    13.5    20.9 -9999.0 -9999.0 -9999.0 -99.000 -99.000 -99.000 -99.000 -99.000 -9999.0 -9999.0 -9999.0 -9999.0 -9999.0
04222 20100606  1.302 -122.61   40.65    26.9    14.8    20.9    20.3     0.0    21.74 R    40.1    15.7    23.8 -9999.0 -9999.0 -9999.0 -99.000 -99.000 -99.000 -99.000 -99.000 -9999.0 -9999.0 -9999.0 -9999.0 -9999.0
04222 20100607  1.302 -122.61   40.65    29.8    15.0    22.4    21.3     0.0    31.26 R    46.4    14.1    26.9 -9999.0 -9999.0 -9999.0 -99.000 -99.000 -99.000 -99.000 -99.000 -9999.0 -9999.0 -9999.0 -9999.0 -9999.0
04222 20100608  1.302 -122.61   40.65    28.6    12.8    20.7    21.1     0.0    24.98 R    44.8    13.6    26.6 -9999.0 -9999.0 -9999.0 -99.000 -99.000 -99.000 -99.000 -99.000 -9999.0 -9999.0 -9999.0 -9999.0 -9999.0
04222 20100609  1.302 -122.61   40.65    24.9    13.1    19.0    18.9     0.0    29.50 R    47.3    14.6    26.6 -9999.0 -9999.0 -9999.0 -99.000 -99.000 -99.000 -99.000 -99.000 -9999.0 -9999.0 -9999.0 -9999.0 -9999.0
04222 20100610  1.302 -122.61   40.65    23.2    11.1    17.1    16.1     0.0    26.10 R    47.0    11.8    23.7 -9999.0 -9999.0 -9999.0 -99.000 -99.000 -99.000 -99.000 -99.000 -9999.0 -9999.0 -9999.0 -9999.0 -9999.0
04222 20100611  1.302 -122.61   40.65    26.1     8.3    17.2    17.9     0.0    31.95 R    48.8    10.8    26.5 -9999.0 -9999.0 -9999.0 -99.000 -99.000 -99.000 -99.000 -99.000 -9999.0 -9999.0 -9999.0 -9999.0 -9999.0
04222 20100612  1.302 -122.61   40.65    31.2     9.4    20.3    20.4     0.0    32.02 R    53.2    11.3    29.0 -9999.0 -9999.0 -9999.0 -99.000 -99.000 -99.000 -99.000 -99.000 -9999.0 -9999.0 -9999.0 -9999.0 -9999.0
04222 20100613  1.302 -122.61   40.65    33.1    13.0    23.0    23.5     0.0    31.62 R    55.9    14.2    31.7 -9999.0 -9999.0 -9999.0 -99.000 -99.000 -99.000 -99.000 -99.000 -9999.0 -9999.0 -9999.0 -9999.0 -9999.0
04222 20100614  1.302 -122.61   40.65    31.9    18.1    25.0    25.0     0.0    29.62 R    55.8    18.2    32.9 -9999.0 -9999.0 -9999.0 -99.000 -99.000 -99.000 -99.000 -99.000 -9999.0 -9999.0 -9999.0 -9999.0 -9999.0
04222 20100615  1.302 -122.61   40.65    29.6    12.8    21.2    21.7     0.0    31.94 R    56.4    14.7    31.1 -9999.0 -9999.0 -9999.0 -99.000 -99.000 -99.000 -99.000 -99.000 -9999.0 -9999.0 -9999.0 -9999.0 -9999.0
04222 20100616  1.302 -122.61   40.65    25.4     7.6    16.5    17.2     0.0    32.12 R    52.5     9.9    28.0 -9999.0 -9999.0 -9999.0 -99.000 -99.000 -99.000 -99.000 -99.000 -9999.0 -9999.0 -9999.0 -9999.0 -9999.0
04222 20100617  1.302 -122.61   40.65    27.1    11.2    19.1    19.2     0.0    31.78 R    54.5    13.0    29.7 -9999.0 -9999.0 -9999.0 -99.000 -99.000 -99.000 -99.000 -99.000 -9999.0 -9999.0 -9999.0 -9999.0 -9999.0
04222 20100618  1.302 -122.61   40.65    27.7    14.2    21.0    20.4     0.0    28.17 R    54.7    14.7    29.9 -9999.0 -9999.0 -9999.0 -99.000 -99.000 -99.000 -99.000 -99.000 -9999.0 -9999.0 -9999.0 -9999.0 -9999.0
04222 20100619  1.302 -122.61   40.65    23.2    11.6    17.4    17.3     0.0    28.41 R    53.1    14.3    28.1 -9999.0 -9999.0 -9999.0 -99.000 -99.000 -99.000 -99.000 -99.000 -9999.0 -9999.0 -9999.0 -9999.0 -9999.0
04222 20100620  1.302 -122.61   40.65    26.8    11.1    18.9    18.0     0.0    30.04 R    55.0    12.6    29.0 -9999.0 -9999.0 -9999.0 -99.000 -99.000 -99.000 -99.000 -99.000 -9999.0 -9999.0 -9999.0 -9999.0 -9999.0
04222 20100621  1.302 -122.61   40.65    30.8    11.1    21.0    21.3     0.0    31.46 R    57.7    12.7    31.5 -9999.0 -9999.0 -9999.0 -99.000 -99.000 -99.000 -99.000 -99.000 -9999.0 -9999.0 -9999.0 -9999.0 -9999.0
04222 20100622  1.302 -122.61   40.65    30.8    13.7    22.2    22.9     0.0    25.33 R    56.8    15.1    31.4 -9999.0 -9999.0 -9999.0 -99.000 -99.000 -99.000 -99.000 -99.000 -9999.0 -9999.0 -9999.0 -9999.0 -9999.0
04222 20100623  1.302 -122.61   40.65    32.2    16.0    24.1    24.7     0.0    25.20 R    58.5    17.2    32.9 -9999.0 -9999.0 -9999.0 -99.000 -99.000 -99.000 -99.000 -99.000 -9999.0 -9999.0 -9999.0 -9999.0 -9999.0
04222 20100624  1.302 -122.61   40.65    32.1    15.8    24.0    23.6     0.0    25.64 R    61.2    18.4    32.5 -9999.0 -9999.0 -9999.0 -99.000 -99.000 -99.000 -99.000 -99.000 -9999.0 -9999.0 -9999.0 -9999.0 -9999.0
04222 20100625  1.302 -122.61   40.65    29.3    13.6    21.4    21.6     0.0    30.23 R    56.7    15.9    32.4 -9999.0 -9999.0 -9999.0 -99.000 -99.000 -99.000 -99.000 -99.000 -9999.0 -9999.0 -9999.0 -9999.0 -9999.0
04222 20100626  1.302 -122.61   40.65    36.5    17.1    26.8    26.1     0.0    31.14 R    62.4    18.2    35.9 -9999.0 -9999.0 -9999.0 -99.000 -99.000 -99.000 -99.000 -99.000 -9999.0 -9999.0 -9999.0 -9999.0 -9999.0
04222 20100627  1.302 -122.61   40.65    37.9    18.3    28.1    29.2     0.0    31.69 R    63.9    20.1    38.0 -9999.0 -9999.0 -9999.0 -99.000 -99.000 -99.000 -99.000 -99.000 -9999.0 -9999.0 -9999.0 -9999.0 -9999.0
04222 20100628  1.302 -122.61   40.65    37.6    21.3    29.4    28.7     0.0    31.57 R    64.0    20.7    37.7 -9999.0 -9999.0 -9999.0 -99.000 -99.000 -99.000 -99.000 -99.000 -9999.0 -9999.0 -9999.0 -9999.0 -9999.0
04222 20100629  1.302 -122.61   40.65    33.6    20.2    26.9    26.1     0.0    31.50 R    61.8    19.9    36.0 -9999.0 -9999.0 -9999.0 -99.000 -99.000 -99.000 -99.000 -99.000 -9999.0 -9999.0 -9999.0 -9999.0 -9999.0
04222 20100630  1.302 -122.61   40.65    32.4    16.5    24.4    23.5     0.0    31.32 R    60.8    17.0    34.1 -9999.0 -9999.0 -9999.0 -99.000 -99.000 -99.000 -99.000 -99.000 -9999.0 -9999.0 -9999.0 -9999.0 -9999.0
04222 20100701  1.302 -122.61   40.65    30.7    14.9    22.8    22.2     0.0    31.10 R    59.3    16.0    33.0 -9999.0 -9999.0 -9999.0 -99.000 -99.000 -99.000 -99.000 -99.000 -9999.0 -9999.0 -9999.0 -9999.0 -9999.0
04222 20100702  1.302 -122.61   40.65    30.6    14.1    22.3    22.2     0.0    31.85 R    59.6    15.2    33.2 -9999.0 -9999.0 -9999.0 -99.000 -99.000 -99.000 -99.000 -99.000 -9999.0 -9999.0 -9999.0 -9999.0 -9999.0
04222 20100703  1.302 -122.61   40.65    32.0    10.6    21.3    21.7     0.0    31.55 R    60.2    13.1    33.0 -9999.0 -9999.0 -9999.0 -99.000 -99.000 -99.000 -99.000 -99.000 -9999.0 -9999.0 -9999.0 -9999.0 -9999.0
04222 20100704  1.302 -122.61   40.65    34.8    12.8    23.8    23.8     0.0    31.47 R    62.0    14.7    34.6 -9999.0 -9999.0 -9999.0 -99.000 -99.000 -99.000 -99.000 -99.000 -9999.0 -9999.0 -9999.0 -9999.0 -9999.0
04222 20100705  1.302 -122.61   40.65    36.0    15.9    26.0    25.5     0.0    30.86 R    63.8    17.3    36.1 -9999.0 -9999.0 -9999.0 -99.000 -99.000 -99.000 -99.000 -99.000 -9999.0 -9999.0 -9999.0 -9999.0 -9999.0
04222 20100706  1.302 -122.61   40.65    35.1    15.6    25.3    25.1     0.0    30.26 R    62.4    17.8    36.2 -9999.0 -9999.0 -9999.0 -99.000 -99.000 -99.000 -99.000 -99.000 -9999.0 -9999.0 -9999.0 -9999.0 -9999.0
04222 20100707  1.302 -122.61   40.65    36.0    15.3    25.7    25.6     0.0    30.08 R    62.4    17.8    36.3 -9999.0 -9999.0 -9999.0 -99.000 -99.000 -99.000 -99.000 -99.000 -9999.0 -9999.0 -9999.0 -9999.0 -9999.0
04222 20100708  1.302 -122.61   40.65    39.4    18.2    28.8    27.4     0.0    24.78 R    61.4    20.0    35.6 -9999.0 -9999.0 -9999.0 -99.000 -99.000 -99.000 -99.000 -99.000 -9999.0 -9999.0 -9999.0 -9999.0 -9999.0
04222 20100709  1.302 -122.61   40.65    40.6    19.3    29.9    28.2     0.0    28.68 R    64.8    20.2    37.7 -9999.0 -9999.0 -9999.0 -99.000 -99.000 -99.000 -99.000 -99.000 -9999.0 -9999.0 -9999.0 -9999.0 -9999.0
04222 20100710  1.302 -122.61   40.65    36.8    18.9    27.8    27.6     0.0    29.27 R    63.3    20.7    37.9 -9999.0 -9999.0 -9999.0 -99.000 -99.000 -99.000 -99.000 -99.000 -9999.0 -9999.0 -9999.0 -9999.0 -9999.0
04222 20100711  1.302 -122.61   40.65    37.8    18.1    27.9    27.4     0.0    29.91 R    63.8    19.8    37.8 -9999.0 -9999.0 -9999.0 -99.000 -99.000 -99.000 -99.000 -99.000 -9999.0 -9999.0 -9999.0 -9999.0 -9999.0
04222 20100712  1.302 -122.61   40.65    35.6    17.9    26.7    26.6     0.0    29.65 R    63.0    19.8    37.0 -9999.0 -9999.0 -9999.0 -99.000 -99.000 -99.000 -99.000 -99.000 -9999.0 -9999.0 -9999.0 -9999.0 -9999.0
04222 20100713  1.302 -122.61   40.65    32.5    15.3    23.9    23.9     0.0    29.91 R    61.1    18.5    35.7 -9999.0 -9999.0 -9999.0 -99.000 -99.000 -99.000 -99.000 -99.000 -9999.0 -9999.0 -9999.0 -9999.0 -9999.0
04222 20100714  1.302 -122.61   40.65    35.6    17.0    26.3    25.8     0.0    29.72 R    62.7    19.2    37.0 -9999.0 -9999.0 -9999.0 -99.000 -99.000 -99.000 -99.000 -99.000 -9999.0 -9999.0 -9999.0 -9999.0 -9999.0
04222 20100715  1.302 -122.61   40.65    39.2    17.5    28.3    27.9     0.0    29.58 R    64.6    19.2    38.4 -9999.0 -9999.0 -9999.0 -99.000 -99.000 -99.000 -99.000 -99.000 -9999.0 -9999.0 -9999.0 -9999.0 -9999.0
04222 20100716  1.302 -122.61   40.65    39.5    20.8    30.2    29.5     0.0    29.05 R    65.1    22.3    39.8 -9999.0 -9999.0 -9999.0 -99.000 -99.000 -99.000 -99.000 -99.000 -9999.0 -9999.0 -9999.0 -9999.0 -9999.0
04222 20100717  1.302 -122.61   40.65    38.6    19.0    28.8    28.9     0.0    29.45 R    64.7    20.6    39.0 -9999.0 -9999.0 -9999.0 -99.000 -99.000 -99.000 -99.000 -99.000 -9999.0 -9999.0 -9999.0 -9999.0 -9999.0
04222 20100718  1.302 -122.61   40.65    38.8    19.7    29.2    29.5     0.0    31.06 R    66.4    20.1    39.0 -9999.0 -9999.0 -9999.0 -99.000 -99.000 -99.000 -99.000 -99.000 -9999.0 -9999.0 -9999.0 -9999.0 -9999.0
04222 20100719  1.302 -122.61   40.65    38.1    18.1    28.1    28.3     0.0    30.16 R    65.1    20.2    38.5 -9999.0 -9999.0 -9999.0 -99.000 -99.000 -99.000 -99.000 -99.000 -9999.0 -9999.0 -9999.0 -9999.0 -9999.0
04222 20100720  1.302 -122.61   40.65    39.0    18.6    28.8    27.9     0.0    29.99 R    65.2    20.1    38.2 -9999.0 -9999.0 -9999.0 -99.000 -99.000 -99.000 -99.000 -99.000 -9999.0 -9999.0 -9999.0 -9999.0 -9999.0
04222 20100721  1.302 -122.61   40.65    34.8    16.7    25.8    25.4     0.0    29.68 R    62.6    18.9    36.3 -9999.0 -9999.0 -9999.0 -99.000 -99.000 -99.000 -99.000 -99.000 -9999.0 -9999.0 -9999.0 -9999.0 -9999.0
04222 20100722  1.302 -122.61   40.65    39.3    15.5    27.4    27.2     0.0    29.79 R    65.7    18.0    37.6 -9999.0 -9999.0 -9999.0 -99.000 -99.000 -99.000 -99.000 -99.000 -9999.0 -9999.0 -9999.0 -9999.0 -9999.0
04222 20100723  1.302 -122.61   40.65    37.7    17.5    27.6    27.0     0.0    28.94 R    63.8    19.8    37.5 -9999.0 -9999.0 -9999.0 -99.000 -99.000 -99.000 -99.000 -99.000 -9999.0 -9999.0 -9999.0 -9999.0 -9999.0
04222 20100724  1.302 -122.61   40.65    39.2    17.2    28.2    27.7     0.0    29.14 R    64.7    19.1    38.0 -9999.0 -9999.0 -9999.0 -99.000 -99.000 -99.000 -99.000 -99.000 -9999.0 -9999.0 -9999.0 -9999.0 -9999.0
04222 20100725  1.302 -122.61   40.65    38.1    18.4    28.3    27.6     0.0    28.50 R    63.8    20.5    37.9 -9999.0 -9999.0 -9999.0 -99.000 -99.000 -99.000 -99.000 -99.000 -9999.0 -9999.0 -9999.0 -9999.0 -9999.0
04222 20100726  1.302 -122.61   40.65    35.6    17.0    26.3    26.1     0.0    28.97 R    62.8    19.8    37.0 -9999.0 -9999.0 -9999.0 -99.000 -99.000 -99.000 -99.000 -99.000 -9999.0 -9999.0 -9999.0 -9999.0 -9999.0
04222 20100727  1.302 -122.61   40.65    33.4    16.2    24.8    24.6     0.0    28.91 R    62.2    19.1    35.6 -9999.0 -9999.0 -9999.0 -99.000 -99.000 -99.000 -99.000 -99.000 -9999.0 -9999.0 -9999.0 -9999.0 -9999.0
04222 20100728  1.302 -122.61   40.65    32.7    14.4    23.5    23.0     0.0    29.63 R    60.9    17.3    34.1 -9999.0 -9999.0 -9999.0 -99.000 -99.000 -99.000 -99.000 -99.000 -9999.0 -9999.0 -9999.0 -9999.0 -9999.0
04222 20100729  1.302 -122.61   40.65    34.1    13.1    23.6    23.3     0.0    29.45 R    61.2    15.1    34.0 -9999.0 -9999.0 -9999.0 -99.000 -99.000 -99.000 -99.000 -99.000 -9999.0 -9999.0 -9999.0 -9999.0 -9999.0
04222 20100730  1.302 -122.61   40.65    34.1    13.9    24.0    24.0     0.0    28.83 R    61.4    16.5    34.6 -9999.0 -9999.0 -9999.0 -99.000 -99.000 -99.000 -99.000 -99.000 -9999.0 -9999.0 -9999.0 -9999.0 -9999.0
04222 20100731  1.302 -122.61   40.65    34.0    15.5    24.8    24.1     0.0    29.10 R    61.0    17.3    34.5 -9999.0 -9999.0 -9999.0 -99.000 -99.000 -99.000 -99.000 -99.000 -9999.0 -9999.0 -9999.0 -9999.0 -9999.0
04222 20100801  1.302 -122.61   40.65    35.1    14.5    24.8    24.7     0.0    28.84 R    61.9    16.4    34.9 -9999.0 -9999.0 -9999.0 -99.000 -99.000 -99.000 -99.000 -99.000 -9999.0 -9999.0 -9999.0 -9999.0 -9999.0
04222 20100802  1.302 -122.61   40.65    34.7    15.0    24.8    24.6     0.0    28.67 R    61.3    17.2    34.9 -9999.0 -9999.0 -9999.0 -99.000 -99.000 -99.000 -99.000 -99.000 -9999.0 -9999.0 -9999.0 -9999.0 -9999.0
04222 20100803  1.302 -122.61   40.65    36.6    15.5    26.0    25.8     0.0    28.16 R    62.5    17.5    35.7 -9999.0 -9999.0 -9999.0 -99.000 -99.000 -99.000 -99.000 -99.000 -9999.0 -9999.0 -9999.0 -9999.0 -9999.0
04222 20100804  1.302 -122.61   40.65    35.3    15.7    25.5    25.2     0.0    28.14 R    61.6    17.7    35.2 -9999.0 -9999.0 -9999.0 -99.000 -99.000 -99.000 -99.000 -99.000 -9999.0 -9999.0 -9999.0 -9999.0 -9999.0
04222 20100805  1.302 -122.61   40.65    35.5    15.8    25.6    25.1     0.0    28.04 R    61.8    18.0    35.2 -9999.0 -9999.0 -9999.0 -99.000 -99.000 -99.000 -99.000 -99.000 -9999.0 -9999.0 -9999.0 -9999.0 -9999.0
04222 20100806  1.302 -122.61   40.65    37.1    15.7    26.4    25.7     0.0    27.83 R    62.4    17.5    35.6 -9999.0 -9999.0 -9999.0 -99.000 -99.000 -99.000 -99.000 -99.000 -9999.0 -9999.0 -9999.0 -9999.0 -9999.0
04222 20100807  1.302 -122.61   40.65    37.2    16.4    26.8    26.4     0.0    26.96 R    62.7    18.4    35.9 -9999.0 -9999.0 -9999.0 -99.000 -99.000 -99.000 -99.000 -99.000 -9999.0 -9999.0 -9999.0 -9999.0 -9999.0
04222 20100808  1.302 -122.61   40.65    34.3    17.9    26.1    25.8     0.0    26.81 R    60.7    19.9    35.5 -9999.0 -9999.0 -9999.0 -99.000 -99.000 -99.000 -99.000 -99.000 -9999.0 -9999.0 -9999.0 -9999.0 -9999.0
04222 20100809  1.302 -122.61   40.65    31.8    14.5    23.2    23.3     0.0    27.27 R    59.4    17.5    33.9 -9999.0 -9999.0 -9999.0 -99.000 -99.000 -99.000 -99.000 -99.000 -9999.0 -9999.0 -9999.0 -9999.0 -9999.0
04222 20100810  1.302 -122.61   40.65    30.0    14.1    22.1    22.4     0.0    18.75 R    52.7    17.2    30.0 -9999.0 -9999.0 -9999.0 -99.000 -99.000 -99.000 -99.000 -99.000 -9999.0 -9999.0 -9999.0 -9999.0 -9999.0
04222 20100811  1.302 -122.61   40.65    29.1    12.6    20.8    20.8     0.0    27.53 R    56.9    15.0    31.3 -9999.0 -9999.0 -9999.0 -99.000 -99.000 -99.000 -99.000 -99.000 -9999.0 -9999.0 -9999.0 -9999.0 -9999.0
04222 20100812  1.302 -122.61   40.65    34.9    13.7    24.3    23.5     0.0    27.56 R    60.5    15.3    33.3 -9999.0 -9999.0 -9999.0 -99.000 -99.000 -99.000 -99.000 -99.000 -9999.0 -9999.0 -9999.0 -9999.0 -9999.0
04222 20100813  1.302 -122.61   40.65    34.3    13.7    24.0    23.8     0.0    27.00 R    59.7    16.0    33.4 -9999.0 -9999.0 -9999.0 -99.000 -99.000 -99.000 -99.000 -99.000 -9999.0 -9999.0 -9999.0 -9999.0 -9999.0
04222 20100814  1.302 -122.61   40.65    35.2    15.0    25.1    24.7     0.0    26.72 R    60.6    17.1    34.2 -9999.0 -9999.0 -9999.0 -99.000 -99.000 -99.000 -99.000 -99.000 -9999.0 -9999.0 -9999.0 -9999.0 -9999.0
04222 20100815  1.302 -122.61   40.65    35.1    17.0    26.0    25.3     0.0    26.67 R    60.4    18.7    34.7 -9999.0 -9999.0 -9999.0 -99.000 -99.000 -99.000 -99.000 -99.000 -9999.0 -9999.0 -9999.0 -9999.0 -9999.0
04222 20100816  1.302 -122.61   40.65    39.9    17.1    28.5    27.6     0.0    26.66 R    63.2    18.6    36.2 -9999.0 -9999.0 -9999.0 -99.000 -99.000 -99.000 -99.000 -99.000 -9999.0 -9999.0 -9999.0 -9999.0 -9999.0
04222 20100817  1.302 -122.61   40.65    34.6    16.0    25.3    24.8     0.0    26.81 R    59.8    18.1    34.2 -9999.0 -9999.0 -9999.0 -99.000 -99.000 -99.000 -99.000 -99.000 -9999.0 -9999.0 -9999.0 -9999.0 -9999.0
04222 20100818  1.302 -122.61   40.65    32.9    12.7    22.8    22.0     0.0    25.79 R    58.3    14.2    30.9 -9999.0 -9999.0 -9999.0 -99.000 -99.000 -99.000 -99.000 -99.000 -9999.0 -9999.0 -9999.0 -9999.0 -9999.0
04222 20100819  1.302 -122.61   40.65    36.5    12.0    24.2    24.0     0.0    26.57 R    60.7    14.0    32.7 -9999.0 -9999.0 -9999.0 -99.000 -99.000 -99.000 -99.000 -99.000 -9999.0 -9999.0 -9999.0 -9999.0 -9999.0
04222 20100820  1.302 -122.61   40.65    33.5    14.7    24.1    24.0     0.0    26.11 R    58.5    16.2    32.8 -9999.0 -9999.0 -9999.0 -99.000 -99.000 -99.000 -99.000 -99.000 -9999.0 -9999.0 -9999.0 -9999.0 -9999.0
04222 20100821  1.302 -122.61   40.65    30.1    12.9    21.5    21.4     0.0    24.76 R    57.2    15.3    30.6 -9999.0 -9999.0 -9999.0 -99.000 -99.000 -99.000 -99.000 -99.000 -9999.0 -9999.0 -9999.0 -9999.0 -9999.0
04222 20100822  1.302 -122.61   40.65    31.4    14.2    22.8    22.4     0.0    26.07 R    58.3    16.1    31.8 -9999.0 -9999.0 -9999.0 -99.000 -99.000 -99.000 -99.000 -99.000 -9999.0 -9999.0 -9999.0 -9999.0 -9999.0
04222 20100823  1.302 -122.61   40.65    36.7    12.5    24.6    24.3     0.0    26.65 R    60.7    14.2    32.8 -9999.0 -9999.0 -9999.0 -99.000 -99.000 -99.000 -99.000 -99.000 -9999.0 -9999.0 -9999.0 -9999.0 -9999.0
04222 20100824  1.302 -122.61   40.65    40.7    16.0    28.4    27.3     0.0    26.44 R    62.9    16.6    34.7 -9999.0 -9999.0 -9999.0 -99.000 -99.000 -99.000 -99.000 -99.000 -9999.0 -9999.0 -9999.0 -9999.0 -9999.0
04222 20100825  1.302 -122.61   40.65    41.7    18.8    30.2    29.4     0.0    25.76 R    63.9    18.7    36.5 -9999.0 -9999.0 -9999.0 -99.000 -99.000 -99.000 -99.000 -99.000 -9999.0 -9999.0 -9999.0 -9999.0 -9999.0
04222 20100826  1.302 -122.61   40.65    35.7    16.8    26.2    26.9     0.0    25.44 R    60.2    19.0    34.9 -9999.0 -9999.0 -9999.0 -99.000 -99.000 -99.000 -99.000 -99.000 -9999.0 -9999.0 -9999.0 -9999.0 -9999.0
04222 20100827  1.302 -122.61   40.65    33.4    18.2    25.8    25.1     0.0    25.17 R    58.4    18.9    33.5 -9999.0 -9999.0 -9999.0 -99.000 -99.000 -99.000 -99.000 -99.000 -9999.0 -9999.0 -9999.0 -9999.0 -9999.0
04222 20100828  1.302 -122.61   40.65    20.3    12.5    16.4    15.4     3.0     6.90 R    26.0    15.0    19.3 -9999.0 -9999.0 -9999.0 -99.000 -99.000 -99.000 -99.000 -99.000 -9999.0 -9999.0 -9999.0 -9999.0 -9999.0
04222 20100829  1.302 -122.61   40.65    26.2    12.2    19.2    18.5     0.0    24.38 R    49.9    11.9    26.0 -9999.0 -9999.0 -9999.0 -99.000 -99.000 -99.000 -99.000 -99.000 -9999.0 -9999.0 -9999.0 -9999.0 -9999.0
04222 20100830  1.302 -122.61   40.65    25.8    10.3    18.0    18.0     0.0    20.50 R    53.5    11.9    24.9 -9999.0 -9999.0 -9999.0 -99.000 -99.000 -99.000 -99.000 -99.000 -9999.0 -9999.0 -9999.0 -9999.0 -9999.0
04222 20100831  1.302 -122.61   40.65    31.6    11.5    21.6    20.8     0.0    24.22 R    54.8    12.4    28.5 -9999.0 -9999.0 -9999.0 -99.000 -99.000 -99.000 -99.000 -99.000 -9999.0 -9999.0 -9999.0 -9999.0 -9999.0
04222 20100901  1.302 -122.61   40.65    35.5    14.2    24.8    25.0     0.0    24.33 R    58.1    15.5    32.4 -9999.0 -9999.0 -9999.0 -99.000 -99.000 -99.000 -99.000 -99.000 -9999.0 -9999.0 -9999.0 -9999.0 -9999.0
04222 20100902  1.302 -122.61   40.65    37.0    16.6    26.8    26.0     0.0    24.13 R    59.1    17.4    33.1 -9999.0 -9999.0 -9999.0 -99.000 -99.000 -99.000 -99.000 -99.000 -9999.0 -9999.0 -9999.0 -9999.0 -9999.0
04222 20100903  1.302 -122.61   40.65    36.9    16.3    26.6    25.5     0.0    24.55 R    59.3    16.7    32.6 -9999.0 -9999.0 -9999.0 -99.000 -99.000 -99.000 -99.000 -99.000 -9999.0 -9999.0 -9999.0 -9999.0 -9999.0
04222 20100904  1.302 -122.61   40.65    35.4    16.2    25.8    25.9     0.0    24.32 R    58.3    17.1    32.5 -9999.0 -9999.0 -9999.0 -99.000 -99.000 -99.000 -99.000 -99.000 -9999.0 -9999.0 -9999.0 -9999.0 -9999.0
04222 20100905  1.302 -122.61   40.65    31.8    13.1    22.5    22.9     0.0    24.73 R    57.2    15.2    30.3 -9999.0 -9999.0 -9999.0 -99.000 -99.000 -99.000 -99.000 -99.000 -9999.0 -9999.0 -9999.0 -9999.0 -9999.0
04222 20100906  1.302 -122.61   40.65    34.5    11.7    23.1    23.1     0.0    24.81 R    57.9    12.8    30.0 -9999.0 -9999.0 -9999.0 -99.000 -99.000 -99.000 -99.000 -99.000 -9999.0 -9999.0 -9999.0 -9999.0 -9999.0
04222 20100907  1.302 -122.61   40.65    31.4    16.8    24.1    23.0     0.0    20.81 R    55.6    16.7    29.7 -9999.0 -9999.0 -9999.0 -99.000 -99.000 -99.000 -99.000 -99.000 -9999.0 -9999.0 -9999.0 -9999.0 -9999.0
04222 20100908  1.302 -122.61   40.65    18.8    11.1    14.9    14.9     1.8     6.83 R    30.1    12.6    18.8 -9999.0 -9999.0 -9999.0 -99.000 -99.000 -99.000 -99.000 -99.000 -9999.0 -9999.0 -9999.0 -9999.0 -9999.0
04222 20100909  1.302 -122.61   40.65    22.7     9.8    16.2    15.6     0.0    23.91 R    45.1    11.2    23.0 -9999.0 -9999.0 -9999.0 -99.000 -99.000 -99.000 -99.000 -99.000 -9999.0 -9999.0 -9999.0 -9999.0 -9999.0
04222 20100910  1.302 -122.61   40.65    29.5    10.4    20.0    18.9     0.0    23.65 R    51.2    10.7    25.7 -9999.0 -9999.0 -9999.0 -99.000 -99.000 -99.000 -99.000 -99.000 -9999.0 -9999.0 -9999.0 -9999.0 -9999.0
04222 20100911  1.302 -122.61   40.65    31.0    10.4    20.7    19.8     0.0    23.18 R    52.9    10.9    26.7 -9999.0 -9999.0 -9999.0 -99.000 -99.000 -99.000 -99.000 -99.000 -9999.0 -9999.0 -9999.0 -9999.0 -9999.0
04222 20100912  1.302 -122.61   40.65    33.4    12.1    22.7    21.7     0.0    22.90 R    54.6    12.1    28.1 -9999.0 -9999.0 -9999.0 -99.000 -99.000 -99.000 -99.000 -99.000 -9999.0 -9999.0 -9999.0 -9999.0 -9999.0
04222 20100913  1.302 -122.61   40.65    30.5    12.6    21.6    20.6     0.0    21.65 R    52.4    13.2    27.1 -9999.0 -9999.0 -9999.0 -99.000 -99.000 -99.000 -99.000 -99.000 -9999.0 -9999.0 -9999.0 -9999.0 -9999.0
04222 20100914  1.302 -122.61   40.65    30.3    10.6    20.5    19.9     0.0    22.33 R    52.1    11.7    27.0 -9999.0 -9999.0 -9999.0 -99.000 -99.000 -99.000 -99.000 -99.000 -9999.0 -9999.0 -9999.0 -9999.0 -9999.0
04222 20100915  1.302 -122.61   40.65    29.8    13.5    21.7    20.7     0.0    18.37 R    51.8    13.6    26.5 -9999.0 -9999.0 -9999.0 -99.000 -99.000 -99.000 -99.000 -99.000 -9999.0 -9999.0 -9999.0 -9999.0 -9999.0
04222 20100916  1.302 -122.61   40.65    31.5    12.5    22.0    21.1     0.0    18.77 R    54.2    12.8    27.3 -9999.0 -9999.0 -9999.0 -99.000 -99.000 -99.000 -99.000 -99.000 -9999.0 -9999.0 -9999.0 -9999.0 -9999.0
04222 20100917  1.302 -122.61   40.65    27.0    13.5    20.2    20.1     0.5    14.84 R    46.9    14.7    25.7 -9999.0 -9999.0 -9999.0 -99.000 -99.000 -99.000 -99.000 -99.000 -9999.0 -9999.0 -9999.0 -9999.0 -9999.0
04222 20100918  1.302 -122.61   40.65    25.9    14.3    20.1    19.4     2.8    10.99 R    49.0    15.7    24.0 -9999.0 -9999.0 -9999.0 -99.000 -99.000 -99.000 -99.000 -99.000 -9999.0 -9999.0 -9999.0 -9999.0 -9999.0
04222 20100919  1.302 -122.61   40.65    19.0    11.8    15.4    15.1     0.6     7.42 R    28.4    12.2    18.1 -9999.0 -9999.0 -9999.0 -99.000 -99.000 -99.000 -99.000 -99.000 -9999.0 -9999.0 -9999.0 -9999.0 -9999.0
04222 20100920  1.302 -122.61   40.65    26.1    11.6    18.8    17.4     0.0    21.49 R    43.6    10.7    22.1 -9999.0 -9999.0 -9999.0 -99.000 -99.000 -99.000 -99.000 -99.000 -9999.0 -9999.0 -9999.0 -9999.0 -9999.0
04222 20100921  1.302 -122.61   40.65    24.5    12.6    18.6    17.5     0.0    15.59 R    43.7    11.9    22.2 -9999.0 -9999.0 -9999.0 -99.000 -99.000 -99.000 -99.000 -99.000 -9999.0 -9999.0 -9999.0 -9999.0 -9999.0
04222 20100922  1.302 -122.61   40.65    24.6    10.2    17.4    16.6     0.0    20.82 R    45.5    11.2    23.3 -9999.0 -9999.0 -9999.0 -99.000 -99.000 -99.000 -99.000 -99.000 -9999.0 -9999.0 -9999.0 -9999.0 -9999.0
04222 20100923  1.302 -122.61   40.65    27.0     9.1    18.1    17.3     0.0    20.86 R    46.3     9.4    23.3 -9999.0 -9999.0 -9999.0 -99.000 -99.000 -99.000 -99.000 -99.000 -9999.0 -9999.0 -9999.0 -9999.0 -9999.0
04222 20100924  1.302 -122.61   40.65    31.5    12.2    21.8    20.5     0.0    20.96 R    49.7    11.7    25.5 -9999.0 -9999.0 -9999.0 -99.000 -99.000 -99.000 -99.000 -99.000 -9999.0 -9999.0 -9999.0 -9999.0 -9999.0
04222 20100925  1.302 -122.61   40.65    33.1    13.7    23.4    21.8     0.0    21.02 R    50.7    12.5    26.2 -9999.0 -9999.0 -9999.0 -99.000 -99.000 -99.000 -99.000 -99.000 -9999.0 -9999.0 -9999.0 -9999.0 -9999.0
04222 20100926  1.302 -122.61   40.65    36.2    15.4    25.8    24.1     0.0    20.60 R    52.8    14.1    27.9 -9999.0 -9999.0 -9999.0 -99.000 -99.000 -99.000 -99.000 -99.000 -9999.0 -9999.0 -9999.0 -9999.0 -9999.0
04222 20100927  1.302 -122.61   40.65    37.2    17.3    27.2    25.2     0.0    20.69 R    53.5    15.9    28.9 -9999.0 -9999.0 -9999.0 -99.000 -99.000 -99.000 -99.000 -99.000 -9999.0 -9999.0 -9999.0 -9999.0 -9999.0
04222 20100928  1.302 -122.61   40.65    37.5    16.0    26.8    25.1     0.0    20.48 R    54.2    14.5    28.6 -9999.0 -9999.0 -9999.0 -99.000 -99.000 -99.000 -99.000 -99.000 -9999.0 -9999.0 -9999.0 -9999.0 -9999.0
04222 20100929  1.302 -122.61   40.65    40.4    17.7    29.1    26.5     0.0    20.26 R    55.5    16.1    29.7 -9999.0 -9999.0 -9999.0 -99.000 -99.000 -99.000 -99.000 -99.000 -9999.0 -9999.0 -9999.0 -9999.0 -9999.0
04222 20100930  1.302 -122.61   40.65    35.9    16.8    26.4    24.6     0.0    19.26 R    52.1    15.6    28.7 -9999.0 -9999.0 -9999.0 -99.000 -99.000 -99.000 -99.000 -99.000 -9999.0 -9999.0 -9999.0 -9999.0 -9999.0
04222 20101001  1.302 -122.61   40.65    35.1    15.2    25.2    23.2     0.0    18.97 R    51.1    15.0    27.8 -9999.0 -9999.0 -9999.0 -99.000 -99.000 -99.000 -99.000 -99.000 -9999.0 -9999.0 -9999.0 -9999.0 -9999.0
04222 20101002  1.302 -122.61   40.65    33.1    13.8    23.4    22.1     0.0    17.46 R    49.6    13.8    27.1 -9999.0 -9999.0 -9999.0 -99.000 -99.000 -99.000 -99.000 -99.000 -9999.0 -9999.0 -9999.0 -9999.0 -9999.0
04222 20101003  1.302 -122.61   40.65    25.8    14.3    20.0    19.2    10.7    13.64 R    41.1    16.1    23.6 -9999.0 -9999.0 -9999.0 -99.000 -99.000 -99.000 -99.000 -99.000 -9999.0 -9999.0 -9999.0 -9999.0 -9999.0
04222 20101004  1.302 -122.61   40.65    20.0    10.2    15.1    15.5     0.6    11.86 R    34.3    10.5    17.6 -9999.0 -9999.0 -9999.0 -99.000 -99.000 -99.000 -99.000 -99.000 -9999.0 -9999.0 -9999.0 -9999.0 -9999.0
04222 20101005  1.302 -122.61   40.65    25.0     6.6    15.8    16.0     0.0    18.21 R    37.9     7.1    19.3 -9999.0 -9999.0 -9999.0 -99.000 -99.000 -99.000 -99.000 -99.000 -9999.0 -9999.0 -9999.0 -9999.0 -9999.0
04222 20101006  1.302 -122.61   40.65    23.2    11.4    17.3    16.2     1.8    17.58 R    35.7    12.2    20.1 -9999.0 -9999.0 -9999.0 -99.000 -99.000 -99.000 -99.000 -99.000 -9999.0 -9999.0 -9999.0 -9999.0 -9999.0
04222 20101007  1.302 -122.61   40.65    20.1     9.5    14.8    14.4     0.0    12.24 R    34.9    10.8    18.0 -9999.0 -9999.0 -9999.0 -99.000 -99.000 -99.000 -99.000 -99.000 -9999.0 -9999.0 -9999.0 -9999.0 -9999.0
04222 20101008  1.302 -122.61   40.65    22.9     8.3    15.6    14.8     0.0    16.49 R    37.0     8.9    18.9 -9999.0 -9999.0 -9999.0 -99.000 -99.000 -99.000 -99.000 -99.000 -9999.0 -9999.0 -9999.0 -9999.0 -9999.0
04222 20101009  1.302 -122.61   40.65    27.6    11.2    19.4    19.5     0.0    17.20 R    41.3    11.9    23.0 -9999.0 -9999.0 -9999.0 -99.000 -99.000 -99.000 -99.000 -99.000 -9999.0 -9999.0 -9999.0 -9999.0 -9999.0
04222 20101010  1.302 -122.61   40.65    31.6    19.2    25.4    24.2     0.0    17.42 R    44.1    16.9    26.2 -9999.0 -9999.0 -9999.0 -99.000 -99.000 -99.000 -99.000 -99.000 -9999.0 -9999.0 -9999.0 -9999.0 -9999.0
04222 20101011  1.302 -122.61   40.65    29.2    12.1    20.6    20.2     0.0    17.89 R    42.9    11.8    22.9 -9999.0 -9999.0 -9999.0 -99.000 -99.000 -99.000 -99.000 -99.000 -9999.0 -9999.0 -9999.0 -9999.0 -9999.0
04222 20101012  1.302 -122.61   40.65    30.4     8.4    19.4    18.4     0.0    17.34 R    43.0     8.2    21.0 -9999.0 -9999.0 -9999.0 -99.000 -99.000 -99.000 -99.000 -99.000 -9999.0 -9999.0 -9999.0 -9999.0 -9999.0
04222 20101013  1.302 -122.61   40.65    31.3    11.8    21.6    19.8     0.0    17.39 R    44.1    10.6    22.3 -9999.0 -9999.0 -9999.0 -99.000 -99.000 -99.000 -99.000 -99.000 -9999.0 -9999.0 -9999.0 -9999.0 -9999.0
04222 20101014  1.302 -122.61   40.65    30.0    12.9    21.4    20.3     0.0    15.11 R    45.8    11.7    23.3 -9999.0 -9999.0 -9999.0 -99.000 -99.000 -99.000 -99.000 -99.000 -9999.0 -9999.0 -9999.0 -9999.0 -9999.0
04222 20101015  1.302 -122.61   40.65    29.2    14.1    21.6    20.4     0.0    13.44 R    42.2    13.6    23.4 -9999.0 -9999.0 -9999.0 -99.000 -99.000 -99.000 -99.000 -99.000 -9999.0 -9999.0 -9999.0 -9999.0 -9999.0
04222 20101016  1.302 -122.61   40.65    25.9    11.6    18.8    17.7     0.0    14.24 R    38.3    12.7    21.3 -9999.0 -9999.0 -9999.0 -99.000 -99.000 -99.000 -99.000 -99.000 -9999.0 -9999.0 -9999.0 -9999.0 -9999.0
04222 20101017  1.302 -122.61   40.65    20.2    10.8    15.5    14.4     0.0     7.90 R    29.4    11.2    17.0 -9999.0 -9999.0 -9999.0 -99.000 -99.000 -99.000 -99.000 -99.000 -9999.0 -9999.0 -9999.0 -9999.0 -9999.0
04222 20101018  1.302 -122.61   40.65    29.2    11.6    20.4    19.1     0.0    16.18 R    42.0    10.7    21.5 -9999.0 -9999.0 -9999.0 -99.000 -99.000 -99.000 -99.000 -99.000 -9999.0 -9999.0 -9999.0 -9999.0 -9999.0
04222 20101019  1.302 -122.61   40.65 -9999.0 -9999.0 -9999.0 -9999.0 -9999.0 -9999.00 U -9999.0 -9999.0 -9999.0 -9999.0 -9999.0 -9999.0 -99.000 -99.000 -99.000 -99.000 -99.000 -9999.0 -9999.0 -9999.0 -9999.0 -9999.0
04222 20101020  2.302 -122.61   40.65 -9999.0 -9999.0 -9999.0 -9999.0 -9999.0 -9999.00 U -9999.0 -9999.0 -9999.0 -9999.0 -9999.0 -9999.0 -99.000 -99.000 -99.000 -99.000 -99.000 -9999.0 -9999.0 -9999.0 -9999.0 -9999.0
04222 20101021  2.302 -122.61   40.65    18.0    11.2    14.6    13.7     0.0    12.18 R    34.6    10.8    18.1 -9999.0 -9999.0 -9999.0 -99.000 -99.000 -99.000 -99.000 -99.000 -9999.0 -9999.0 -9999.0 -9999.0 -9999.0
04222 20101022  2.302 -122.61   40.65    15.7     9.4    12.5    12.3     4.6     3.82 R    25.5    11.2    14.7 -9999.0 -9999.0 -9999.0 -99.000 -99.000 -99.000 -99.000 -99.000 -9999.0 -9999.0 -9999.0 -9999.0 -9999.0
04222 20101023  2.302 -122.61   40.65    10.5     8.7     9.6     9.4    27.3     2.76 R    13.8    10.1    11.0 -9999.0 -9999.0 -9999.0 -99.000 -99.000 -99.000 -99.000 -99.000 -9999.0 -9999.0 -9999.0 -9999.0 -9999.0
04222 20101024  2.302 -122.61   40.65    14.3     9.0    11.7    11.7    55.2     2.13 R    16.5     7.3    11.6 -9999.0 -9999.0 -9999.0 -99.000 -99.000 -99.000 -99.000 -99.000 -9999.0 -9999.0 -9999.0 -9999.0 -9999.0
04222 20101025  2.302 -122.61   40.65    15.5     4.9    10.2    10.3     0.0    13.00 R    24.2     4.9    11.0 -9999.0 -9999.0 -9999.0 -99.000 -99.000 -99.000 -99.000 -99.000 -9999.0 -9999.0 -9999.0 -9999.0 -9999.0
04222 20101026  2.302 -122.61   40.65    16.2     3.7     9.9     8.6     0.0    15.06 R    24.2     3.6    10.2 -9999.0 -9999.0 -9999.0 -99.000 -99.000 -99.000 -99.000 -99.000 -9999.0 -9999.0 -9999.0 -9999.0 -9999.0
04222 20101027  2.302 -122.61   40.65    13.3     1.1     7.2     6.9     9.3     6.51 R    20.8     1.1     8.1 -9999.0 -9999.0 -9999.0 -99.000 -99.000 -99.000 -99.000 -99.000 -9999.0 -9999.0 -9999.0 -9999.0 -9999.0
04222 20101028  2.302 -122.61   40.65     9.1     6.4     7.8     7.4    35.3     1.77 R    11.1     7.4     8.4 -9999.0 -9999.0 -9999.0 -99.000 -99.000 -99.000 -99.000 -99.000 -9999.0 -9999.0 -9999.0 -9999.0 -9999.0
04222 20101029  2.302 -122.61   40.65    14.8     7.9    11.4    10.8     3.9     5.99 R    18.8     8.5    12.0 -9999.0 -9999.0 -9999.0 -99.000 -99.000 -99.000 -99.000 -99.000 -9999.0 -9999.0 -9999.0 -9999.0 -9999.0
04222 20101030  2.302 -122.61   40.65    11.0     9.2    10.1    10.2     5.4     0.63 R    13.6     9.6    10.8 -9999.0 -9999.0 -9999.0 -99.000 -99.000 -99.000 -99.000 -99.000 -9999.0 -9999.0 -9999.0 -9999.0 -9999.0
04222 20101031  2.302 -122.61   40.65    15.6     9.7    12.7    11.8     0.6     8.01 R    22.4     9.9    13.3 -9999.0 -9999.0 -9999.0 -99.000 -99.000 -99.000 -99.000 -99.000 -9999.0 -9999.0 -9999.0 -9999.0 -9999.0
04222 20101101  2.302 -122.61   40.65    22.2     8.0    15.1    13.7     0.0    13.14 R    25.0     7.7    14.2 -9999.0 -9999.0 -9999.0 -99.000 -99.000 -99.000 -99.000 -99.000 -9999.0 -9999.0 -9999.0 -9999.0 -9999.0
04222 20101102  2.302 -122.61   40.65    28.6    10.4    19.5    17.5     0.0    13.18 R    28.2    10.1    15.8 -9999.0 -9999.0 -9999.0 -99.000 -99.000 -99.000 -99.000 -99.000 -9999.0 -9999.0 -9999.0 -9999.0 -9999.0
04222 20101103  2.302 -122.61   40.65    25.1     8.8    17.0    15.0     0.0    11.31 R    27.0     8.5    14.3 -9999.0 -9999.0 -9999.0 -99.000 -99.000 -99.000 -99.000 -99.000 -9999.0 -9999.0 -9999.0 -9999.0 -9999.0
04222 20101104  2.302 -122.61   40.65    25.3    11.2    18.3    15.9     0.0    10.34 R    27.1    10.3    14.8 -9999.0 -9999.0 -9999.0 -99.000 -99.000 -99.000 -99.000 -99.000 -9999.0 -9999.0 -9999.0 -9999.0 -9999.0
04222 20101105  2.302 -122.61   40.65    21.1    10.4    15.8    15.1     0.0     7.08 R    24.5    10.3    15.3 -9999.0 -9999.0 -9999.0 -99.000 -99.000 -99.000 -99.000 -99.000 -9999.0 -9999.0 -9999.0 -9999.0 -9999.0
04222 20101106  2.302 -122.61   40.65    20.1     8.2    14.1    13.7     0.3    11.08 R    24.8     8.5    14.5 -9999.0 -9999.0 -9999.0 -99.000 -99.000 -99.000 -99.000 -99.000 -9999.0 -9999.0 -9999.0 -9999.0 -9999.0
04222 20101107  2.302 -122.61   40.65    16.1     7.0    11.5    11.1    24.9    10.93 R    25.4     6.0    12.5 -9999.0 -9999.0 -9999.0 -99.000 -99.000 -99.000 -99.000 -99.000 -9999.0 -9999.0 -9999.0 -9999.0 -9999.0
04222 20101108  2.302 -122.61   40.65    14.9     3.3     9.1     8.2     0.0    12.37 R    19.6     3.6     9.0 -9999.0 -9999.0 -9999.0 -99.000 -99.000 -99.000 -99.000 -99.000 -9999.0 -9999.0 -9999.0 -9999.0 -9999.0
04222 20101109  2.302 -122.61   40.65     8.5     2.8     5.6     5.2     3.1     2.88 R    12.6     3.0     6.5 -9999.0 -9999.0 -9999.0 -99.000 -99.000 -99.000 -99.000 -99.000 -9999.0 -9999.0 -9999.0 -9999.0 -9999.0
04222 20101110  2.302 -122.61   40.65    14.9     2.9     8.9     7.3     0.5    11.40 R    19.7     2.9     8.5 -9999.0 -9999.0 -9999.0 -99.000 -99.000 -99.000 -99.000 -99.000 -9999.0 -9999.0 -9999.0 -9999.0 -9999.0
04222 20101111  2.302 -122.61   40.65    17.4     2.5    10.0     8.6     0.0    11.83 R    19.9     2.4     8.1 -9999.0 -9999.0 -9999.0 -99.000 -99.000 -99.000 -99.000 -99.000 -9999.0 -9999.0 -9999.0 -9999.0 -9999.0
04222 20101112  2.302 -122.61   40.65    18.9     5.7    12.3    10.7     0.0    11.54 R    21.2     4.6     9.6 -9999.0 -9999.0 -9999.0 -99.000 -99.000 -99.000 -99.000 -99.000 -9999.0 -9999.0 -9999.0 -9999.0 -9999.0
04222 20101113  2.302 -122.61   40.65    19.0     6.3    12.6    12.3     0.0     6.48 R    18.0     4.7    10.3 -9999.0 -9999.0 -9999.0 -99.000 -99.000 -99.000 -99.000 -99.000 -9999.0 -9999.0 -9999.0 -9999.0 -9999.0
04222 20101114  2.302 -122.61   40.65    24.0     9.1    16.6    16.4     0.0     8.85 R    23.2     7.8    13.7 -9999.0 -9999.0 -9999.0 -99.000 -99.000 -99.000 -99.000 -99.000 -9999.0 -9999.0 -9999.0 -9999.0 -9999.0
04222 20101115  2.302 -122.61   40.65    24.5    11.2    17.9    18.1     0.0    11.36 R    26.1     9.7    15.2 -9999.0 -9999.0 -9999.0 -99.000 -99.000 -99.000 -99.000 -99.000 -9999.0 -9999.0 -9999.0 -9999.0 -9999.0
04222 20101116  2.302 -122.61   40.65    19.8     9.0    14.4    14.4     0.0    10.86 R    22.5     7.2    12.5 -9999.0 -9999.0 -9999.0 -99.000 -99.000 -99.000 -99.000 -99.000 -9999.0 -9999.0 -9999.0 -9999.0 -9999.0
04222 20101117  2.302 -122.61   40.65    16.3     3.5     9.9     9.7     0.0    10.92 R    20.3     3.9     9.5 -9999.0 -9999.0 -9999.0 -99.000 -99.000 -99.000 -99.000 -99.000 -9999.0 -9999.0 -9999.0 -9999.0 -9999.0
04222 20101118  2.302 -122.61   40.65    12.9     2.5     7.7     7.9     0.0     5.23 R    16.8     2.8     8.6 -9999.0 -9999.0 -9999.0 -99.000 -99.000 -99.000 -99.000 -99.000 -9999.0 -9999.0 -9999.0 -9999.0 -9999.0
04222 20101119  2.302 -122.61   40.65    10.1     4.7     7.4     8.0     0.0     3.16 R    11.5     3.2     7.3 -9999.0 -9999.0 -9999.0 -99.000 -99.000 -99.000 -99.000 -99.000 -9999.0 -9999.0 -9999.0 -9999.0 -9999.0
04222 20101120  2.302 -122.61   40.65     5.3     0.5     2.9     3.0    29.0     1.36 R     7.2     2.0     4.4 -9999.0 -9999.0 -9999.0 -99.000 -99.000 -99.000 -99.000 -99.000 -9999.0 -9999.0 -9999.0 -9999.0 -9999.0
04222 20101121  2.302 -122.61   40.65     8.5     2.1     5.3     4.5     0.0     8.19 R    15.2     2.7     6.6 -9999.0 -9999.0 -9999.0 -99.000 -99.000 -99.000 -99.000 -99.000 -9999.0 -9999.0 -9999.0 -9999.0 -9999.0
04222 20101122  2.302 -122.61   40.65    10.0     1.4     5.7     5.5     3.5     7.30 R    16.7     2.0     7.1 -9999.0 -9999.0 -9999.0 -99.000 -99.000 -99.000 -99.000 -99.000 -9999.0 -9999.0 -9999.0 -9999.0 -9999.0
04222 20101123  2.302 -122.61   40.65     6.4    -3.1     1.7     3.6     1.0    10.93 R    14.9    -1.6     4.3 -9999.0 -9999.0 -9999.0 -99.000 -99.000 -99.000 -99.000 -99.000 -9999.0 -9999.0 -9999.0 -9999.0 -9999.0
04222 20101124  2.302 -122.61   40.65     9.4    -3.8     2.8     0.9     0.0    10.01 R    14.1    -2.4     1.9 -9999.0 -9999.0 -9999.0 -99.000 -99.000 -99.000 -99.000 -99.000 -9999.0 -9999.0 -9999.0 -9999.0 -9999.0
04222 20101125  2.302 -122.61   40.65    13.0    -2.3     5.4     3.2     0.0    10.35 R    16.9    -1.6     3.3 -9999.0 -9999.0 -9999.0 -99.000 -99.000 -99.000 -99.000 -99.000 -9999.0 -9999.0 -9999.0 -9999.0 -9999.0
04222 20101126  2.302 -122.61   40.65     8.1    -2.8     2.7     2.4     2.6     4.60 R    12.7    -1.9     3.2 -9999.0 -9999.0 -9999.0 -99.000 -99.000 -99.000 -99.000 -99.000 -9999.0 -9999.0 -9999.0 -9999.0 -9999.0
04222 20101127  2.302 -122.61   40.65     5.0     0.0     2.5     1.8    14.4     3.52 R     9.9     0.1     2.7 -9999.0 -9999.0 -9999.0 -99.000 -99.000 -99.000 -99.000 -99.000 -9999.0 -9999.0 -9999.0 -9999.0 -9999.0
04222 20101128  2.302 -122.61   40.65     9.6    -0.8     4.4     3.6     0.0    10.20 R    13.8    -0.5     3.4 -9999.0 -9999.0 -9999.0 -99.000 -99.000 -99.000 -99.000 -99.000 -9999.0 -9999.0 -9999.0 -9999.0 -9999.0
04222 20101129  2.302 -122.61   40.65    11.4    -0.9     5.2     3.6     0.0     9.22 R    15.7    -1.1     3.9 -9999.0 -9999.0 -9999.0 -99.000 -99.000 -99.000 -99.000 -99.000 -9999.0 -9999.0 -9999.0 -9999.0 -9999.0
04222 20101130  2.302 -122.61   40.65     7.4     1.7     4.5     4.1     0.0     2.64 R    11.1     2.2     5.0 -9999.0 -9999.0 -9999.0 -99.000 -99.000 -99.000 -99.000 -99.000 -9999.0 -9999.0 -9999.0 -9999.0 -9999.0
04222 20101201  2.302 -122.61   40.65     7.8     3.4     5.6     5.3     0.8     4.03 R    13.1     3.9     6.5 -9999.0 -9999.0 -9999.0 -99.000 -99.000 -99.000 -99.000 -99.000 -9999.0 -9999.0 -9999.0 -9999.0 -9999.0
04222 20101202  2.302 -122.61   40.65     6.2     3.1     4.7     5.0    16.7     0.54 R     7.9     4.5     6.0 -9999.0 -9999.0 -9999.0 -99.000 -99.000 -99.000 -99.000 -99.000 -9999.0 -9999.0 -9999.0 -9999.0 -9999.0
04222 20101203  2.302 -122.61   40.65     9.0     3.3     6.1     6.1     1.3     1.98 R    10.9     3.4     6.6 -9999.0 -9999.0 -9999.0 -99.000 -99.000 -99.000 -99.000 -99.000 -9999.0 -9999.0 -9999.0 -9999.0 -9999.0
04222 20101204  2.302 -122.61   40.65    10.8     5.3     8.1     7.7     4.4     2.91 R    12.2     4.7     8.0 -9999.0 -9999.0 -9999.0 -99.000 -99.000 -99.000 -99.000 -99.000 -9999.0 -9999.0 -9999.0 -9999.0 -9999.0
04222 20101205  2.302 -122.61   40.65    10.5     7.7     9.1     8.9    38.1     0.89 R    12.1     8.1     9.2 -9999.0 -9999.0 -9999.0 -99.000 -99.000 -99.000 -99.000 -99.000 -9999.0 -9999.0 -9999.0 -9999.0 -9999.0
04222 20101206  2.302 -122.61   40.65    10.8     8.1     9.5     9.4    14.5     3.41 R    14.6     8.0    10.2 -9999.0 -9999.0 -9999.0 -99.000 -99.000 -99.000 -99.000 -99.000 -9999.0 -9999.0 -9999.0 -9999.0 -9999.0
04222 20101207  2.302 -122.61   40.65    13.4     6.9    10.1     9.1     0.0     7.79 R    21.1     7.1    10.1 -9999.0 -9999.0 -9999.0 -99.000 -99.000 -99.000 -99.000 -99.000 -9999.0 -9999.0 -9999.0 -9999.0 -9999.0
04222 20101208  2.302 -122.61   40.65     9.3     7.9     8.6     8.7     8.0     1.61 R    13.3     8.3     9.4 -9999.0 -9999.0 -9999.0 -99.000 -99.000 -99.000 -99.000 -99.000 -9999.0 -9999.0 -9999.0 -9999.0 -9999.0
04222 20101209  2.302 -122.61   40.65    11.3     8.1     9.7     9.0     2.8     3.24 R    15.4     8.6    10.2 -9999.0 -9999.0 -9999.0 -99.000 -99.000 -99.000 -99.000 -99.000 -9999.0 -9999.0 -9999.0 -9999.0 -9999.0
04222 20101210  2.302 -122.61   40.65    12.8     7.9    10.4    10.3     0.3     2.80 R    16.0     8.4    11.1 -9999.0 -9999.0 -9999.0 -99.000 -99.000 -99.000 -99.000 -99.000 -9999.0 -9999.0 -9999.0 -9999.0 -9999.0
04222 20101211  2.302 -122.61   40.65    14.3     8.0    11.2    10.3     0.4     4.69 R    17.3     8.3    10.9 -9999.0 -9999.0 -9999.0 -99.000 -99.000 -99.000 -99.000 -99.000 -9999.0 -9999.0 -9999.0 -9999.0 -9999.0
04222 20101212  2.302 -122.61   40.65    15.0     6.4    10.7     9.9     0.0     8.40 R    18.4     5.8    10.3 -9999.0 -9999.0 -9999.0 -99.000 -99.000 -99.000 -99.000 -99.000 -9999.0 -9999.0 -9999.0 -9999.0 -9999.0
04222 20101213  2.302 -122.61   40.65    11.2     7.9     9.6     9.1     6.8     2.63 R    14.2     7.9    10.1 -9999.0 -9999.0 -9999.0 -99.000 -99.000 -99.000 -99.000 -99.000 -9999.0 -9999.0 -9999.0 -9999.0 -9999.0
04222 20101214  2.302 -122.61   40.65     9.8     3.7     6.8     8.3    11.3     2.45 R    12.1     3.3     8.4 -9999.0 -9999.0 -9999.0 -99.000 -99.000 -99.000 -99.000 -99.000 -9999.0 -9999.0 -9999.0 -9999.0 -9999.0
04222 20101215  2.302 -122.61   40.65    10.5     0.2     5.4     3.6     0.0     8.65 R    14.0     0.3     4.3 -9999.0 -9999.0 -9999.0 -99.000 -99.000 -99.000 -99.000 -99.000 -9999.0 -9999.0 -9999.0 -9999.0 -9999.0
04222 20101216  2.302 -122.61   40.65     9.7    -2.1     3.8     2.3     0.0     9.03 R    13.3    -1.1     2.8 -9999.0 -9999.0 -9999.0 -99.000 -99.000 -99.000 -99.000 -99.000 -9999.0 -9999.0 -9999.0 -9999.0 -9999.0
04222 20101217  2.302 -122.61   40.65     3.9    -1.9     1.0     1.6    12.3     0.68 R     7.9    -1.0     2.2 -9999.0 -9999.0 -9999.0 -99.000 -99.000 -99.000 -99.000 -99.000 -9999.0 -9999.0 -9999.0 -9999.0 -9999.0
04222 20101218  2.302 -122.61   40.65    10.0     2.9     6.4     5.8     4.9     3.58 R    11.7     2.9     6.2 -9999.0 -9999.0 -9999.0 -99.000 -99.000 -99.000 -99.000 -99.000 -9999.0 -9999.0 -9999.0 -9999.0 -9999.0
04222 20101219  2.302 -122.61   40.65     9.2     2.1     5.6     5.0     5.2     3.41 R    12.4     2.6     5.8 -9999.0 -9999.0 -9999.0 -99.000 -99.000 -99.000 -99.000 -99.000 -9999.0 -9999.0 -9999.0 -9999.0 -9999.0
04222 20101220  2.302 -122.61   40.65     6.6     3.6     5.1     4.9    14.9     2.72 R     9.1     3.9     5.8 -9999.0 -9999.0 -9999.0 -99.000 -99.000 -99.000 -99.000 -99.000 -9999.0 -9999.0 -9999.0 -9999.0 -9999.0
04222 20101221  2.302 -122.61   40.65     7.8     5.3     6.5     6.2    25.1     0.36 R     7.3     5.7     6.4 -9999.0 -9999.0 -9999.0 -99.000 -99.000 -99.000 -99.000 -99.000 -9999.0 -9999.0 -9999.0 -9999.0 -9999.0
04222 20101222  2.302 -122.61   40.65     9.2     1.5     5.3     6.4    11.3     3.13 R    12.6     1.7     7.1 -9999.0 -9999.0 -9999.0 -99.000 -99.000 -99.000 -99.000 -99.000 -9999.0 -9999.0 -9999.0 -9999.0 -9999.0
04222 20101223  2.302 -122.61   40.65     9.2     1.0     5.1     5.1     0.0     3.57 R    12.3     1.0     5.4 -9999.0 -9999.0 -9999.0 -99.000 -99.000 -99.000 -99.000 -99.000 -9999.0 -9999.0 -9999.0 -9999.0 -9999.0
04222 20101224  2.302 -122.61   40.65     9.9     6.2     8.0     8.1     0.0     2.76 R    14.4     5.5     7.5 -9999.0 -9999.0 -9999.0 -99.000 -99.000 -99.000 -99.000 -99.000 -9999.0 -9999.0 -9999.0 -9999.0 -9999.0
04222 20101225  2.302 -122.61   40.65     9.0     5.3     7.2     7.3    42.0     0.02 R    10.4     5.2     7.4 -9999.0 -9999.0 -9999.0 -99.000 -99.000 -99.000 -99.000 -99.000 -9999.0 -9999.0 -9999.0 -9999.0 -9999.0
04222 20101226  2.302 -122.61   40.65     7.3     2.9     5.1     5.6     5.8     2.85 R    11.3     3.3     6.7 -9999.0 -9999.0 -9999.0 -99.000 -99.000 -99.000 -99.000 -99.000 -9999.0 -9999.0 -9999.0 -9999.0 -9999.0
04222 20101227  2.302 -122.61   40.65    10.6     1.8     6.2     5.3     0.4     4.72 R    14.9     2.2     6.4 -9999.0 -9999.0 -9999.0 -99.000 -99.000 -99.000 -99.000 -99.000 -9999.0 -9999.0 -9999.0 -9999.0 -9999.0
04222 20101228  2.302 -122.61   40.65     6.5     5.3     5.9     5.8    32.8     0.35 R     7.2     6.0     6.4 -9999.0 -9999.0 -9999.0 -99.000 -99.000 -99.000 -99.000 -99.000 -9999.0 -9999.0 -9999.0 -9999.0 -9999.0
04222 20101229  2.302 -122.61   40.65     6.9    -0.1     3.4     4.6     0.0     9.52 R    11.5    -0.3     4.4 -9999.0 -9999.0 -9999.0 -99.000 -99.000 -99.000 -99.000 -99.000 -9999.0 -9999.0 -9999.0 -9999.0 -9999.0
04222 20101230  2.302 -122.61   40.65     9.2    -2.2     3.5     1.6     0.0     7.88 R    12.3    -1.5     2.3 -9999.0 -9999.0 -9999.0 -99.000 -99.000 -99.000 -99.000 -99.000 -9999.0 -9999.0 -9999.0 -9999.0 -9999.0
04222 20101231  2.302 -122.61   40.65     6.4    -2.6     1.9     1.4     2.2     6.47 R    10.2    -2.0     2.2 -9999.0 -9999.0 -9999.0 -99.000 -99.000 -99.000 -99.000 -99.000 -9999.0 -9999.0 -9999.0 -9999.0 -9999.0
