63829 20100101  1.302  -84.45   31.19     9.9     3.7     6.8     7.4     0.0     4.43 R    14.8     1.2     7.0 -9999.0 -9999.0 -9999.0 -99.000 -99.000 -99.000 -99.000 -99.000 -9999.0 -9999.0 -9999.0 -9999.0 -9999.0
63829 20100102  1.302  -84.45   31.19     8.2    -2.5     2.8     2.6     0.0    14.21 R    14.2    -4.4     2.7 -9999.0 -9999.0 -9999.0 -99.000 -99.000 -99.000 -99.000 -99.000 -9999.0 -9999.0 -9999.0 -9999.0 -9999.0
63829 20100103  1.302  -84.45   31.19     7.0    -4.3     1.4     0.2     0.0    11.89 R    13.5    -5.6     0.5 -9999.0 -9999.0 -9999.0 -99.000 -99.000 -99.000 -99.000 -99.000 -9999.0 -9999.0 -9999.0 -9999.0 -9999.0
63829 20100104  1.302  -84.45   31.19     6.9    -4.3     1.3     0.2     0.0    14.08 R    13.8    -5.6     0.9 -9999.0 -9999.0 -9999.0 -99.000 -99.000 -99.000 -99.000 -99.000 -9999.0 -9999.0 -9999.0 -9999.0 -9999.0
63829 20100105  1.302  -84.45   31.19     5.3    -6.0    -0.3    -0.8     0.0    14.66 R    11.6    -6.9    -0.4 -9999.0 -9999.0 -9999.0 -99.000 -99.000 -99.000 -99.000 -99.000 -9999.0 -9999.0 -9999.0 -9999.0 -9999.0
63829 20100106  1.302  -84.45   31.19     7.5    -8.8    -0.7    -1.2     0.0    14.79 R    13.4   -10.3    -1.3 -9999.0 -9999.0 -9999.0 -99.000 -99.000 -99.000 -99.000 -99.000 -9999.0 -9999.0 -9999.0 -9999.0 -9999.0
63829 20100107  1.302  -84.45   31.19    13.4    -6.7     3.3     3.6     0.0    13.34 R    20.9    -7.7     4.3 -9999.0 -9999.0 -9999.0 -99.000 -99.000 -99.000 -99.000 -99.000 -9999.0 -9999.0 -9999.0 -9999.0 -9999.0
63829 20100108  1.302  -84.45   31.19     5.3    -2.9     1.2     0.9     2.7    12.73 R    10.3    -2.7     2.1 -9999.0 -9999.0 -9999.0 -99.000 -99.000 -99.000 -99.000 -99.000 -9999.0 -9999.0 -9999.0 -9999.0 -9999.0
63829 20100109  1.302  -84.45   31.19     2.2    -5.0    -1.4    -2.5     0.0    12.77 R    10.3    -6.6    -1.1 -9999.0 -9999.0 -9999.0 -99.000 -99.000 -99.000 -99.000 -99.000 -9999.0 -9999.0 -9999.0 -9999.0 -9999.0
63829 20100110  1.302  -84.45   31.19     3.5    -5.9    -1.2    -2.1     0.0    14.84 R    10.8    -7.3    -1.5 -9999.0 -9999.0 -9999.0 -99.000 -99.000 -99.000 -99.000 -99.000 -9999.0 -9999.0 -9999.0 -9999.0 -9999.0
63829 20100111  1.302  -84.45   31.19     7.9    -8.4    -0.2    -0.8     0.0    15.19 R    14.8   -10.1    -1.3 -9999.0 -9999.0 -9999.0 -99.000 -99.000 -99.000 -99.000 -99.000 -9999.0 -9999.0 -9999.0 -9999.0 -9999.0
63829 20100112  1.302  -84.45   31.19    12.1    -3.7     4.2     3.5     0.0    14.64 R    17.7    -5.9     2.9 -9999.0 -9999.0 -9999.0 -99.000 -99.000 -99.000 -99.000 -99.000 -9999.0 -9999.0 -9999.0 -9999.0 -9999.0
63829 20100113  1.302  -84.45   31.19    10.9    -6.4     2.2     1.0     0.0    14.80 R    18.1    -8.2     1.2 -9999.0 -9999.0 -9999.0 -99.000 -99.000 -99.000 -99.000 -99.000 -9999.0 -9999.0 -9999.0 -9999.0 -9999.0
63829 20100114  1.302  -84.45   31.19    14.3    -4.4     5.0     3.5     0.0    10.16 R    22.9    -5.8     3.5 -9999.0 -9999.0 -9999.0 -99.000 -99.000 -99.000 -99.000 -99.000 -9999.0 -9999.0 -9999.0 -9999.0 -9999.0
63829 20100115  1.302  -84.45   31.19    20.2    -0.4     9.9     9.4     0.0    12.38 R    25.0    -2.0     8.9 -9999.0 -9999.0 -9999.0 -99.000 -99.000 -99.000 -99.000 -99.000 -9999.0 -9999.0 -9999.0 -9999.0 -9999.0
63829 20100116  1.302  -84.45   31.19    18.4    11.2    14.8    14.5    38.9     1.01 R    17.5    10.5    13.6 -9999.0 -9999.0 -9999.0 -99.000 -99.000 -99.000 -99.000 -99.000 -9999.0 -9999.0 -9999.0 -9999.0 -9999.0
63829 20100117  1.302  -84.45   31.19    17.0    10.2    13.6    14.3     0.7     4.19 R    19.4     9.9    13.7 -9999.0 -9999.0 -9999.0 -99.000 -99.000 -99.000 -99.000 -99.000 -9999.0 -9999.0 -9999.0 -9999.0 -9999.0
63829 20100118  1.302  -84.45   31.19    17.5     5.7    11.6    11.1     0.0    14.84 R    22.7     3.4    11.3 -9999.0 -9999.0 -9999.0 -99.000 -99.000 -99.000 -99.000 -99.000 -9999.0 -9999.0 -9999.0 -9999.0 -9999.0
63829 20100119  1.302  -84.45   31.19    18.6     3.2    10.9     9.2     0.0    14.03 R    24.6     1.7     9.4 -9999.0 -9999.0 -9999.0 -99.000 -99.000 -99.000 -99.000 -99.000 -9999.0 -9999.0 -9999.0 -9999.0 -9999.0
63829 20100120  1.302  -84.45   31.19 -9999.0 -9999.0 -9999.0 -9999.0 -9999.0 -9999.00 U -9999.0 -9999.0 -9999.0 -9999.0 -9999.0 -9999.0 -99.000 -99.000 -99.000 -99.000 -99.000 -9999.0 -9999.0 -9999.0 -9999.0 -9999.0
63829 20100121  1.302  -84.45   31.19    21.9    12.4    17.1    16.5    87.4     6.17 R    26.2    12.0    16.2 -9999.0 -9999.0 -9999.0 -99.000 -99.000 -99.000 -99.000 -99.000 -9999.0 -9999.0 -9999.0 -9999.0 -9999.0
63829 20100122  1.302  -84.45   31.19    20.5     9.8    15.2    15.8     0.0    15.34 R    29.7     8.0    16.2 -9999.0 -9999.0 -9999.0 -99.000 -99.000 -99.000 -99.000 -99.000 -9999.0 -9999.0 -9999.0 -9999.0 -9999.0
63829 20100123  1.302  -84.45   31.19    13.4     8.8    11.1    10.6     0.0     4.44 R    18.0     7.6    11.1 -9999.0 -9999.0 -9999.0 -99.000 -99.000 -99.000 -99.000 -99.000 -9999.0 -9999.0 -9999.0 -9999.0 -9999.0
63829 20100124  1.302  -84.45   31.19    21.3    11.5    16.4    17.1     5.4     1.96 R    22.5    11.8    16.5 -9999.0 -9999.0 -9999.0 -99.000 -99.000 -99.000 -99.000 -99.000 -9999.0 -9999.0 -9999.0 -9999.0 -9999.0
63829 20100125  2.402  -84.45   31.19 -9999.0 -9999.0 -9999.0 -9999.0 -9999.0 -9999.00 U -9999.0 -9999.0 -9999.0 -9999.0 -9999.0 -9999.0 -99.000 -99.000 -99.000 -99.000 -99.000 -9999.0 -9999.0 -9999.0 -9999.0 -9999.0
63829 20100126  2.402  -84.45   31.19    16.0     2.8     9.4     9.5     0.0    15.41 R    25.0     0.3     8.6    85.3    25.6    55.9 -99.000 -99.000 -99.000 -99.000 -99.000 -9999.0 -9999.0 -9999.0 -9999.0 -9999.0
63829 20100127  2.402  -84.45   31.19    14.5    -0.7     6.9     5.6     0.0    15.90 R    26.0    -2.7     7.0    95.7    29.4    68.7 -99.000 -99.000 -99.000 -99.000 -99.000 -9999.0 -9999.0 -9999.0 -9999.0 -9999.0
63829 20100128  2.402  -84.45   31.19    17.1    -1.3     7.9     7.1     0.0    13.48 R    29.7    -2.3     8.3    98.1    25.7    70.1 -99.000 -99.000 -99.000 -99.000 -99.000 -9999.0 -9999.0 -9999.0 -9999.0 -9999.0
63829 20100129  2.402  -84.45   31.19    18.4     4.3    11.4    11.8    15.1     7.29 R    27.6     3.8    12.5    95.6    48.2    73.0 -99.000 -99.000 -99.000 -99.000 -99.000 -9999.0 -9999.0 -9999.0 -9999.0 -9999.0
63829 20100130  2.402  -84.45   31.19    18.0     6.3    12.1    12.2    37.0     4.55 R    22.1     7.0    12.8    98.4    76.2    87.6 -99.000 -99.000 -99.000 -99.000 -99.000 -9999.0 -9999.0 -9999.0 -9999.0 -9999.0
63829 20100131  2.402  -84.45   31.19     6.3     0.4     3.4     3.7     0.0     2.81 R     9.2    -0.2     5.0    95.2    72.2    80.5 -99.000 -99.000 -99.000 -99.000 -99.000 -9999.0 -9999.0 -9999.0 -9999.0 -9999.0
63829 20100201  2.402  -84.45   31.19    12.7    -0.2     6.2     7.3     0.0     5.74 R    17.3    -0.7     8.1    96.3    62.6    77.0 -99.000 -99.000 -99.000 -99.000 -99.000 -9999.0 -9999.0 -9999.0 -9999.0 -9999.0
63829 20100202  2.402  -84.45   31.19    12.5     4.0     8.3    10.2     3.5     3.11 R    14.8     2.4    10.3    99.2    72.2    89.9 -99.000 -99.000 -99.000 -99.000 -99.000 -9999.0 -9999.0 -9999.0 -9999.0 -9999.0
63829 20100203  2.402  -84.45   31.19    14.8     2.9     8.8     8.3     0.0    16.32 R    27.1     1.3     9.6    99.6    39.8    75.6 -99.000 -99.000 -99.000 -99.000 -99.000 -9999.0 -9999.0 -9999.0 -9999.0 -9999.0
63829 20100204  2.402  -84.45   31.19    15.1     8.0    11.6    11.9     0.0     5.98 R    23.0     7.0    12.0    86.2    65.8    75.6 -99.000 -99.000 -99.000 -99.000 -99.000 -9999.0 -9999.0 -9999.0 -9999.0 -9999.0
63829 20100205  2.402  -84.45   31.19    18.6    12.7    15.6    15.5    29.7     3.05 R    20.8    11.5    14.9    97.8    70.2    85.1 -99.000 -99.000 -99.000 -99.000 -99.000 -9999.0 -9999.0 -9999.0 -9999.0 -9999.0
63829 20100206  2.402  -84.45   31.19    12.8     4.5     8.7     8.8     0.0     5.98 R    19.2     4.9     9.4    93.9    53.0    67.8 -99.000 -99.000 -99.000 -99.000 -99.000 -9999.0 -9999.0 -9999.0 -9999.0 -9999.0
63829 20100207  2.402  -84.45   31.19     9.6     1.5     5.5     5.1     0.0    12.51 R    27.4     0.4     7.5    96.7    49.7    67.4 -99.000 -99.000 -99.000 -99.000 -99.000 -9999.0 -9999.0 -9999.0 -9999.0 -9999.0
63829 20100208  2.402  -84.45   31.19    14.7    -1.9     6.4     5.8     0.0    16.38 R    26.2    -2.1     7.8    99.1    44.4    77.8 -99.000 -99.000 -99.000 -99.000 -99.000 -9999.0 -9999.0 -9999.0 -9999.0 -9999.0
63829 20100209  2.402  -84.45   31.19    16.2     3.1     9.6     9.2     5.9     6.75 R    25.3     1.6     9.8    97.0    59.8    84.9 -99.000 -99.000 -99.000 -99.000 -99.000 -9999.0 -9999.0 -9999.0 -9999.0 -9999.0
63829 20100210  2.402  -84.45   31.19     7.5    -2.0     2.8     2.5     0.0    16.37 R    20.1    -2.8     4.4    73.8    31.3    50.9 -99.000 -99.000 -99.000 -99.000 -99.000 -9999.0 -9999.0 -9999.0 -9999.0 -9999.0
63829 20100211  2.402  -84.45   31.19     6.9    -1.3     2.8     3.3     0.0     8.00 R    16.0    -2.7     4.6    77.8    43.9    58.1 -99.000 -99.000 -99.000 -99.000 -99.000 -9999.0 -9999.0 -9999.0 -9999.0 -9999.0
63829 20100212  2.402  -84.45   31.19     4.7     0.3     2.5     2.5    24.5     1.25 R     6.3     0.4     3.4    97.9    69.3    93.3 -99.000 -99.000 -99.000 -99.000 -99.000 -9999.0 -9999.0 -9999.0 -9999.0 -9999.0
63829 20100213  2.402  -84.45   31.19     7.9    -1.5     3.2     2.6     0.0    17.51 R    19.3    -2.5     4.3    92.9    44.1    71.8 -99.000 -99.000 -99.000 -99.000 -99.000 -9999.0 -9999.0 -9999.0 -9999.0 -9999.0
63829 20100214  2.402  -84.45   31.19    14.8    -2.5     6.2     6.0     0.0    17.48 R    24.8    -3.6     7.0    98.1    35.5    70.3 -99.000 -99.000 -99.000 -99.000 -99.000 -9999.0 -9999.0 -9999.0 -9999.0 -9999.0
63829 20100215  2.402  -84.45   31.19     8.9     2.0     5.4     6.2     6.2     9.00 R    18.5     0.0     6.1    95.1    48.7    76.9 -99.000 -99.000 -99.000 -99.000 -99.000 -9999.0 -9999.0 -9999.0 -9999.0 -9999.0
63829 20100216  2.402  -84.45   31.19     7.7    -1.7     3.0     2.3     0.0    18.86 R    20.1    -3.2     4.4    89.2    36.8    58.8 -99.000 -99.000 -99.000 -99.000 -99.000 -9999.0 -9999.0 -9999.0 -9999.0 -9999.0
63829 20100217  2.402  -84.45   31.19    10.7    -4.0     3.3     3.2     0.0    18.69 R    22.0    -4.9     4.4    94.5    37.0    64.7 -99.000 -99.000 -99.000 -99.000 -99.000 -9999.0 -9999.0 -9999.0 -9999.0 -9999.0
63829 20100218  2.402  -84.45   31.19    14.0    -3.1     5.5     5.2     0.0    18.89 R    24.9    -4.8     6.0    91.2    23.6    54.9 -99.000 -99.000 -99.000 -99.000 -99.000 -9999.0 -9999.0 -9999.0 -9999.0 -9999.0
63829 20100219  2.402  -84.45   31.19    16.5    -1.7     7.4     7.2     0.0    18.45 R    30.6    -2.5     9.3    96.9    27.2    62.7 -99.000 -99.000 -99.000 -99.000 -99.000 -9999.0 -9999.0 -9999.0 -9999.0 -9999.0
63829 20100220  2.402  -84.45   31.19    19.0    -0.8     9.1     8.7     0.0    19.17 R    31.1    -2.3    10.0    98.1    20.2    59.1 -99.000 -99.000 -99.000 -99.000 -99.000 -9999.0 -9999.0 -9999.0 -9999.0 -9999.0
63829 20100221  2.402  -84.45   31.19    23.0     0.1    11.5    12.0     0.0    17.27 R    33.8    -0.7    13.0    97.3    26.4    62.2 -99.000 -99.000 -99.000 -99.000 -99.000 -9999.0 -9999.0 -9999.0 -9999.0 -9999.0
63829 20100222  2.402  -84.45   31.19    20.0    10.8    15.4    14.4    15.1     8.62 R    29.4     8.7    14.6    99.1    68.7    87.8 -99.000 -99.000 -99.000 -99.000 -99.000 -9999.0 -9999.0 -9999.0 -9999.0 -9999.0
63829 20100223  2.402  -84.45   31.19    14.3     6.2    10.3    11.0     0.0    13.66 R    26.5     5.1    12.3    99.0    58.6    80.9 -99.000 -99.000 -99.000 -99.000 -99.000 -9999.0 -9999.0 -9999.0 -9999.0 -9999.0
63829 20100224  2.402  -84.45   31.19     7.9     2.1     5.0     5.3     0.0     5.71 R    13.6     0.8     5.8    91.2    56.8    76.2 -99.000 -99.000 -99.000 -99.000 -99.000 -9999.0 -9999.0 -9999.0 -9999.0 -9999.0
63829 20100225  2.402  -84.45   31.19     9.6    -1.3     4.1     3.2     0.0    20.29 R    21.9    -2.8     4.8    80.3    19.5    47.7 -99.000 -99.000 -99.000 -99.000 -99.000 -9999.0 -9999.0 -9999.0 -9999.0 -9999.0
63829 20100226  2.402  -84.45   31.19    13.7    -3.4     5.1     4.6     0.0    19.83 R    25.8    -4.4     6.6    91.7    22.3    55.7 -99.000 -99.000 -99.000 -99.000 -99.000 -9999.0 -9999.0 -9999.0 -9999.0 -9999.0
63829 20100227  2.402  -84.45   31.19    11.9     1.1     6.5     6.4     0.0    11.96 R    26.5    -0.1     7.5    91.1    30.3    60.3 -99.000 -99.000 -99.000 -99.000 -99.000 -9999.0 -9999.0 -9999.0 -9999.0 -9999.0
63829 20100228  2.402  -84.45   31.19    16.7    -0.1     8.3     7.7     0.0    20.39 R    27.4    -2.4     8.4    85.4    27.1    54.1 -99.000 -99.000 -99.000 -99.000 -99.000 -9999.0 -9999.0 -9999.0 -9999.0 -9999.0
63829 20100301  2.402  -84.45   31.19    18.2    -0.1     9.0     9.1     0.0    18.22 R    32.5    -1.1    10.8    97.1    30.2    60.6 -99.000 -99.000 -99.000 -99.000 -99.000 -9999.0 -9999.0 -9999.0 -9999.0 -9999.0
63829 20100302  2.402  -84.45   31.19    10.9     5.0     7.9     7.9    20.5     2.95 R    13.8     5.4     8.6    97.2    78.6    88.5 -99.000 -99.000 -99.000 -99.000 -99.000 -9999.0 -9999.0 -9999.0 -9999.0 -9999.0
63829 20100303  2.402  -84.45   31.19    13.2     2.3     7.8     7.1     0.0    20.42 R    24.4     0.4     8.9    85.4    33.7    60.9 -99.000 -99.000 -99.000 -99.000 -99.000 -9999.0 -9999.0 -9999.0 -9999.0 -9999.0
63829 20100304  2.402  -84.45   31.19    12.4    -1.3     5.6     5.4     0.0    20.94 R    24.8    -2.6     6.9    88.8    30.0    56.4 -99.000 -99.000 -99.000 -99.000 -99.000 -9999.0 -9999.0 -9999.0 -9999.0 -9999.0
63829 20100305  2.402  -84.45   31.19    15.0    -2.3     6.4     6.3     0.0    21.18 R    27.7    -3.4     7.8    96.6    21.0    57.3 -99.000 -99.000 -99.000 -99.000 -99.000 -9999.0 -9999.0 -9999.0 -9999.0 -9999.0
63829 20100306  2.402  -84.45   31.19    15.8    -2.6     6.6     6.1     0.0    21.64 R    30.5    -4.2     8.3    95.2    19.6    56.6 -99.000 -99.000 -99.000 -99.000 -99.000 -9999.0 -9999.0 -9999.0 -9999.0 -9999.0
63829 20100307  2.402  -84.45   31.19    18.5    -2.0     8.3     7.8     0.0    17.44 R    33.5    -2.9     9.4    96.4    18.1    59.1 -99.000 -99.000 -99.000 -99.000 -99.000 -9999.0 -9999.0 -9999.0 -9999.0 -9999.0
63829 20100308  2.402  -84.45   31.19    21.9     0.7    11.3    11.7     0.0    20.18 R    34.5    -0.2    12.9    97.5    16.7    53.7 -99.000 -99.000 -99.000 -99.000 -99.000 -9999.0 -9999.0 -9999.0 -9999.0 -9999.0
63829 20100309  2.402  -84.45   31.19    21.2     7.4    14.3    13.8     0.0    11.66 R    34.7     6.1    14.0    89.1    26.0    55.7 -99.000 -99.000 -99.000 -99.000 -99.000 -9999.0 -9999.0 -9999.0 -9999.0 -9999.0
63829 20100310  2.402  -84.45   31.19    24.2     8.7    16.4    16.1     2.6    11.32 R    32.9     7.5    16.0    95.5    44.7    70.1 -99.000 -99.000 -99.000 -99.000 -99.000 -9999.0 -9999.0 -9999.0 -9999.0 -9999.0
63829 20100311  2.402  -84.45   31.19    21.9    13.1    17.5    17.4    32.2     9.74 R    26.7    11.1    17.1    98.8    64.2    86.2 -99.000 -99.000 -99.000 -99.000 -99.000 -9999.0 -9999.0 -9999.0 -9999.0 -9999.0
63829 20100312  2.402  -84.45   31.19    19.5    11.2    15.4    16.1     4.9     4.98 R    23.9     9.4    15.8    98.7    82.3    93.5 -99.000 -99.000 -99.000 -99.000 -99.000 -9999.0 -9999.0 -9999.0 -9999.0 -9999.0
63829 20100313  2.402  -84.45   31.19    19.6     8.3    13.9    13.8     0.0    15.53 R    28.0     6.6    13.6    97.4    33.4    61.7 -99.000 -99.000 -99.000 -99.000 -99.000 -9999.0 -9999.0 -9999.0 -9999.0 -9999.0
63829 20100314  2.402  -84.45   31.19    16.6     4.8    10.7    12.1     0.0    12.11 R    27.6     3.4    12.4    91.3    44.7    60.2 -99.000 -99.000 -99.000 -99.000 -99.000 -9999.0 -9999.0 -9999.0 -9999.0 -9999.0
63829 20100315  2.402  -84.45   31.19    16.0     8.1    12.0    12.2     0.0    13.33 R    29.7     4.5    12.4    83.3    44.3    62.8 -99.000 -99.000 -99.000 -99.000 -99.000 -9999.0 -9999.0 -9999.0 -9999.0 -9999.0
63829 20100316  2.402  -84.45   31.19    18.3     3.4    10.9    10.9     0.0    22.11 R    31.8     1.8    13.0    95.6    39.7    67.0 -99.000 -99.000 -99.000 -99.000 -99.000 -9999.0 -9999.0 -9999.0 -9999.0 -9999.0
63829 20100317  2.402  -84.45   31.19    11.6     8.5    10.0     9.9     7.3     4.02 R    16.0     7.9    11.0    96.5    65.7    86.8 -99.000 -99.000 -99.000 -99.000 -99.000 -9999.0 -9999.0 -9999.0 -9999.0 -9999.0
63829 20100318  2.402  -84.45   31.19    16.3     9.2    12.8    11.7     0.2    10.49 R    25.1     7.7    12.9    97.9    56.4    80.8 -99.000 -99.000 -99.000 -99.000 -99.000 -9999.0 -9999.0 -9999.0 -9999.0 -9999.0
63829 20100319  2.402  -84.45   31.19    22.8     4.8    13.8    14.3     0.0    22.59 R    34.3     3.6    15.7    98.7    24.6    61.5 -99.000 -99.000 -99.000 -99.000 -99.000 -9999.0 -9999.0 -9999.0 -9999.0 -9999.0
63829 20100320  2.402  -84.45   31.19    23.7     5.5    14.6    15.0     0.0    21.77 R    36.2     4.3    15.9    98.8    29.8    61.3 -99.000 -99.000 -99.000 -99.000 -99.000 -9999.0 -9999.0 -9999.0 -9999.0 -9999.0
63829 20100321  2.402  -84.45   31.19    18.6    10.2    14.4    13.4    11.1     6.77 R    23.3     7.9    13.2    96.0    40.5    76.2 -99.000 -99.000 -99.000 -99.000 -99.000 -9999.0 -9999.0 -9999.0 -9999.0 -9999.0
63829 20100322  2.402  -84.45   31.19    15.9     7.3    11.6    10.7     0.0    19.54 R    26.3     6.7    13.2    86.1    37.0    58.0 -99.000 -99.000 -99.000 -99.000 -99.000 -9999.0 -9999.0 -9999.0 -9999.0 -9999.0
63829 20100323  2.402  -84.45   31.19    21.2     5.6    13.4    12.7     0.0    22.81 R    31.9     4.1    14.4    90.4    37.2    65.1 -99.000 -99.000 -99.000 -99.000 -99.000 -9999.0 -9999.0 -9999.0 -9999.0 -9999.0
63829 20100324  2.402  -84.45   31.19    23.3     6.1    14.7    14.9     0.0    18.72 R    32.7     4.3    16.0    99.3    35.0    69.4 -99.000 -99.000 -99.000 -99.000 -99.000 -9999.0 -9999.0 -9999.0 -9999.0 -9999.0
63829 20100325  2.402  -84.45   31.19    21.5     8.7    15.1    14.6     3.4     7.44 R    29.5     7.7    14.5    98.0    44.6    83.7 -99.000 -99.000 -99.000 -99.000 -99.000 -9999.0 -9999.0 -9999.0 -9999.0 -9999.0
63829 20100326  2.402  -84.45   31.19    20.0     9.2    14.6    15.6     0.0    21.88 R    33.2     7.1    17.0    93.4    46.1    67.7   0.138   0.135   0.133   0.222   0.316    17.1    17.0    16.5    15.7    15.0
63829 20100327  2.402  -84.45   31.19    22.6     6.9    14.8    14.9     0.0    21.26 R    35.0     4.8    16.4    91.8    45.2    68.9   0.131   0.130   0.128   0.222   0.314    16.5    16.5    16.2    15.8    15.3
63829 20100328  2.402  -84.45   31.19    26.5    14.1    20.3    19.1     0.0    15.35 R    35.4    12.6    20.1    89.2    36.0    73.5   0.126   0.124   0.124   0.221   0.314    18.5    18.1    17.4    16.4    15.5
63829 20100329  2.402  -84.45   31.19    18.4     9.2    13.8    13.5     0.0    12.39 R    26.0     5.7    13.7    81.0    42.3    62.5   0.121   0.120   0.121   0.221   0.313    16.5    17.0    17.0    16.8    15.9
63829 20100330  2.402  -84.45   31.19    22.9     5.6    14.3    14.5     0.0    24.23 R    34.8     3.5    15.6    82.1    27.6    51.8   0.116   0.117   0.118   0.220   0.311    16.4    16.4    16.1    16.0    15.9
63829 20100331  2.402  -84.45   31.19    25.6     4.8    15.2    16.0     0.0    24.25 R    37.2     3.4    17.1    99.0    22.5    57.6   0.109   0.111   0.115   0.220   0.309    17.7    17.6    17.1    16.4    15.9
63829 20100401  2.402  -84.45   31.19    28.3     7.4    17.9    18.0     0.0    23.91 R    39.0     5.5    19.2    98.9    22.7    61.6   0.101   0.106   0.112   0.220   0.308    19.1    18.8    18.1    17.1    16.1
63829 20100402  2.402  -84.45   31.19    29.9     8.3    19.1    19.1     0.0    23.96 R    40.4     6.7    20.0    99.0    22.1    59.0   0.092   0.102   0.108   0.219   0.307    20.1    19.8    19.1    17.9    16.5
63829 20100403  2.402  -84.45   31.19    28.3    10.7    19.5    19.7     0.0    21.52 R    40.3     9.5    20.7    92.7    32.1    61.5   0.083   0.096   0.106   0.219   0.305    20.7    20.4    19.7    18.5    16.9
63829 20100404  2.402  -84.45   31.19    29.6    10.6    20.1    20.1     0.0    23.84 R    42.4     8.7    21.9    98.9    27.8    65.4   0.074   0.090   0.103   0.218   0.304    21.6    21.2    20.4    19.0    17.3
63829 20100405  2.402  -84.45   31.19    30.7    11.4    21.0    21.0     0.0    24.36 R    44.7     9.3    23.3    98.3    24.9    61.7   0.065   0.084   0.100   0.218   0.303    22.4    22.0    21.1    19.7    17.7
63829 20100406  2.402  -84.45   31.19    30.2    12.7    21.4    21.6     0.0    24.15 R    46.2    10.8    24.4    98.8    35.9    66.6   0.054   0.077   0.096   0.217   0.303    23.1    22.7    21.8    20.3    18.2
63829 20100407  2.402  -84.45   31.19    28.1    12.4    20.2    20.4     0.0    21.02 R    46.6    10.3    22.9    98.7    37.0    69.5   0.046   0.070   0.091   0.216   0.301    22.6    22.4    21.8    20.7    18.6
63829 20100408  2.402  -84.45   31.19    25.6    16.0    20.8    20.0    32.8     8.87 R    34.8    14.2    20.1    97.6    59.7    87.1   0.100   0.097   0.108   0.224   0.300    21.3    21.6    21.3    20.7    18.9
63829 20100409  2.402  -84.45   31.19    21.9     9.1    15.5    15.4     0.0    26.45 R    35.8     8.3    18.6    90.0    28.0    57.9   0.145   0.139   0.134   0.228   0.298    19.6    20.0    19.9    19.8    19.0
63829 20100410  2.402  -84.45   31.19    23.8     6.8    15.3    15.3     0.0    23.07 R    39.6     6.1    18.2    97.4    23.7    60.8   0.122   0.125   0.126   0.219   0.297    19.2    19.4    19.3    19.2    18.8
63829 20100411  2.402  -84.45   31.19    25.0    10.1    17.5    17.1     0.0    23.74 R    41.3     9.0    20.0    94.0    33.9    65.6   0.111   0.115   0.119   0.218   0.296    20.3    20.3    19.9    19.3    18.7
63829 20100412  2.402  -84.45   31.19    26.0     9.0    17.5    18.2     0.0    25.81 R    40.3     8.0    20.6    97.7    24.6    58.9   0.101   0.107   0.113   0.217   0.296    20.9    20.8    20.3    19.6    18.7
63829 20100413  2.402  -84.45   31.19    26.4     9.9    18.2    19.2     0.0    25.96 R    41.5     8.3    21.9    97.8    30.8    63.5   0.089   0.099   0.108   0.217   0.295    21.6    21.4    20.8    20.0    18.9
63829 20100414  2.402  -84.45   31.19    28.0    11.8    19.9    20.6     0.0    25.85 R    42.0    10.0    22.8    98.4    27.3    60.3   0.078   0.092   0.104   0.216   0.295    22.7    22.4    21.7    20.6    19.1
63829 20100415  2.402  -84.45   31.19    25.9    13.0    19.4    19.1     0.0    22.47 R    41.8    11.7    22.1    93.6    47.2    71.4   0.068   0.085   0.100   0.216   0.295    22.8    22.6    22.0    21.0    19.4
63829 20100416  2.402  -84.45   31.19    26.9     9.4    18.1    18.7     0.0    25.91 R    44.2     8.7    22.5    98.8    28.6    64.2   0.059   0.079   0.096   0.215   0.295    23.0    22.8    22.2    21.2    19.7
63829 20100417  2.402  -84.45   31.19    27.7    11.0    19.3    20.1     0.0    21.86 R    42.8     9.6    22.6    98.5    29.8    63.1   0.051   0.071   0.091   0.214   0.295    23.0    22.9    22.4    21.4    19.9
63829 20100418  2.402  -84.45   31.19    27.1    11.7    19.4    19.9     0.0    21.96 R    45.6    10.6    23.2    96.9    36.1    59.7   0.045   0.065   0.086   0.213   0.295    23.2    23.0    22.4    21.6    20.1
63829 20100419  2.402  -84.45   31.19    26.0    14.3    20.1    19.6     0.0    22.71 R    48.7    12.9    24.1    85.9    25.9    55.2   0.039   0.057   0.080   0.213   0.295    23.7    23.5    22.8    21.8    20.3
63829 20100420  2.402  -84.45   31.19    25.6    12.3    18.9    18.9     0.0    15.79 R    44.6    11.4    22.2    90.0    43.6    72.3   0.035   0.052   0.074   0.211   0.295    22.9    23.0    22.6    21.9    20.5
63829 20100421  2.402  -84.45   31.19    25.7    12.4    19.0    18.9     0.0    24.80 R    49.0    10.5    23.8    98.5    29.3    64.8   0.034   0.050   0.068   0.210   0.294    23.9    23.7    23.0    21.9    20.6
63829 20100422  2.402  -84.45   31.19    28.3     9.0    18.7    19.6     0.0    25.89 R    50.9     8.0    25.0    95.5    25.2    56.7   0.031   0.045   0.061   0.208   0.294    24.1    23.8    23.1    22.1    20.7
63829 20100423  2.402  -84.45   31.19    29.8    12.3    21.1    21.5     0.3    24.63 R    52.3    10.5    27.2    99.3    30.1    63.6   0.029   0.041   0.055   0.207   0.294    25.4    24.9    23.9    22.6    20.9
63829 20100424  2.402  -84.45   31.19    27.2    16.1    21.6    21.6     5.4    13.44 R    40.2    15.3    23.2    96.6    49.8    79.6   0.035   0.039   0.052   0.205   0.294    23.7    24.0    23.6    22.9    21.2
63829 20100425  2.402  -84.45   31.19    28.9    19.7    24.3    24.2    34.8    23.90 R    43.8    18.0    26.9    94.7    34.5    65.9   0.140   0.129   0.118   0.222   0.294    24.7    24.6    23.9    22.8    21.3
63829 20100426  2.402  -84.45   31.19    26.1    15.9    21.0    20.6     0.0    26.43 R    43.7    14.8    24.3    93.2    34.7    60.8   0.123   0.128   0.128   0.213   0.295    23.5    23.7    23.4    22.9    21.5
63829 20100427  2.402  -84.45   31.19    21.7    10.6    16.1    16.8     0.0    14.24 R    34.5    10.7    18.4    95.6    33.4    62.4   0.112   0.116   0.118   0.211   0.295    20.6    21.4    21.6    22.1    21.5
63829 20100428  2.402  -84.45   31.19    22.5     7.1    14.8    14.9     0.0    27.98 R    43.6     7.0    20.7    91.4    27.4    56.9   0.106   0.110   0.112   0.210   0.293    21.0    21.1    20.9    21.0    21.1
63829 20100429  2.402  -84.45   31.19    26.1     7.4    16.7    17.1     0.0    27.44 R    46.9     7.5    22.9    97.7    27.2    62.2   0.098   0.103   0.107   0.210   0.293    22.4    22.2    21.8    21.2    20.8
63829 20100430  2.402  -84.45   31.19    24.5    10.2    17.4    18.4    19.1    11.40 R    42.4     9.4    20.0    96.3    59.0    86.2   0.114   0.108   0.108   0.210   0.293    21.3    21.7    21.6    21.5    20.9
63829 20100501  2.402  -84.45   31.19    29.2    20.1    24.7    24.2     1.0    17.14 R    43.2    20.0    26.1    94.6    62.4    83.4   0.147   0.147   0.144   0.238   0.292    23.8    23.4    22.7    21.7    20.9
63829 20100502  2.402  -84.45   31.19    29.8    21.2    25.5    25.2     0.0    16.18 R    45.2    20.3    27.1    96.6    61.1    82.2   0.128   0.132   0.135   0.217   0.296    24.8    24.5    23.8    22.6    21.1
63829 20100503  2.402  -84.45   31.19    30.4    21.8    26.1    24.3    16.1     9.87 R    48.4    21.4    25.6    97.2    61.2    86.3   0.126   0.127   0.130   0.217   0.297    24.6    24.6    24.1    23.1    21.5
63829 20100504  2.402  -84.45   31.19    25.8    18.3    22.0    22.5    39.4    13.60 R    38.5    18.1    24.3    98.3    69.4    89.8   0.204   0.190   0.196   0.241   0.333    24.5    24.4    23.9    23.2    21.8
63829 20100505  2.402  -84.45   31.19    28.0    17.4    22.7    21.8     0.0    22.63 R    49.0    17.5    26.5   100.0    57.4    86.5   0.150   0.155   0.155   0.230   0.379    25.3    25.1    24.3    23.3    22.0
63829 20100506  2.402  -84.45   31.19    30.3    17.3    23.8    23.3     0.0    24.63 R    51.0    17.2    28.2   100.0    45.5    80.7   0.132   0.137   0.142   0.225   0.383    26.4    26.1    25.2    23.9    22.3
63829 20100507  2.402  -84.45   31.19    30.0    19.2    24.6    24.5     0.0    24.33 R    50.9    18.4    29.0    98.2    46.3    74.9   0.121   0.124   0.130   0.224   0.360    27.2    26.8    26.0    24.6    22.6
63829 20100508  2.402  -84.45   31.19    30.5    17.8    24.1    24.5     0.0    16.71 R    47.5    15.7    26.8    94.4    52.1    74.4   0.113   0.115   0.120   0.223   0.335    26.7    26.6    26.1    25.0    23.0
63829 20100509  2.402  -84.45   31.19    25.6    12.6    19.1    18.7     0.0    28.36 R    44.9    12.1    24.0    84.4    22.8    51.7   0.105   0.108   0.114   0.222   0.327    25.2    25.3    25.0    24.5    23.2
63829 20100510  2.402  -84.45   31.19    27.9    11.9    19.9    20.8     0.0    26.71 R    47.4    11.7    25.7    84.6    35.5    58.0   0.095   0.101   0.108   0.221   0.322    25.6    25.5    24.9    24.2    23.1
63829 20100511  2.402  -84.45   31.19    28.6    18.0    23.3    22.9     0.0    21.16 R    49.9    16.9    26.7    91.7    51.4    67.8   0.086   0.094   0.103   0.220   0.318    26.4    26.3    25.6    24.6    23.2
63829 20100512  2.402  -84.45   31.19    30.8    17.9    24.4    24.2     0.0    22.82 R    51.5    17.2    28.2    96.9    43.0    72.7   0.078   0.087   0.098   0.219   0.315    27.3    27.0    26.2    25.0    23.3
63829 20100513  2.402  -84.45   31.19    30.9    17.8    24.3    24.2     0.0    24.47 R    51.0    17.3    28.8    97.6    45.7    75.5   0.069   0.081   0.094   0.218   0.313    28.2    27.8    26.9    25.5    23.6
63829 20100514  2.402  -84.45   31.19    30.3    19.2    24.7    24.2     0.0    21.32 R    50.7    18.6    28.2    96.2    48.7    75.4   0.060   0.074   0.089   0.217   0.310    28.2    28.0    27.2    25.9    23.9
63829 20100515  2.402  -84.45   31.19    31.5    17.7    24.6    24.6     0.0    22.92 R    52.2    17.4    28.8    97.5    38.6    72.7   0.052   0.067   0.083   0.216   0.308    28.5    28.3    27.4    26.1    24.1
63829 20100516  2.402  -84.45   31.19    30.1    17.5    23.8    22.5     2.8    14.22 R    50.4    17.3    25.2    98.5    52.9    86.5   0.045   0.060   0.078   0.215   0.306    26.9    27.2    26.8    26.2    24.4
63829 20100517  2.402  -84.45   31.19    29.4    18.4    23.9    24.0     3.0    23.28 R    45.3    17.9    27.3    97.4    51.8    78.0   0.050   0.058   0.076   0.214   0.305    27.5    27.4    26.6    25.7    24.4
63829 20100518  2.402  -84.45   31.19    30.3    16.1    23.2    23.6     0.0    23.46 R    49.6    15.6    27.6    98.1    47.4    74.5   0.051   0.056   0.072   0.212   0.303    27.4    27.3    26.7    25.8    24.4
63829 20100519  2.402  -84.45   31.19    31.1    18.2    24.7    24.1     0.0    27.29 R    50.2    17.8    29.1    97.5    41.0    71.9   0.047   0.053   0.068   0.211   0.301    29.1    28.6    27.6    26.2    24.5
63829 20100520  2.402  -84.45   31.19    32.5    17.3    24.9    24.8     0.0    25.47 R    52.2    16.8    29.6    95.5    38.4    66.9   0.041   0.049   0.062   0.209   0.299    29.5    29.1    28.0    26.7    24.7
63829 20100521  2.402  -84.45   31.19    32.9    20.2    26.5    26.2     0.0    26.69 R    53.1    19.4    31.7    97.3    37.1    70.0   0.036   0.045   0.057   0.207   0.298    30.7    30.2    28.9    27.2    25.0
63829 20100522  2.402  -84.45   31.19    33.3    20.5    26.9    26.9     0.0    26.40 R    54.7    19.4    32.4    90.2    40.7    67.6   0.034   0.040   0.051   0.206   0.296    31.4    30.8    29.5    27.8    25.4
63829 20100523  2.402  -84.45   31.19    34.5    20.4    27.5    27.5     0.0    26.63 R    56.2    19.8    32.4    97.4    35.5    65.2   0.032   0.034   0.047   0.204   0.294    31.8    31.3    30.0    28.3    25.7
63829 20100524  2.402  -84.45   31.19    32.3    18.2    25.2    26.0     0.0    23.16 R    53.4    18.0    30.4    95.5    37.8    64.2   0.030   0.030   0.044   0.202   0.292    31.0    30.7    29.7    28.4    26.0
63829 20100525  2.402  -84.45   31.19    29.0    18.4    23.7    22.7     0.0    16.26 R    51.5    18.2    26.4    94.7    49.8    76.3   0.028   0.029   0.040   0.201   0.293    29.3    29.4    28.9    28.1    26.2
63829 20100526  2.402  -84.45   31.19    29.8    17.3    23.5    23.6     0.0    24.30 R    55.6    16.4    29.1    96.5    42.9    68.2   0.027   0.027   0.038   0.199   0.292    29.7    29.4    28.5    27.6    26.2
63829 20100527  2.402  -84.45   31.19    33.4    19.5    26.5    25.6     0.0    25.29 R    56.9    19.1    31.8    91.2    31.6    64.2   0.026   0.026   0.036   0.197   0.290    31.3    30.7    29.5    28.0    26.2
63829 20100528  2.402  -84.45   31.19    32.6    20.6    26.6    25.1     2.2    15.88 R    55.1    20.7    28.2    89.7    41.7    72.4   0.025   0.025   0.033   0.195   0.289    29.8    30.0    29.3    28.4    26.3
63829 20100529  2.402  -84.45   31.19    31.8    20.6    26.2    24.3     0.5    18.73 R    54.3    20.0    28.1    93.6    43.1    77.4   0.026   0.025   0.032   0.193   0.290    29.0    29.1    28.5    27.8    26.4
63829 20100530  2.402  -84.45   31.19    30.6    18.1    24.4    22.9     2.7    14.69 R    54.6    17.9    25.8    96.6    52.2    83.9   0.025   0.024   0.031   0.192   0.290    27.5    27.9    27.6    27.4    26.3
63829 20100531  2.402  -84.45   31.19    31.2    19.3    25.3    24.3     2.4    20.77 R    54.2    19.1    28.0    98.0    51.6    84.4   0.027   0.025   0.031   0.191   0.289    28.1    28.1    27.4    26.9    26.1
63829 20100601  2.402  -84.45   31.19    32.2    19.7    25.9    25.1     0.0    24.80 R    53.9    19.4    30.2    98.3    46.1    78.7   0.030   0.025   0.032   0.189   0.288    29.7    29.2    28.2    27.1    26.0
63829 20100602  2.402  -84.45   31.19 -9999.0 -9999.0 -9999.0 -9999.0 -9999.0 -9999.00 U -9999.0 -9999.0 -9999.0 -9999.0 -9999.0 -9999.0 -99.000 -99.000 -99.000 -99.000 -99.000 -9999.0 -9999.0 -9999.0 -9999.0 -9999.0
63829 20100603  2.402  -84.45   31.19    32.2    19.6    25.9    24.5     0.3    18.03 R    53.9    19.2    28.5    97.9    44.1    81.3   0.028   0.026   0.029   0.185   0.286    29.2    29.2    28.5    27.7    26.2
63829 20100604  2.402  -84.45   31.19    33.9    20.4    27.1    27.2     0.0    23.11 R    55.9    20.2    32.3    97.3    45.7    71.1   0.028   0.025   0.027   0.182   0.284    30.9    30.3    29.1    27.7    26.3
63829 20100605  2.402  -84.45   31.19    33.6    22.1    27.8    25.7     5.6    19.19 R    55.5    21.2    29.3    96.8    52.6    81.9   0.026   0.024   0.025   0.181   0.284    30.2    30.4    29.6    28.4    26.5
63829 20100606  2.402  -84.45   31.19    31.0    21.9    26.5    25.6    40.6    13.36 R    48.6    22.2    27.2    97.1    68.7    87.5   0.088   0.076   0.056   0.190   0.306    28.1    28.4    28.2    27.9    26.6
63829 20100607  2.402  -84.45   31.19    31.5    21.0    26.2    27.1     0.0    28.66 R    47.4    21.2    31.1    95.9    31.0    69.1   0.125   0.130   0.113   0.193   0.340    29.9    29.6    28.8    27.6    26.5
63829 20100608  2.402  -84.45   31.19    32.2    19.1    25.7    25.8     0.0    27.84 R    48.4    19.4    30.7    97.0    39.3    69.4   0.105   0.108   0.102   0.189   0.341    30.2    30.0    29.2    28.1    26.6
63829 20100609  2.402  -84.45   31.19    33.1    20.2    26.7    27.1     0.0    27.09 R    49.9    20.7    31.7    94.5    40.0    64.2   0.092   0.094   0.092   0.186   0.331    31.2    30.8    29.9    28.5    26.8
63829 20100610  2.402  -84.45   31.19    33.7    20.7    27.2    27.4     0.0    27.32 R    50.2    21.0    32.1    97.2    42.9    71.3   0.079   0.082   0.083   0.191   0.291    32.0    31.6    30.6    29.0    27.0
63829 20100611  2.402  -84.45   31.19    34.4    22.4    28.4    28.5     0.0    25.66 R    52.8    22.2    32.8    97.5    42.9    71.0   0.067   0.069   0.075   0.190   0.286    32.6    32.3    31.3    29.6    27.3
63829 20100612  2.402  -84.45   31.19    35.7    22.3    29.0    29.0     0.0    27.62 R    52.5    22.7    33.5    96.6    41.3    68.7   0.055   0.056   0.065   0.189   0.280    33.4    33.0    31.8    29.9    27.7
63829 20100613  2.402  -84.45   31.19    36.3    23.5    29.9    29.5     0.0    20.99 R    52.2    23.7    32.7    95.9    40.5    70.1   0.045   0.044   0.054   0.188   0.278    33.4    33.1    32.1    30.5    28.0
63829 20100614  2.402  -84.45   31.19    37.0    21.9    29.4    29.6     0.0    26.45 R    53.6    21.8    34.0    97.1    35.1    66.8   0.038   0.035   0.044   0.184   0.277    33.9    33.5    32.2    30.6    28.3
63829 20100615  2.402  -84.45   31.19    37.0    23.4    30.2    29.8     0.0    25.93 R    54.5    23.6    34.6    92.9    36.0    65.5   0.032   0.029   0.034   0.176   0.276    34.6    34.2    32.8    31.1    28.6
63829 20100616  2.402  -84.45   31.19    35.6    21.7    28.7    26.5     7.3    22.81 R    54.9    22.0    31.5    96.8    44.2    79.4   0.033   0.026   0.026   0.172   0.274    33.4    33.5    32.6    31.3    28.8
63829 20100617  2.402  -84.45   31.19    34.5    21.6    28.1    27.8     0.0    26.77 R    49.1    22.3    31.7    97.9    43.5    74.6   0.059   0.025   0.025   0.170   0.275    32.4    32.3    31.5    30.6    28.8
63829 20100618  2.402  -84.45   31.19    35.7    22.9    29.3    28.1     1.2    25.54 R    51.0    23.5    32.5    97.4    37.7    74.1   0.044   0.027   0.026   0.169   0.274    33.5    33.3    32.2    30.8    28.8
63829 20100619  2.402  -84.45   31.19    35.7    22.3    29.0    26.7     5.2    21.57 R    51.3    22.8    30.4    97.7    41.7    79.3   0.035   0.025   0.025   0.168   0.273    32.0    32.2    31.6    30.7    28.9
63829 20100620  2.402  -84.45   31.19 -9999.0 -9999.0 -9999.0 -9999.0 -9999.0 -9999.00 U -9999.0 -9999.0 -9999.0 -9999.0 -9999.0 -9999.0 -99.000 -99.000 -99.000 -99.000 -99.000 -9999.0 -9999.0 -9999.0 -9999.0 -9999.0
63829 20100621  2.402  -84.45   31.19 -9999.0 -9999.0 -9999.0 -9999.0 -9999.0 -9999.00 U -9999.0 -9999.0 -9999.0 -9999.0 -9999.0 -9999.0 -99.000 -99.000 -99.000 -99.000 -99.000 -9999.0 -9999.0 -9999.0 -9999.0 -9999.0
63829 20100622  2.402  -84.45   31.19    33.5    22.0    27.7    27.1     0.0    26.77 R    48.3    22.1    31.3    97.9    46.3    76.1   0.082   0.068   0.046   0.167   0.273    32.0    31.9    30.9    29.9    28.5
63829 20100623  2.402  -84.45   31.19    34.6    22.0    28.3    28.4     0.0    28.85 R    50.2    22.4    32.8    96.9    41.4    71.5   0.065   0.056   0.045   0.167   0.273    33.4    33.1    31.9    30.4    28.6
63829 20100624  2.402  -84.45   31.19 -9999.0 -9999.0 -9999.0 -9999.0 -9999.0 -9999.00 U -9999.0 -9999.0 -9999.0 -9999.0 -9999.0 -9999.0 -99.000 -99.000 -99.000 -99.000 -99.000 -9999.0 -9999.0 -9999.0 -9999.0 -9999.0
63829 20100625 -9.000  -84.45   31.19 -9999.0 -9999.0 -9999.0 -9999.0 -9999.0 -9999.00 U -9999.0 -9999.0 -9999.0 -9999.0 -9999.0 -9999.0 -99.000 -99.000 -99.000 -99.000 -99.000 -9999.0 -9999.0 -9999.0 -9999.0 -9999.0
63829 20100626 -9.000  -84.45   31.19 -9999.0 -9999.0 -9999.0 -9999.0 -9999.0 -9999.00 U -9999.0 -9999.0 -9999.0 -9999.0 -9999.0 -9999.0 -99.000 -99.000 -99.000 -99.000 -99.000 -9999.0 -9999.0 -9999.0 -9999.0 -9999.0
63829 20100627 -9.000  -84.45   31.19 -9999.0 -9999.0 -9999.0 -9999.0 -9999.0 -9999.00 U -9999.0 -9999.0 -9999.0 -9999.0 -9999.0 -9999.0 -99.000 -99.000 -99.000 -99.000 -99.000 -9999.0 -9999.0 -9999.0 -9999.0 -9999.0
63829 20100628 -9.000  -84.45   31.19 -9999.0 -9999.0 -9999.0 -9999.0 -9999.0 -9999.00 U -9999.0 -9999.0 -9999.0 -9999.0 -9999.0 -9999.0 -99.000 -99.000 -99.000 -99.000 -99.000 -9999.0 -9999.0 -9999.0 -9999.0 -9999.0
63829 20100629 -9.000  -84.45   31.19 -9999.0 -9999.0 -9999.0 -9999.0 -9999.0 -9999.00 U -9999.0 -9999.0 -9999.0 -9999.0 -9999.0 -9999.0 -99.000 -99.000 -99.000 -99.000 -99.000 -9999.0 -9999.0 -9999.0 -9999.0 -9999.0
63829 20100630 -9.000  -84.45   31.19 -9999.0 -9999.0 -9999.0 -9999.0 -9999.0 -9999.00 U -9999.0 -9999.0 -9999.0 -9999.0 -9999.0 -9999.0 -99.000 -99.000 -99.000 -99.000 -99.000 -9999.0 -9999.0 -9999.0 -9999.0 -9999.0
63829 20100701  2.402  -84.45   31.19 -9999.0 -9999.0 -9999.0 -9999.0 -9999.0 -9999.00 U -9999.0 -9999.0 -9999.0 -9999.0 -9999.0 -9999.0 -99.000 -99.000 -99.000 -99.000 -99.000 -9999.0 -9999.0 -9999.0 -9999.0 -9999.0
63829 20100702  2.402  -84.45   31.19    30.6    22.8    26.7    26.0     0.0    19.65 R    41.2    22.9    27.9    97.8    56.3    77.1   0.126   0.128   0.121   0.168   0.324    29.0    29.2    28.8    28.4    28.1
63829 20100703  2.402  -84.45   31.19    30.3    19.6    24.9    25.4     0.0    26.55 R    41.8    19.1    27.8    82.3    36.4    59.6   0.109   0.110   0.109   0.167   0.325    28.9    29.0    28.6    28.4    28.0
63829 20100704  2.402  -84.45   31.19    29.2    20.9    25.0    24.9     0.0    13.33 R    40.7    20.7    26.1    87.9    52.5    72.3   0.096   0.098   0.099   0.167   0.301    28.3    28.7    28.4    28.4    27.8
63829 20100705  2.402  -84.45   31.19    31.1    22.2    26.6    25.3     2.5    18.28 R    42.5    21.7    27.0    96.9    58.3    81.0   0.090   0.091   0.092   0.167   0.272    28.7    28.8    28.4    28.1    27.7
63829 20100706  2.402  -84.45   31.19    32.6    21.1    26.8    26.3     0.0    23.28 R    43.0    21.4    28.6    97.4    48.4    77.8   0.086   0.087   0.088   0.168   0.269    29.8    29.7    28.9    28.3    27.6
63829 20100707  2.402  -84.45   31.19    33.4    20.7    27.0    27.0     0.0    28.00 R    43.7    20.4    29.6    97.4    35.3    68.7   0.075   0.077   0.082   0.167   0.268    31.5    31.2    30.2    29.0    27.7
63829 20100708  2.402  -84.45   31.19    36.2    18.3    27.2    28.0     0.0    27.83 R    45.8    18.5    30.2    96.3    31.4    61.0   0.060   0.065   0.074   0.167   0.268    31.8    31.6    30.7    29.5    28.0
63829 20100709  2.402  -84.45   31.19    36.5    23.5    30.0    29.3     0.0    24.85 R    46.1    23.1    31.7    82.3    40.2    64.8   0.049   0.050   0.064   0.167   0.268    32.9    32.6    31.6    30.2    28.3
63829 20100710  2.402  -84.45   31.19    35.1    23.6    29.3    27.9     0.0    21.65 R    47.0    23.7    30.4    93.7    43.7    75.9   0.041   0.038   0.053   0.166   0.268    32.9    32.8    31.9    30.7    28.7
63829 20100711  2.402  -84.45   31.19    35.4    24.0    29.7    29.4     0.0    24.72 R    48.0    24.0    32.2    95.6    44.8    70.6   0.035   0.032   0.041   0.164   0.267    33.6    33.3    32.2    30.8    28.9
63829 20100712  2.402  -84.45   31.19    33.6    23.6    28.6    27.0    19.8    12.90 R    46.0    23.7    28.5    96.0    54.9    85.0   0.067   0.049   0.033   0.163   0.267    31.6    32.0    31.6    31.0    29.2
63829 20100713  2.402  -84.45   31.19    34.2    25.0    29.6    28.6     3.0    23.71 R    40.9    24.9    30.1    91.8    55.5    77.5   0.111   0.093   0.046   0.162   0.268    31.3    31.4    30.8    30.2    29.1
63829 20100714  2.402  -84.45   31.19    35.3    23.1    29.2    28.5     7.4    22.87 R    42.8    23.9    30.4    96.0    43.5    77.5   0.100   0.085   0.059   0.163   0.268    31.9    31.9    31.2    30.4    29.1
63829 20100715  2.402  -84.45   31.19    34.3    22.5    28.4    26.5    11.1    22.12 R    41.6    22.9    28.6    97.4    52.2    84.3   0.118   0.098   0.070   0.163   0.269    31.1    31.4    30.8    30.3    29.1
63829 20100716  2.402  -84.45   31.19    32.1    22.3    27.2    25.6     5.3    18.77 R    40.4    22.9    27.0    97.7    57.9    86.1   0.135   0.121   0.109   0.163   0.268    30.1    30.5    30.1    29.9    29.1
63829 20100717  2.402  -84.45   31.19    32.0    22.0    27.0    25.2     2.7    17.35 R    39.9    22.3    26.6    97.4    57.0    85.5   0.129   0.120   0.115   0.163   0.268    29.4    29.8    29.5    29.5    28.9
63829 20100718  2.402  -84.45   31.19    33.5    21.7    27.6    27.2     0.0    23.01 R    40.3    22.1    28.8    97.5    49.5    78.7   0.120   0.113   0.110   0.164   0.268    30.2    30.2    29.6    29.2    28.6
63829 20100719  2.402  -84.45   31.19    33.4    22.1    27.8    27.4     0.0    21.79 R    42.4    22.6    28.9    96.7    47.9    76.9   0.104   0.100   0.100   0.165   0.268    30.8    30.9    30.3    29.6    28.6
63829 20100720  2.402  -84.45   31.19    34.6    22.8    28.7    28.4     0.0    21.88 R    42.4    23.0    29.8    97.3    49.4    76.5   0.090   0.089   0.091   0.166   0.268    31.5    31.4    30.7    29.8    28.7
63829 20100721  2.402  -84.45   31.19    34.7    22.8    28.8    28.5     0.0    25.45 R    42.0    23.0    30.2    96.9    45.0    75.0   0.076   0.079   0.083   0.167   0.268    32.4    32.2    31.3    30.2    28.9
63829 20100722  2.402  -84.45   31.19    35.8    22.9    29.4    29.5     0.0    22.35 R    43.4    23.0    30.7    97.1    41.2    70.8   0.063   0.067   0.075   0.167   0.268    32.7    32.6    31.7    30.7    29.1
63829 20100723  2.402  -84.45   31.19    36.0    23.3    29.6    29.8     0.0    23.75 R    43.7    23.6    31.5    94.6    45.6    70.5   0.051   0.055   0.067   0.167   0.268    33.4    33.2    32.2    31.0    29.3
63829 20100724  2.402  -84.45   31.19    35.5    23.7    29.6    29.3     0.0    24.67 R    44.6    23.3    31.6    88.9    44.5    70.4   0.042   0.042   0.056   0.166   0.266    33.8    33.5    32.6    31.4    29.5
63829 20100725  2.402  -84.45   31.19    36.3    24.2    30.2    29.1     0.0    23.86 R    46.6    24.3    31.6    95.9    44.8    75.0   0.037   0.033   0.043   0.165   0.266    34.2    33.9    32.9    31.7    29.7
63829 20100726  2.402  -84.45   31.19    36.8    23.1    30.0    29.9     0.0    25.49 R    47.5    23.3    32.7    97.3    37.1    69.3   0.034   0.029   0.033   0.163   0.265    34.6    34.3    33.2    31.9    29.9
63829 20100727  2.402  -84.45   31.19    36.0    24.1    30.0    29.4     0.0    21.64 R    48.5    24.1    31.8    96.2    42.1    69.4   0.032   0.025   0.026   0.161   0.264    34.2    34.1    33.2    32.1    30.2
63829 20100728  2.402  -84.45   31.19    36.9    23.0    29.9    30.1     0.0    24.84 R    47.4    23.3    32.3    93.5    33.3    60.7   0.029   0.025   0.023   0.158   0.263    34.4    34.2    33.2    32.0    30.3
63829 20100729  2.402  -84.45   31.19    36.8    22.8    29.8    29.6     0.0    19.92 R    48.6    22.7    31.7    91.5    38.8    65.0   0.028   0.022   0.022   0.157   0.263    34.1    34.0    33.2    32.1    30.4
63829 20100730  2.402  -84.45   31.19    38.9    23.9    31.4    31.0     0.0    22.32 R    50.0    24.0    33.5    93.9    32.3    62.8   0.026   0.022   0.020   0.155   0.261    34.8    34.5    33.4    32.1    30.5
63829 20100731  2.402  -84.45   31.19    38.0    24.5    31.3    29.8     3.1    15.91 R    50.0    25.0    31.6    93.2    34.9    69.7   0.026   0.022   0.020   0.153   0.261    33.9    34.0    33.4    32.3    30.6
63829 20100801  2.402  -84.45   31.19    35.8    24.1    30.0    28.4     0.0    22.93 R    45.8    24.6    31.5    95.7    48.6    76.7   0.027   0.021   0.019   0.152   0.261    33.5    33.4    32.6    31.8    30.6
63829 20100802  2.402  -84.45   31.19    36.5    23.5    30.0    29.1     0.2    20.87 R    48.8    23.8    32.0    96.6    44.0    75.7   0.027   0.021   0.019   0.151   0.260    33.9    33.7    32.9    31.9    30.5
63829 20100803  2.402  -84.45   31.19    36.9    23.3    30.1    28.4    33.6    16.40 R    48.5    24.0    30.7    96.7    41.9    78.3   0.061   0.047   0.032   0.151   0.260    33.0    33.3    32.7    32.0    30.5
63829 20100804  2.402  -84.45   31.19    34.8    23.6    29.2    27.1     0.0    20.78 R    42.1    24.1    29.0    97.2    51.7    84.4   0.124   0.116   0.086   0.156   0.260    31.4    31.8    31.4    31.2    30.4
63829 20100805  2.402  -84.45   31.19    34.8    22.9    28.9    28.6     0.0    23.98 R    41.5    23.3    30.4    97.3    47.9    75.2   0.102   0.096   0.084   0.156   0.259    31.9    32.0    31.4    30.9    30.2
63829 20100806  2.402  -84.45   31.19    34.4    24.1    29.2    28.2     0.0    21.00 R    42.6    24.4    29.7    96.8    53.0    79.4   0.086   0.083   0.075   0.155   0.261    30.9    31.0    30.4    29.9    28.9
63829 20100807  2.402  -84.45   31.19    35.5    23.9    29.7    26.9    15.1    15.29 R    42.9    24.4    28.2    96.7    51.4    86.1   0.096   0.084   0.072   0.154   0.260    31.4    31.9    31.5    31.2    30.1
63829 20100808  2.402  -84.45   31.19    33.0    23.3    28.1    27.0     0.0    17.59 R    38.4    23.8    28.2    98.5    55.4    84.8   0.123   0.110   0.091   0.153   0.260    30.5    30.8    30.4    30.4    30.0
63829 20100809  2.402  -84.45   31.19    34.7    23.2    28.9    28.4     0.0    24.90 R    39.6    23.5    29.5    97.5    39.2    72.4   0.102   0.096   0.086   0.153   0.259    31.4    31.5    30.9    30.4    29.8
63829 20100810  2.402  -84.45   31.19    33.4    23.4    28.4    28.3     0.0    21.24 R    40.0    23.5    29.3    95.8    49.1    72.4   0.084   0.082   0.077   0.153   0.259    31.4    31.5    31.0    30.5    29.7
63829 20100811  2.402  -84.45   31.19    33.8    24.1    29.0    28.2     0.5    23.95 R    41.0    23.8    29.6    94.6    48.6    73.5   0.070   0.070   0.069   0.153   0.259    32.1    32.1    31.4    30.6    29.7
63829 20100812  2.402  -84.45   31.19    32.9    24.4    28.6    27.4     0.4    17.95 R    41.2    24.5    28.7    95.6    59.3    84.0   0.060   0.058   0.060   0.153   0.260    31.7    32.0    31.4    30.8    29.8
63829 20100813  2.402  -84.45   31.19    32.0    24.0    28.0    27.3     0.5    14.62 R    38.9    24.0    28.2    97.1    64.0    86.0   0.055   0.050   0.053   0.154   0.260    30.9    31.3    30.9    30.6    29.8
63829 20100814  2.402  -84.45   31.19    33.0    25.2    29.1    27.5    28.1    15.20 R    39.0    25.2    28.3    96.6    59.7    86.9   0.090   0.073   0.058   0.153   0.259    30.5    30.9    30.5    30.3    29.7
63829 20100815  2.402  -84.45   31.19    31.8    24.7    28.3    26.4     5.8    14.32 R    38.4    24.9    27.4    97.3    66.4    90.4   0.145   0.128   0.110   0.154   0.259    30.0    30.4    30.0    29.9    29.5
63829 20100816  2.402  -84.45   31.19    32.3    25.0    28.6    27.7     0.0    17.30 R    36.9    25.3    28.6    96.8    61.3    84.9   0.136   0.125   0.115   0.160   0.260    30.6    30.7    30.2    29.8    29.3
63829 20100817  2.402  -84.45   31.19    34.1    23.3    28.7    28.5     0.0    22.48 R    39.1    23.6    29.4    97.4    47.1    76.0   0.117   0.111   0.105   0.158   0.260    31.0    31.1    30.5    30.0    29.3
63829 20100818  2.402  -84.45   31.19    33.4    23.8    28.6    27.1     2.8    17.28 R    38.7    24.0    27.9    96.8    55.2    84.2   0.107   0.101   0.097   0.157   0.260    30.6    30.9    30.5    30.1    29.4
63829 20100819  2.402  -84.45   31.19    32.8    23.8    28.3    27.1     0.0    13.31 R    37.2    23.9    27.7    97.2    60.2    86.5   0.106   0.098   0.094   0.157   0.260    30.0    30.3    30.0    29.8    29.3
63829 20100820  2.402  -84.45   31.19    33.4    24.3    28.8    27.3     0.0    18.67 R    38.2    24.4    28.2    97.4    58.1    83.8   0.098   0.091   0.088   0.157   0.260    30.7    30.8    30.3    29.8    29.2
63829 20100821  2.402  -84.45   31.19    33.7    23.9    28.8    27.1     6.2    13.80 R    38.9    24.2    27.8    97.1    55.1    86.1   0.100   0.087   0.084   0.157   0.260    30.4    30.7    30.3    29.9    29.2
63829 20100822  2.402  -84.45   31.19    35.1    23.3    29.2    27.7    17.2    19.95 R    38.4    23.8    28.4    96.7    50.3    82.1   0.138   0.117   0.102   0.157   0.260    30.3    30.5    30.0    29.6    29.2
63829 20100823  2.402  -84.45   31.19    33.1    23.1    28.1    27.4     0.0    22.70 R    37.0    23.5    28.4    96.9    57.6    81.9   0.143   0.133   0.126   0.165   0.302    30.5    30.6    30.1    29.7    29.0
63829 20100824  2.402  -84.45   31.19    35.0    23.4    29.2    28.6     0.0    24.12 R    38.0    23.6    29.5    97.0    40.6    76.0   0.121   0.116   0.112   0.164   0.269    31.3    31.3    30.6    30.0    29.2
63829 20100825  2.402  -84.45   31.19    33.9    23.5    28.7    28.1     0.0    24.17 R    37.9    23.7    29.1    96.2    42.7    75.6   0.106   0.102   0.100   0.165   0.264    31.6    31.6    31.0    30.2    29.3
63829 20100826  2.402  -84.45   31.19    33.1    22.9    28.0    25.8     1.5    14.54 R    38.1    23.0    26.6    97.4    55.4    85.6   0.095   0.092   0.091   0.166   0.262    30.5    30.9    30.6    30.3    29.4
63829 20100827  2.402  -84.45   31.19    29.1    22.1    25.6    24.7     0.0     9.28 R    31.7    22.4    25.3    97.1    68.4    88.6   0.091   0.087   0.086   0.166   0.262    28.6    29.2    29.2    29.5    29.3
63829 20100828  2.402  -84.45   31.19    28.6    22.1    25.4    24.2     2.5    10.96 R    33.9    22.3    24.9    97.4    68.3    88.9   0.086   0.083   0.083   0.165   0.262    28.3    28.7    28.6    28.8    29.0
63829 20100829  2.402  -84.45   31.19    30.7    22.9    26.8    25.8     0.0    14.52 R    34.0    22.9    26.2    95.8    56.0    79.8   0.086   0.081   0.080   0.164   0.262    28.5    28.8    28.5    28.5    28.6
63829 20100830  2.402  -84.45   31.19    29.5    22.9    26.2    26.1     0.0    14.36 R    31.6    22.6    26.4    84.2    54.2    71.0   0.078   0.075   0.076   0.164   0.262    28.6    28.9    28.6    28.5    28.4
63829 20100831  2.402  -84.45   31.19    30.5    22.4    26.4    26.0     0.0    16.65 R    34.2    22.3    26.7    92.0    53.1    74.3   0.070   0.068   0.071   0.164   0.262    29.0    29.1    28.7    28.5    28.3
63829 20100901  2.402  -84.45   31.19    32.9    18.9    25.9    25.4     0.0    18.53 R    38.5    18.7    26.3    97.6    42.1    75.6   0.059   0.060   0.066   0.163   0.261    29.3    29.4    28.9    28.6    28.3
63829 20100902  2.402  -84.45   31.19    32.5    17.3    24.9    24.9     0.0    24.58 R    38.5    16.7    26.2    97.1    29.4    68.3   0.049   0.049   0.058   0.162   0.261    29.8    29.8    29.3    28.8    28.3
63829 20100903  2.402  -84.45   31.19    34.1    16.7    25.4    25.4     0.0    24.01 R    41.2    16.2    26.7    97.5    30.4    66.1   0.042   0.038   0.049   0.161   0.260    29.5    29.6    29.1    28.8    28.3
63829 20100904  2.402  -84.45   31.19    33.2    22.1    27.7    26.5     0.0    19.54 R    40.0    22.0    27.9    92.1    45.2    66.3   0.037   0.032   0.039   0.159   0.258    30.1    30.2    29.6    29.0    28.3
63829 20100905  2.402  -84.45   31.19    33.0    17.0    25.0    24.7     0.0    22.62 R    39.9    16.9    26.2    88.5    25.7    53.4   0.035   0.029   0.030   0.158   0.258    30.1    30.1    29.6    29.1    28.4
63829 20100906  2.402  -84.45   31.19    34.2    16.7    25.5    25.6     0.0    20.10 R    43.5    16.5    27.2    93.2    40.8    67.0   0.032   0.026   0.024   0.156   0.257    29.9    30.0    29.5    29.1    28.4
63829 20100907  2.402  -84.45   31.19    34.2    21.2    27.7    27.0     0.0    18.69 R    41.7    21.1    28.3    95.8    40.2    70.3   0.031   0.024   0.021   0.155   0.257    30.5    30.5    29.9    29.2    28.4
63829 20100908  2.402  -84.45   31.19    34.2    19.2    26.7    26.1     0.0    21.74 R    42.7    19.2    28.0    97.0    35.9    70.6   0.029   0.024   0.020   0.154   0.256    30.8    30.7    30.0    29.3    28.5
63829 20100909  2.402  -84.45   31.19    36.1    19.1    27.6    27.4     0.0    23.56 R    45.0    19.1    29.3    97.2    30.4    65.9   0.028   0.024   0.019   0.152   0.256    31.3    31.1    30.3    29.5    28.6
63829 20100910  2.402  -84.45   31.19    36.5    21.1    28.8    28.5     0.0    22.35 R    44.4    21.2    30.3    97.1    32.6    66.4   0.027   0.023   0.019   0.151   0.256    32.0    31.7    30.8    29.8    28.7
63829 20100911  2.402  -84.45   31.19    36.3    22.3    29.3    29.2     0.0    20.42 R    44.3    22.1    30.9    97.1    37.9    67.2   0.025   0.022   0.019   0.150   0.255    32.2    32.0    31.1    30.1    28.9
63829 20100912  2.402  -84.45   31.19    37.4    23.9    30.7    29.5     0.0    19.92 R    44.2    23.0    31.0    94.1    32.2    65.5   0.025   0.020   0.017   0.148   0.254    32.6    32.3    31.5    30.4    29.1
63829 20100913  2.402  -84.45   31.19    34.7    20.1    27.4    26.8     0.0    20.35 R    43.4    19.9    28.4    72.9    32.3    54.0   0.024   0.021   0.016   0.146   0.254    31.5    31.6    31.1    30.4    29.3
63829 20100914  2.402  -84.45   31.19    33.9    20.5    27.2    26.7     0.0    18.17 R    43.2    20.6    28.1    96.3    31.0    62.3   0.023   0.020   0.015   0.144   0.253    31.1    31.2    30.7    30.2    29.3
63829 20100915  2.402  -84.45   31.19    33.1    15.4    24.3    25.0     0.0    22.94 R    41.3    15.2    26.8    95.4    25.8    57.4   0.022   0.019   0.015   0.143   0.252    30.6    30.7    30.2    29.8    29.2
63829 20100916  2.402  -84.45   31.19    32.9    16.1    24.5    24.5     0.0    21.13 R    41.9    15.8    26.4    94.2    28.8    60.7   0.022   0.019   0.015   0.141   0.252    30.3    30.5    30.0    29.7    29.1
63829 20100917  2.402  -84.45   31.19    35.1    17.3    26.2    25.8     0.0    20.59 R    43.5    17.1    27.8    92.9    32.2    63.3   0.021   0.018   0.015   0.140   0.251    30.6    30.5    30.0    29.5    29.0
63829 20100918  2.402  -84.45   31.19    35.5    19.8    27.6    26.9     0.0    19.28 R    43.7    19.6    28.6    93.8    33.6    64.2   0.021   0.019   0.015   0.139   0.250    31.0    31.0    30.3    29.7    29.0
63829 20100919  2.402  -84.45   31.19    35.2    18.8    27.0    26.3     0.0    19.35 R    43.5    18.8    27.9    94.0    29.9    63.4   0.020   0.019   0.014   0.139   0.250    30.9    30.9    30.3    29.7    29.0
63829 20100920  2.402  -84.45   31.19    36.6    16.5    26.6    26.3     0.0    21.74 R    45.2    16.2    28.3    96.0    25.2    58.9   0.020   0.019   0.013   0.137   0.249    30.8    30.7    30.2    29.6    29.0
63829 20100921  2.402  -84.45   31.19    36.3    18.7    27.5    27.2     0.0    19.72 R    45.3    18.8    29.1    94.3    28.2    60.3   0.020   0.019   0.013   0.136   0.249    31.2    31.0    30.4    29.7    28.9
63829 20100922  2.402  -84.45   31.19    33.9    18.5    26.2    26.1     0.0    19.82 R    42.8    18.5    27.8    95.2    30.8    62.3   0.019   0.018   0.014   0.135   0.249    30.9    30.9    30.4    29.8    29.0
63829 20100923  2.402  -84.45   31.19    34.1    17.8    25.9    26.4     0.0    19.99 R    43.7    17.8    28.1    92.8    32.6    60.2   0.019   0.018   0.013   0.135   0.248    30.6    30.6    30.1    29.6    29.0
63829 20100924  2.402  -84.45   31.19    34.9    21.3    28.1    27.5     0.0    17.41 R    43.5    21.3    29.3    89.5    34.8    62.9   0.019   0.018   0.013   0.135   0.247    31.0    30.9    30.3    29.7    29.0
63829 20100925  2.402  -84.45   31.19    32.7    21.5    27.1    26.4     0.0    14.37 R    43.6    21.6    28.1    94.1    41.6    73.5   0.019   0.017   0.013   0.134   0.246    30.9    30.9    30.4    29.8    29.0
63829 20100926  2.402  -84.45   31.19    30.1    20.4    25.2    23.8     1.6     8.35 R    36.8    20.7    24.6    96.3    49.1    84.6   0.018   0.017   0.012   0.134   0.246    28.9    29.6    29.6    29.5    29.0
63829 20100927  2.402  -84.45   31.19    26.7    16.7    21.7    21.3    35.6     7.18 R    29.7    16.4    21.8    96.7    56.9    87.9   0.131   0.114   0.087   0.133   0.246    25.6    26.6    27.1    28.3    28.7
63829 20100928  2.402  -84.45   31.19    27.1    12.3    19.7    19.3     0.0    21.44 R    32.1    12.5    20.8    97.8    39.9    73.0   0.120   0.118   0.107   0.134   0.245    24.6    25.3    25.5    26.8    28.1
63829 20100929  2.402  -84.45   31.19    29.1    14.7    21.9    20.7     0.0    18.62 R    34.3    14.7    21.8    96.1    41.8    75.6   0.109   0.106   0.099   0.134   0.245    24.5    25.1    25.2    26.1    27.4
63829 20100930  2.402  -84.45   31.19    29.0    17.5    23.3    22.2     0.0    17.43 R    34.4    17.2    23.1    93.4    41.0    69.7   0.100   0.098   0.092   0.135   0.245    25.4    25.8    25.7    26.1    27.0
63829 20101001  2.402  -84.45   31.19    28.9    12.6    20.7    20.8     0.0    20.74 R    34.8    12.5    22.0    94.8    30.6    61.2   0.091   0.090   0.085   0.136   0.244    24.7    25.2    25.2    25.8    26.7
63829 20101002  2.402  -84.45   31.19    28.3    12.9    20.6    19.9     0.0    19.65 R    33.9    13.1    21.1    94.6    32.2    66.2   0.085   0.083   0.080   0.137   0.245    24.5    25.0    25.0    25.6    26.5
63829 20101003  2.402  -84.45   31.19    27.4    11.9    19.6    19.1     0.0    19.62 R    33.2    12.0    20.3    96.0    24.8    59.5   0.078   0.076   0.074   0.137   0.245    24.1    24.6    24.7    25.3    26.3
63829 20101004  2.402  -84.45   31.19    22.7     6.5    14.6    15.1     0.0    21.11 R    29.0     6.8    16.5    89.3    34.3    58.0   0.072   0.071   0.069   0.138   0.245    22.8    23.5    23.8    24.7    26.0
63829 20101005  2.402  -84.45   31.19    23.1     6.7    14.9    14.3     0.0    21.12 R    28.4     6.6    15.6    85.7    28.0    59.1   0.067   0.066   0.065   0.137   0.244    21.9    22.6    22.9    24.0    25.5
63829 20101006  2.402  -84.45   31.19    25.0     7.1    16.0    15.3     0.0    20.88 R    30.3     6.7    16.3    90.8    18.3    53.3   0.062   0.061   0.061   0.137   0.244    21.7    22.3    22.5    23.5    25.1
63829 20101007  2.402  -84.45   31.19    29.5     5.3    17.4    17.0     0.0    20.43 R    34.8     5.4    18.1    94.4    16.0    54.3   0.055   0.055   0.056   0.138   0.243    21.8    22.3    22.4    23.2    24.8
63829 20101008  2.402  -84.45   31.19    31.1     9.5    20.3    19.6     0.0    19.79 R    36.7     9.5    20.8    95.9    23.8    61.3   0.049   0.048   0.051   0.138   0.243    22.9    23.2    23.0    23.4    24.6
63829 20101009  2.402  -84.45   31.19    30.8    10.2    20.5    20.0     0.0    19.66 R    37.1    10.2    21.3    96.7    25.2    61.2   0.043   0.041   0.046   0.139   0.243    23.4    23.7    23.5    23.7    24.5
63829 20101010  2.402  -84.45   31.19    32.0    10.5    21.3    21.1     0.0    19.33 R    38.8    10.3    22.5    95.6    23.5    60.4   0.038   0.036   0.038   0.138   0.243    23.8    24.1    23.8    23.9    24.5
63829 20101011  2.402  -84.45   31.19    30.6    15.3    22.9    22.1     0.0    17.57 R    38.0    15.2    23.4   100.0    26.4    67.9   0.036   0.032   0.032   0.138   0.243    24.6    24.7    24.4    24.3    24.6
63829 20101012  2.402  -84.45   31.19    29.3    12.8    21.0    20.5     0.4    15.86 R    36.1    12.8    22.0    97.8    35.9    75.8   0.033   0.029   0.025   0.138   0.243    24.4    24.6    24.4    24.4    24.7
63829 20101013  2.402  -84.45   31.19    29.1    14.1    21.6    21.1     0.0    17.78 R    37.4    14.3    22.7   100.0    41.0    72.9   0.031   0.027   0.022   0.138   0.243    24.7    24.9    24.6    24.5    24.8
63829 20101014  2.402  -84.45   31.19    27.6    11.9    19.8    20.0     0.0    18.20 R    34.4    10.7    20.8    96.3    33.6    60.6   0.029   0.026   0.020   0.137   0.243    24.2    24.6    24.5    24.6    24.9
63829 20101015  2.402  -84.45   31.19    27.0     4.6    15.8    17.1     0.0    19.49 R    32.8     4.7    17.9    85.8    16.7    41.9   0.026   0.023   0.018   0.136   0.243    22.5    23.2    23.4    24.1    24.8
63829 20101016  2.402  -84.45   31.19    26.7     6.7    16.7    15.9     0.0    19.50 R    33.9     6.2    17.4    90.6    17.2    50.3   0.025   0.023   0.016   0.135   0.243    22.1    22.7    22.9    23.6    24.5
63829 20101017  2.402  -84.45   31.19    28.6     4.7    16.6    16.6     0.0    19.12 R    35.7     4.4    17.7    91.9    16.8    54.1   0.024   0.022   0.016   0.135   0.242    21.7    22.3    22.5    23.2    24.3
63829 20101018  2.402  -84.45   31.19    28.0     7.9    18.0    17.9     0.0    18.53 R    35.3     7.8    19.4    97.7    26.9    62.8   0.023   0.021   0.014   0.134   0.242    22.1    22.6    22.6    23.1    24.0
63829 20101019  2.402  -84.45   31.19    29.3    10.4    19.8    19.7     0.0    17.87 R    36.1    10.4    21.2    98.0    26.7    65.7   0.023   0.021   0.014   0.133   0.242    23.0    23.2    23.0    23.2    24.0
63829 20101020  2.402  -84.45   31.19    29.1    12.1    20.6    19.7     0.0    14.71 R    37.2    11.7    20.7    98.2    37.5    70.6   0.022   0.020   0.014   0.133   0.242    23.0    23.4    23.2    23.4    23.9
63829 20101021  2.402  -84.45   31.19    28.3     9.6    18.9    18.3     0.0    18.42 R    34.9     9.1    19.5    97.4    18.9    55.3   0.021   0.019   0.013   0.133   0.241    22.6    23.1    23.0    23.4    24.0
63829 20101022  2.402  -84.45   31.19    29.3     6.9    18.1    17.5     0.0    18.36 R    36.1     6.7    18.7    96.8    13.0    49.1   0.020   0.019   0.013   0.132   0.241    21.9    22.5    22.6    23.1    23.9
63829 20101023  2.402  -84.45   31.19    29.2     9.0    19.1    20.0     0.0    17.81 R    36.6     8.7    21.2    94.2    23.0    56.5   0.019   0.019   0.013   0.131   0.241    22.3    22.6    22.5    22.9    23.8
63829 20101024  2.402  -84.45   31.19    30.3    13.2    21.8    22.3     0.0    13.59 R    38.5    12.8    23.4    97.5    41.7    70.4   0.019   0.018   0.013   0.131   0.241    23.5    23.6    23.2    23.2    23.7
63829 20101025  2.402  -84.45   31.19    30.2    17.4    23.8    23.9     0.0    14.08 R    38.0    16.9    25.1    92.1    48.7    75.7   0.020   0.018   0.013   0.131   0.240    24.9    24.8    24.2    23.7    23.8
63829 20101026  2.402  -84.45   31.19    32.2    22.8    27.5    26.3     0.0    11.35 R    39.1    22.4    27.3    94.6    48.4    76.5   0.019   0.018   0.013   0.130   0.238    25.9    25.6    24.9    24.1    23.8
63829 20101027  2.402  -84.45   31.19    32.6    21.8    27.2    26.2     0.0    11.58 R    40.9    21.0    27.2    97.2    47.7    77.1   0.020   0.019   0.013   0.131   0.241    26.3    26.2    25.5    24.8    24.3
63829 20101028  2.402  -84.45   31.19    28.3    14.7    21.5    22.6     4.9     4.26 R    34.2    13.9    22.8    95.5    57.8    85.3   0.025   0.018   0.013   0.131   0.241    25.0    25.5    25.3    25.0    24.6
63829 20101029  2.402  -84.45   31.19    23.4     9.2    16.3    15.4     0.0    17.77 R    30.2     8.4    16.5    90.9    29.7    58.9   0.038   0.018   0.012   0.132   0.242    20.5    21.8    22.6    23.9    24.6
63829 20101030  2.402  -84.45   31.19    26.6     6.3    16.4    15.5     0.0    17.39 R    35.3     5.9    17.2    97.0    21.9    63.7   0.036   0.017   0.012   0.131   0.242    19.5    20.5    21.1    22.6    24.0
63829 20101031  2.402  -84.45   31.19    25.8     8.4    17.1    16.2     0.0    13.99 R    34.0     8.6    17.7    97.6    41.8    75.2   0.032   0.018   0.011   0.130   0.241    20.0    20.7    21.0    22.1    23.6
63829 20101101  2.402  -84.45   31.19    27.8    10.6    19.2    19.1     0.0    13.78 R    36.6    10.9    20.7    97.3    40.0    69.4   0.029   0.019   0.012   0.130   0.241    21.2    21.4    21.4    22.0    23.2
63829 20101102  2.402  -84.45   31.19    24.4    12.2    18.3    17.6     2.7    11.34 R    33.1    12.0    18.8    94.5    47.9    74.2   0.027   0.019   0.012   0.131   0.240    21.3    21.8    21.8    22.2    23.1
63829 20101103  2.402  -84.45   31.19    18.1    14.6    16.4    15.9    12.2     4.15 R    21.0    14.8    16.5    95.9    69.2    82.1   0.042   0.020   0.012   0.131   0.241    19.6    20.6    21.1    22.1    23.0
63829 20101104  2.402  -84.45   31.19    18.1    10.2    14.2    15.0     0.2     5.95 R    22.5     9.4    15.3    97.1    41.4    74.5   0.099   0.071   0.012   0.131   0.241    18.7    19.5    20.0    21.3    22.8
63829 20101105  2.402  -84.45   31.19    16.3     2.6     9.5     9.3     0.0    13.83 R    24.3     2.6    10.3    88.7    27.2    56.8   0.087   0.073   0.013   0.130   0.241    15.4    16.6    17.6    20.0    22.3
63829 20101106  2.402  -84.45   31.19    14.2    -0.2     7.0     6.7     0.0    16.52 R    22.6     0.1     8.3    97.6    23.0    62.4   0.079   0.069   0.016   0.129   0.240    13.8    14.9    15.8    18.5    21.6
63829 20101107  2.402  -84.45   31.19    16.0    -1.1     7.4     6.6     0.0    16.36 R    24.9    -1.1     8.5    93.7    26.4    61.0   0.074   0.066   0.021   0.128   0.240    13.2    14.1    14.9    17.5    20.8
63829 20101108  2.402  -84.45   31.19    21.7    -1.2    10.3     9.4     0.0    16.28 R    29.4    -0.7    11.1    97.0    19.0    60.4   0.071   0.063   0.024   0.128   0.240    13.7    14.4    14.9    17.0    20.1
63829 20101109  2.402  -84.45   31.19    26.4     2.0    14.2    13.1     0.0    15.81 R    33.8     2.0    14.2    96.2    18.0    59.0   0.067   0.059   0.025   0.128   0.239    14.1    14.6    14.9    16.3    18.8
63829 20101110  2.402  -84.45   31.19    26.5     3.1    14.8    13.7     0.0    15.79 R    35.6     3.0    15.1    97.2    19.0    60.4   0.063   0.056   0.026   0.129   0.239    15.6    16.0    16.2    17.3    19.4
63829 20101111  2.402  -84.45   31.19    26.1     4.7    15.4    14.1     0.0    15.50 R    34.5     4.5    15.6    94.6    21.0    62.0   0.059   0.053   0.027   0.129   0.239    16.1    16.5    16.6    17.5    19.4
63829 20101112  2.402  -84.45   31.19    23.1     4.7    13.9    12.7     0.0    15.56 R    32.0     4.6    14.1    95.4    20.7    63.3   0.056   0.051   0.027   0.130   0.239    16.0    16.6    16.8    17.7    19.4
63829 20101113  2.402  -84.45   31.19    22.7     0.9    11.8    10.3     0.0    15.42 R    31.5     0.7    12.1    95.9    16.5    58.3   0.052   0.048   0.026   0.129   0.239    15.0    15.7    16.1    17.4    19.3
63829 20101114  2.402  -84.45   31.19    24.5    -0.3    12.1    12.0     0.0    14.76 R    33.6    -0.1    13.2    95.3    17.4    55.5   0.049   0.044   0.026   0.129   0.239    14.9    15.5    15.8    17.1    19.1
63829 20101115  2.402  -84.45   31.19    23.6     7.4    15.5    16.1    39.4     8.61 R    30.1     7.2    16.6    98.1    48.2    78.5   0.054   0.045   0.026   0.130   0.238    16.2    16.5    16.5    17.2    18.9
63829 20101116  2.402  -84.45   31.19    24.3    16.1    20.2    19.6    38.0     6.16 R    26.9    15.0    19.4    97.0    48.3    78.0   0.205   0.191   0.168   0.209   0.301    18.0    18.2    17.9    18.0    18.9
63829 20101117  2.402  -84.45   31.19    18.9     4.4    11.6    11.7     0.0    15.32 R    26.0     4.4    13.3    95.2    35.3    69.5   0.147   0.152   0.142   0.195   0.303    16.0    16.8    17.2    18.0    19.1
63829 20101118  2.402  -84.45   31.19    20.4     1.5    10.9     9.9     0.0    14.66 R    27.5     1.8    11.5    98.0    29.0    71.6   0.134   0.138   0.132   0.195   0.285    14.2    15.0    15.5    16.9    19.0
63829 20101119  2.402  -84.45   31.19    21.8     3.3    12.5    11.2     0.0    14.61 R    28.3     3.6    12.6    97.3    30.7    69.6   0.127   0.130   0.126   0.195   0.259    14.1    14.8    15.1    16.4    18.6
63829 20101120  2.402  -84.45   31.19    24.7     5.5    15.1    13.8     0.0    12.47 R    31.4     5.5    14.8    96.9    36.4    75.5   0.123   0.125   0.121   0.195   0.255    14.7    15.1    15.3    16.2    18.2
63829 20101121  2.402  -84.45   31.19    25.7     7.8    16.7    15.6     0.0    12.49 R    32.6     7.8    16.4    97.2    33.9    72.0   0.120   0.121   0.117   0.195   0.255    15.5    15.9    15.9    16.5    18.1
63829 20101122  2.402  -84.45   31.19    26.7    12.5    19.6    18.4     0.0    12.25 R    34.1    12.2    19.2    96.4    44.1    74.4   0.117   0.118   0.114   0.195   0.254    17.0    17.1    16.9    17.0    18.1
63829 20101123  2.402  -84.45   31.19    26.7    10.9    18.8    17.7     0.0    12.06 R    33.0    11.0    18.6    98.0    46.0    82.0   0.115   0.115   0.111   0.194   0.255    17.3    17.5    17.3    17.5    18.3
63829 20101124  2.402  -84.45   31.19    25.0    14.9    19.9    19.4     0.0     6.81 R    32.3    14.4    20.2    98.1    62.3    88.9   0.114   0.113   0.109   0.195   0.255    18.7    18.8    18.4    18.1    18.6
63829 20101125  2.402  -84.45   31.19    26.2    11.8    19.0    18.7     0.0     8.07 R    31.5    11.7    19.0    99.2    55.4    85.1   0.112   0.112   0.108   0.194   0.256    18.2    18.5    18.4    18.4    18.9
63829 20101126  2.402  -84.45   31.19    27.2     9.8    18.5    18.8    14.0     6.63 R    31.0    10.1    19.2    95.4    58.1    88.0   0.142   0.135   0.127   0.197   0.262    19.3    19.5    19.1    18.9    19.1
63829 20101127  2.402  -84.45   31.19    13.6     1.6     7.6     6.9     0.0    14.55 R    20.6     2.0     8.8    94.9    35.7    70.2   0.143   0.142   0.138   0.202   0.305    15.0    16.2    16.9    18.3    19.2
63829 20101128  2.402  -84.45   31.19    17.4    -1.3     8.0     8.2     0.0    13.05 R    27.4    -0.9     9.5    97.7    35.4    70.5   0.133   0.133   0.130   0.201   0.272    12.8    13.8    14.5    16.4    18.8
63829 20101129  2.402  -84.45   31.19    21.0     9.3    15.1    16.4     3.2     5.02 R    23.9     8.8    16.5    94.0    72.4    85.1   0.138   0.137   0.132   0.201   0.261    15.3    15.4    15.4    16.1    18.1
63829 20101130  2.402  -84.45   31.19    25.9    11.1    18.5    20.1     7.0     6.30 R    30.6    11.4    20.3    94.6    66.4    82.7   0.140   0.138   0.133   0.203   0.262    18.2    18.1    17.6    17.2    18.1
63829 20101201  2.402  -84.45   31.19    11.3     0.1     5.7     5.9     0.0    14.18 R    17.3     0.5     7.7    93.0    31.3    64.8   0.148   0.149   0.144   0.207   0.306    14.2    15.3    16.0    17.3    18.3
63829 20101202  2.402  -84.45   31.19    13.4    -1.5     5.9     4.6     0.0    13.91 R    20.6    -1.1     6.2    96.7    22.8    66.6   0.136   0.137   0.134   0.205   0.290    11.3    12.4    13.3    15.4    18.0
63829 20101203  2.402  -84.45   31.19    18.2    -1.8     8.2     7.4     0.0    13.54 R    24.3    -1.3     8.6    97.4    29.8    68.2   0.130   0.130   0.128   0.202   0.268    11.0    11.8    12.4    14.3    17.2
63829 20101204  2.402  -84.45   31.19    20.4     2.6    11.5    12.3     0.0    12.56 R    26.1     2.5    13.0    97.8    42.6    74.0   0.126   0.127   0.124   0.200   0.267    12.2    12.6    12.8    14.0    16.7
63829 20101205  2.402  -84.45   31.19    16.3     1.6     8.9     8.7     0.0    12.83 R    18.9     1.3     9.7    85.9    42.3    60.5   0.123   0.124   0.120   0.200   0.268    12.4    13.2    13.5    14.5    16.4
63829 20101206  2.402  -84.45   31.19     8.4    -2.5     2.9     2.7     0.0    13.87 R    16.3    -2.1     4.1    82.6    27.9    53.5   0.119   0.120   0.116   0.200   0.269     9.4    10.6    11.4    13.5    16.2
63829 20101207  2.402  -84.45   31.19     9.7    -3.6     3.0     2.2     0.0    13.70 R    17.2    -3.7     3.6    76.7    25.5    51.9   0.117   0.117   0.114   0.199   0.268     8.2     9.3    10.1    12.4    15.6
63829 20101208  2.402  -84.45   31.19     3.6    -5.0    -0.7    -0.7     0.0     4.87 R    13.0    -4.6     0.5    92.4    38.6    67.5   0.115   0.115   0.111   0.198   0.268     6.7     8.0     9.0    11.4    15.0
63829 20101209  2.402  -84.45   31.19     9.9    -5.8     2.1     0.5     0.0    13.56 R    17.6    -5.7     2.4    94.6    27.6    66.0   0.114   0.114   0.109   0.197   0.267     6.6     7.6     8.3    10.5    14.3
63829 20101210  2.402  -84.45   31.19    14.8    -5.2     4.8     3.3     0.0    13.40 R    22.2    -4.9     5.0    92.3    22.8    63.3   0.112   0.112   0.108   0.195   0.267     6.9     7.7     8.3    10.2    13.7
63829 20101211  2.402  -84.45   31.19    17.6    -1.8     7.9     7.5     0.0    12.34 R    26.5    -1.4     9.1    94.7    30.9    66.9   0.111   0.110   0.107   0.195   0.266     8.4     8.8     9.1    10.3    13.4
63829 20101212  2.402  -84.45   31.19    15.3     1.3     8.3     8.2    11.5    10.84 R    17.6     1.3     9.0    95.6    41.8    62.8   0.141   0.135   0.128   0.197   0.267    10.1    10.5    10.6    11.3    13.4
63829 20101213  2.402  -84.45   31.19     4.1    -3.0     0.5     0.8     0.0    13.55 R    12.3    -3.6     2.5    52.3    31.2    44.7   0.135   0.135   0.130   0.202   0.268     7.1     8.2     9.0    10.8    13.5
63829 20101214  2.402  -84.45   31.19     6.1    -7.1    -0.5    -1.6     0.0    13.65 R    14.1    -7.3     0.2    74.5    13.0    45.5   0.129   0.130   0.126   0.201   0.269     5.2     6.4     7.2     9.6    13.1
63829 20101215  2.402  -84.45   31.19     6.7    -5.3     0.7     1.1     0.0     4.69 R    10.4    -4.9     2.1    86.6    17.8    48.3   0.126   0.127   0.123   0.200   0.267     5.2     6.1     6.8     8.9    12.5
63829 20101216  2.402  -84.45   31.19    18.6     4.0    11.3    12.6     0.0     4.38 R    23.4     2.2    12.2    91.9    57.3    76.4   0.125   0.125   0.121   0.199   0.267     8.6     8.6     8.4     9.2    12.1
63829 20101217  2.402  -84.45   31.19    19.1    11.7    15.4    15.4     1.1     4.14 R    24.4    11.8    15.5   100.0    74.0    91.0   0.127   0.126   0.122   0.200   0.268    12.1    11.9    11.3    10.9    12.3
63829 20101218  2.402  -84.45   31.19    11.7     7.3     9.5     8.8     3.2     1.62 R    11.9     7.9     9.4    94.8    87.2    91.0   0.135   0.133   0.128   0.201   0.269    11.5    11.9    11.9    12.1    12.9
63829 20101219  2.402  -84.45   31.19    12.2     0.1     6.2     6.9     0.0    10.57 R    19.0    -0.2     8.2    90.3    41.8    73.5   0.132   0.131   0.128   0.202   0.270    10.6    11.1    11.3    12.0    13.3
63829 20101220  2.402  -84.45   31.19    14.0    -2.5     5.8     4.4     0.0    13.24 R    21.9    -2.4     6.3    95.2    22.6    66.0   0.128   0.127   0.123   0.201   0.271     8.6     9.4     9.8    11.3    13.3
63829 20101221  2.402  -84.45   31.19    20.6    -0.8     9.9    10.3     0.0    10.97 R    25.5    -0.1    11.0    97.5    47.3    73.5   0.125   0.125   0.121   0.201   0.271     9.6     9.9    10.0    10.9    13.0
63829 20101222  2.402  -84.45   31.19    23.2    11.7    17.5    17.3     0.0     5.38 R    27.9     9.2    16.7    91.6    49.3    71.9   0.124   0.123   0.119   0.200   0.271    12.8    12.7    12.2    12.0    13.1
63829 20101223  2.402  -84.45   31.19    11.9     1.8     6.8     6.7     0.0    13.03 R    20.2     1.2     8.0    86.3    37.4    59.2   0.121   0.121   0.117   0.200   0.272    10.5    11.3    11.6    12.4    13.4
63829 20101224  2.402  -84.45   31.19    13.1    -2.4     5.3     4.2     0.0    11.79 R    22.3    -2.2     5.9    93.0    30.4    66.8   0.119   0.118   0.114   0.199   0.272     8.7     9.6    10.0    11.5    13.4
63829 20101225  2.402  -84.45   31.19    14.0    -1.7     6.2     5.2     4.2     5.48 R    22.2    -1.5     6.1    97.4    41.7    84.7   0.121   0.119   0.114   0.198   0.272     8.5     9.1     9.5    10.9    13.1
63829 20101226  2.402  -84.45   31.19     3.6    -0.9     1.3     1.4     0.0     4.03 R    10.8    -1.5     2.0    90.8    50.4    67.1   0.130   0.128   0.123   0.198   0.271     7.1     8.2     8.9    10.6    12.8
63829 20101227  2.402  -84.45   31.19     8.2    -4.6     1.8     0.9     0.0    13.69 R    16.1    -4.9     2.1    87.5    34.0    58.1   0.124   0.124   0.119   0.199   0.271     5.9     6.8     7.5     9.4    12.4
63829 20101228  2.402  -84.45   31.19    11.3    -7.0     2.2     0.8     0.0    13.76 R    19.2    -7.1     2.2    94.0    22.1    64.3   0.121   0.121   0.117   0.198   0.270     5.4     6.3     6.9     8.8    11.9
63829 20101229  2.402  -84.45   31.19    14.6    -4.2     5.2     4.0     0.0    12.13 R    22.3    -3.9     5.5    95.5    30.7    68.4   0.119   0.119   0.115   0.198   0.271     6.2     6.8     7.1     8.6    11.5
63829 20101230  2.402  -84.45   31.19    19.2    -2.3     8.4     9.3     0.0    10.35 R    26.8    -2.4    10.0    96.2    42.1    69.2   0.118   0.117   0.113   0.197   0.271     7.9     8.1     8.0     8.9    11.3
63829 20101231  2.402  -84.45   31.19    24.2     6.4    15.3    15.7     0.0    11.76 R    29.9     5.4    15.6    96.0    42.0    70.8   0.117   0.115   0.112   0.197   0.271    11.1    10.9    10.4    10.1    11.4
